-6939937123929734172,981310,1489609030
-3525085283349597746,982419,1489609024
-3934527034486738562,985648,1489609080
-4365381663161329748,985648,1489609080
3086176149443052260,985648,1489609080
3845904539078931881,985225,1489609069
5814173761738244640,985599,1489609042
8847680094965315104,985599,1489609049
-8693849418949747636,985599,1489609034
-2995648255913017088,985599,1489609055
-4241450882061437154,985599,1489609039
6480018134498431970,985599,1489609037
8843461557989869484,985599,1489609077
-1876400017052751196,985599,1489609074
6054832384574197696,985599,1489609078
5636403284438522276,985599,1489609077
-7764923680252259768,985411,1489609053
5031616791359415463,72028,1489609030
-5130599444065531289,343970,1489609032
-7018611696230629668,985556,1489609046
-3252720404053911612,985556,1489609065
-8599819102784268947,985556,1489609057
562917468403529167,985546,1489609061
-713413780388608832,985235,1489609078
-4957054058119603903,976138,1489609047
-6410342182884920235,177677,1489609067
4486941924585644733,924934,1489609062
-6626940199520137175,958596,1489609073
-6645758256047629435,109495,1489609080
8699105413892990164,934830,1489609045
-9135835090838434213,985584,1489609052
-1168106580186749321,985584,1489609081
6682545301038898022,985584,1489609032
6267209579572093270,985584,1489609053
-120560606535340982,985495,1489609034
-784933560640015644,985495,1489609075
3551355563998228618,985495,1489609050
-9032297995174723556,985729,1489609078
-6250198749462562456,985729,1489609068
5201029297481822413,985729,1489609065
1918934791603961849,985729,1489609075
192613808245376446,985729,1489609044
-4311610034387777595,985729,1489609081
-2303422364500269189,985729,1489609050
-1806897962822078320,985729,1489609034
1116994253142716087,985729,1489609068
-1570725604102766633,985729,1489609059
4499170631304748033,985729,1489609054
465755344965338646,985729,1489609047
6670826664094150350,985329,1489609034
4594082913063316699,985329,1489609064
7265932167763470673,981770,1489609024
7570549250727151021,981770,1489609034
2291568666780227331,927420,1489609074
4320191436174565899,983762,1489609041
-3394927768473120253,985812,1489609074
-8990711042065406173,985655,1489609074
-7715007953159994817,985655,1489609040
-5906647133094817164,985655,1489609043
9013005361979661706,985655,1489609044
-3370219909700456817,985655,1489609023
-6466277248875235817,985655,1489609066
-3263981454317160390,985655,1489609023
4235883532607183455,985655,1489609059
6273106469815034387,985685,1489609030
-6858169233330813188,985685,1489609042
449038226256249527,985685,1489609063
4644784079397183682,985567,1489609050
-3761349412614938137,985567,1489609071
-5120631603487068390,985268,1489609038
-2746389513600963969,985621,1489609070
-6717520913720798621,985621,1489609034
-3784239947449062240,985621,1489609039
-5220909821567967389,985621,1489609033
-4420972629899707233,985621,1489609067
5204553488553389636,985621,1489609078
3333700110981419107,985621,1489609033
-2159470022680874695,417191,1489609045
6761378178777002785,983055,1489609059
-1773787165316039776,920339,1489609062
-2065672159404133322,985640,1489609065
6257328993244292239,985640,1489609065
4235883532607183455,985640,1489609031
-3659875475417172975,985640,1489609060
-1523726198003841301,938550,1489609052
7946179937549986720,901490,1489609050
1491055431476058423,895791,1489609074
-5789752069557364849,984680,1489609044
3602927659366466985,984680,1489609054
-8327389625647474870,983270,1489609024
-6389321393692458077,984979,1489609044
-1975194154245147237,877811,1489609022
-8745933719276376642,982010,1489609054
-2916664854013178766,982010,1489609056
-1459184264606490528,982010,1489609076
-7943785367201050578,982010,1489609066
-2512045450565893913,982010,1489609049
-1185160682702621575,982010,1489609040
-7913061899973293206,982010,1489609056
2368917242567372860,982010,1489609070
8030080551301396276,982010,1489609032
-4711507775351960095,982010,1489609062
8243544152309989588,982010,1489609043
4216369815047002431,985295,1489609077
2144229883005223415,985295,1489609077
-7464961141409243092,985295,1489609040
3988951119952690028,985295,1489609033
-9146973779916357764,985295,1489609029
-819307128652487107,985295,1489609047
4596324472978284385,985774,1489609065
1872008884345853405,985774,1489609074
7037585033821647521,985774,1489609041
-5097308951592099830,985774,1489609031
-1158525219065922983,985774,1489609065
-4446112515206694384,985336,1489609063
-5652845584422256741,985617,1489609070
-2005712445310813535,985617,1489609045
8956714509624667767,985617,1489609060
-6072650852552768785,985617,1489609072
-4198985715385612662,985683,1489609033
-6858169233330813188,985683,1489609054
2931882210998098081,985246,1489609052
263548431469502759,985246,1489609062
7156865071261431715,985549,1489609036
-703545356723585706,985549,1489609051
-434706647344290330,985549,1489609047
-2077855784248239571,985549,1489609028
-7946192585790459730,985549,1489609066
-652038370667840085,985549,1489609070
-2278590620773966801,985549,1489609072
428075888451273982,985549,1489609065
2020129202533573886,985549,1489609057
-1194123668226659538,985549,1489609072
5209621545294581466,983263,1489609028
707499430229230421,967591,1489609051
136752012529799323,975858,1489609062
-4415268139727293155,975858,1489609023
4657546300362328207,975858,1489609038
5056767360085350725,975858,1489609047
848001451129925509,975858,1489609048
4284953191800263874,975858,1489609080
4919790054789996324,975858,1489609078
-4593379778104567956,985632,1489609058
-2591059180433717419,985415,1489609033
-3164874862960747592,985175,1489609058
159321108902586963,985175,1489609065
-6990534820154041551,985248,1489609032
4191145477604140127,985816,1489609061
4774673402501222138,985816,1489609024
4013756618822198250,985816,1489609039
-995487130758827161,985816,1489609028
9116900432030148897,985816,1489609026
4147193255373672239,985816,1489609047
-6364173869097428413,985816,1489609035
-5008692736258060825,985816,1489609024
2936406011672450454,985816,1489609038
551683608209201300,985816,1489609068
-7601511967343726652,985816,1489609056
7419219387406146457,985816,1489609032
-2892201691795307982,985816,1489609074
-571516271845099932,985816,1489609032
1417346222173761354,985816,1489609034
6570995276238602420,985816,1489609079
4958700798514104574,985816,1489609046
1215285324445689584,985816,1489609055
-6235614505606081763,985816,1489609061
-5566442981956611320,985816,1489609076
7892905185627334711,985816,1489609080
-4593379778104567956,985750,1489609058
8389600200832438231,985750,1489609051
-7352517149848135717,985750,1489609070
8732993590146684427,985107,1489609079
-390865711188236563,985107,1489609036
-4357188429696778418,985107,1489609044
-4799087490897326946,985107,1489609077
40316749658891718,985107,1489609023
4769099542320110840,985107,1489609081
7274169943910473141,985107,1489609062
-8224693700233345541,985107,1489609028
-7252346560651294509,985107,1489609035
-4976441497801091556,985107,1489609057
-3916787032272594787,985082,1489609071
1673233188399270602,985501,1489609030
8096523413539765652,985431,1489609079
2748960689696809075,958482,1489609038
-5598038568915949631,985585,1489609057
-8503100400069880674,985585,1489609053
-4239415569893318418,985585,1489609058
179964432189441731,985585,1489609057
-3006372297667166664,985585,1489609058
5661955616383389932,985585,1489609069
7087944391339729945,985585,1489609064
2905765305933747637,985585,1489609074
3620312382433223492,985585,1489609068
3483075169856740338,985585,1489609064
-5406120509619188437,985585,1489609057
-2797380500434914897,985585,1489609078
1610960866913199939,985585,1489609082
-1571369963038867783,936778,1489609023
3819020448767966736,936778,1489609030
5975432521009025366,985817,1489609065
4545324059635523323,985817,1489609061
6396826523570766669,985817,1489609038
284832238845559455,985817,1489609061
-8498741676629196265,985817,1489609078
-3863919172635619667,985817,1489609039
1846462740156448120,985817,1489609075
3684125345679895955,985817,1489609024
8937634639219923588,985817,1489609082
1433559149011178233,985817,1489609067
3509691375264578169,985817,1489609055
-4546211947120949207,985817,1489609080
-5080397687343566227,985817,1489609075
-3839786818111138908,985817,1489609059
-1813103689298227785,985817,1489609074
-7280935447122757437,985817,1489609060
-4412636425961916350,985817,1489609030
-2420738400239940295,985817,1489609042
1556954620061187501,985817,1489609036
-6655973815217364509,985817,1489609028
5644143850311014511,985817,1489609057
-1070125306036089798,985817,1489609029
-4287922452811043381,985817,1489609038
-459312563073831766,985817,1489609056
3225427169506783909,985817,1489609080
5434464815856471627,985817,1489609044
878636300825721868,985817,1489609024
7610793038402383968,985540,1489609051
-1859816985546160917,985540,1489609032
363346863835316747,985029,1489609076
1028798109835073086,979374,1489609062
5768074142544172447,985757,1489609076
2108870519067253867,985757,1489609035
2453286884962489847,985757,1489609029
-7431671106186482891,985757,1489609078
-2206963702946978193,985757,1489609049
6186352067291225343,985757,1489609041
-5199963365059599617,985757,1489609050
7444990566783937398,985757,1489609081
-6501305170121743280,985757,1489609069
-7118606071569335687,985757,1489609050
-5986892556384018438,343633,1489609065
-5594126937336879903,343633,1489609034
-7945788990460151900,985110,1489609050
1804019439167111446,985018,1489609024
1480394836685974190,985196,1489609053
1740765393747444881,985573,1489609074
-3252720404053911612,985573,1489609065
-8599819102784268947,985573,1489609056
7182632145845261506,985573,1489609073
-1789291019681135739,985573,1489609072
2864116163335567672,985573,1489609034
-4267412917443807722,985573,1489609046
-7352517149848135717,985737,1489609070
-2766299556380097999,985489,1489609024
1016958568862762633,985489,1489609045
1170067079331066337,985489,1489609074
2920928132903923915,985503,1489609061
-6217998112723201347,985503,1489609036
-3949405152648955238,985108,1489609050
2334713870400224142,985445,1489609043
722001737815167516,985445,1489609042
-302073620226284230,985765,1489609027
-5691627305727521455,985765,1489609066
4601299965172070073,985765,1489609076
5768074142544172447,985765,1489609079
-5246416374365269765,985765,1489609027
-4342788080184298447,985765,1489609047
4135345936669375932,985765,1489609031
-7568828376199360882,985765,1489609034
-7812905041518329325,985667,1489609069
3950665940241490504,985667,1489609079
1518453537011618753,985512,1489609043
8671854238595131072,938053,1489609075
7613729472911257538,985065,1489609068
5046295184178894547,34693,1489609024
-1069087429168431913,984602,1489609025
7520885193167364911,983120,1489609034
-1571369963038867783,933119,1489609023
-713413780388608832,985280,1489609039
1957661553390761779,985280,1489609036
-3437732526048363269,28127,1489609077
-2802035202243912359,982057,1489609053
-2802035202243912359,982069,1489609063
4340460968178466762,985300,1489609035
-8619823498784027762,985822,1489609040
-1762384073536232387,985822,1489609073
215133463021283238,985822,1489609046
2952063008602314358,985822,1489609033
-2048102404627888231,985822,1489609066
6994307355744810610,985822,1489609037
8002957152439484844,985822,1489609073
4316504848461130012,985822,1489609071
1433559149011178233,985822,1489609069
-8023114878929270470,985425,1489609080
-8771176908120778417,985766,1489609051
-6362743118348594235,985766,1489609034
8389600200832438231,985766,1489609029
1963486825209867784,985766,1489609069
-302073620226284230,985766,1489609033
5076066422626050515,985766,1489609056
5768074142544172447,985766,1489609079
5869225559361395907,985766,1489609065
589550853788074493,984946,1489609068
49124609491471302,913487,1489609038
-8095537397618520155,984651,1489609039
8641767241269337258,978709,1489609033
-2838698986905284768,985437,1489609069
3116360045939178633,985437,1489609061
-2665441555026415073,980823,1489609034
-522405085526073933,985779,1489609068
5852352914971151496,985779,1489609076
4317684040835412864,985779,1489609063
-3987143992031198487,985497,1489609047
-6874670954652013494,985497,1489609076
-7049827178815554004,985497,1489609030
8347039810310601298,985497,1489609044
1518453537011618753,985497,1489609055
4827897054365699746,980875,1489609076
2910167051212782889,980875,1489609075
363346863835316747,985005,1489609076
-2159470022680874695,417178,1489609048
-2892201691795307982,985811,1489609062
-9147913407326806854,985811,1489609037
6304410444427647575,985811,1489609035
-2607333037182643946,985811,1489609050
1051584025215891543,985811,1489609070
-976085207293165895,985811,1489609053
3391227134112286255,985811,1489609053
2936406011672450454,985811,1489609027
4147193255373672239,985811,1489609028
551683608209201300,985811,1489609058
-8021262455907868776,985811,1489609026
-749812415219316105,985811,1489609072
3703413918425479559,985811,1489609030
8787691307246142654,985811,1489609053
7419219387406146457,985811,1489609053
-8619823498784027762,985811,1489609040
513429960667446992,985811,1489609033
5040024140506543955,985811,1489609081
6805844741568755409,985811,1489609062
-3497918166103029129,985811,1489609072
-995487130758827161,985811,1489609054
-1339354211282116223,985811,1489609042
-7177033568298191235,985811,1489609031
-7664028449681528213,985811,1489609062
1442055004338105825,985811,1489609027
1046533484335275371,985811,1489609034
1232280555628187322,983343,1489609024
6696897320858444285,985479,1489609054
8347039810310601298,985479,1489609075
-5169753162801096414,985062,1489609079
8641767241269337258,979734,1489609023
-6493097265121678399,340940,1489609075
-3080315177550688422,985301,1489609068
-3987143992031198487,985301,1489609074
1408862409247695974,985301,1489609067
7401883945785348888,985301,1489609028
-947188741776651906,985277,1489609054
-8152422528838279711,985795,1489609046
-2164340523389030727,985795,1489609059
5716664099344448424,985795,1489609028
5628677719511011089,985795,1489609080
-8597204323525557997,985795,1489609067
-5386930914741891602,985795,1489609042
-2138316166431163527,985795,1489609032
1968530966728448471,985795,1489609037
-4079576472403227923,985795,1489609060
2913079320469382947,985671,1489609046
1837994156887615858,985671,1489609072
-7715007953159994817,985671,1489609066
-8684082210983103327,985671,1489609028
6268551548023145379,981868,1489609057
-947188741776651906,985402,1489609045
-7603126757282797528,985703,1489609056
-6180530947286081636,985703,1489609025
572059396741788530,985703,1489609068
-5171519772396174326,985703,1489609072
-4076443733902790056,985703,1489609071
3086176149443052260,985703,1489609054
241013134711981626,985703,1489609050
4628353388854344533,985703,1489609045
-5939887741712966583,985703,1489609043
8563559430121138325,985703,1489609062
4799342576061504531,985703,1489609038
8510604255554188354,985703,1489609054
-5597740482650114008,985703,1489609070
-212559938270769635,985703,1489609073
9118165724983790958,985703,1489609052
-1148570360745924930,985703,1489609034
4506413176101297245,985703,1489609080
-5183661977843053207,985703,1489609046
-3872365142084211250,985703,1489609045
1812892687744831664,985703,1489609056
-493227473443371330,985703,1489609062
3990020808560010920,985703,1489609065
-3394768270198200774,985703,1489609046
1470221665979218755,985703,1489609048
604973544996281779,985703,1489609044
1779109564358905724,985703,1489609026
-823460780682500584,875047,1489609035
-2684415759140532079,956428,1489609031
-5204457123746776966,152895,1489609031
-716594366879538851,985463,1489609054
4620673273365443718,979445,1489609038
-5246453531014236128,984751,1489609023
4620673273365443718,980341,1489609038
-3394768270198200774,985543,1489609046
-8684082210983103327,985543,1489609028
-5989047281869276953,985543,1489609031
-7715007953159994817,985543,1489609054
-5232620505049100568,985543,1489609061
-1399742053284140182,985543,1489609076
1977412220264312842,985543,1489609057
-2568611884363293206,985543,1489609035
9118165724983790958,985543,1489609050
-608769257041867790,973897,1489609048
1491055431476058423,877526,1489609037
-4804982928983155671,985551,1489609054
5488315549284651779,985551,1489609060
106297245972148889,985551,1489609047
-6548249053374909161,985551,1489609040
-7963761110682117611,985551,1489609030
7879191668752196202,985551,1489609073
-9084401281630474972,985551,1489609041
-9075156627604524929,985551,1489609023
-8535319363462359,985551,1489609069
6293747496913345459,985551,1489609066
3729043738183362027,985551,1489609061
-6585129986797446877,345257,1489609025
5119030623107041620,984456,1489609022
-1510863138933373405,972031,1489609027
-5881484778499685364,985807,1489609075
4284953191800263874,985807,1489609071
-4568577911139215719,985807,1489609064
5056767360085350725,985807,1489609028
4919790054789996324,985807,1489609078
-5287543332589176277,985807,1489609082
848001451129925509,985807,1489609037
-7681724984408184359,985807,1489609038
2058794587589994955,985807,1489609056
2825060350387898188,985807,1489609027
6035146675087348238,985807,1489609032
-4545694010007482802,982479,1489609041
8514099961260610738,984564,1489609067
4596324472978284385,985768,1489609046
1872008884345853405,985768,1489609066
-5097308951592099830,985768,1489609031
7037585033821647521,985768,1489609039
-1158525219065922983,985768,1489609065
5508508471937567485,985768,1489609074
5540130438571451799,985768,1489609046
5414283483555046199,985768,1489609031
-1295791054917251278,985104,1489609038
-6652806402385803151,62384,1489609064
7538278648688376219,985376,1489609034
-7705426850818725905,985376,1489609061
-8493848412265379494,985376,1489609044
-3667415235776299550,985376,1489609071
-8390659806146366980,985376,1489609034
8567378076921054990,985376,1489609071
-7503888169567140408,985376,1489609080
4832423958684398232,985376,1489609027
-4668166317831545786,985376,1489609071
8054556569073256936,985376,1489609072
-2577401370314351023,985376,1489609077
4025132450944640868,985376,1489609026
498174688741903432,985376,1489609054
-4177994885008079828,983427,1489609031
-269655916504610356,983427,1489609050
-3152523852691130390,983427,1489609069
-2716845683193209668,983427,1489609040
441032353119305006,421187,1489609080
-4966307331227806114,985800,1489609056
7505004845404516392,985800,1489609056
1498198339648062343,985565,1489609044
-983110359536316752,984918,1489609081
-311206484153960080,984918,1489609056
-1451941230544968826,981772,1489609080
-5890114035674200663,934965,1489609063
8517853843468771452,984889,1489609051
5493556411437837892,984889,1489609078
1518453537011618753,985499,1489609037
-2742344934563477053,985499,1489609043
-157526255111637220,985074,1489609057
-1704932170827913513,985074,1489609069
237016525293307476,985074,1489609066
1014924944150413991,985074,1489609076
-4128063642161485537,985074,1489609039
5763237300261562094,985074,1489609068
-6433325764878622301,985074,1489609031
6934116586088719280,985074,1489609023
5324273808885954596,985074,1489609077
1082118201525576445,985074,1489609046
-771747707284975391,985074,1489609026
-7141354274430829507,985074,1489609067
6037044471086482876,985074,1489609080
5832863689358008074,983037,1489609042
-6976995459604896513,985481,1489609052
3305341746816309100,985481,1489609057
-4916485183600268002,985481,1489609079
7248969280282699250,938731,1489609025
2265588226179072915,985728,1489609068
-1806897962822078320,985728,1489609031
4499170631304748033,985728,1489609054
192613808245376446,985728,1489609035
3022435785547838636,985728,1489609053
-3263981454317160390,985728,1489609034
-3370219909700456817,985728,1489609045
8800680650112372584,985395,1489609076
8727215660367917125,980197,1489609061
-5002658341484732630,983562,1489609049
-3956478917427504545,983244,1489609062
2597922067166480068,985623,1489609058
-1435376042753996752,985623,1489609031
3401970436154977185,985623,1489609048
192613808245376446,985623,1489609064
-7918818105776625193,919500,1489609061
8018305091589243070,908190,1489609034
-947188741776651906,985407,1489609028
1016958568862762633,985423,1489609044
1170067079331066337,985423,1489609074
6267209579572093270,985559,1489609050
2839180298646533818,985559,1489609083
-1168106580186749321,985559,1489609072
-9135835090838434213,985559,1489609029
6682545301038898022,985559,1489609030
-4682663009311477121,985559,1489609068
1699511427419263618,888384,1489609025
-6652806402385803151,62395,1489609064
8096523413539765652,985316,1489609079
1977412220264312842,985690,1489609040
-1399742053284140182,985690,1489609061
-3368186676198343039,985690,1489609079
8389600200832438231,985690,1489609066
1555159962597775066,985690,1489609064
-668017375697144249,974738,1489609043
4223954410177406720,985205,1489609062
5786162430663205139,985205,1489609024
4317684040835412864,985784,1489609063
4967980694332942375,985784,1489609070
-1158525219065922983,985784,1489609024
7520885193167364911,984757,1489609027
4644784079397183682,985610,1489609069
-3761349412614938137,985610,1489609077
7674477351875607328,182913,1489609039
-4218968877092062719,874636,1489609072
1041848949138030128,343148,1489609059
1849749542287731879,340738,1489609052
-1859816985546160917,985535,1489609053
1249334450012788754,892074,1489609041
8622921815513489160,985188,1489609062
4412537415389075314,985786,1489609077
-2001197855207422274,985786,1489609072
8911467759974869916,985786,1489609047
6640879823096505674,985786,1489609083
7702458573569967283,985786,1489609049
-6335795871411075965,985786,1489609033
1263722364297651132,985786,1489609034
4565426495270499448,985786,1489609034
8949836590074502988,985786,1489609072
5232439597645257935,985786,1489609057
2334713870400224142,985428,1489609050
-1859816985546160917,985529,1489609082
6750370103318304317,974441,1489609023
-5525517912405638902,974441,1489609065
4274312773120597926,985347,1489609038
7490228030418492756,985347,1489609067
2710065890019644696,196704,1489609054
2748436351641388640,979493,1489609074
-1680620182528334324,985719,1489609024
8389600200832438231,985719,1489609057
-302073620226284230,985719,1489609038
2699367802097820148,985793,1489609035
-5902079752692935996,985793,1489609069
-2326804042829469384,985793,1489609051
5931588287207495272,985793,1489609067
-1019805095435596630,985793,1489609027
-270353201824159230,985793,1489609043
-5512928361350168972,985793,1489609081
-4939593019974831591,985793,1489609080
8836755964946098598,985793,1489609082
3693082706143683631,985793,1489609079
6144175460229531442,985793,1489609060
-4061607021322831168,985793,1489609056
8270033017479327287,985793,1489609045
2140663484589359739,985793,1489609070
-3802856917779765121,985793,1489609052
1099800870608023884,985793,1489609036
-879924871156136424,985793,1489609041
7160037712416655045,985793,1489609074
5421446787983028364,985793,1489609054
857519332765007665,985793,1489609048
6974150348976118545,985793,1489609082
7602601279926646901,985793,1489609061
-8100578596495437211,985793,1489609054
-1856270577452176350,985793,1489609045
1881630813638924059,985793,1489609050
-5959055503886834519,985793,1489609058
-8885449230697478906,985793,1489609031
2305931492421895195,985793,1489609071
6948741892619572706,985793,1489609036
-4314075944827353676,985793,1489609050
-6060105730138981307,985793,1489609077
2668320041738549478,985793,1489609077
8414391308003235717,985793,1489609047
4594082913063316699,985626,1489609051
-272496703894376715,985626,1489609082
5980273608253422812,985626,1489609065
3466236422518606029,985626,1489609031
2578924467469568230,985626,1489609034
-288657661831896576,985626,1489609082
-4134324926741546053,985626,1489609061
5763237300261562094,985626,1489609078
-2591427320699363025,985626,1489609070
-6534847991790664703,985626,1489609025
6964285427209296323,985626,1489609054
4093511158609454025,985626,1489609074
8388884313587737379,985626,1489609033
-2018523452119936962,985626,1489609071
3773922543437420224,985626,1489609060
-3273185745440911168,985626,1489609069
-1585059982215294728,985626,1489609063
-2358223378963051280,985626,1489609073
7288373321116994784,984471,1489609064
-5413310228360521094,984471,1489609047
-7762481727012279662,984471,1489609027
-2013044934458363854,984471,1489609040
3349424929715990324,984471,1489609024
-5958740314303201713,984471,1489609043
-7184788350268559657,984471,1489609028
4156553679630805114,984471,1489609027
9125513712201190957,984471,1489609042
-1881030276683647134,984471,1489609034
7107489650402325082,984471,1489609062
6485511381927841470,984471,1489609067
3439387788016374922,984471,1489609042
6248431905262628836,984471,1489609029
-1505325505472531062,984471,1489609050
6448561240310880685,974329,1489609054
3991691467723648514,974329,1489609064
6485511381927841470,985537,1489609032
1593494928870497622,985537,1489609041
6495721443504750902,985537,1489609030
-5408507924483215916,985537,1489609046
2750400495814516749,985537,1489609043
2581670768223996415,985537,1489609041
-7457354702447529094,985537,1489609049
4935000088482275812,985537,1489609047
-1545979517970222539,985537,1489609070
7432452497352907609,985537,1489609044
-1168106580186749321,985537,1489609041
5745881066303833870,985537,1489609081
6638423270933711055,985537,1489609069
4596759420097225490,985537,1489609061
-2700358051489297621,985537,1489609071
-2576682005748672831,985537,1489609030
-8519787046613404327,985537,1489609055
9127116816739950397,985537,1489609081
-7044342906394708111,985537,1489609076
4615478715236748310,985537,1489609059
-1367813066081352825,985537,1489609029
4117604988767870968,985537,1489609080
-5935836001427276624,985537,1489609030
3672826363326106039,985537,1489609060
4204073166254449273,985537,1489609061
7454213104569724433,985537,1489609044
3491164260066893066,985537,1489609079
5656341823758482389,985537,1489609041
7177677035090229567,985537,1489609065
3060137088915211649,985537,1489609075
7741555714330169707,985537,1489609060
-863263053800758228,985643,1489609051
783511267003935163,985758,1489609023
5869225559361395907,985758,1489609065
-2766299556380097999,985557,1489609029
1170067079331066337,985557,1489609082
6411160795826419417,985253,1489609054
-981384915961862643,984634,1489609068
948399282047359876,901164,1489609052
-7374313323195454168,919944,1489609031
1068345353351054532,985458,1489609047
-4957054058119603903,976069,1489609082
8709205541474116181,976069,1489609033
3950665940241490504,985668,1489609041
-2700358051489297621,985668,1489609047
-6858169233330813188,985668,1489609074
5164653525003209530,984730,1489609050
-2164340523389030727,985777,1489609053
574075670497524094,984438,1489609070
-8162611892599049954,985804,1489609070
-584776545123576821,985804,1489609034
921344535280757447,985804,1489609043
8678914522722061029,985804,1489609079
-4453581773271052907,985804,1489609073
1892727742828531655,985804,1489609072
4090027642479966613,985804,1489609039
2606610104256393692,985804,1489609031
9013480417778797488,985493,1489609077
8298438183038297714,985493,1489609073
2910167051212782889,985493,1489609062
-6548249053374909161,985493,1489609063
-6550538199442121071,985493,1489609041
5488315549284651779,985493,1489609067
-7325473956196196987,985493,1489609030
-3444424178832020692,985493,1489609039
7879191668752196202,985493,1489609075
106297245972148889,985493,1489609047
9157614530997008659,984735,1489609065
454170132468553907,984735,1489609061
6399763463508003247,984735,1489609083
-8352363588313668772,983595,1489609040
3602927659366466985,984675,1489609056
-5593580442813093897,985169,1489609053
3760902990764874173,984095,1489609056
3146695104452511469,985522,1489609045
410616669341392450,985522,1489609051
-5319590181230909212,985522,1489609063
-4218968877092062719,879249,1489609072
-9168981085173576182,896942,1489609033
-8995101375335784942,938401,1489609022
4286084822301558510,985624,1489609075
-764391266131091194,985624,1489609074
-6072650852552768785,985624,1489609062
5042109360949982215,985624,1489609029
2456981802381366559,985624,1489609063
2697128415038083605,985624,1489609060
-5652845584422256741,985624,1489609050
2067067908688972218,985624,1489609049
-7183979890651224118,985624,1489609082
8956714509624667767,985624,1489609049
-357369888085374560,985624,1489609063
-7444638337352855222,985624,1489609061
9079424738527880967,985624,1489609079
741424704874920350,985568,1489609037
-2774841531486291340,963811,1489609069
-2436297044951936972,985661,1489609049
-1859816985546160917,985526,1489609080
-2865701336983466239,909105,1489609079
-5787351245588631555,979708,1489609048
49124609491471302,913472,1489609049
5716122632800382037,985180,1489608904
6039924755179591514,985180,1489609050
-2159470022680874695,417163,1489609053
-1047881017333828204,984447,1489609076
-7347996800826936805,985693,1489609067
-4761417762813989917,985693,1489609051
1577063482800526821,985693,1489609041
-4163118603134366403,985693,1489609077
1232280555628187322,982540,1489609024
-7953402681270632747,344170,1489609070
-8152422528838279711,985778,1489609050
-5691627305727521455,985778,1489609028
1594569290556402171,981533,1489609070
-3089856652439933267,985296,1489609074
8421401299746905650,985296,1489609055
4265464125953040211,985296,1489609053
-3080315177550688422,985296,1489609068
-4388333746482988958,985296,1489609073
4655133918975736519,985296,1489609074
7432452497352907609,985296,1489609057
-1056174737709673846,985296,1489609025
159321108902586963,985296,1489609079
-8673936415179999611,985593,1489609033
-2890157505264201536,985593,1489609073
-4115279286017355764,985593,1489609026
708589608950044249,985593,1489609073
1516640030048853635,985593,1489609047
2446918846509232057,985593,1489609030
2503624006655715295,985593,1489609058
6480018134498431970,985593,1489609060
-4241450882061437154,985593,1489609059
-2995648255913017088,985593,1489609077
590103051053391612,985593,1489609025
-5425705412282368739,985593,1489609071
-8693849418949747636,985593,1489609041
4825295285383786769,984934,1489609025
-971750201912350887,984934,1489609083
-6800458061296976273,985566,1489609036
741424704874920350,985566,1489609050
4668359136136194445,985566,1489609082
-3455195736366387140,985566,1489609080
3688444363973036109,984187,1489609033
-6800458061296976273,985564,1489609053
741424704874920350,985564,1489609059
-5405777184243058499,985788,1489609044
5305431799170718797,882523,1489609024
312781937428210576,413363,1489609063
-1906430184035662224,983251,1489609058
-6007964028087456751,908717,1489609062
4216369815047002431,985283,1489609077
-6964890702858615489,425902,1489609072
7605750464854427582,985266,1489609031
-2303241254024985408,985266,1489609041
-1830770793405821550,985608,1489609056
-1876400017052751196,985608,1489609074
-4241450882061437154,985608,1489609029
-7027722500614880444,985608,1489609057
5947061847310064142,985608,1489609041
-1844468344872725743,985608,1489609027
6480018134498431970,985608,1489609031
6054832384574197696,985608,1489609078
8843461557989869484,985608,1489609073
-6606852638173508714,985608,1489609059
4753147069460245625,985608,1489609069
-2995648255913017088,985608,1489609038
786574457110152116,985608,1489609079
3842122182326756346,985608,1489609081
2804348383323048355,985608,1489609057
-7497612431560007036,985608,1489609063
5141730291666153270,985608,1489609027
-5151615974314852014,985608,1489609039
1471733673173109052,985608,1489609039
7853297648746900879,985608,1489609062
4961040258574404146,985608,1489609024
-472391131786677759,985608,1489609051
-1614169320963740789,985608,1489609058
-4658001766236892477,985608,1489609051
-531738195371110840,985608,1489609043
-677590505003766886,985608,1489609057
3399569740566974768,985608,1489609033
237016525293307476,985024,1489609083
-4128063642161485537,985024,1489609053
-1704932170827913513,985024,1489609071
6670826664094150350,985024,1489609069
-4274317658708103351,985597,1489609063
7331552696049571135,985597,1489609028
-3465634939720464385,985184,1489609051
4608949079591162453,985184,1489609048
-6559033163328283120,985184,1489609048
-4080259830321463467,985184,1489609047
-302073620226284230,985184,1489609070
-5539587512500321598,985184,1489609072
-1680620182528334324,985184,1489609040
-2778503139063364655,985184,1489609060
3439387788016374922,985184,1489609048
-6759013303705005938,154008,1489609078
1203268110587615111,985672,1489609076
-6648599511223793783,985672,1489609075
2452525302677579480,985672,1489609055
2331856084114079873,985672,1489609070
6578752687964822971,985672,1489609034
-5232620505049100568,985672,1489609060
674572737364771845,985672,1489609048
-6100490178329560779,985672,1489609076
-7715007953159994817,985672,1489609047
8088991488552441571,985672,1489609063
3215464893923458414,985672,1489609031
-7760971740476293132,985672,1489609036
3680111982615666386,985672,1489609056
2218813807763941406,985672,1489609076
1214793251789512649,985672,1489609042
-4441488841736735049,985672,1489609080
-8163164227749916381,985672,1489609052
1433556632638600935,985672,1489609042
-8657936674268575596,985717,1489609035
-7323566928593928823,985717,1489609048
3395185695121078988,985717,1489609041
8532581088995162625,985717,1489609025
5786452963971778517,985717,1489609061
8494212458593558938,985717,1489609082
5343239082355613260,985717,1489609053
6539924077893794486,985717,1489609067
-7374313323195454168,920813,1489609031
-2178782767638453389,985578,1489609042
7182632145845261506,985578,1489609038
-6604228135545925211,985578,1489609052
-8678061025197975704,985578,1489609026
-5935836001427276624,985578,1489609030
-1168106580186749321,985578,1489609033
-4241450882061437154,985578,1489609061
1516640030048853635,985578,1489609047
3794024820732393969,985578,1489609041
708589608950044249,985578,1489609073
6480018134498431970,985578,1489609060
-2311372583996160480,985578,1489609048
-8584399966651231166,985578,1489609071
-1535884598443432229,985578,1489609027
-2890157505264201536,985578,1489609073
-8673936415179999611,985578,1489609033
-3335646349266108623,985578,1489609029
-4115279286017355764,985578,1489609026
3142235857806276505,985578,1489609029
6306576745421059958,985689,1489609055
-1714666269910566971,985689,1489609075
-2364149288686811404,985689,1489609053
-7658755563752861743,985689,1489609072
-2700358051489297621,985689,1489609038
2543215113677332802,985689,1489609062
2387234301695439449,985641,1489609059
1610960866913199939,985641,1489609078
2099997684419086891,893311,1489609059
-2665441555026415073,983849,1489609051
9095293504531772721,411038,1489609066
-4101123067929140800,985387,1489609055
8869816724331699481,985619,1489609080
4594082913063316699,985619,1489609059
-6572852593750418121,985619,1489609056
5980273608253422812,985619,1489609072
3483075169856740338,985619,1489609057
-1983914833436183704,985000,1489609063
3983295676251700609,985000,1489609026
6761378178777002785,983647,1489609032
-5010095090472563763,953533,1489609079
5832863689358008074,914754,1489609058
-2179330933161769066,985739,1489609052
-6165176941297751241,985739,1489609071
-56540124809519423,985739,1489609031
-4318860563758596356,985245,1489609025
5678306796167957537,985081,1489609039
-7325473956196196987,985081,1489609031
-6550538199442121071,985081,1489609029
-4966307331227806114,985081,1489609070
-8352363588313668772,983386,1489609040
5046295184178894547,34692,1489609025
4924389714329425745,984928,1489609083
4959830453710805066,984928,1489609053
4223954410177406720,985202,1489609036
8389600200832438231,985759,1489609047
-3417438905761724474,985759,1489609045
-2131993331437386802,985759,1489609071
-6362743118348594235,985759,1489609034
6507317757243315984,890079,1489609061
8088991488552441571,985414,1489609050
6138926293778640687,985414,1489609027
3022435785547838636,985414,1489609059
-947188741776651906,985383,1489609074
6301131845061315033,972937,1489609066
4246059876266232452,972937,1489609025
1957661553390761779,985257,1489609047
6006357513370223495,984638,1489609054
3844071162741304602,940697,1489609041
-3987143992031198487,984206,1489609042
-7049827178815554004,984206,1489609026
707499430229230421,967156,1489609064
8869816724331699481,985732,1489609045
2341884195313849749,985732,1489609034
-2303241254024985408,985732,1489609037
4088298192546658527,985732,1489609067
-4737849031848453307,985732,1489609076
-1115776905694283471,985732,1489609074
6168833967312807368,985732,1489609061
3466236422518606029,985732,1489609041
-4451563052212972726,985732,1489609077
-373364137134585467,985732,1489609053
2571587807101659301,985732,1489609034
1842767349793723944,985732,1489609051
-3028152831063634979,985732,1489609050
-5884472958922063274,985732,1489609058
2628647204256441350,985732,1489609044
6539924077893794486,985732,1489609057
2896615989820542850,985732,1489609075
8829709745346827842,985732,1489609043
-1128960222889099598,985732,1489609072
-7910464248001988051,985732,1489609077
-8925817771751005219,985732,1489609032
-8832918036816566464,985087,1489609032
-3218146867149377531,985087,1489609068
-8273031776484610164,985087,1489609056
5672513595724434050,985087,1489609026
4943945962131526340,985087,1489609026
-7007673449889646223,985087,1489609070
7294490741503183537,985087,1489609071
1740765393747444881,985582,1489609055
-9135835090838434213,985582,1489609070
6682545301038898022,985582,1489609042
6267209579572093270,985582,1489609060
8309056603594941544,985582,1489609041
-1168106580186749321,985582,1489609081
-2178782767638453389,985808,1489609048
2058794587589994955,985808,1489609055
4919790054789996324,985808,1489609067
-4568577911139215719,985808,1489609042
-5287543332589176277,985808,1489609075
4284953191800263874,985808,1489609049
-7681724984408184359,985808,1489609036
848001451129925509,985808,1489609032
-5008692736258060825,985808,1489609077
-818236902293445828,985808,1489609025
7123056322724286425,985808,1489609074
8162605052822087352,985808,1489609072
-7603126757282797528,985385,1489609035
-5583940395916095347,985385,1489609073
-765380805031761809,985385,1489609048
-3364825578868579093,985385,1489609047
5867821786559065857,985385,1489609077
-6372666098271358711,985385,1489609041
-3340311128174232590,985404,1489609033
-8874391814335435335,985404,1489609054
-7636991333615659482,985611,1489609064
7553739524468679859,985611,1489609044
-4128063642161485537,982365,1489609075
-6398988319687517055,963358,1489609075
-4218968877092062719,883522,1489609070
-7980340809138412282,985794,1489609049
5978505862375290764,985794,1489609076
-6025733419810427582,985794,1489609052
-4462947736297429943,985794,1489609026
2805327741434418198,985794,1489609045
-6227126337002561845,985794,1489609029
-1717342158250475347,985794,1489609070
1099674253225939069,985794,1489609062
8087763883236905793,985794,1489609077
8559533292801494641,985794,1489609049
2265588226179072915,985794,1489609047
-62347741706522004,985794,1489609045
5232439597645257935,985794,1489609026
8759622043100548757,985794,1489609046
-2013285938528343582,985794,1489609030
-3800633317654653155,985794,1489609034
5086801496003175360,985794,1489609029
6749495581865474060,985794,1489609065
8506980980066768436,985794,1489609037
2077324717930040842,985794,1489609084
6494786140473806842,985794,1489609037
-7740456239793257465,985794,1489609067
-6391738951456468435,985794,1489609067
-188844684743004684,985794,1489609044
2088463574646844642,985794,1489609034
434425537971923606,985794,1489609025
3569398973038924347,985794,1489609034
-5756565088862261905,985794,1489609028
3500595806555347455,985794,1489609039
-4021582186844923781,985794,1489609043
8127782701069263905,985794,1489609043
2167843426806315081,985794,1489609055
-7922449953522034360,985794,1489609042
8800548612576560749,985794,1489609052
921344535280757447,985794,1489609062
-261507960984249647,985794,1489609069
-4453581773271052907,985794,1489609077
38863159593614333,985794,1489609068
6243193369305454381,985794,1489609070
-2573117257740761338,985794,1489609037
307934069787446960,985794,1489609076
5068714421928594824,985794,1489609034
-8710774974705542969,985794,1489609066
-5918584818514998388,985794,1489609044
8399328429925512741,985794,1489609078
6990126586153284528,985794,1489609042
-5512928361350168972,985794,1489609081
4608949079591162453,985794,1489609084
5356976444090045826,985794,1489609029
-7669689712563313924,985794,1489609032
-3268016041130765559,985794,1489609067
6302727320984126024,985794,1489609061
5841736410523954230,985794,1489609081
7940212643222283586,985794,1489609031
5864443953826766615,985794,1489609076
-1861508603848931530,985794,1489609047
-2933152500573338362,985794,1489609038
-3535042445098161565,985794,1489609035
223079832053989352,985794,1489609080
2271686773249019756,985794,1489609061
7179550541335477578,985794,1489609032
-6432169360587721523,985794,1489609071
-594910235029921683,985794,1489609028
3383154091199725632,985794,1489609082
8175268102762062100,985794,1489609058
-7583318754403819724,985794,1489609051
6421957683841344219,985344,1489609063
-2640560803612977380,985344,1489609037
-1030233017907095458,985436,1489609074
2327498856761216957,985436,1489609035
-1789291019681135739,985579,1489609072
-7312327426985215619,985579,1489609067
562917468403529167,985579,1489609055
6682545301038898022,985579,1489609080
1740765393747444881,985579,1489609066
6267209579572093270,985579,1489609060
7571303829157926980,985579,1489609084
-9135835090838434213,985579,1489609070
-1944748624561356862,985579,1489609069
-7785454240722742310,405058,1489609034
-3971421155265140141,908081,1489609037
-2653343586186130067,984626,1489609071
7072248409857631116,983804,1489609065
5209621545294581466,983163,1489609028
-1680620182528334324,985700,1489609037
-302073620226284230,985700,1489609053
-2838698986905284768,985418,1489609077
-5114264554914469792,985418,1489609047
7037585033821647521,985763,1489609026
-2179330933161769066,985763,1489609075
-6379183971161051706,985197,1489609047
-7808053845432226973,985197,1489609027
-3362121893948770087,985444,1489609073
-1444499530109493033,985707,1489609043
192613808245376446,985707,1489609084
-4957054058119603903,976272,1489609032
7156865071261431715,985508,1489609069
-2766299556380097999,985508,1489609035
-1823901237264443671,984211,1489609049
3667092963687685777,983767,1489609035
7531529539651468723,976094,1489609031
6026592461380911124,17405,1489609073
-7379846414578317216,985215,1489609077
7139727129782348576,985215,1489609082
-4446112515206694384,985340,1489609037
-947188741776651906,985409,1489609027
-5010095090472563763,953163,1489609079
2781984205898426824,955403,1489609069
-7603126757282797528,985528,1489609051
-2005109021618650731,985528,1489609028
-1493228277283597186,985528,1489609038
5330322207337566657,985666,1489609061
-4365381663161329748,985666,1489609069
-3934527034486738562,985666,1489609069
3086176149443052260,985666,1489609078
-5922079400463853076,985666,1489609034
7183576285571685696,985666,1489609073
-7783185576841381993,985666,1489609056
3950665940241490504,985666,1489609079
7971836090286749156,985666,1489609032
5382404273819992244,984291,1489609028
-3949405152648955238,984510,1489609050
-7849978469276664520,947787,1489609061
5118704387589614311,951240,1489609053
-5400294310332963585,144961,1489609047
-8963825290588562855,984975,1489609066
3265352215917731276,985819,1489609049
-4164994490015590791,985819,1489609059
-1451941230544968826,985819,1489609039
8765408163416800731,985819,1489609033
-5810670571400711355,985819,1489609056
6428128715664586812,985819,1489609040
-3394927768473120253,985819,1489609074
-988451281218789436,985819,1489609077
8201197379613239583,985819,1489609045
-2262876688603883179,985819,1489609041
8761852160878977934,985819,1489609050
3087770038173718072,985819,1489609078
-769349278099952266,985819,1489609085
-7308064010516805545,985819,1489609069
6475250532880275435,985819,1489609059
-2341765117173993756,985819,1489609029
-7114654640967031183,985819,1489609043
-172419238992642284,985363,1489609071
-4691755558234390875,881850,1489609046
-1437420573670512011,985781,1489609042
-5195780336417845581,985781,1489609057
-6340445644626874592,985781,1489609049
595947355670073164,985781,1489609077
6640879823096505674,985781,1489609041
8485171833328061884,985781,1489609084
-8016757562909663219,985781,1489609033
5232439597645257935,985781,1489609041
5265735120384811585,985781,1489609060
-6389612029636211825,985781,1489609053
-8085426037687401645,985781,1489609063
6030680577476601929,985781,1489609062
2020129202533573886,985781,1489609042
1518453537011618753,985502,1489609048
-3916787032272594787,985084,1489609071
977917779724216162,985084,1489609022
4765224870003853434,985084,1489609043
1767325362037713871,984887,1489609040
3950665940241490504,985681,1489609026
-6858169233330813188,985681,1489609074
-2436297044951936972,985681,1489609039
-302073620226284230,985681,1489609078
1404990477321827788,985681,1489609042
-4198985715385612662,985681,1489609033
-6213170443406991937,985771,1489609038
7702458573569967283,985771,1489609047
-2918298363548805407,985771,1489609048
5852352914971151496,985771,1489609069
5232439597645257935,985771,1489609057
6640879823096505674,985771,1489609080
4565426495270499448,985771,1489609034
-6340445644626874592,985771,1489609081
-8016757562909663219,985771,1489609039
7560127047688804791,985771,1489609027
3317559373648765696,985771,1489609054
-3219533383363722459,982752,1489609056
-5229059756337560825,982752,1489609064
413520661602628282,984794,1489609046
6914673797056908629,984676,1489609065
-7688595481054702729,984676,1489609065
4915300665466277636,984676,1489609025
-3609894040623788104,984676,1489609028
-1030233017907095458,985469,1489609074
2327498856761216957,985469,1489609035
8275157815080894265,985469,1489609049
-6091515531233834543,985469,1489609067
-438360336286380756,985469,1489609083
-6995175794741569749,985469,1489609075
9103225001785786171,978018,1489609055
-390865711188236563,985113,1489609038
-2665441555026415073,984407,1489609036
-8289400184759133302,985570,1489609042
-7249762407086069197,985570,1489609073
-703545356723585706,985570,1489609051
-434706647344290330,985570,1489609047
-7946192585790459730,985570,1489609066
-652038370667840085,985570,1489609070
2266045890217671204,985570,1489609045
-7044342906394708111,985570,1489609069
3772834606480327309,985570,1489609053
-5585147182582929669,985570,1489609040
-4483488006356760332,985570,1489609058
-3004734014412155707,985570,1489609027
7241146253876290990,985570,1489609082
4067397652912346910,141875,1489609056
-1168106580186749321,985591,1489609050
-4682663009311477121,985591,1489609066
-4446112515206694384,985341,1489609051
1555159962597775066,985696,1489609064
1977412220264312842,985696,1489609029
-1399742053284140182,985696,1489609052
1610960866913199939,985696,1489609071
-3368186676198343039,985696,1489609073
-2195236555702542657,985577,1489609084
2154217659928029924,985577,1489609082
-2986356674657850608,985577,1489609033
-7729966657589237764,985577,1489609037
5166021318421441915,985577,1489609041
-2312765163786085305,985577,1489609045
-4435195845014074887,985577,1489609064
-7942957715719382598,985577,1489609066
-5448775781650064144,985577,1489609074
-7044342906394708111,985577,1489609059
-3106998270306083164,985577,1489609074
2447012918849647002,985577,1489609049
3760250514931611322,985577,1489609026
6955311620699033487,985185,1489609061
-8663083342551237509,985185,1489609054
645403031434648351,985439,1489609069
3961893981219000912,985439,1489609079
-7085268458052665618,985439,1489609078
-6004960609095039366,985439,1489609046
-1906001710941063755,985439,1489609062
7275833444257616317,985439,1489609072
7379205949403927014,985439,1489609029
-5904695671952680019,985439,1489609080
-5709027193435674431,985785,1489609082
5864443953826766615,985785,1489609075
-7583318754403819724,985785,1489609038
3592563422495944548,985785,1489609059
5896749471079076556,985785,1489609038
4967980694332942375,985785,1489609065
-7877800243902630446,985785,1489609058
-2018523452119936962,985785,1489609040
4317684040835412864,985785,1489609057
-8800490562751646565,985785,1489609046
-5065460423477624198,985785,1489609066
-5372724313588909312,985785,1489609029
-8431453903525128969,985785,1489609054
-1108988383538932556,985785,1489609031
9126477171779192471,985785,1489609047
-8979913703247352472,985785,1489609030
-62347741706522004,985785,1489609070
-3800633317654653155,985785,1489609057
8678914522722061029,985785,1489609027
560571174701855531,985785,1489609054
-5738873034838107521,985785,1489609031
-7844595306630955418,985785,1489609038
1507139599020607643,985785,1489609077
-1572926256060686655,985785,1489609078
-3132247535275261761,985785,1489609042
-250898520659522856,985785,1489609075
2271686773249019756,985785,1489609067
-1194123668226659538,985785,1489609059
-7176571879689926568,985785,1489609047
587049335510842539,959745,1489609075
-4159664957033804284,978790,1489609057
5869225559361395907,985770,1489609058
4596324472978284385,985770,1489609083
1182765031594290433,985770,1489609076
4015936185534364043,415039,1489609029
1693954499184609050,984896,1489609062
7050699624745135588,985555,1489609052
1177287470137855921,985555,1489609041
-5912245152121937732,985555,1489609065
-4650370907182995713,985555,1489609062
1812892687744831664,985555,1489609028
5182557760781299569,985555,1489609081
-5154167178967000773,985555,1489609073
7891974734163676560,985555,1489609039
3729043738183362027,985555,1489609061
5326810776155359285,985555,1489609039
778351388276044881,985555,1489609030
-6006071246728096755,985555,1489609034
-4730599575552522500,985555,1489609075
-2658365298450137170,985555,1489609055
-1823260402008327747,985555,1489609044
-2273734581292109873,985555,1489609035
8913557037263630145,985555,1489609027
-6084929912759665465,985555,1489609058
-1501567523468402532,985555,1489609066
-7269455248633343877,985555,1489609083
5394728209889824281,985555,1489609050
-2709152180833028747,985555,1489609026
4842906813430877838,985555,1489609063
-3455195736366387140,985572,1489609080
741424704874920350,985572,1489609042
7072248409857631116,983801,1489609070
6626233578878918675,982961,1489609074
-3954504671486331765,985607,1489609076
7571303829157926980,985607,1489609035
6670826664094150350,985607,1489609069
-6116812807118492679,985607,1489609046
6733867158218450589,985607,1489609048
-189796785910167432,985607,1489609066
562917468403529167,985544,1489609061
-4289163696820226311,985435,1489609050
7374549414442508494,985701,1489609031
4499170631304748033,985701,1489609043
-3370219909700456817,985701,1489609045
-3263981454317160390,985701,1489609034
192613808245376446,985701,1489609028
-5906647133094817164,985701,1489609043
9013005361979661706,985701,1489609044
8925944000972587873,77459,1489609074
-6398988319687517055,963294,1489609081
-8370064035876461674,984925,1489609049
-749812415219316105,985809,1489609059
8787691307246142654,985809,1489609053
-9126679959174972612,985820,1489609075
6385884248267685017,985820,1489609039
2952063008602314358,985820,1489609027
-2687284386610846361,985820,1489609028
-6664146534122266202,985820,1489609041
-4885531495195441453,985820,1489609060
1488668568073476664,985820,1489609028
3398650458020858551,985820,1489609051
-3863919172635619667,985820,1489609039
1846462740156448120,985820,1489609075
-6724364871413163240,985820,1489609084
1433559149011178233,985820,1489609069
-5324970807048092666,985820,1489609079
4545324059635523323,985820,1489609061
5336289021580028923,985820,1489609085
-2040001915769203492,985820,1489609046
-9004057350738806870,985820,1489609061
3830481804380923430,985820,1489609056
6784326378865794832,985820,1489609080
-7133278829373582316,985820,1489609057
-1070125306036089798,985820,1489609085
-3354285848811705605,985554,1489609027
562917468403529167,985554,1489609058
-3368186676198343039,985709,1489609069
-2802035202243912359,982430,1489609050
722001737815167516,985457,1489609042
2334713870400224142,985457,1489609034
-7943785367201050578,977271,1489609068
-947188741776651906,985403,1489609030
-8095537397618520155,985035,1489609042
5383899582656391568,985740,1489609035
7331552696049571135,985740,1489609035
-8775358205254386232,983105,1489609078
-1189963897828713347,985614,1489609045
4644784079397183682,985614,1489609084
-7057012801780504167,985614,1489609031
-8503100400069880674,985614,1489609063
-3761349412614938137,985614,1489609084
-5598038568915949631,985614,1489609060
-5065071190172839135,985614,1489609076
5978589337701121364,985639,1489609046
2387234301695439449,985639,1489609037
-2436297044951936972,985639,1489609048
-4365381663161329748,985639,1489609085
-3934527034486738562,985639,1489609080
1404990477321827788,985639,1489609055
-863263053800758228,985660,1489609053
-4159664957033804284,979363,1489609060
-427350609818025073,985144,1489609069
7487048222817366774,985144,1489609057
1518453537011618753,985518,1489609032
-2742344934563477053,985518,1489609042
-4691755558234390875,880542,1489609046
2715187656399547835,984377,1489609083
-4957054058119603903,976194,1489609042
3483075169856740338,985627,1489609061
-5406120509619188437,985627,1489609031
-9048361074378912515,985650,1489609035
4716568787847557105,985650,1489609073
-1888905577098372208,985650,1489609062
-8480104016192423906,985650,1489609083
7553739524468679859,985650,1489609044
7560055313478798752,985650,1489609043
-6537326774503333366,985650,1489609063
-7636991333615659482,985650,1489609063
7523590842657868366,985650,1489609080
-4673091879532268202,985650,1489609078
-3786525766825321172,985650,1489609042
7320511143380026745,985650,1489609077
3512201185072167038,985650,1489609059
3870505464361684369,985650,1489609080
326211099753348556,985650,1489609037
-2686263678578543717,985650,1489609060
-3237996968409221019,985650,1489609051
-713413780388608832,985171,1489609078
3845904539078931881,985223,1489609064
4916293909336902669,985223,1489609064
3820374692090676136,985223,1489609050
8352019660664349301,985223,1489609044
-4378338148989097764,985440,1489609069
-882259104080887784,985440,1489609026
3305341746816309100,985440,1489609050
-5993157346126232661,985440,1489609073
-4729488065772266665,985440,1489609061
-8609307354171632594,985440,1489609035
-7916145679860830556,985440,1489609079
-3218146867149377531,985440,1489609057
-3027845150005742678,985440,1489609035
7320511143380026745,985440,1489609072
6720294891383559354,985440,1489609039
-7791203084714310074,985440,1489609034
179964432189441731,985440,1489609078
4982852913251250863,985440,1489609040
8823037220168121881,985440,1489609078
-6911498506919689087,985440,1489609084
5672513595724434050,985440,1489609084
-3165417531516098553,985440,1489609075
-7258373197177874008,985440,1489609085
-7099602939479021983,985440,1489609071
6268551548023145379,985440,1489609067
5392175611997379260,985440,1489609079
8244831095811235579,985440,1489609075
-8076356037946172429,985440,1489609047
-1091145478761071717,985440,1489609079
8419395906036499914,985440,1489609056
-3901982707767069898,985440,1489609034
-3449205958580656255,985440,1489609039
8671648769871890160,985440,1489609033
-7561060968484253376,985440,1489609070
8932676054012561077,985440,1489609026
-3829665025570394645,985440,1489609043
-2303241254024985408,985440,1489609050
4340460968178466762,985304,1489609037
-2831160654590130823,985304,1489609028
-6250950643022771126,985480,1489609074
-5909171704125551707,985480,1489609073
-302073620226284230,985713,1489609045
3871127686315286325,985713,1489609033
1977412220264312842,985698,1489609057
-1399742053284140182,985698,1489609076
-3368186676198343039,985698,1489609079
-1189963897828713347,985592,1489609074
-7057012801780504167,985592,1489609047
-7228340409872426601,985592,1489609075
4274312773120597926,985592,1489609060
-5406120509619188437,985592,1489609077
-4916485183600268002,985488,1489609045
8004498574936167674,985488,1489609032
2460654161102329287,985488,1489609083
2334713870400224142,985438,1489609073
6435592794550210376,984349,1489609037
-4149866401788140395,985796,1489609029
2556252319751916488,985796,1489609052
5878567604028771528,985796,1489609043
-569919493675100636,985796,1489609037
-5737322850522928215,985796,1489609079
3584349092809851787,985796,1489609064
-7046142644685866767,985796,1489609078
-8768412949022677450,985796,1489609056
5056767360085350725,985796,1489609057
848001451129925509,985796,1489609064
7764209494641932761,985796,1489609051
-2603944743240823748,985796,1489609077
6839122846686953325,985796,1489609061
136752012529799323,985796,1489609083
5952229100409919203,985796,1489609032
9186215684335913159,985796,1489609047
-2643613030295024717,985796,1489609083
-1759631995147236179,985796,1489609049
-5948070382070964154,985796,1489609084
7182255448531033927,985796,1489609051
4578687472039640411,985796,1489609045
1431284169724957008,985796,1489609077
8173907936322491973,985796,1489609073
8348580508702130658,985796,1489609082
-4012671915707505893,985796,1489609058
-9091715064261846015,898330,1489609038
-1859816985546160917,985536,1489609029
7610793038402383968,985536,1489609038
5488315549284651779,985536,1489609070
8298438183038297714,985536,1489609084
-4324105636179980340,938635,1489609064
2179928293360532158,985523,1489609037
-6572852593750418121,985523,1489609051
-6570013514779206075,985523,1489609063
8388884313587737379,985523,1489609079
6914673797056908629,984670,1489609067
-1523726198003841301,951001,1489609052
2516983039246131843,425288,1489609060
-3153961627777157974,985182,1489609050
-2970233512797464546,985471,1489609046
8070109506136364275,985517,1489609045
5330322207337566657,985517,1489609059
-5562432987651632097,985517,1489609044
-3814042157924554494,985517,1489609027
6503068014152462507,985517,1489609028
1825574391514554994,985517,1489609085
8352001837647983639,985517,1489609077
-4711507775351960095,985517,1489609060
789753070152351159,985517,1489609035
2387234301695439449,985517,1489609059
2039645498336757171,985517,1489609076
-7715007953159994817,985517,1489609085
2122094169938213527,985517,1489609048
1868890687884722612,985517,1489609027
-3175577282149149825,985517,1489609066
4056133405785234732,985517,1489609036
-4365381663161329748,985517,1489609085
1852664616181059965,985517,1489609058
7971836090286749156,985517,1489609067
-8775358205254386232,983233,1489609040
-6626940199520137175,958582,1489609075
2778528332305320165,985460,1489609077
2460654161102329287,985460,1489609083
7142017848340941158,985460,1489609046
8004498574936167674,985460,1489609032
-4916485183600268002,985460,1489609041
707499430229230421,967741,1489609042
-9094781795607718145,426271,1489609057
1907617898069025079,190465,1489609061
-1953729920006008708,897582,1489609028
-5002658341484732630,983772,1489609049
6790328498290912031,343402,1489609079
2815185626683297437,983463,1489609060
150580260003090327,941364,1489609047
-1536361014764114376,985289,1489609046
8561615567040418277,985289,1489609053
1957661553390761779,985287,1489609026
-4012232708842182055,985080,1489609052
-8396586506717315820,985080,1489609040
7599487500283998871,985080,1489609086
8318203201844882487,985080,1489609053
-1920475389872858238,985080,1489609055
-6226511516503359583,985080,1489609054
803422971526796394,985080,1489609035
-2838698986905284768,985434,1489609083
-2005712445310813535,985615,1489609034
-6072650852552768785,985615,1489609072
8956714509624667767,985615,1489609056
-5652845584422256741,985615,1489609053
-7183979890651224118,985615,1489609085
4286084822301558510,985615,1489609075
-357369888085374560,985615,1489609086
-1340147355608026717,985360,1489609071
-4128063642161485537,984495,1489609075
-6876987843711920722,984495,1489609035
-1411298556599207436,984495,1489609073
237016525293307476,984495,1489609083
-8639417297182453125,984752,1489609068
-1153314373671575581,984547,1489609076
-997456159644970388,984547,1489609071
411928082037638573,984547,1489609077
5056767360085350725,984547,1489609086
2556252319751916488,984547,1489609071
-569919493675100636,984547,1489609051
8463984629431979888,984547,1489609056
4140742070680337544,984547,1489609051
-5361786400667049126,984547,1489609077
-2254877162240449796,984547,1489609066
-2603944743240823748,984547,1489609077
-7715007953159994817,985587,1489609082
-2204219725663475469,985587,1489609066
2703750331209673505,982251,1489609037
1957661553390761779,985281,1489609031
5507188034002904667,985616,1489609085
-5406120509619188437,985616,1489609031
-4982264286384163576,340029,1489609046
-1543640034620282889,985327,1489609081
8243378345210768253,985112,1489609042
-4521523458516829510,947528,1489609054
-3696630684503170467,908339,1489609059
4838825349956569816,985157,1489609032
-7057012801780504167,985613,1489609040
-1189963897828713347,985613,1489609050
-3761349412614938137,985613,1489609084
-8503100400069880674,985613,1489609063
4644784079397183682,985613,1489609084
1957661553390761779,985273,1489609039
8789286234187121364,985273,1489609070
-5524818731043986498,985561,1489609056
-7352517149848135717,985755,1489609066
-6530789268871526211,985419,1489609068
2447012918849647002,983683,1489609047
-3437732526048363269,28129,1489609077
-4340346296186063488,985563,1489609080
-652038370667840085,985563,1489609067
4104766309721826419,985563,1489609064
-434706647344290330,985563,1489609038
-7946192585790459730,985563,1489609063
-2571872924763435740,985563,1489609074
2122094169938213527,985563,1489609064
3476504881040734962,985563,1489609047
-8801933872377717273,985563,1489609084
-7044342906394708111,985563,1489609041
-4439739559609962197,985563,1489609059
-7762481727012279662,985563,1489609043
1852664616181059965,985563,1489609074
-6872092481017671848,985563,1489609051
-1194123668226659538,985563,1489609034
-947188741776651906,985297,1489609032
-4916485183600268002,985474,1489609063
7050699624745135588,985474,1489609080
-8389323946622478486,985782,1489609062
5885755647834552933,985782,1489609085
-5593130864354389618,985782,1489609035
5603588842912799712,985782,1489609079
-686096501216435660,985782,1489609046
7805934050013520237,985782,1489609033
-4244505662295533511,985782,1489609053
3317559373648765696,985782,1489609054
6640879823096505674,985782,1489609073
-6340445644626874592,985782,1489609077
4565426495270499448,985782,1489609028
5232439597645257935,985782,1489609048
-568450879580453029,985782,1489609083
-270353201824159230,985782,1489609062
-1108649142752785274,985782,1489609029
1181777515355990420,985782,1489609048
9210348068263580172,985782,1489609078
-1444499530109493033,985715,1489609029
192613808245376446,985715,1489609084
-1981380315295540673,985715,1489609044
8389600200832438231,985715,1489609063
4960151551646500922,985715,1489609056
2467999926036274002,985715,1489609076
-7451762009120770644,985715,1489609074
4935551790721258671,985715,1489609067
-1518811121832192074,985715,1489609041
4486268946592615473,985704,1489609049
604973544996281779,985704,1489609041
-269655916504610356,985704,1489609030
-6081636893570489003,985704,1489609054
-1193591029051976604,985704,1489609040
1502924596076160655,985704,1489609083
5383899582656391568,985704,1489609035
7331552696049571135,985704,1489609035
-8775358205254386232,983240,1489609027
-1034097622435087398,942305,1489609073
-4101123067929140800,985390,1489609032
8347039810310601298,985390,1489609083
-2604003146708685468,985067,1489609025
-8885360720214949809,985272,1489609054
-826855009063992016,891280,1489609022
5062943299412457799,974480,1489609045
-947188741776651906,985294,1489609056
-3417419742032108847,985130,1489609044
1305967034386253770,985130,1489609042
-1185160682702621575,985130,1489609043
-4101123067929140800,985130,1489609055
-947188741776651906,985130,1489609074
-8695187872834593838,985130,1489609078
-1037452497797762501,985130,1489609084
3332720078801625014,985130,1489609083
-8999342594487533749,985130,1489609072
-5002841412028404417,985130,1489609084
2154217659928029924,985130,1489609086
-1047881017333828204,985130,1489609082
739967764701085313,985130,1489609046
-1441481272881242396,985130,1489609067
3401970436154977185,985718,1489609036
2597922067166480068,985718,1489609038
192613808245376446,985718,1489609060
1918934791603961849,985718,1489609084
-7056145412291080647,985718,1489609062
-7070185068486016696,983104,1489609079
-3909136514748141839,978801,1489609075
8830546084225875059,981853,1489609045
7115618339992931315,937141,1489609035
4486941924585644733,924888,1489609070
1518453537011618753,985498,1489609055
4919790054789996324,985810,1489609046
-562630146379887910,985810,1489609083
7241146253876290990,985810,1489609060
5135682578255203395,985810,1489609064
-6094651600572769544,985810,1489609067
-5287543332589176277,985810,1489609059
4284953191800263874,985810,1489609039
8162605052822087352,985810,1489609072
7123056322724286425,985810,1489609074
848001451129925509,985810,1489609027
-5008692736258060825,985810,1489609077
1280533992733455872,985810,1489609031
-7681724984408184359,985810,1489609029
6687466426120578546,985810,1489609034
7346945273479333200,985810,1489609072
4774673402501222138,985810,1489609039
-1398094359714428059,985810,1489609052
4398285410850333399,985810,1489609078
3566358739231726754,985810,1489609030
2936406011672450454,985810,1489609058
8442314551431564283,985810,1489609070
5005666049236277681,985810,1489609071
9116900432030148897,985810,1489609065
4013756618822198250,985810,1489609072
2293015505792837784,985810,1489609063
392928811965581173,985810,1489609082
5178483964810308225,911817,1489609076
6421957683841344219,984853,1489609074
7406210259926579737,190541,1489609041
-1876620605339636816,977179,1489609048
-3726003035832103976,977179,1489609031
4223954410177406720,985123,1489609062
-594910235029921683,985801,1489609028
2037281453923340857,985801,1489609033
921344535280757447,985801,1489609053
8678914522722061029,985801,1489609079
-4453581773271052907,985801,1489609074
-8162611892599049954,985801,1489609070
7520885193167364911,983817,1489609063
-8200422257917297891,344147,1489609061
-4157990408439570955,426285,1489609038
-3629878549941177149,983592,1489609079
1563597932961178239,983592,1489609064
5144913393375384587,983592,1489609061
-7580073625862063042,984874,1489609056
5385433309865459466,984874,1489609052
-6760414006563949343,901493,1489609048
707499430229230421,967494,1489609064
8759622043100548757,985769,1489609076
-4021582186844923781,985769,1489609064
-3800633317654653155,985769,1489609044
921344535280757447,985769,1489609069
2088463574646844642,985769,1489609039
-188844684743004684,985769,1489609047
434425537971923606,985769,1489609029
5232439597645257935,985769,1489609028
8559533292801494641,985769,1489609049
-6391738951456468435,985769,1489609067
-62347741706522004,985769,1489609045
2077324717930040842,985769,1489609084
4055976574544381144,985519,1489609039
-4650370907182995713,985519,1489609077
-5154167178967000773,985519,1489609073
-5912245152121937732,985519,1489609065
-6886934320167619978,985519,1489609051
3491934280904361029,985519,1489609045
2334713870400224142,985448,1489609066
2910167051212782889,985697,1489609086
-8756828477724111110,985697,1489609027
5943998177811532647,985697,1489609060
9171393934816928045,985697,1489609048
572059396741788530,985697,1489609068
-381954041340818974,985697,1489609062
-784054607893812067,985697,1489609068
-2665441555026415073,983064,1489609051
-3374407961495514292,985496,1489609076
8347039810310601298,985496,1489609029
-947188741776651906,985393,1489609064
-67684926896111412,946107,1489609066
-5856873517233018094,985201,1489609051
-5026565717925394931,985201,1489609085
756304366620726670,985201,1489609043
449038226256249527,985679,1489609063
-1796561011026454824,985679,1489609027
-6126737334125079396,985679,1489609074
6306576745421059958,985679,1489609055
-427638311688708748,985679,1489609083
-4124655184317491045,981555,1489609029
-5906647133094817164,985735,1489609033
3403508390509630824,985735,1489609080
-2697113047987424420,985735,1489609032
4701760054590724458,985735,1489609078
-5787351245588631555,985735,1489609045
9013005361979661706,985735,1489609035
-6466277248875235817,985735,1489609061
-9093620040415986713,985735,1489609061
-158112164521302411,985735,1489609071
8373602903157385179,985735,1489609074
-6371639478335921041,985735,1489609071
764334584226786159,985735,1489609031
4486268946592615473,985735,1489609049
2734824501857235768,985735,1489609057
-3010368499603620620,985735,1489609052
-8775358205254386232,983018,1489609051
3161172478920468997,985731,1489609061
-8291820915630433597,985731,1489609083
-947188741776651906,985397,1489609048
3483075169856740338,984681,1489609046
7458045740230166286,900214,1489609052
-817848661842092237,424720,1489609077
3950665940241490504,985657,1489609053
-2528265360633404993,977056,1489609046
-2653343586186130067,985516,1489609078
-4388333746482988958,985516,1489609062
-6251534838147553320,985516,1489609065
4655133918975736519,985516,1489609074
-3080315177550688422,985516,1489609041
3142616712281699907,985516,1489609045
7432452497352907609,985516,1489609057
1593494928870497622,985516,1489609041
-2013044934458363854,985516,1489609045
-5408507924483215916,985516,1489609048
4545274127965259521,985516,1489609032
5324428779495880730,985338,1489609046
-4153695255325230661,985338,1489609085
-4446112515206694384,985338,1489609063
5031616791359415463,73565,1489609031
-8609307354171632594,983613,1489609085
-5993157346126232661,983613,1489609073
-5142450082371479367,936838,1489609058
-2771705828621681018,936838,1489609078
2467999926036274002,985724,1489609076
-1435376042753996752,985724,1489609040
192613808245376446,985724,1489609070
-3731567844898090014,985724,1489609057
-5837271306066878996,985724,1489609072
2597922067166480068,985724,1489609058
3401970436154977185,985724,1489609048
-3811558666335053504,985292,1489609054
-7056145412291080647,985726,1489609062
8912904597764277906,985726,1489609035
192613808245376446,985726,1489609053
1918934791603961849,985726,1489609081
-2157088315631733716,985726,1489609061
-550734151675839350,985726,1489609061
-6250198749462562456,985726,1489609068
1831598987906344950,344929,1489609080
341204928846588806,985594,1489609055
6774363753560520307,985553,1489609072
-4650370907182995713,985553,1489609086
822026582536556979,985320,1489609059
4916445254634113332,980051,1489609033
5773051500843967399,980051,1489609040
-4916485183600268002,985477,1489609038
2006089653932757470,985477,1489609071
-3165417531516098553,985477,1489609062
-4508976268010523144,426954,1489609065
-713413780388608832,985276,1489609063
-6762263638479337669,985652,1489609061
-7774407610012076504,985652,1489609078
-284636230529424610,420262,1489609053
4838825349956569816,985007,1489609033
5705413288415286577,985745,1489609058
-1572926256060686655,985745,1489609062
-510224399642068025,985745,1489609046
-8166136646086306965,985745,1489609055
-3555452226677736285,985745,1489609076
152335512756677940,985745,1489609073
3964052458913120868,985745,1489609085
3658362271622497207,985745,1489609035
7913981945857661963,985745,1489609027
-2204219725663475469,985745,1489609030
3491197846828963525,985745,1489609070
-5050716954727898743,985745,1489609062
-7041517759016939704,985745,1489609059
6166196272955953510,985745,1489609042
3236564930230998491,985745,1489609067
8582700612055942709,985745,1489609059
-4235999773107926244,985745,1489609071
-6559666444362536214,985745,1489609065
6038077433773637177,985745,1489609060
1775412824891172100,985745,1489609051
958192853933857258,985745,1489609068
-6216837825785954281,985745,1489609071
1526536407453839001,985745,1489609084
-3792183632071490079,985745,1489609072
1622542662325847417,985745,1489609045
835740615834120296,985745,1489609083
-2995648255913017088,985586,1489609077
-8693849418949747636,985586,1489609041
6480018134498431970,985586,1489609043
-4241450882061437154,985586,1489609044
8843461557989869484,985586,1489609077
6054832384574197696,985586,1489609083
-96754231181320112,985586,1489609072
-5872266989435317582,985586,1489609060
2334713870400224142,985450,1489609027
-7603126757282797528,985379,1489609048
6268551548023145379,985260,1489609048
-2869235139680526768,985260,1489609044
5275335111253893052,985260,1489609032
5763237300261562094,985260,1489609064
574075670497524094,984395,1489609070
5827506297464668854,985814,1489609046
7804041962660005802,985814,1489609071
-8210858298237365555,985814,1489609065
6687466426120578546,985814,1489609028
9116900432030148897,985814,1489609065
-5016007229198145864,985814,1489609079
4013756618822198250,985814,1489609072
2936406011672450454,985814,1489609058
6290995757871789832,985814,1489609029
4774673402501222138,985814,1489609039
-5008692736258060825,985814,1489609038
3166745510449482893,985814,1489609059
392928811965581173,985814,1489609082
1488668568073476664,985814,1489609032
-6250316717918186356,985814,1489609072
-1305536212628517212,985814,1489609075
-7312508445134748904,985814,1489609068
-976085207293165895,985814,1489609082
-2394776535454047552,985814,1489609064
1501034691374063688,985814,1489609080
5817560130806689987,985814,1489609086
-1697522843400815116,985814,1489609075
551683608209201300,985814,1489609068
-302073620226284230,985663,1489609086
-7715007953159994817,985692,1489609050
-2645417604013590047,985560,1489609033
1170067079331066337,985560,1489609068
741424704874920350,985560,1489609072
-3067125308714755122,985560,1489609054
-5426255699875127131,976856,1489609030
2088463574646844642,985790,1489609055
5232439597645257935,985790,1489609036
-8530381363531395350,985790,1489609028
8759622043100548757,985790,1489609076
2077324717930040842,985790,1489609087
-4021582186844923781,985790,1489609064
921344535280757447,985790,1489609068
-4446112515206694384,985342,1489609032
7490228030418492756,985342,1489609086
1872008884345853405,985761,1489609081
4596324472978284385,985761,1489609070
7037585033821647521,985761,1489609045
-5097308951592099830,985761,1489609085
-7732885709297313456,984303,1489609051
3819020448767966736,937005,1489609030
-3761349412614938137,985620,1489609067
3613785378855657148,985620,1489609037
8956714509624667767,985620,1489609085
1119337621181794479,985620,1489609075
-2005712445310813535,985620,1489609045
5546012708658957557,985620,1489609046
-5652845584422256741,985620,1489609070
-8016838742084885504,985620,1489609066
-3100032193132617357,983285,1489609023
-2665441555026415073,982298,1489609049
-7669240186010130783,984784,1489609057
4045744802230756153,984784,1489609067
-5434462577069189741,984784,1489609036
6015381027470583152,984784,1489609052
5017201286403382207,984705,1489609083
-5531446066117885289,984705,1489609051
5721751479944646222,984705,1489609084
-5169753162801096414,985060,1489609079
1342409511469684811,985060,1489609043
-6194107147525881602,985060,1489609040
3602927659366466985,984685,1489609044
-3833916049667175330,985520,1489609055
-5594126937336879903,343634,1489609034
-5928807926749453793,985254,1489609041
-7562013842799063075,985254,1489609085
-6305806957429052113,985254,1489609063
8561615567040418277,985254,1489609073
2352198057040503825,985254,1489609043
-1536361014764114376,985254,1489609046
-6765120333890313480,985612,1489609049
2703091859380249161,985612,1489609087
2778528332305320165,985612,1489609080
-5267738537176848383,985612,1489609055
9079424738527880967,985612,1489609044
-900852160781559614,985612,1489609040
-7183979890651224118,985612,1489609067
-6373321110508619390,985612,1489609048
3739223380986809445,985612,1489609045
-2692875414075054692,985612,1489609066
-2092738996229066547,985612,1489609087
-7444638337352855222,985612,1489609053
-7784160948792365312,985612,1489609053
-2489895591558517679,985612,1489609086
-3643290631738920918,985612,1489609066
8452125653519201670,985612,1489609040
-1305435632667069332,985612,1489609052
565700040253025882,985612,1489609040
8247419586096555511,985612,1489609051
8956714509624667767,985612,1489609036
-6626940199520137175,985612,1489609076
5162847833730888406,985612,1489609042
-6713434040016235174,985612,1489609054
1327886870866321045,985612,1489609062
-64387084618618307,985612,1489609067
-8779572067267804920,985612,1489609081
-3628814570927264687,985612,1489609063
3381571805940449627,985612,1489609056
8226017493544607253,985612,1489609028
1236387995767403282,985612,1489609069
-2187787411091505838,985612,1489609038
1801902030362184160,985612,1489609074
7286445288869026271,985612,1489609057
6765316402552163752,985612,1489609034
-8255614118591601834,985285,1489609057
3950665940241490504,985664,1489609069
-7228340409872426601,985603,1489609074
-7057012801780504167,985603,1489609047
-1189963897828713347,985603,1489609067
1610960866913199939,985636,1489609080
-8775358205254386232,983101,1489609078
3806801585395623498,985705,1489609035
8389600200832438231,985705,1489609066
7148946778538339962,985705,1489609076
-3289765069075449478,985818,1489609078
6150041174183669184,985818,1489609029
7804041962660005802,985818,1489609048
-8304850963660246776,985818,1489609041
-3546492647562385968,985818,1489609029
2973105836072687953,985818,1489609044
-6235614505606081763,985818,1489609060
-1119251838257176685,985818,1489609079
-2840866155932816956,985818,1489609039
-3039940120673386430,985818,1489609032
-4968489351579754810,985818,1489609046
355165424840388117,985818,1489609075
346535800790843091,985818,1489609055
5268596402209753022,985818,1489609052
6770772925513523056,985818,1489609028
-4469270945586592820,985818,1489609048
4958700798514104574,985818,1489609046
5342710344691957504,985818,1489609063
-5566442981956611320,985818,1489609076
-7553433300783482224,985818,1489609047
-7601511967343726652,985818,1489609051
-2892201691795307982,985818,1489609069
1417346222173761354,985818,1489609034
3607588626302100310,985818,1489609041
7892905185627334711,985818,1489609080
-571516271845099932,985818,1489609032
551683608209201300,985818,1489609062
4147193255373672239,985818,1489609031
6570995276238602420,985818,1489609079
1051584025215891543,985818,1489609071
7419219387406146457,985818,1489609028
2936406011672450454,985818,1489609028
-8209817458192167812,985818,1489609086
-9212160829663558779,985818,1489609079
340099643012083882,985818,1489609077
1802151607017372848,985818,1489609037
-2096818702256453286,985818,1489609059
2371975810314795978,985818,1489609067
3903596952271062397,985818,1489609066
2986808281018770434,985818,1489609083
-8529455615631003502,985818,1489609076
50917650662309663,985818,1489609059
-1604592063891730584,985818,1489609045
2622439844282260249,985818,1489609070
-9080888787896965765,985818,1489609060
-229502223746406441,985818,1489609075
-3231470836555995167,985818,1489609087
4841006252262235706,985818,1489609030
-6892604663090121698,985818,1489609028
-100598576547541918,985818,1489609060
-6593336353064095767,985818,1489609048
4806471198959722022,985818,1489609060
8671854238595131072,936895,1489609075
3573574806555785896,984909,1489609066
7619755725257364888,984909,1489609083
846030638512189457,984909,1489609070
-1361400216496213959,984909,1489609045
8798618962505252604,345114,1489609067
-5278200183671138573,411610,1489609036
1682348498859267305,984636,1489609045
4061912194585293682,985764,1489609063
5508508471937567485,985764,1489609074
651866609249729547,985764,1489609068
-3678725464113338016,985764,1489609034
4596324472978284385,985764,1489609036
5540130438571451799,985764,1489609045
1872008884345853405,985764,1489609058
5703377531222530442,985764,1489609079
1961770672629800771,985764,1489609080
-7269455248633343877,985764,1489609077
-4260342439453495575,985764,1489609048
-8446968851715701343,985764,1489609031
3770733612077539621,985764,1489609045
6278681034664999991,985764,1489609052
7276955965031080153,985764,1489609074
-1158525219065922983,985764,1489609061
7037585033821647521,985764,1489609033
-4949937158967909381,985764,1489609045
-1834620610423281400,985764,1489609086
-2179330933161769066,985764,1489609075
3753715416703412099,985764,1489609042
5755493084676936011,985764,1489609034
-8301548550469805519,985764,1489609039
-2650438997993203687,985764,1489609065
-4817254065619679157,985764,1489609077
-5493988626950463761,985764,1489609037
1028798109835073086,979755,1489609057
7945145634039548403,908477,1489609078
-7244425667671618784,985186,1489609036
-6789716083873374051,985186,1489609076
-4582995713323130135,985186,1489609072
2068437113188467380,985211,1489609084
6634106738873271567,985211,1489609061
2707852110219246829,985211,1489609036
1543164269307824503,985211,1489609062
342515086416378849,985211,1489609030
-6990534820154041551,985211,1489609063
-4916485183600268002,985482,1489609079
-2227936552663767374,948976,1489609024
3275052266567856793,955947,1489609053
-3940175767649888945,951403,1489609059
2432861732612266681,410297,1489609030
1014924944150413991,985229,1489609041
5763237300261562094,985229,1489609059
3773922543437420224,985229,1489609052
-4686557861880881483,985229,1489609041
2179928293360532158,985229,1489609037
6694221081322066567,985229,1489609060
-6340698388491660674,985229,1489609041
-8327969909358412609,985462,1489609049
5711769095739382093,985805,1489609046
3167615645595861556,985805,1489609041
4578687472039640411,985805,1489609044
-4522557306353011915,985805,1489609058
-2643613030295024717,985805,1489609083
-2862721237108082021,985805,1489609037
159040119730606326,985805,1489609060
8173907936322491973,985805,1489609073
2550986575241406597,985805,1489609039
2982804296744872269,985805,1489609080
136752012529799323,985805,1489609083
5952229100409919203,985805,1489609032
8670463250101970598,985805,1489609034
848001451129925509,985805,1489609059
7151251184164045836,985805,1489609034
-1758669240325614929,985805,1489609076
4284953191800263874,985805,1489609085
5056767360085350725,985805,1489609052
-2603944743240823748,985805,1489609074
-5902079752692935996,985805,1489609043
-3656535539176499450,985805,1489609080
3068695710891241739,985805,1489609083
5558841500990526025,985805,1489609061
2376929158987351915,985805,1489609082
-6697349739668145448,985805,1489609072
7763580588141193659,985805,1489609054
-2132505546160740774,985805,1489609078
9177412844905735578,985290,1489609086
314595463422603898,985290,1489609070
7964299634020756024,985290,1489609044
2266045890217671204,985290,1489609034
-643007220309864716,985290,1489609055
3070185771253648043,985290,1489609031
-6674914862887783093,985290,1489609028
-2494474474590467489,985290,1489609081
-4676073475443101918,971517,1489609026
-990366328693416806,984132,1489609072
-1859816985546160917,985541,1489609039
7610793038402383968,985541,1489609053
-5235757303167094514,985775,1489609051
1182765031594290433,985775,1489609056
5869225559361395907,985775,1489609031
-6085983001533787458,985775,1489609080
4596324472978284385,985775,1489609077
7037585033821647521,985775,1489609046
6332713035885583230,985775,1489609073
1872008884345853405,985775,1489609081
2693925357926044214,985775,1489609066
-5405777184243058499,985675,1489609044
6640879823096505674,985675,1489609086
8911467759974869916,985675,1489609049
5869225559361395907,985773,1489609053
1182765031594290433,985773,1489609075
4596324472978284385,985773,1489609083
-6085983001533787458,985773,1489609080
6626233578878918675,983002,1489609068
-6420951093938287172,985426,1489609071
-2838698986905284768,985426,1489609087
7077546458670416097,985426,1489609085
-403678125462606398,107214,1489609062
7050699624745135588,985483,1489609074
-4916485183600268002,985483,1489609050
7490228030418492756,985343,1489609079
-1030233017907095458,985484,1489609036
7621569887145948746,985038,1489609040
-947188741776651906,985350,1489609040
3944132616547529342,984803,1489609034
5878567604028771528,985798,1489609076
1002610343636763362,985798,1489609087
3215464893923458414,985798,1489609064
-4524585077775960268,985798,1489609076
8678914522722061029,985798,1489609072
577433124357494815,985798,1489609057
-8162611892599049954,985798,1489609029
3070185771253648043,985798,1489609069
-7437021794474315621,985798,1489609088
-4925342657131698670,985798,1489609084
921344535280757447,985798,1489609035
2606610104256393692,985798,1489609028
6990126586153284528,985798,1489609087
2556252319751916488,985798,1489609086
-4453581773271052907,985798,1489609070
-5413310228360521094,985798,1489609088
-7740456239793257465,985798,1489609078
-1501690690622435522,985798,1489609078
5770718185028828163,985798,1489609058
8399328429925512741,985798,1489609046
-7293072910035775656,985798,1489609053
2445838088111965740,985798,1489609078
1507139599020607643,985798,1489609054
484055172739122409,985798,1489609032
-7325365451969032109,985798,1489609080
4740664356684354968,985798,1489609047
-569919493675100636,985798,1489609051
5056767360085350725,985798,1489609086
2020129202533573886,985798,1489609033
-1194123668226659538,985798,1489609036
-7243325580150351052,980490,1489609085
-546757713853683607,196474,1489609064
-4916485183600268002,985473,1489609046
7610793038402383968,985547,1489609035
8298438183038297714,985547,1489609084
5488315549284651779,985547,1489609070
-6144301563654079923,985547,1489609086
9013480417778797488,985547,1489609077
-6548249053374909161,985547,1489609063
6696897320858444285,985468,1489609071
8347039810310601298,985468,1489609083
3395185695121078988,985468,1489609066
8299086606941586646,984791,1489609072
1177287470137855921,985487,1489609040
-3165417531516098553,985487,1489609062
-2005109021618650731,985487,1489609060
2006089653932757470,985487,1489609057
5326810776155359285,985487,1489609039
6119504976908845303,985487,1489609069
5937752281384992650,985487,1489609033
-4369576739599107530,985487,1489609042
-269108422377639020,985487,1489609082
-4729488065772266665,985487,1489609072
-8582602814159125355,985487,1489609033
-2963650427319370841,985487,1489609034
4842906813430877838,985487,1489609078
-6455918793661774299,985487,1489609066
-2157179546916287711,985328,1489609058
-7913061899973293206,985328,1489609051
3062785503273369436,985328,1489609040
7571303829157926980,985328,1489609078
1697991078113595977,985328,1489609074
-1681411225414965235,985328,1489609062
-5661813959569713889,985328,1489609080
9143541479752476083,985328,1489609053
-784933560640015644,985328,1489609057
8096034354102187476,985629,1489609037
-5652845584422256741,985629,1489609037
-357369888085374560,985629,1489609063
9079424738527880967,985629,1489609079
-6072650852552768785,985629,1489609031
-6626940199520137175,985629,1489609049
-1305435632667069332,985629,1489609071
2456981802381366559,985629,1489609039
3739223380986809445,985629,1489609060
8956714509624667767,985629,1489609046
-7183979890651224118,985629,1489609077
-7444638337352855222,985629,1489609061
-5267738537176848383,985629,1489609057
8247419586096555511,985629,1489609051
-6373321110508619390,985629,1489609048
-2489895591558517679,985629,1489609086
-3643290631738920918,985629,1489609066
-2092738996229066547,985629,1489609087
-900852160781559614,985629,1489609040
