6884260179929952822,985618,1489616569
-6134245152569585678,981770,1489616576
3533992241040065081,981770,1489616545
-2799790276268636769,985658,1489616539
2718280670203114149,985658,1489616538
-7093453468243556544,985832,1489616525
1867763637165174485,985832,1489616532
8837360197528241180,985832,1489616562
-2099050341812890392,985832,1489616580
-3849740287151893932,985832,1489616569
492507334405743338,985832,1489616575
113080291553587192,985832,1489616557
3902451811693098686,985832,1489616522
5469592364178511612,985832,1489616578
6073322818928123825,985832,1489616561
5771748165610154581,985832,1489616528
5157177275372762058,985832,1489616535
-9046751140946152990,985832,1489616553
-919554912379119516,985832,1489616528
-2984272770212290128,146360,1489616562
-56825549136917903,146360,1489616541
6053033555498361290,985681,1489616531
2283918064207586798,984510,1489616522
-7289251646022999599,985621,1489616578
2794956509204492518,985812,1489616552
-3784744227837863212,985812,1489616529
5386009471910697451,985655,1489616545
5121270411843788873,985495,1489616555
1844998373610116775,985833,1489616555
3363107882478641820,985833,1489616553
4077466077086044937,985833,1489616581
-7093453468243556544,985833,1489616541
8837360197528241180,985833,1489616567
-2316923051363309497,985833,1489616533
-2798502658356051536,985833,1489616522
3994425066112745776,985833,1489616571
-2099050341812890392,985833,1489616580
-8020374697391215876,984483,1489616555
1108673067185196503,985756,1489616551
-520098915684906031,982233,1489616555
2976869290508895559,978725,1489616578
-3991831386806523954,984272,1489616572
-6253415850298443883,985599,1489616563
-9033809805874918634,985599,1489616523
-6552794610679092769,985599,1489616575
1403667791907538183,985781,1489616539
-1111617253693415166,985781,1489616574
8220765825620514094,985781,1489616572
-3469176684966043698,985781,1489616581
3565548564188209453,985781,1489616567
3230884560220151429,985666,1489616550
2794956509204492518,985819,1489616535
2931329622320643125,985819,1489616574
3537860163854031606,985819,1489616575
-820614773460310040,985729,1489616540
913543683275705297,985729,1489616522
-4172979437422316900,985729,1489616536
-6487741092412219463,985455,1489616555
4908377304523156859,939411,1489616522
-818684155675724138,939411,1489616569
6038826363482377046,985084,1489616560
5878702398919509817,985685,1489616575
-4516985976463870266,984975,1489616567
-9043694635701457818,985310,1489616556
-1769216419170164388,984676,1489616566
7075696849827759063,984676,1489616544
-4290524075966035962,985502,1489616541
889507527466886558,985107,1489616527
3777460717737601966,985107,1489616568
-36239053967061689,985107,1489616546
-8364785207747097649,985107,1489616565
-6645068077484787269,985107,1489616562
-2171181057203320672,985617,1489616525
162563465244047507,985617,1489616577
-2171181057203320672,985567,1489616572
-7444765775488677373,984356,1489616526
2654642163606650018,90390,1489616562
4441978555402995808,905550,1489616551
-201432275261867842,900210,1489616535
5023587437501832818,982010,1489616527
9168678001391485473,982010,1489616577
7675354134595469606,985439,1489616575
9123432138014876858,985439,1489616568
-1319693028696151388,985439,1489616526
4087017609548585591,985439,1489616560
-9127171861617477535,985439,1489616523
7855038228703805152,985439,1489616555
-5926334494855602249,985439,1489616572
-2431945892878636457,985439,1489616556
2938899292119810322,985439,1489616566
399044899689300391,985771,1489616561
5600223845198447639,985771,1489616554
1751454367175966167,985771,1489616545
8573737489317247351,982752,1489616522
-5788777422739438638,985212,1489616554
-520098915684906031,983159,1489616526
-3204999647170374278,884059,1489616558
-190798760620868218,985185,1489616540
-5522173253526408658,985295,1489616566
4943234674131280159,985295,1489616563
7216884735684096783,985640,1489616524
-7642661081336651157,985696,1489616551
-1362216243800502387,985696,1489616568
5878702398919509817,985696,1489616540
-818684155675724138,940519,1489616569
-6422172637420141021,985121,1489616571
-8524537048067212435,931408,1489616560
3552468740588124959,985570,1489616557
-4429830610402689286,959893,1489616529
7347806340212864996,985644,1489616567
8660367411655511098,985644,1489616559
2718280670203114149,985644,1489616568
7724318041279557965,985774,1489616532
-828910908999937173,985774,1489616536
-9191446205390705794,985555,1489616573
4015022658856666115,985555,1489616561
-370336138701125136,985555,1489616528
-3153940768433477046,985555,1489616580
-1381741689039472366,985555,1489616526
-7772598756301764657,985555,1489616539
7880372282634477291,985555,1489616531
-6855621585134477705,985555,1489616579
-7730157123713920791,985555,1489616575
5811030710850228838,985555,1489616543
4373234718130629934,985555,1489616574
5524883069888769768,985770,1489616552
8917888474980960788,985770,1489616532
7724318041279557965,985770,1489616572
63194133593546521,985770,1489616575
-4138389215726334902,985577,1489616532
-3825928375303532439,985577,1489616577
3576361140879213060,985577,1489616557
5051582077456380770,985549,1489616581
-2893043947292143420,985549,1489616556
-746724576981346478,985549,1489616561
4494825925776673223,985785,1489616574
-3979395021235878875,985785,1489616544
9114186887363226415,985785,1489616547
-5785050030000514521,985785,1489616557
5771705532278300481,985785,1489616561
2995422070243693509,985785,1489616560
-1562505584388004763,985785,1489616576
2373161207380158616,985785,1489616558
-4824367239281686897,985785,1489616536
-5546778804237878763,985785,1489616550
6453153443268695593,985785,1489616533
-6014396514692177230,985785,1489616568
4931547646830366168,985785,1489616549
4431697628885166018,985785,1489616552
7556301581446489138,985825,1489616557
6762521861914707075,985825,1489616533
3058105955941977581,985825,1489616558
-7728994972564904575,985825,1489616527
-6227341453123285203,985825,1489616552
1844998373610116775,985825,1489616563
-7947794518192399752,985825,1489616560
3450914586011802460,985825,1489616534
-8246091868472751318,175425,1489616556
-2175652463210997282,985572,1489616527
6406214720314062091,985815,1489616560
2964866337354942464,985815,1489616554
-6227341453123285203,985815,1489616551
3058105955941977581,985815,1489616543
-7728994972564904575,985815,1489616525
-7947794518192399752,985815,1489616560
7556301581446489138,985815,1489616531
1844998373610116775,985815,1489616562
8837360197528241180,985815,1489616578
8079065399935828365,985815,1489616557
3317101052811149304,985815,1489616578
-8547955587974883494,985815,1489616526
7665519966028642558,985815,1489616580
-7088107683964077786,985815,1489616559
-4670042207293038254,985175,1489616546
-2897936153283376790,985175,1489616548
6630753604168056026,985175,1489616533
-2153538685928577790,975882,1489616558
-6941935437974292327,985336,1489616540
-4516985976463870266,984968,1489616580
-3768820581500332938,985415,1489616559
-683636204057330113,985544,1489616576
2359516899052599654,985750,1489616567
-8449993222873998811,985750,1489616543
715724291645086404,985607,1489616572
-2398544920491006094,985607,1489616556
3193719219604635293,985607,1489616543
6579100483731483210,975858,1489616554
-8946161327917981089,975858,1489616532
2983359128559686325,975858,1489616568
-5633676847410511077,985554,1489616544
-237246982698683842,985816,1489616533
-2470728067656264234,985816,1489616564
-8730087075270887862,985816,1489616526
6318883217852640673,985816,1489616540
170233095454786430,985816,1489616572
-1364089171893192031,985816,1489616564
2359516899052599654,985632,1489616569
-7642661081336651157,985709,1489616531
7101195079256065608,985709,1489616575
-4885876726581655357,922498,1489616556
7535932132268169526,338824,1489616550
-8447550640559120507,983787,1489616551
465755344965338646,983787,1489616552
-3161562274782252935,985457,1489616551
-2502390997725616051,985457,1489616579
-5897598473118946044,985701,1489616526
1108673067185196503,985701,1489616551
-2799790276268636769,985660,1489616554
2718280670203114149,985660,1489616547
-36239053967061689,985757,1489616534
3908155138671448015,985757,1489616538
-2592942055659136476,985757,1489616563
-3656271443357832462,985757,1489616577
8502291966550906671,985585,1489616543
-4161985472726716892,985585,1489616554
3026308025609485106,985585,1489616523
5109964214790363728,985585,1489616579
-5853637469780182012,985585,1489616526
1364224044256115913,985585,1489616548
-863969254222685689,985585,1489616569
4396648487497074746,985585,1489616557
-8020374697391215876,985585,1489616581
-5375122342278511745,985585,1489616570
-2117344016732652888,985585,1489616531
-2150722413827992807,985144,1489616536
-1491239611383332397,985144,1489616542
396186582387909638,985820,1489616554
7556301581446489138,985820,1489616564
3058105955941977581,985820,1489616561
-7728994972564904575,985820,1489616527
6762521861914707075,985820,1489616533
2203772780586813691,985820,1489616542
4751338003197900429,985740,1489616561
8018712071412945192,985740,1489616531
2283918064207586798,985108,1489616528
8660367411655511098,985650,1489616541
2073077186427598245,985650,1489616562
8372939417739958912,985650,1489616570
7347806340212864996,985650,1489616555
5978857145153058664,985650,1489616550
4621393968074482801,985650,1489616551
-2799790276268636769,985650,1489616575
2718280670203114149,985650,1489616552
-7146970976489383063,985650,1489616579
-1022970597479354319,985650,1489616570
5934708322381369444,985650,1489616582
-1289317784824313559,985650,1489616528
-818684155675724138,939801,1489616545
-3656271443357832462,985267,1489616551
7946604606553518799,985267,1489616573
-8657840903273634585,985765,1489616527
-5072047362449731030,985018,1489616531
619791568494388409,985849,1489616544
4584272882622850659,985849,1489616539
1567139376337468684,985849,1489616544
-4651324517069143454,985849,1489616527
4303030251168409440,985849,1489616554
2712703643846300110,979895,1489616546
7946604606553518799,985196,1489616580
8660367411655511098,985627,1489616573
7347806340212864996,985627,1489616577
-5698526431851116157,985440,1489616577
-3740615267177725366,985440,1489616531
-8774443393507003448,985440,1489616550
5934708322381369444,985440,1489616574
-7685464574904468081,985440,1489616526
9046307001351162826,985440,1489616578
8713370173319689334,985440,1489616565
5213345073816328633,985440,1489616571
-1549973964218957129,985440,1489616579
8292645523652824229,985440,1489616563
-4836499434228760971,985440,1489616552
-6662020662163192328,985440,1489616546
-1226513910936066822,985440,1489616582
-1564787283690210341,985440,1489616526
7827484708127679827,985440,1489616570
-568299711023325112,985440,1489616572
-3977271401910666940,985440,1489616551
-8091451203543520697,985440,1489616572
7298703298858099920,985440,1489616555
-7000412170610199881,980708,1489616568
-323514545700491931,985480,1489616567
3605694630284484541,985737,1489616542
2359516899052599654,985737,1489616560
5633430602439696068,985737,1489616572
-4429830610402689286,983120,1489616527
-1887513378511563108,985304,1489616573
-4290524075966035962,985512,1489616541
-1386567145653606724,985223,1489616570
3737197667423417001,985713,1489616528
-3784744227837863212,985713,1489616573
3542187835196305571,985592,1489616567
2745272603465198966,985766,1489616579
-1260039879983932881,985766,1489616538
130894004952301439,985766,1489616576
-8657840903273634585,985766,1489616527
-7642661081336651157,985698,1489616566
3678802666631269186,916430,1489616547
-515425930294828509,982199,1489616567
-520098915684906031,981884,1489616555
-2943440326106778645,985313,1489616564
-7444765775488677373,984349,1489616548
1414758306426537033,985796,1489616551
-2954330901750290155,985796,1489616545
487253653997916421,985796,1489616524
7492053478003631811,985796,1489616543
6406214720314062091,985796,1489616582
6579100483731483210,985796,1489616570
2964866337354942464,985796,1489616559
-132844154287556436,985796,1489616569
2155982211002422423,985796,1489616569
147979646275958384,985796,1489616573
-2794863578583492903,977404,1489616579
-5123412713492182434,985361,1489616566
848510441187872607,985822,1489616527
7556301581446489138,985822,1489616574
396186582387909638,985822,1489616557
3058105955941977581,985822,1489616564
2976869290508895559,984054,1489616548
-4405907384431142068,984054,1489616580
8853715530328092631,984054,1489616575
5413724701231040143,985460,1489616561
-2350424221445264074,985460,1489616558
7763947800217182327,985460,1489616568
-520098915684906031,983022,1489616535
8654349924525284723,985638,1489616538
5407900443936634141,985779,1489616583
399044899689300391,985779,1489616570
1222323402375178497,985779,1489616535
-4196474688317989102,985052,1489616565
-1111617253693415166,985277,1489616543
6238360058212471925,985277,1489616564
715724291645086404,985595,1489616580
-2398544920491006094,985595,1489616562
3193719219604635293,985595,1489616543
-3390387360076848397,985377,1489616568
-1769216419170164388,984670,1489616580
7075696849827759063,984670,1489616544
-6651599551658145245,985517,1489616551
2718280670203114149,985517,1489616531
-6311228113109186362,985517,1489616534
281955389892422076,985517,1489616583
-3204999647170374278,884147,1489616558
-8650422151043792148,907074,1489616567
3488564594586622997,981311,1489616540
-7545492248372948499,985605,1489616572
6705772793733623605,426271,1489616544
-4196474688317989102,985054,1489616565
-6351189337489674417,985536,1489616522
4088790450280735198,985536,1489616553
6238360058212471925,985402,1489616556
-2592942055659136476,985795,1489616533
-5020312613332138654,985795,1489616536
-348832808352535385,985795,1489616579
5878702398919509817,985671,1489616561
-1974883876190107124,985811,1489616581
7556301581446489138,985811,1489616574
-8060318581514275303,985811,1489616578
5128461878681987786,985811,1489616558
-7119770635182521164,967342,1489616568
4407061085029687027,985703,1489616563
4018751006841574537,985703,1489616559
-3006543981851708166,985703,1489616546
-7642661081336651157,985703,1489616577
3175716087935011250,985703,1489616545
-8130119578485213922,985703,1489616537
-2948471923964683058,985703,1489616555
4105038661528659928,985703,1489616561
162563465244047507,985615,1489616577
-8308147891377465443,985289,1489616526
-7000412170610199881,980693,1489616572
-7448359965982264463,985080,1489616562
8660367411655511098,985616,1489616573
7634179667498918601,985587,1489616572
6552726139897945466,982680,1489616548
-2459737310877046588,982680,1489616567
1194921145790289936,985207,1489616548
-182276571427580886,985543,1489616575
-7642661081336651157,985543,1489616577
8654349924525284723,985543,1489616536
1986959002289392380,984547,1489616542
-9124835877289255205,984547,1489616549
-2954330901750290155,984547,1489616582
7492053478003631811,984547,1489616556
6579100483731483210,984547,1489616576
1879501815663719994,984547,1489616572
9202158100001449405,984547,1489616569
6144750749704459429,985273,1489616551
-2921523438705809308,985273,1489616528
-7000412170610199881,980702,1489616567
2718280670203114149,985651,1489616565
8660367411655511098,985651,1489616553
7347806340212864996,985651,1489616560
5158111367849602354,985680,1489616542
-7368234841942806033,985680,1489616538
-6662020662163192328,985507,1489616524
8450206091982105448,985507,1489616531
-6908203192500455838,985507,1489616577
6402118060289865820,985507,1489616563
-3086739602054751596,985507,1489616526
-3795462003993250267,985507,1489616578
233523907257116346,985507,1489616574
-2864376515826376499,985507,1489616559
6046174397768764859,985507,1489616557
6619630141116918244,985507,1489616532
4847990391724259821,985507,1489616546
-5377891575014536009,985507,1489616571
3358542454599716054,985507,1489616537
-7888378388161525908,985507,1489616558
-118166593320575887,946620,1489616545
-7602912334238412007,985551,1489616529
-5649046453989495349,985551,1489616527
-370336138701125136,985551,1489616564
-5813593388750664392,985551,1489616539
6282872307060690754,985551,1489616560
-3558192693138903201,985551,1489616551
8911768956711665220,933844,1489616573
6238360058212471925,985297,1489616529
-6560047095655824927,984542,1489616577
-5672964793773196667,186770,1489616550
5152806760745008036,985768,1489616554
-828910908999937173,985768,1489616536
7724318041279557965,985768,1489616530
3691366090896817739,985768,1489616582
-7760242416493482413,103733,1489616569
-873057015860179705,945167,1489616526
4168669331575433031,985782,1489616560
-4780104335823255556,985782,1489616569
8220765825620514094,985782,1489616572
-1562505584388004763,985782,1489616562
-3469176684966043698,985782,1489616581
8937113080182987894,985563,1489616533
9202158100001449405,985563,1489616552
-6728495784354300102,985563,1489616580
1867763637165174485,985563,1489616548
-3656271443357832462,985419,1489616562
2359516899052599654,985755,1489616547
-8291855197663797984,985755,1489616542
5158111367849602354,985561,1489616570
1414758306426537033,979033,1489616554
-1559406595190966129,985430,1489616575
-7299358715834322352,985635,1489616568
5977782400587971958,983427,1489616569
2717042019936183929,983427,1489616527
2717042019936183929,985376,1489616525
6359302360634183031,985376,1489616529
4087017609548585591,985376,1489616570
-178295135889522341,985376,1489616544
7533195894572994380,985376,1489616559
-4287739704492881185,984564,1489616564
2983359128559686325,985807,1489616569
-3368488396074214460,985807,1489616558
940836615156400652,984918,1489616523
-520098915684906031,982258,1489616553
-2861500379719685415,400549,1489616574
-6285233652580719127,985760,1489616568
1108673067185196503,985760,1489616536
-1260039879983932881,985760,1489616577
-2887893290128690886,985760,1489616552
-6158274493007068806,985760,1489616547
6295482844151037967,984889,1489616530
-9111218333084546251,972031,1489616550
-8358593068437763565,985704,1489616565
8018712071412945192,985704,1489616581
-2893043947292143420,985704,1489616571
-1213534688459811874,985704,1489616542
4751338003197900429,985704,1489616561
-6651529887596290003,985074,1489616530
-2004440871405161454,985074,1489616571
-3679471237201083149,985423,1489616573
2948866545164260351,985454,1489616560
7101195079256065608,985715,1489616561
-6941935437974292327,985337,1489616550
5905524040019082305,934107,1489616569
6690795461710857159,975161,1489616552
-2943440326106778645,985317,1489616557
-3679471237201083149,985559,1489616569
8654349924525284723,985559,1489616554
-8447550640559120507,984494,1489616551
465755344965338646,984494,1489616536
8943194723478251282,985130,1489616566
8352316800309103301,985130,1489616554
-7121039736761301139,985130,1489616562
7524740901512999784,985130,1489616559
5394516355636197572,985130,1489616535
645665512038873314,985130,1489616553
-3716678858897700795,985130,1489616535
-5965809526290376983,985130,1489616576
-8547955587974883494,985830,1489616526
-7947794518192399752,985830,1489616553
8837360197528241180,985830,1489616578
-7088107683964077786,985830,1489616559
3317101052811149304,985830,1489616578
1844998373610116775,985830,1489616561
7556301581446489138,985830,1489616524
5297023351238059004,985839,1489616551
8057219120400758743,985839,1489616559
-5158293686781225376,985839,1489616526
1275172282306232408,985839,1489616566
8772975097366491407,985839,1489616575
9145342459575658102,985839,1489616550
-5082728931414179071,985839,1489616534
-1382291349471415261,985839,1489616565
429854912958153212,985839,1489616533
9158322625636167283,985839,1489616530
5469592364178511612,985839,1489616544
-1347267921839181338,985839,1489616581
-2099050341812890392,985839,1489616547
-4263621108875523424,985839,1489616580
492507334405743338,985839,1489616545
4814260170046801882,985839,1489616553
-1968905120462336064,985839,1489616569
2336231241557456475,985839,1489616574
7181312104308762755,985839,1489616580
4266734359582800909,985839,1489616562
-5317947484277117088,985839,1489616566
-6789003570903081712,985839,1489616538
-7698500684636267560,985839,1489616575
-1695233424399683509,985839,1489616532
-7359176940565131699,985839,1489616555
-443292074776238126,985839,1489616570
-889619617603408566,985839,1489616549
3112726721273424122,985839,1489616566
-6597094204451018104,985839,1489616584
-7594808430922189500,985839,1489616576
2052030421296656742,985839,1489616561
8911768956711665220,935392,1489616573
-5827477385381064518,985728,1489616535
4126469758940218003,985728,1489616582
-3819534633600960728,985728,1489616564
6840274356326561820,985728,1489616550
-5141717479162610823,985728,1489616559
5878702398919509817,985718,1489616533
-1753286443574973750,985718,1489616566
-820614773460310040,985718,1489616558
-3368488396074214460,985810,1489616545
-8730087075270887862,985810,1489616548
-7003970889592068217,985810,1489616526
2499024096439517869,985810,1489616554
1290254735656021071,985116,1489616528
465755344965338646,984473,1489616552
-8447550640559120507,984473,1489616551
2712703643846300110,979811,1489616546
5158111367849602354,985610,1489616570
4583551419343522719,980891,1489616528
-7730122267730231598,883047,1489616533
3200685829077056864,401474,1489616577
-7642661081336651157,985690,1489616557
5092891517590073234,925559,1489616560
-9003289173670388657,974441,1489616543
1222323402375178497,985784,1489616529
5407900443936634141,985784,1489616574
2995422070243693509,985784,1489616560
-2231420592671208384,985801,1489616534
6406214720314062091,985801,1489616541
1986959002289392380,985801,1489616569
4905428434089439354,985801,1489616527
-8991835797040992680,983817,1489616571
-8186497008935089546,141318,1489616541
-1319693028696151388,982289,1489616537
-3261915763771801738,959517,1489616575
-8398370305935861643,985165,1489616533
-1402714099546412212,985165,1489616563
-576616391645635391,985786,1489616551
4407061085029687027,985786,1489616553
5407900443936634141,985786,1489616545
1564174361784253095,985786,1489616579
3551064758316281552,985847,1489616540
5162865015056001231,985847,1489616545
2018123208577239179,985847,1489616563
675604937107718717,985847,1489616555
-4780104335823255556,985847,1489616577
-8141657264581500287,985847,1489616549
-5628055635877969720,985847,1489616572
7904645510350529567,985847,1489616535
3678802666631269186,916485,1489616547
-4154690418025806217,985835,1489616532
-919554912379119516,985835,1489616528
6073322818928123825,985835,1489616561
113080291553587192,985835,1489616557
-3849740287151893932,985835,1489616569
8780694993860586928,985835,1489616544
8837360197528241180,985835,1489616546
492507334405743338,985835,1489616575
-2099050341812890392,985835,1489616571
5469592364178511612,985835,1489616578
5157177275372762058,985835,1489616535
2336231241557456475,985835,1489616578
4298225825567993202,985835,1489616582
-4718954643464083260,985835,1489616570
4896898183891383649,985835,1489616573
429854912958153212,985835,1489616561
9145342459575658102,985835,1489616584
-4182732707145609683,985835,1489616534
-6794594445332299588,985835,1489616534
7847603607491595528,985835,1489616537
-7359176940565131699,985835,1489616560
-7080785056144058339,985835,1489616551
130894004952301439,985758,1489616568
5524883069888769768,985758,1489616558
1104683509045982068,420237,1489616579
-7000412170610199881,980704,1489616570
-5444670486606163305,985519,1489616581
-370336138701125136,985519,1489616543
4015022658856666115,985519,1489616560
-9191446205390705794,985519,1489616573
3815450391684211089,985626,1489616545
-4734841138471944970,985626,1489616554
-7135432946458243550,985626,1489616557
4980135358472933779,985769,1489616569
-3469176684966043698,985769,1489616534
-1985663562227890068,985769,1489616556
2693505560581487481,985769,1489616531
58833755311945965,985769,1489616540
-5077171847009094646,985769,1489616575
-5964365250080506149,946107,1489616574
9123432138014876858,985793,1489616548
-8320787172966294846,985793,1489616542
771543844431690444,985793,1489616525
8065195088291240515,985793,1489616555
6417106897803361735,985793,1489616550
478718258333563630,985793,1489616545
-650022391807313824,985793,1489616534
-3439020226399307011,985793,1489616533
7410029199555768133,753301,1489616550
-7119770635182521164,959292,1489616568
3908182496576982883,984964,1489616548
8911768956711665220,936922,1489616555
281955389892422076,985679,1489616545
5878702398919509817,985679,1489616575
120476846304642809,985643,1489616577
-5951991095200764450,985643,1489616569
-3622013921469179164,985643,1489616584
-8995111617546109064,985643,1489616580
-8291855197663797984,985731,1489616542
-6285233652580719127,985731,1489616568
-1260039879983932881,985731,1489616577
-1812321082001494626,985843,1489616527
-1289636314171208633,985843,1489616572
-1008030205282200121,985843,1489616578
7665836301457769405,985843,1489616570
7866229891717201082,985843,1489616541
8084354081440690794,985843,1489616553
9145342459575658102,985843,1489616525
3776146104970385440,985843,1489616573
-443292074776238126,985843,1489616570
4814260170046801882,985843,1489616546
-6597094204451018104,985843,1489616583
-1347267921839181338,985843,1489616571
-6789003570903081712,985843,1489616534
7181312104308762755,985843,1489616575
7379797266990116963,985843,1489616579
-1382291349471415261,985843,1489616544
2052030421296656742,985843,1489616560
-463893622659819850,985843,1489616551
-2099050341812890392,985843,1489616538
-7359176940565131699,985843,1489616553
492507334405743338,985843,1489616537
1275172282306232408,985843,1489616534
-4263621108875523424,985843,1489616571
-7594808430922189500,985843,1489616576
8772975097366491407,985843,1489616548
-4891176550715564492,985843,1489616562
6444405405139710692,985843,1489616544
2336231241557456475,985843,1489616567
-1695233424399683509,985843,1489616529
-5317947484277117088,985843,1489616562
1979128134873748293,985843,1489616581
-5604599793561236694,985843,1489616571
7763947800217182327,985843,1489616549
4266734359582800909,985843,1489616558
-889619617603408566,985843,1489616549
3784447358458538673,985843,1489616527
-1968905120462336064,985843,1489616562
3112726721273424122,985843,1489616566
-7698500684636267560,985843,1489616572
1834685205320108224,985843,1489616571
-2999990682358541565,985843,1489616580
6264149674969549448,985843,1489616575
-8131690562044875589,985843,1489616564
-744445713907374167,985843,1489616555
-8030089292717554854,985843,1489616556
-5001986618717099474,985843,1489616572
6142563445066718224,985843,1489616564
5335542712647706993,985843,1489616576
2486337752658993028,985843,1489616568
-3850732103399508698,985843,1489616542
2861185888420446895,985843,1489616564
-4987641901762412957,985843,1489616551
-3244079736295842408,985843,1489616563
-559103730039952387,985843,1489616568
-4883257718106183259,985843,1489616567
3719282768319583162,985843,1489616579
8627546187062365730,985843,1489616565
-769900741138957247,985843,1489616557
7573441577249323409,985843,1489616570
-6409182779363264089,985843,1489616576
280083065054175874,985843,1489616530
13553553292538915,985843,1489616564
-4544698625839228492,985843,1489616574
4964098074146107163,985843,1489616558
2644075444478348338,985843,1489616542
2712703643846300110,979938,1489616536
-7000095806510807304,984471,1489616556
-5649046453989495349,985493,1489616580
-7602912334238412007,985493,1489616580
-370336138701125136,985493,1489616573
6238360058212471925,985397,1489616564
9034434385511440195,985735,1489616571
-373183870051278853,985735,1489616550
-7365873870868826864,985735,1489616525
2544339340989109221,985735,1489616575
2119070235311941008,985735,1489616567
6509089262321880427,985735,1489616533
5844075168288988564,985735,1489616577
-7000412170610199881,980680,1489616534
7084836333249346093,984681,1489616568
8613928781201865119,985804,1489616565
1986959002289392380,985804,1489616569
7512337105990157692,985804,1489616575
-9124835877289255205,985804,1489616581
7492053478003631811,985804,1489616568
-520098915684906031,982293,1489616550
281955389892422076,985668,1489616573
8842362126467993622,985668,1489616541
-6941935437974292327,985338,1489616549
-7353999575663704597,985537,1489616580
-4737688295323334152,985537,1489616578
-5495071556202117093,985537,1489616549
-204344503539073793,985537,1489616565
8388288287634761400,985537,1489616558
-889309599528203423,985537,1489616578
6187613149342656654,985537,1489616554
-7986818297847910340,985537,1489616556
-5891055074552490332,985537,1489616530
-4047135489391794019,985537,1489616560
-8020374697391215876,984481,1489616542
7101195079256065608,985724,1489616558
-1895907190138592233,985724,1489616572
2018123208577239179,985724,1489616527
-7888890352078258354,346042,1489616533
-4516985976463870266,984970,1489616580
1879501815663719994,984367,1489616553
-5788777422739438638,985199,1489616553
-8358593068437763565,985657,1489616570
8018712071412945192,985657,1489616582
-6500954154355164815,985106,1489616556
2948866545164260351,984994,1489616541
6053033555498361290,985661,1489616576
85892954789276933,985826,1489616558
-5281577003630332820,985522,1489616532
-4487006779989709299,912289,1489616570
-4586569650826955001,985516,1489616545
1251075445175528687,985516,1489616550
8388288287634761400,985516,1489616567
9111744225710869140,985516,1489616555
-5495071556202117093,985516,1489616548
8209123002419525726,936838,1489616546
-7937157334205623574,936838,1489616524
-6552794610679092769,985594,1489616561
-6253415850298443883,985594,1489616543
3542187835196305571,985594,1489616567
3655432095385469873,985319,1489616554
1200104561290094140,985424,1489616546
162563465244047507,985624,1489616573
-6215077421514465615,984538,1489616533
-644814100587684495,976965,1489616531
-820614773460310040,985726,1489616557
913543683275705297,985726,1489616534
-2592942055659136476,985778,1489616563
3908155138671448015,985778,1489616532
-3977271401910666940,983613,1489616527
-3740615267177725366,983613,1489616543
-370336138701125136,985553,1489616547
4896898183891383649,985838,1489616573
-4182732707145609683,985838,1489616534
-6794594445332299588,985838,1489616534
9043423854175806734,985838,1489616580
-3849740287151893932,985838,1489616537
9145342459575658102,985838,1489616584
5469592364178511612,985838,1489616572
-6789003570903081712,985838,1489616567
429854912958153212,985838,1489616561
4996601543731364370,985838,1489616550
492507334405743338,985838,1489616557
-2099050341812890392,985838,1489616559
-5317947484277117088,985838,1489616572
5157177275372762058,985838,1489616530
-7359176940565131699,985838,1489616560
2336231241557456475,985838,1489616578
-5158293686781225376,985838,1489616526
2381918289929608223,985838,1489616536
4266734359582800909,985838,1489616562
-1382291349471415261,985838,1489616565
-1968905120462336064,985838,1489616569
1275172282306232408,985838,1489616566
-1347267921839181338,985838,1489616581
8772975097366491407,985838,1489616575
8057219120400758743,985838,1489616560
-8072341604151498796,985652,1489616577
3317101052811149304,985829,1489616573
-7947794518192399752,985829,1489616531
-7088107683964077786,985829,1489616553
1844998373610116775,985829,1489616558
8837360197528241180,985829,1489616569
3363107882478641820,985829,1489616553
-2099050341812890392,985829,1489616584
4077466077086044937,985829,1489616581
1529460527112282785,985829,1489616578
-1398431910901889516,985829,1489616529
-3719742514637900632,985829,1489616571
8092633691571981511,985745,1489616548
-3068891014496934904,985745,1489616553
-909540935174884777,985745,1489616548
7802767442228812440,985745,1489616582
-752071339210300358,985745,1489616535
-8894249067917964057,985745,1489616578
3585888300413064027,985745,1489616539
-2209074430592375780,985745,1489616563
9164192508235545949,985745,1489616534
-8246091868472751318,979708,1489616570
-6253415850298443883,985586,1489616579
-8749316251242386501,400415,1489616526
-9003894108148942069,976546,1489616538
-5123412713492182434,985364,1489616566
-7445393632618800280,985260,1489616570
-2780582132366325073,985260,1489616528
-7000412170610199881,980698,1489616562
6053033555498361290,985663,1489616553
-3784744227837863212,985663,1489616579
-6253415850298443883,985593,1489616584
4883708897084725477,985593,1489616550
-2398544920491006094,985593,1489616562
-8730087075270887862,985814,1489616536
2477803342116665904,985814,1489616574
-2470728067656264234,985814,1489616564
-2341035044588532737,958040,1489616580
-7142339493158269946,985296,1489616545
-4586569650826955001,985296,1489616545
1251075445175528687,985296,1489616550
4822481895481847269,985296,1489616584
-1309789236078342078,985296,1489616571
-2171181057203320672,985620,1489616572
695050050032530642,985620,1489616553
-2175652463210997282,985564,1489616574
2602706493630266716,985842,1489616568
-7594808430922189500,985842,1489616536
5710268063392222002,985842,1489616583
9017384988246084459,985842,1489616560
5335747324191113330,985842,1489616540
4724316139521873151,985842,1489616565
4584272882622850659,985842,1489616556
-8110339521509860451,985842,1489616540
8452055813415284126,985842,1489616560
5416287471317648028,985842,1489616564
-6036084287012973378,985842,1489616538
-4913307268014465455,985842,1489616576
-6508121123366497649,985842,1489616555
3062113256956193248,985842,1489616555
-6198727805067077326,985842,1489616573
-396713014436462201,985842,1489616549
779158611621397159,985842,1489616540
-8777539239077567301,985842,1489616567
-8078678710610820093,985842,1489616570
7724318041279557965,985761,1489616560
3626726828755861755,985761,1489616541
9143687209116086536,985761,1489616551
-4056799362118962172,985761,1489616547
-828910908999937173,985761,1489616585
399044899689300391,985761,1489616570
-7000412170610199881,980694,1489616584
1194921145790289936,985208,1489616533
-2175652463210997282,985566,1489616573
7355407606004493694,984780,1489616535
-4517128351677975239,985478,1489616531
-3469176684966043698,985790,1489616570
8220765825620514094,985790,1489616550
-8850161499129765442,985790,1489616536
4980135358472933779,985790,1489616569
58833755311945965,985790,1489616540
-1985663562227890068,985790,1489616556
4943234674131280159,985283,1489616575
-5522173253526408658,985283,1489616566
-5824194589919027902,908472,1489616535
-6552794610679092769,985608,1489616575
-6253415850298443883,985608,1489616549
-3068891014496934904,985597,1489616553
5407900443936634141,985788,1489616566
-1834066247886108712,984450,1489616584
-3702787817216435826,984450,1489616577
-2990046977631650556,984450,1489616570
8259050305943120272,984450,1489616555
5137961397854551575,952383,1489616523
-6961938906537934114,420388,1489616552
7355407606004493694,984784,1489616535
-5633676847410511077,984784,1489616544
-5988882959901753158,984784,1489616562
4750003678092913912,985578,1489616576
-7286948635571264708,985578,1489616526
-6253415850298443883,985578,1489616584
-5583933736949095512,985689,1489616573
6630753604168056026,985184,1489616532
-2279753018707903683,985184,1489616528
-5143672684236692913,985184,1489616544
-175949040056695733,985184,1489616584
6128679500546883780,985184,1489616554
-7766131306627623772,985184,1489616557
-5512791914887231837,985387,1489616564
-8246091868472751318,625273,1489616535
2997207004020312310,984705,1489616582
4160547676599494256,984705,1489616577
8770614069038397829,984705,1489616580
-3270802502691825188,984705,1489616531
-53252012610870106,985739,1489616559
1222323402375178497,985739,1489616565
5407900443936634141,985739,1489616583
4160547676599494256,984685,1489616577
4105038661528659928,985672,1489616544
-1404609594218373034,985672,1489616543
6263347282656757592,985672,1489616543
-3317182615814115707,985672,1489616585
8654349924525284723,985672,1489616526
-9036761180040554856,985672,1489616554
7976070654145559765,985672,1489616564
2718280670203114149,985641,1489616532
1194921145790289936,985202,1489616549
6694343121629209249,151083,1489616542
1290254735656021071,984935,1489616547
3822923776731683468,985000,1489616567
7347806340212864996,985636,1489616577
8660367411655511098,985636,1489616561
4943234674131280159,985285,1489616575
856672328075306257,985612,1489616543
162563465244047507,985612,1489616552
1846501930556168069,985612,1489616538
3551064758316281552,985612,1489616544
7065077727293019886,985254,1489616540
5437549588599451739,985254,1489616560
4176175676226575475,985254,1489616551
-680663773584988026,985619,1489616556
-6607706001490160731,985619,1489616581
6318883217852640673,985818,1489616540
-2470728067656264234,985818,1489616533
170233095454786430,985818,1489616573
-1974883876190107124,985818,1489616581
-6014396514692177230,985818,1489616535
-5964365250080506149,979541,1489616561
6053033555498361290,985653,1489616576
2829228618627310271,985841,1489616553
4584272882622850659,985841,1489616550
1567139376337468684,985841,1489616550
8942969764952206233,985841,1489616530
1056489025583057865,985211,1489616582
-1344667464700557896,985211,1489616574
7320676760152632035,985211,1489616550
-3014775026025397815,985764,1489616580
5610791060046129593,985764,1489616564
7937535344839677295,985764,1489616585
3691366090896817739,985764,1489616582
124201169709423680,985764,1489616555
1962126498287841423,985764,1489616575
5728582772340085740,985764,1489616534
-1182897649532647579,985764,1489616548
-3372142774037217745,985764,1489616580
-504682930153863674,985764,1489616546
8155747539596156794,985764,1489616534
5999978518804898312,985081,1489616563
-8246091868472751318,175426,1489616543
7084836333249346093,984909,1489616568
-1545500558839692168,984909,1489616557
5775724829998766141,984909,1489616554
2754779125894584314,984909,1489616550
-4034058447027648222,985759,1489616533
-1260039879983932881,985759,1489616572
-34941297451220414,985759,1489616583
2013465086187151720,985759,1489616555
2745272603465198966,985759,1489616579
3450914586011802460,985759,1489616571
-5964365250080506149,971916,1489616567
-7000412170610199881,980703,1489616542
-4749140373661670500,985222,1489616538
1880371098534648827,984462,1489616555
3914604638557416629,985257,1489616558
7535932132268169526,338827,1489616561
1323431563063106045,959327,1489616572
-615476452982324326,979763,1489616523
-4990220201525292000,985414,1489616531
197101021878416451,985823,1489616550
-1541662294856927851,985823,1489616546
6641466210456461759,985290,1489616527
8618473126604360829,985290,1489616580
-2951407910214808343,985290,1489616571
3815450391684211089,985732,1489616537
6490684274799316697,985732,1489616580
-6607706001490160731,985732,1489616573
1368311541324294404,985732,1489616568
4726210133770446559,985732,1489616557
-4660269641626046967,985732,1489616566
9044566644912517166,985732,1489616532
2983359128559686325,985808,1489616534
-3368488396074214460,985808,1489616553
-5638194637090500385,985008,1489616545
-6500954154355164815,985008,1489616556
-7445393632618800280,985229,1489616570
2817524537090013594,985229,1489616581
5223865169681939351,985229,1489616539
-6651529887596290003,985229,1489616546
5213345073816328633,985229,1489616574
1817705587087534808,985229,1489616578
6168423663118877753,985229,1489616551
-4440402600895084902,985229,1489616553
-3897440294543386832,985229,1489616552
-7444765775488677373,984355,1489616544
7160887734328845857,983535,1489616571
9129165431857326635,967635,1489616533
8660367411655511098,985611,1489616551
2718280670203114149,985611,1489616561
7347806340212864996,985611,1489616559
8372939417739958912,985611,1489616572
-1880536186858888054,985611,1489616531
-2799790276268636769,985611,1489616575
-3875112343984612370,985805,1489616585
147979646275958384,985805,1489616573
-3368488396074214460,985805,1489616570
6579100483731483210,985805,1489616562
1199353888527514788,985805,1489616549
2431822638904362979,985805,1489616535
7297152717282327930,985805,1489616567
3655432095385469873,985330,1489616554
-3261915763771801738,985087,1489616574
-7440747369607163123,985794,1489616561
-6193434339687794896,985794,1489616546
-5077171847009094646,985794,1489616572
8934396462457708721,985794,1489616564
645230503460460980,985794,1489616530
4298225825567993202,985794,1489616563
-7477558550024292664,985794,1489616539
58833755311945965,985794,1489616535
-9046751140946152990,985794,1489616529
-1985663562227890068,985794,1489616542
-8738541680407058574,985794,1489616567
-5382016508194232080,985794,1489616565
5036119013869806584,985794,1489616578
-4463312446648581972,985794,1489616579
6952746761966432583,985794,1489616582
8450206091982105448,985794,1489616573
-5046578861312807342,105046,1489616567
3914604638557416629,985244,1489616558
63194133593546521,985775,1489616549
7074309392341360604,985775,1489616565
3626726828755861755,985775,1489616574
8465660972029397154,985775,1489616554
5524883069888769768,985775,1489616539
7724318041279557965,985775,1489616567
63194133593546521,985773,1489616575
5524883069888769768,985773,1489616550
3626726828755861755,985773,1489616584
8917888474980960788,985773,1489616532
7724318041279557965,985773,1489616572
-7444765775488677373,984354,1489616532
-576616391645635391,985675,1489616562
5407900443936634141,985675,1489616555
-180810876804388675,942969,1489616533
3737197667423417001,985700,1489616558
8911768956711665220,937513,1489616550
1115493675716942047,985167,1489616539
-7456519566333644675,985167,1489616582
-1182897649532647579,985763,1489616548
7893073186588112492,985763,1489616548
-53252012610870106,985763,1489616569
1222323402375178497,985763,1489616565
100328903861807219,422288,1489616575
-4461632804094242884,972069,1489616536
7101195079256065608,985707,1489616575
-7506782622576027071,985426,1489616528
9222645273858553046,985426,1489616567
-7142339493158269946,983250,1489616546
779158611621397159,985844,1489616540
-8110339521509860451,985844,1489616536
4584272882622850659,985844,1489616555
3040668784218366050,985844,1489616539
-1985117745767608734,985844,1489616582
6238360058212471925,985350,1489616543
8613928781201865119,985798,1489616540
7512337105990157692,985798,1489616575
-9124835877289255205,985798,1489616580
1986959002289392380,985798,1489616554
7492053478003631811,985798,1489616568
-5140772340124504685,985798,1489616548
-2954330901750290155,985798,1489616583
7981987894966125417,985798,1489616557
2602185107243578306,985798,1489616574
4973917841689809699,985798,1489616580
-3204999647170374278,884006,1489616568
-8246091868472751318,175431,1489616545
9202158100001449405,985242,1489616576
1803336304834520178,984803,1489616534
-370336138701125136,985547,1489616573
-5649046453989495349,985547,1489616580
-1980884610408254454,985716,1489616585
4429365878365740824,985716,1489616558
2460241516411667535,985716,1489616573
-4990220201525292000,985716,1489616562
6046174397768764859,985716,1489616540
-2897936153283376790,985716,1489616585
7634179667498918601,985716,1489616553
-2864376515826376499,985716,1489616559
2962102454874844518,985716,1489616586
4559162035675595893,985716,1489616583
-3310292511925633622,985716,1489616567
9082762673416646824,985716,1489616531
8377381002732472095,985716,1489616532
233523907257116346,985716,1489616574
6402118060289865820,985716,1489616564
3776897697252948951,985716,1489616551
-5891196545238406237,985716,1489616565
-3795462003993250267,985716,1489616578
8259683402002571283,939424,1489616569
-5964365250080506149,967202,1489616574
7148526816882611383,985468,1489616576
-7000412170610199881,980707,1489616559
4583551419343522719,979511,1489616550
4015022658856666115,985487,1489616538
7556031476589649595,985487,1489616547
5633430602439696068,985487,1489616530
1846501930556168069,985629,1489616548
162563465244047507,985629,1489616565
-490308447473666862,985625,1489616540
5158111367849602354,985625,1489616553
-6286637614434288754,985545,1489616580
2204634967629013514,985528,1489616565
297960633863105961,985528,1489616537
-7140347549117564073,985328,1489616545
6107850383379359809,985328,1489616533
9030253261374394823,985328,1489616542
9106268700048615507,985328,1489616528
