8672230862115096799,980331,1489634368
7298097178970365139,985718,1489634375
1051591512514438278,985718,1489634389
-2653343586186130067,985718,1489634385
-3297266855052371637,985818,1489634353
-3886035570164306686,985818,1489634351
-9175794186353849706,985818,1489634388
3382376868891673113,985818,1489634372
2303942372716776762,985818,1489634354
3821868586995296665,985818,1489634359
7126690009354263616,985818,1489634365
-1231050127638637992,985818,1489634345
6663406349710506353,985818,1489634374
-8091892869640814138,985818,1489634348
3105071561095146133,985818,1489634396
9215390962493584838,985818,1489634391
-1303754787160411477,985818,1489634350
-2385440920104959211,985818,1489634371
6300292317535533529,985818,1489634364
4506644988421448737,985818,1489634354
4916065569300972103,985818,1489634389
-6057738327908264798,985818,1489634355
7965107761829210158,985818,1489634349
-2766525944363228433,985818,1489634391
-1773070196258547222,985818,1489634346
4961399010143418172,985818,1489634379
-7311495640824635436,985818,1489634395
-1706359635789837411,985818,1489634372
7617154621887160734,985818,1489634382
1703242635610338049,985818,1489634399
2238503467150553159,985818,1489634343
-5328236758881304851,985818,1489634356
704447705427944265,985818,1489634388
-382286158688561847,985818,1489634386
7510828489049918404,985818,1489634387
1691888315131023128,985818,1489634387
1378178962684839067,985818,1489634383
-8662715396192523067,985818,1489634381
3230222525487804558,985818,1489634368
-6477903239842330989,985818,1489634398
8882329758761843308,985818,1489634379
-8710831590569961946,985818,1489634391
8811820513785626375,985818,1489634395
-6885384946354598326,985818,1489634390
-8780117421501689505,985818,1489634400
1801358148966496722,985818,1489634376
6819671151678092236,985818,1489634357
-4316944842415576965,985818,1489634393
-461636008929718345,985818,1489634394
8458786045205537140,985818,1489634359
1344269504486908195,985818,1489634386
2366162723748943936,985818,1489634391
366169599168366865,985816,1489634394
3674562040994369454,985816,1489634398
-4724767179871848303,985816,1489634389
-1773070196258547222,985816,1489634384
-8091892869640814138,985816,1489634383
6300292317535533529,985816,1489634374
7617154621887160734,985816,1489634382
7126690009354263616,985816,1489634365
-1706359635789837411,985816,1489634372
4506644988421448737,985816,1489634354
-2385440920104959211,985816,1489634371
-7311495640824635436,985816,1489634396
-3886035570164306686,985816,1489634351
3382376868891673113,985816,1489634372
-60451221400692626,985571,1489634374
8619118631595610392,985571,1489634376
6667903802522235462,985571,1489634385
520660867780258292,985571,1489634393
-5849883957923398930,985215,1489634349
1219825040772651557,985215,1489634342
7115169464354210012,985215,1489634373
-7893573037929406467,985579,1489634386
1504663160857359680,985579,1489634348
-1507733247340821181,985579,1489634355
3327139908129897158,985579,1489634390
-5039293386245027916,985579,1489634354
-1751777092676747838,985579,1489634358
-4632040646300667648,985579,1489634387
9054759231290858507,983360,1489634396
9036620967085055766,985582,1489634345
3276354779084914244,985582,1489634390
-8362999329451898134,985570,1489634389
-4750575148851306790,985570,1489634391
-2236554823547334122,985570,1489634380
-3926593176490317931,985331,1489634389
-2162461065012933326,974029,1489634349
-829281603330240277,985338,1489634377
8454319598087535304,985338,1489634345
375737506422041498,943665,1489634401
-8237088166748301355,985864,1489634398
8984493028634962463,985864,1489634357
5147507044676619893,985864,1489634386
2675918550809231051,985864,1489634359
-3326204794163032933,985864,1489634393
-7151216395336998949,985864,1489634347
3048862849990034969,985864,1489634393
9193557362150648188,985774,1489634362
7077613025927206478,985774,1489634346
-1809694001001277979,972937,1489634384
-538026457803324561,967342,1489634349
6667903802522235462,985642,1489634378
-7445388162625524371,985642,1489634383
-60451221400692626,985642,1489634346
-1972146147128262892,985642,1489634361
-1344366483244027263,985642,1489634400
2675918550809231051,985642,1489634394
5890638419297974436,985642,1489634344
-8062566535570361537,985642,1489634381
4693519932000847274,985642,1489634388
-7955795431048799174,985642,1489634342
-3702365831602276494,985642,1489634385
-7129806223400973887,985642,1489634343
-8295788755613238663,954959,1489634398
3203846976344105474,984950,1489634371
8218334802917651473,985690,1489634391
724967209096641923,985805,1489634348
3541080057548748617,985805,1489634347
1545684290845789460,985805,1489634396
275891891112811272,985805,1489634390
-4592120952616105548,985805,1489634386
4710240354592388431,985805,1489634384
6539784165925718978,985805,1489634382
8816359385034496206,985829,1489634358
1025072540785904197,985829,1489634381
2715727478891330756,985829,1489634360
7888453488732838947,985829,1489634369
-8780117421501689505,985829,1489634374
-3114370586640212310,985829,1489634382
-8069938045789613329,985829,1489634367
-140532217607932109,985829,1489634377
-9087889796801100710,985829,1489634389
9061831773858774961,985854,1489634352
6534441696138030336,985854,1489634371
-2847472499908145261,985854,1489634377
-4033395894211583541,985521,1489634376
-5811406498609248455,985512,1489634379
5922636633017720973,155615,1489634350
4953499764814499957,985874,1489634380
904666450820986347,985874,1489634401
-988881512333873140,985874,1489634378
1620623588055581965,985874,1489634391
-4532463104767836502,985874,1489634400
4348953181055250688,985874,1489634400
-6093690240815906296,985874,1489634400
3256912231208517019,907977,1489634401
-60451221400692626,985862,1489634364
6125877249400253368,985862,1489634386
6667903802522235462,985862,1489634381
-1344366483244027263,985862,1489634400
2675918550809231051,985862,1489634394
1724776146869222578,985862,1489634367
-4575923147862587665,985128,1489634352
-4345811012756451558,985758,1489634372
-6126012191242249125,985648,1489634401
3085425218238931864,985182,1489634381
-1302782003948788405,985182,1489634388
-4488602321127771463,985640,1489634380
7391546218309389874,985130,1489634349
6693456956026790036,985130,1489634401
-5312101986345752622,985130,1489634386
5758649197562206642,985130,1489634396
2458682580217511707,957747,1489634384
8856264749010504392,985759,1489634358
-6050452774536146168,985759,1489634393
5881776905078410729,985759,1489634400
-7513546380188105428,985759,1489634348
-6539397255839550167,985759,1489634344
-6182266048090111052,985759,1489634401
-1991260305746246282,985759,1489634362
-3515806786296457404,985759,1489634392
3950918510345062115,985759,1489634377
2326561640049173319,985759,1489634394
-8477101881779397032,985759,1489634389
4994973267057743940,985795,1489634357
-5909219705733977412,985625,1489634349
3502251349347331764,985842,1489634352
4251870147674184217,985842,1489634347
-8158551267235189776,985842,1489634346
-6216212179318346234,985842,1489634360
8879535047994648274,985842,1489634352
-896321459501042203,985842,1489634377
-2579883748281184217,985842,1489634358
8360357969540382960,985842,1489634353
-1841248967845724257,985842,1489634343
3430207220932572995,972031,1489634390
-2895294794764472909,972031,1489634363
-8506850638982206371,984735,1489634344
584126859698431509,984735,1489634370
7606895498306149891,984735,1489634382
2298475790506234215,984735,1489634400
-3520369293185865606,984893,1489634364
8672230862115096799,979091,1489634374
-1179952702475617710,985138,1489634357
-3297266855052371637,985620,1489634353
-5525132017206654750,985620,1489634399
4933320798366766857,985620,1489634386
-6883299811120926883,985620,1489634389
-3569563060526812799,985457,1489634381
-8934034691218364137,985457,1489634372
-5433535535876518302,985531,1489634351
8920027248962127910,982967,1489634366
9169562561007918674,985875,1489634375
-5890752724671354103,985444,1489634388
1373694712151880574,985565,1489634370
-8671887324389751596,985565,1489634385
1942980116079979100,985632,1489634362
-4850117666373611130,981741,1489634364
4933320798366766857,985615,1489634375
-538026457803324561,959292,1489634349
4376208334110008032,985585,1489634349
-6844615246125774128,985585,1489634380
1320912457379099264,985585,1489634387
7727559050564630363,985585,1489634375
395304315023021266,985585,1489634350
1317204250609098391,985585,1489634359
5767074075522157254,985585,1489634393
-919458559981248075,985585,1489634348
948711302048782220,984676,1489634396
-2725616984816443408,984676,1489634371
-9082177625680687140,984676,1489634345
-3579509438464554211,979988,1489634358
-4382150829633000832,946107,1489634398
3276398061755234716,985653,1489634359
-4921105594833823585,985822,1489634387
7926959280727664071,985822,1489634352
-4622126247729300249,985822,1489634398
6180819386152993209,985822,1489634371
-8780117421501689505,985822,1489634390
-4011674275100624206,985822,1489634391
-2213430284796738947,931262,1489634365
-7764437767424156840,985471,1489634393
-8013545402376065731,985370,1489634388
8052968044829865580,981765,1489634366
-959781700741192320,984274,1489634342
5931240201027108561,984913,1489634380
-750092852652316767,985423,1489634393
5514114433247789468,985423,1489634365
6991235346515613041,985800,1489634401
2699372015936502676,985798,1489634394
1721865779030834119,985798,1489634396
8047888276233461757,985798,1489634353
-4843896222436431950,985798,1489634346
4609516599004252861,985798,1489634375
1500626445766817612,985798,1489634378
9051360669018247657,985798,1489634381
1161257404855824654,985798,1489634370
2157625192686287667,985203,1489634396
3819461043919299772,984738,1489634400
3430089531413741531,984738,1489634383
8047888276233461757,985804,1489634401
1721865779030834119,985804,1489634396
4710240354592388431,975858,1489634361
-4592120952616105548,975858,1489634386
-5918320285864770647,975858,1489634377
7813323359321541794,975858,1489634394
6206697987739339520,975858,1489634383
2354138675466654211,939411,1489634398
332981247980896272,985253,1489634383
-7893573037929406467,985593,1489634352
407973989135221851,953122,1489634401
71362671038880325,985839,1489634352
6046570653706220503,985839,1489634376
352477959641455909,985839,1489634365
4346560092771213621,985839,1489634357
-3283437081746113417,985839,1489634393
-7524125325555625887,985839,1489634349
-2836720246608365269,985839,1489634398
-3249713927423015951,985839,1489634358
-2117441780228946567,985839,1489634379
1966121667297164129,985839,1489634348
3502251349347331764,985839,1489634362
-1107437949193183975,985839,1489634401
599693701259704672,985839,1489634398
2796773072678335082,985839,1489634396
-1098066801724820976,985839,1489634400
-3153133691230832796,985839,1489634387
-3524736598404390821,985839,1489634399
-8158551267235189776,985839,1489634397
8879535047994648274,985839,1489634394
6590457007769346690,924934,1489634358
-8723087364970669556,985109,1489634385
4390993226624828880,985775,1489634360
7077613025927206478,985775,1489634387
-4345811012756451558,985775,1489634343
-2785265759967276488,985775,1489634361
9193557362150648188,985775,1489634372
7592950065457067800,985788,1489634342
8662627643294788178,985697,1489634401
-7596199882032034406,985697,1489634398
-929868210283565068,985697,1489634396
8857693993047138041,980120,1489634365
7486457728276851424,914737,1489634399
4828917988239297581,985689,1489634386
-958899020392843208,985689,1489634368
-327481338219945566,985861,1489634358
1418765454113535059,985861,1489634401
6667903802522235462,985861,1489634385
-60451221400692626,985861,1489634368
-4114930052455366349,985861,1489634381
-4623082086950548076,985732,1489634379
-9027112827994010708,985732,1489634392
7694807349498346202,985732,1489634394
-8369058969410120983,985732,1489634395
-3249247054616919886,985732,1489634355
-2529607655082990735,985732,1489634398
-3386987797507853814,985732,1489634366
6066324423129909252,985732,1489634349
7128927598474326502,985732,1489634363
7495942503489058658,342427,1489634400
7115169464354210012,985255,1489634387
-8736315806272050141,984652,1489634342
5822542243757883137,985619,1489634384
3065241034834951011,985619,1489634367
-7117235014994232989,985619,1489634385
3157964036205881013,985619,1489634357
1170953199553939886,985619,1489634373
6294970600191270932,985619,1489634390
-2953850837933714618,985222,1489634371
-5616186893790545001,985120,1489634398
25956660879227847,985717,1489634383
623146231200136367,985717,1489634388
2143164434251507400,985717,1489634394
6270513431857770991,985717,1489634349
-290686470166001573,985717,1489634360
-5635963711714147960,985717,1489634345
1942980116079979100,985717,1489634362
-575954433435206617,985748,1489634371
4085395016226812495,985748,1489634396
-7034923309230407398,985748,1489634396
6125877249400253368,985748,1489634357
614467329450359180,985748,1489634374
-4859104285996465005,985748,1489634394
-8062566535570361537,985748,1489634352
-5053909333013824781,985748,1489634376
7655980328661095983,985748,1489634358
4751033012201737124,985748,1489634360
520660867780258292,985748,1489634362
1443974643251024827,985748,1489634347
-2847472499908145261,985748,1489634351
2158739117602693898,985748,1489634378
7457710548992468594,985748,1489634363
3713075113650872336,985748,1489634363
-7955795431048799174,985748,1489634390
-3517319102170311905,985748,1489634345
6604558337682134549,985748,1489634388
6632308572315959152,985748,1489634367
-8901679219373048296,985748,1489634373
-1179952702475617710,985522,1489634361
-3169605480128252241,985522,1489634371
8454319598087535304,985336,1489634344
-988881512333873140,985871,1489634396
1620623588055581965,985871,1489634398
904666450820986347,985871,1489634401
-3579509438464554211,978438,1489634392
8672230862115096799,978305,1489634354
3889286347415612970,985483,1489634400
2491881420078051599,985869,1489634359
-988881512333873140,985869,1489634396
1620623588055581965,985869,1489634398
-5595196142479017576,985621,1489634399
-3736924529113525338,985621,1489634359
-715688836463955712,985621,1489634343
4933320798366766857,985624,1489634363
869640056576319169,985163,1489634358
-4698987011142374155,985613,1489634373
48958660118847339,985414,1489634362
-5890752724671354103,985473,1489634375
3889286347415612970,985473,1489634373
-6956566470517010885,985305,1489634395
3882321658607902238,985681,1489634384
-3427861510238601444,985817,1489634392
3881889387675533313,985817,1489634374
8310015620367406712,985888,1489634353
-1936580037838923670,985888,1489634345
-5024653366555014907,985888,1489634362
8416515743134373324,985888,1489634367
-2392873387541045391,985888,1489634391
-781410829118047226,985888,1489634401
-7509376830845416487,985888,1489634384
-9154666744129677548,985888,1489634364
-276572045879195329,985435,1489634358
-5811406498609248455,985499,1489634365
5767074075522157254,985487,1489634380
1721865779030834119,984547,1489634343
7323259703593490692,984547,1489634383
-4011674275100624206,985825,1489634379
6180819386152993209,985825,1489634350
-4622126247729300249,985825,1489634375
-8780117421501689505,985825,1489634379
-3427861510238601444,985825,1489634372
8816359385034496206,985825,1489634374
7813185174706225285,985825,1489634387
-5046767126854057887,342279,1489634392
2402584296267429973,985169,1489634369
6462186825997377085,468342,1489634354
3231827840745029168,985847,1489634391
1220756367863092565,985847,1489634346
-8907724654953793239,985847,1489634344
4406810908971201174,985847,1489634360
-3579509438464554211,976957,1489634397
6564228998628843600,984434,1489634400
-1773070196258547222,985814,1489634400
-8091892869640814138,985814,1489634396
366169599168366865,985814,1489634394
-4724767179871848303,985814,1489634389
3674562040994369454,985814,1489634398
1110639346445145335,904576,1489634354
8241824004092862883,904576,1489634376
-4850117666373611130,981702,1489634370
3882321658607902238,985683,1489634384
4348953181055250688,985886,1489634397
-6050452774536146168,985886,1489634398
-2852666064152314784,985886,1489634364
1620623588055581965,985886,1489634379
1312729570081500644,985886,1489634390
-1442531477717596335,985886,1489634356
8416515743134373324,985886,1489634387
8310015620367406712,985886,1489634364
-1936580037838923670,985886,1489634353
-5024653366555014907,985886,1489634362
186620814248265485,985886,1489634376
374535214024698297,985886,1489634402
-3578322271511702680,985886,1489634370
701519272575509830,985886,1489634402
2049841474347941756,985430,1489634390
1749458264194541792,949611,1489634369
-3926593176490317931,985402,1489634345
-4552928337960181529,985260,1489634376
-3525474089261462306,985771,1489634385
9192301081852912969,985771,1489634379
-3877594052475598297,985771,1489634350
7508047186346449425,985771,1489634392
3099080403948028182,985771,1489634357
5078076188869155083,985771,1489634375
2746406494256341882,985771,1489634395
6810519429473225035,985771,1489634361
-149264820235685961,985771,1489634364
-8841609656068241011,985771,1489634383
-3876137908769168496,985771,1489634362
-2079563390752779905,985771,1489634357
2710530259525128881,985771,1489634385
4360861926425518390,985781,1489634367
5380195174974504766,985781,1489634397
-3855282767531014374,985781,1489634382
-1350003442525876646,985781,1489634361
-363586321496767061,985781,1489634390
5078076188869155083,985781,1489634354
-8905491627101308528,985781,1489634401
7991388734716582500,985781,1489634369
1317791263539669756,985781,1489634362
-3327001098869736358,985781,1489634345
1687101033457711682,985781,1489634374
1461112261757004115,985693,1489634348
6528678882769901178,985356,1489634357
-2457905661142401847,985643,1489634359
-7774490820158090269,985643,1489634375
1149859130631311707,985643,1489634384
-8070130684967125006,985643,1489634362
-3637166265037799901,985643,1489634351
6268206048511363446,985643,1489634386
-4768439977413236044,985643,1489634368
4351178454607213407,985643,1489634372
8080728568877483624,985660,1489634361
-5811406498609248455,985498,1489634399
-1826262679255559476,966621,1489634368
-5214615336305774406,985081,1489634356
-7534119947606314305,985029,1489634348
-7135610021159524180,983962,1489634346
-4976386615068397276,983962,1489634389
5909713670915723219,985737,1489634359
6210662364487120994,958797,1489634366
-8905491627101308528,985790,1489634395
5380195174974504766,985790,1489634343
-363586321496767061,985790,1489634346
7991388734716582500,985790,1489634365
-7430674799389710549,985790,1489634375
-6124597860556256448,985790,1489634349
-4687282882065320229,984450,1489634351
4169045570818709837,985572,1489634401
-3286678915579929561,985880,1489634385
-6093690240815906296,985880,1489634343
-774261890641944913,952787,1489634399
-2213430284796738947,930603,1489634365
-3579509438464554211,977449,1489634395
1170222618118129656,981406,1489634388
8218334802917651473,985696,1489634389
7298097178970365139,985696,1489634402
2525598545687823778,985696,1489634394
-1775774078828430436,985815,1489634388
2699372015936502676,985815,1489634355
1421091499577626861,985815,1489634390
-4011674275100624206,985815,1489634347
-4325471191806647832,985815,1489634389
7813185174706225285,985815,1489634387
8816359385034496206,985815,1489634374
-4622126247729300249,985815,1489634352
-8069938045789613329,985815,1489634370
-8780117421501689505,985815,1489634377
8321439992888739760,985815,1489634362
2910660764364547700,985815,1489634345
7888453488732838947,985815,1489634398
8527877500089206711,985707,1489634398
8218334802917651473,985707,1489634347
-5610965554012621233,985707,1489634397
2325489031699744429,981709,1489634342
6519201069636178330,984998,1489634377
-3579509438464554211,979806,1489634353
6210662364487120994,958796,1489634367
-3876137908769168496,985468,1489634387
3982003621233738264,980309,1489634369
-6044575273488490922,980309,1489634369
1340126012200019040,980309,1489634345
-950431484653245665,980309,1489634393
7508047186346449425,985782,1489634361
6223798635070723503,985782,1489634374
2746406494256341882,985782,1489634395
2710530259525128881,985782,1489634385
-8841609656068241011,985782,1489634383
3099080403948028182,985782,1489634346
-149264820235685961,985782,1489634364
6810519429473225035,985782,1489634361
5078076188869155083,985782,1489634373
7991388734716582500,985782,1489634369
-8905491627101308528,985782,1489634401
4360861926425518390,985782,1489634367
5380195174974504766,985782,1489634397
-363586321496767061,985782,1489634390
-8124292383204999514,985782,1489634384
3795153815019455594,985782,1489634397
-3855282767531014374,985782,1489634382
-1350003442525876646,985782,1489634361
-2880375100553905606,985782,1489634366
2829076188929333807,985675,1489634345
5078076188869155083,985675,1489634388
-859777144344207447,982010,1489634366
-6985681486623155651,982010,1489634381
6089511461612059657,982010,1489634366
-3012021264623421511,982010,1489634377
-4560779708432503146,982010,1489634343
-792729880394384647,982010,1489634355
5052431068506031049,985440,1489634352
877417487999091549,985440,1489634398
412242526972572520,985440,1489634350
-7747714959200745216,985440,1489634377
5610895139247867038,985440,1489634366
-7690309605481400917,985440,1489634381
-459865255819650694,985440,1489634372
-7429107028720821775,985440,1489634364
5120831406102513011,985440,1489634368
-3327320989946146113,985440,1489634386
-7936592395870448256,985440,1489634397
-5328991725163968579,985440,1489634401
-1530877803069775175,985440,1489634383
-3535297890522230708,985440,1489634353
-3994296076242142551,985440,1489634384
6316872615387657279,985440,1489634367
-1362531059676792803,985478,1489634362
-683578682932707526,985184,1489634382
-3012021264623421511,985184,1489634374
317214770349053366,985184,1489634397
-7136242839169736384,985184,1489634359
-8284797772728593419,985184,1489634359
2402394367420614405,985184,1489634374
-2318750442763141368,985184,1489634376
-8745249539326932342,985569,1489634343
1545988389016749600,985569,1489634396
-6764235362618039104,985569,1489634379
-2198702090318898817,985569,1489634365
3166993562250592399,985569,1489634389
-329224679610309629,985569,1489634400
180962600042915224,985569,1489634357
1443974643251024827,985569,1489634387
744209838090172285,985569,1489634366
7886938728496524990,985569,1489634391
-6240292618685156924,985569,1489634375
-7291688968686968631,985700,1489634361
7998034647762541950,985328,1489634390
205188665931425244,985328,1489634355
9185654680423356887,985328,1489634378
475440498159487546,985328,1489634363
-829281603330240277,985337,1489634377
6534591647839662663,985376,1489634351
6280207174108791885,985376,1489634345
1572179899775923486,985376,1489634401
6258069857683001505,985376,1489634354
2693823370701257289,985376,1489634354
6628315950634650627,985376,1489634364
4774777905934664343,985376,1489634351
2441117548585646862,985376,1489634362
-5783549812285100292,985376,1489634361
6457057732316286088,985785,1489634375
2470412674471221819,985785,1489634377
7725383626911224256,985785,1489634372
7018865150347015886,985785,1489634392
2423260560679727285,985785,1489634385
8648170556671042894,985785,1489634380
2926282141043277834,985785,1489634345
7611068016931072150,985785,1489634375
-8739497328294989760,985785,1489634366
4197907948010209293,985785,1489634394
-4325471191806647832,985785,1489634390
-1231890414737420280,985785,1489634355
-4843896222436431950,985785,1489634399
-6161657231767000184,985292,1489634384
-2130990704630698055,985503,1489634364
48958660118847339,985439,1489634364
-2506848676124787722,985439,1489634357
8492362485259500462,985439,1489634397
565698492036565085,985439,1489634380
-2967618898233032655,985838,1489634394
-2297001483763870443,985838,1489634388
9044299232927811615,985838,1489634389
-3249713927423015951,985838,1489634371
-2117441780228946567,985838,1489634388
352477959641455909,985838,1489634371
3502251349347331764,985838,1489634367
71362671038880325,985838,1489634352
-3283437081746113417,985838,1489634393
6046570653706220503,985838,1489634376
1966121667297164129,985838,1489634348
-2836720246608365269,985838,1489634398
-1225522666595155167,985519,1489634349
-2032786408827809461,985627,1489634392
6036562304340487629,985627,1489634396
-256432562651092319,985627,1489634361
6792558665936065526,985024,1489634349
2871460561034569794,985208,1489634389
7115169464354210012,985208,1489634393
-5610965554012621233,985715,1489634397
6977672266136150681,985715,1489634398
693759858828704294,985715,1489634352
-5909219705733977412,985630,1489634384
-9006832083261639661,985716,1489634383
1022974705331234449,985716,1489634399
2863256586076425875,985716,1489634356
-2619788831371622489,985716,1489634388
7472657338123003027,985716,1489634342
4878427535197692768,985716,1489634365
1461112261757004115,985716,1489634358
2495981277861225734,985716,1489634360
-5890752724671354103,985492,1489634355
4894229918768340866,985492,1489634389
-7847774894554064194,985551,1489634345
-7994332998906910493,985551,1489634365
-5328991725163968579,985551,1489634368
705907878549532338,985551,1489634376
-4382150829633000832,967202,1489634358
5909713670915723219,985755,1489634359
-7513546380188105428,985755,1489634393
-6539397255839550167,985755,1489634363
9061831773858774961,985851,1489634373
-6242722741156995383,985851,1489634377
2065932204622677239,985740,1489634353
-34886274340462231,985740,1489634353
8352704543340221504,984466,1489634373
735040778068354996,982255,1489634357
5766229506410915698,985540,1489634360
-1123729431494344091,985048,1489634379
-8103217472777901873,985048,1489634396
-9122162038820189923,985048,1489634364
2065932204622677239,985597,1489634351
-34886274340462231,985597,1489634352
3731634915394481857,985597,1489634367
2051494645020933096,985597,1489634400
-2836720246608365269,985843,1489634390
-1098066801724820976,985843,1489634400
836516345706066434,985843,1489634395
-3153133691230832796,985843,1489634387
1966121667297164129,985843,1489634346
6046570653706220503,985843,1489634349
599693701259704672,985843,1489634398
-3283437081746113417,985843,1489634382
-1107437949193183975,985843,1489634401
-3918242517117189998,985843,1489634366
-8158551267235189776,985843,1489634397
7626123075659236945,985843,1489634365
352477959641455909,985843,1489634343
-3249713927423015951,985843,1489634351
2796773072678335082,985843,1489634396
8879535047994648274,985843,1489634393
7636199615792777959,985843,1489634365
-8470531599514348535,985843,1489634395
2885830162837937650,985843,1489634348
-3524736598404390821,985843,1489634398
-5318294418009051602,985843,1489634373
3502251349347331764,985843,1489634358
-2117441780228946567,985843,1489634375
4114217015974321147,985843,1489634345
4251870147674184217,985843,1489634347
-888753109864369915,985843,1489634389
1311599609511933375,985843,1489634356
1677447116747027774,985843,1489634372
-1061907719036194889,985843,1489634382
-8368947956123329466,985843,1489634371
2750545458732924362,985843,1489634396
1633552739123262343,985843,1489634342
1436921586491773683,985843,1489634352
-7995532405619349900,985843,1489634398
-6961171996627550605,985843,1489634377
-4439776126204685605,985843,1489634350
-7221233885453312067,985843,1489634397
-7208103226421363039,985843,1489634356
1467192771346596624,985843,1489634398
-2447068785841310292,984447,1489634344
-538026457803324561,412767,1489634380
-2960373536737321976,985587,1489634354
6426519809829357157,974441,1489634360
2525570925940729901,974441,1489634384
-2217974724331520928,985629,1489634342
4933320798366766857,985629,1489634343
-5811406498609248455,985502,1489634399
-4240667067712303038,985878,1489634371
-8629282096579918653,985878,1489634397
-8237581577770600196,985878,1489634351
8310015620367406712,985878,1489634369
8416515743134373324,985878,1489634400
3995635526383566424,985878,1489634361
3018442738135658156,985878,1489634355
5591183698349583230,985728,1489634349
-2653343586186130067,985728,1489634354
2065932204622677239,985728,1489634393
1051591512514438278,985728,1489634345
3173649266457300727,985728,1489634374
-1494634995217715087,985493,1489634379
-7847774894554064194,985493,1489634347
-7994332998906910493,985493,1489634365
-7135610021159524180,983754,1489634346
1219825040772651557,983270,1489634345
-8237088166748301355,985865,1489634379
-3326204794163032933,985865,1489634393
3048862849990034969,985865,1489634393
5521954362178076655,985865,1489634390
5147507044676619893,985865,1489634371
2675918550809231051,985865,1489634351
1257458408038483677,985865,1489634398
9061831773858774961,985852,1489634360
66651069743361041,985541,1489634389
7115169464354210012,985375,1489634380
-7893573037929406467,984784,1489634397
-5278243445104837198,985672,1489634356
-6948182155611424579,985672,1489634355
-5846691813229139585,985672,1489634366
-2226623453811996887,939424,1489634344
4014441406754786999,985543,1489634348
-6948182155611424579,985543,1489634355
-5890752724671354103,985283,1489634388
1573596531234190131,415933,1489634356
-8934034691218364137,985462,1489634359
475440498159487546,985107,1489634359
4732944481244730996,985107,1489634365
7024159966288157322,985107,1489634388
-8847230297591192947,985107,1489634397
7606895498306149891,985107,1489634369
2298475790506234215,985107,1489634382
8664803651586268605,985107,1489634370
4470517654200948813,985107,1489634389
-8617688635635508323,985107,1489634375
5933193743990644397,985107,1489634378
-2250150506725282913,985107,1489634377
7981510719053585423,985107,1489634361
8332047872525771220,985107,1489634374
-7233637974052909915,985107,1489634367
6297544759133791799,985107,1489634379
-6985681486623155651,985107,1489634384
-4552928337960181529,985229,1489634362
-8397526203605916858,985229,1489634380
6519201069636178330,985017,1489634377
2065932204622677239,985735,1489634373
-5089885215274737974,985735,1489634375
8619118631595610392,985723,1489634374
-6810425708838425320,985723,1489634371
-690432305701212185,985723,1489634363
1469614529140393067,985723,1489634365
180962600042915224,985723,1489634364
1474147409113139156,985723,1489634370
4693519932000847274,985723,1489634343
-1990125378747755205,985723,1489634398
8459061323475198149,985723,1489634348
-490797293764402962,985723,1489634395
-7120418944770024944,985723,1489634369
-4921105594833823585,985820,1489634350
2962837046175055776,985820,1489634354
-4622126247729300249,985820,1489634389
6180819386152993209,985820,1489634364
-4011674275100624206,985820,1489634391
-8780117421501689505,985820,1489634385
-6289248157196029320,985820,1489634353
5082388660076162808,984803,1489634358
-1530877803069775175,985074,1489634383
5218311693892091278,985074,1489634371
-948383420790423365,985074,1489634385
1573596531234190131,415915,1489634349
-7807117198681856710,984602,1489634376
913690507051155755,985801,1489634370
6498115312859173658,985801,1489634401
6617512874022285533,985801,1489634393
527316267343255896,985801,1489634352
1285497978550855906,985801,1489634388
-7430674799389710549,985801,1489634354
7900698546784358053,985801,1489634395
1178151637076571910,985801,1489634387
-1005607703138319046,985801,1489634344
-3827739039217059281,985801,1489634397
6966762678785776590,985801,1489634381
7846384203652585041,985801,1489634358
3868925642819816371,985801,1489634393
8166747969607707987,985801,1489634349
8803514141160786894,985801,1489634390
-2326039714189469862,985801,1489634391
-6853859380635237967,985801,1489634366
7144483464304602471,985801,1489634400
-1902548335512518729,985801,1489634401
985857431722140498,985801,1489634366
8283186350197916968,985801,1489634386
5427842925798309865,985801,1489634362
3491200822371959464,985304,1489634360
-3326204794163032933,985866,1489634373
7727559050564630363,985866,1489634359
-8237088166748301355,985866,1489634352
5147507044676619893,985866,1489634363
5521954362178076655,985866,1489634377
1257458408038483677,985866,1489634394
3048862849990034969,985866,1489634380
2675918550809231051,985866,1489634345
7893450817753912866,984325,1489634350
-7942415958407519859,984325,1489634399
-8069938045789613329,985833,1489634363
7888453488732838947,985833,1489634348
-602970726310519044,985833,1489634386
-2418481051958946189,985833,1489634398
3882321658607902238,985685,1489634361
-5616186893790545001,985180,1489634347
-7537240223140065032,985175,1489634392
-8935660781199331328,985175,1489634395
-4598366223127009468,985768,1489634401
-1123729431494344091,985745,1489634371
-34886274340462231,985745,1489634349
5031858043486492039,985745,1489634374
-8103217472777901873,985745,1489634396
-74471744467786136,985745,1489634349
7402417157051442236,985745,1489634391
-6262666841404993398,985745,1489634381
7216396413957777844,985745,1489634351
-6410432896051651030,985745,1489634381
4154841732966101870,985745,1489634372
1027392759095591328,985745,1489634392
7109855751146131741,985745,1489634380
-4500568188694821378,985745,1489634378
5514114433247789468,985559,1489634365
3276354779084914244,985559,1489634360
-5998910857895251330,985481,1489634392
4260048137696956150,985481,1489634343
5568679988696695185,984754,1489634370
-4703092100137307355,985310,1489634360
-1179952702475617710,985059,1489634369
-2832593697849654481,985608,1489634381
8745909422601438603,985608,1489634363
8122802061555254534,985608,1489634347
5766229506410915698,985608,1489634365
-4598366223127009468,985763,1489634383
-5029770011160399359,985763,1489634381
-5433535535876518302,985546,1489634345
-6911461585993265715,985211,1489634378
119113137635526106,985211,1489634395
5286046318752365914,984759,1489634373
7077613025927206478,985761,1489634356
9193557362150648188,985761,1489634372
-5594527801663622918,985872,1489634359
2491881420078051599,985872,1489634359
-9013079121359947164,985121,1489634369
-919458559981248075,985793,1489634387
91661788907969129,985793,1489634385
2902962557984581173,985793,1489634359
-3896553677797357634,985793,1489634387
-3656752761465361330,985793,1489634396
2383596170426666992,985793,1489634361
-8134252758682489609,985793,1489634385
5771806082500104923,985793,1489634369
-3935592584039728577,985793,1489634364
-9131188699066877749,985793,1489634349
-611279132164892129,985793,1489634401
-4445455600667362709,985577,1489634373
6534591647839662663,985577,1489634362
-4533104695191631054,985626,1489634391
6066324423129909252,985626,1489634399
-7444471011429636939,985626,1489634398
-2032786408827809461,985626,1489634396
859023263987933852,985626,1489634379
-8589185280258655223,985626,1489634394
7118835367082783901,985626,1489634383
-3610174401990397640,985626,1489634345
-2953850837933714618,985219,1489634371
-2960373536737321976,985671,1489634354
4014441406754786999,985671,1489634358
7298097178970365139,985671,1489634402
-9119864435448628766,985576,1489634348
-1667803268050068419,985576,1489634398
-3702365831602276494,985576,1489634385
773384083732708978,985576,1489634386
1508658766157664164,985576,1489634383
-2080327998599390621,985576,1489634384
5890638419297974436,985576,1489634343
1474147409113139156,985576,1489634353
5542700821723049700,985576,1489634343
1826154526599831967,985576,1489634400
-5594527801663622918,985576,1489634359
3249507844056522395,985576,1489634387
336057982667912013,985576,1489634345
-8807420687141089956,985576,1489634398
-929868210283565068,985576,1489634351
-3330182142072117705,985576,1489634365
-52265863174046724,985576,1489634381
-6182266048090111052,985784,1489634348
-8197981068415389416,985784,1489634348
7592950065457067800,985784,1489634350
-8779525139332548782,901164,1489634402
8672230862115096799,979942,1489634344
-3315540798827689846,985668,1489634375
-1172923919203197682,983987,1489634393
-6845095882975733142,985507,1489634349
-538026457803324561,985507,1489634365
4878427535197692768,985507,1489634365
846867124854652824,985507,1489634363
8381214418397113634,985507,1489634368
5542700821723049700,985507,1489634368
2495981277861225734,985507,1489634370
3276398061755234716,985661,1489634359
-4698987011142374155,985614,1489634372
-8237581577770600196,985885,1489634351
-6545536891128921208,985885,1489634374
8416515743134373324,985885,1489634400
8310015620367406712,985885,1489634369
-1936580037838923670,985885,1489634355
8257714545970018837,985885,1489634401
5490213696325597342,985885,1489634377
6232923600720229064,985885,1489634401
-2219126247444036977,985885,1489634377
3926320643821022000,985885,1489634374
-1634716897741914703,985703,1489634367
8143716508512120668,985703,1489634364
-1483612053684317098,985703,1489634342
-5507339799419937807,985703,1489634355
-1464398925505513370,985652,1489634365
-621240303561488754,985134,1489634347
6036562304340487629,985636,1489634374
-4926284056934584893,985528,1489634346
-6564942327651336820,985528,1489634372
3066462437253673910,141318,1489634391
2850134894167527093,977551,1489634386
-2328323567358348159,984899,1489634348
5931240201027108561,984937,1489634380
5078076188869155083,985786,1489634380
7508047186346449425,985786,1489634392
7725383626911224256,985786,1489634364
9192301081852912969,985786,1489634379
6810519429473225035,985786,1489634402
3099080403948028182,985786,1489634357
-3525474089261462306,985786,1489634385
5591183698349583230,968434,1489634369
-3120359814847093215,985573,1489634347
-5406261462639178069,985573,1489634362
403800117095110790,985573,1489634349
9218356131979513002,985438,1489634385
5601005167465743701,985516,1489634370
8609586135654332502,985516,1489634391
-3726257778895145119,985273,1489634360
4390993226624828880,985773,1489634386
-2785265759967276488,985773,1489634377
7077613025927206478,985773,1489634398
6102616492046675233,985773,1489634352
-4345811012756451558,985773,1489634349
-242540096090579664,980519,1489634349
2625079487027381057,953781,1489634386
3202027415624705729,985611,1489634361
4481954672548563204,985611,1489634361
1734412685705247057,985611,1489634347
8554945278897272083,985611,1489634347
9089630897935714995,151610,1489634397
372699661458735630,985289,1489634349
-2162461065012933326,963805,1489634360
-5048210596485594088,985496,1489634365
9054759231290858507,983755,1489634368
-8197981068415389416,985779,1489634380
7592950065457067800,985779,1489634365
-3877594052475598297,985779,1489634354
-6142541119797366706,985764,1489634371
4081849013445347715,985764,1489634348
-4598366223127009468,985764,1489634401
-159994721502466566,985764,1489634345
7985506727162308261,985764,1489634353
-9151858713284076010,985764,1489634385
2404810437982378894,985764,1489634381
-2984690677484408196,985883,1489634390
-2392873387541045391,985883,1489634391
-7908378505542135214,985883,1489634366
-9154666744129677548,985883,1489634364
-781410829118047226,985883,1489634401
-6044575273488490922,985883,1489634367
-6349542666309151512,985883,1489634390
3539935099891977299,985883,1489634383
1669033089353261162,985883,1489634349
8416515743134373324,985883,1489634363
-543396984091795365,985883,1489634394
5073044824489492290,985883,1489634385
-1007298298822359345,985883,1489634380
-5053909333013824781,985883,1489634386
-6545536891128921208,985883,1489634397
-7034923309230407398,985883,1489634402
-8245908920210320762,985883,1489634375
520660867780258292,985883,1489634363
3827850166905673303,985883,1489634378
-950431484653245665,985883,1489634353
1982472463447985723,985883,1489634384
-575954433435206617,985883,1489634371
6418908511684167599,985883,1489634399
6742012876421657912,985883,1489634399
-4698189730623404892,985883,1489634381
-8052034260585152174,985883,1489634375
2393631745348760724,985883,1489634395
-2356945333510997743,985883,1489634373
4085395016226812495,985883,1489634396
-3326656182516847866,985883,1489634355
-6582209367830382105,985612,1489634372
8718945433458136233,985612,1489634376
629977122305789059,985612,1489634377
-5909219705733977412,985612,1489634384
2839906758172481925,985858,1489634353
-4345811012756451558,985770,1489634355
-2785265759967276488,985770,1489634383
6102616492046675233,985770,1489634352
4390993226624828880,985770,1489634386
-6126012191242249125,985666,1489634401
7018865150347015886,985666,1489634399
8755109596997593595,985447,1489634382
-9146949556014764648,985254,1489634360
6977672266136150681,985724,1489634384
-327481338219945566,985724,1489634375
-5089885215274737974,985704,1489634375
2065932204622677239,985704,1489634361
-34886274340462231,985704,1489634356
-1442531477717596335,985876,1489634365
1620623588055581965,985876,1489634385
4348953181055250688,985876,1489634400
-6050452774536146168,985876,1489634399
-1499240238257565240,985385,1489634348
7813185174706225285,985830,1489634361
7888453488732838947,985830,1489634398
8816359385034496206,985830,1489634363
-8069938045789613329,985830,1489634368
-8780117421501689505,985830,1489634375
4103161791627947115,974841,1489634392
904666450820986347,985877,1489634369
-6093690240815906296,985877,1489634400
-988881512333873140,985877,1489634362
7655788397741321922,985877,1489634397
8789056354318835092,985877,1489634400
-1115982525708742276,985639,1489634383
-1378218911268554216,985639,1489634375
-1590710890935482823,904342,1489634384
-7513546380188105428,985731,1489634393
-6539397255839550167,985731,1489634363
-5077895477316362155,985731,1489634376
-8745249539326932342,985631,1489634347
180962600042915224,985631,1489634364
-329224679610309629,985631,1489634400
-1123729431494344091,985186,1489634379
-6045562231897546106,985769,1489634347
-7430674799389710549,985769,1489634375
-6124597860556256448,985769,1489634349
-8570515090452902013,985769,1489634394
7991388734716582500,985769,1489634358
-1027986305741352661,985769,1489634398
1697772564480956968,985537,1489634376
-6954806525240207771,985537,1489634384
8381214418397113634,985424,1489634366
6055912036031386699,985667,1489634360
6302206730107831381,850480,1489634389
6447285450249890689,985835,1489634342
3502251349347331764,985835,1489634384
-2117441780228946567,985835,1489634392
9044299232927811615,985835,1489634392
-2297001483763870443,985835,1489634388
-3249713927423015951,985835,1489634371
-2967618898233032655,985835,1489634394
-7783381819716145070,985835,1489634399
3889286347415612970,985474,1489634400
5286046318752365914,984977,1489634373
-5130631781072492245,984977,1489634381
5521954362178076655,985729,1489634355
1051591512514438278,985729,1489634377
-2653343586186130067,985729,1489634368
2065932204622677239,985729,1489634393
-4190980584327103874,985729,1489634366
-2018048974776752185,985205,1489634375
-7129806223400973887,985863,1489634342
-1344366483244027263,985863,1489634358
2675918550809231051,985863,1489634367
8984493028634962463,985863,1489634359
7774872522846004063,985863,1489634376
-8237088166748301355,985863,1489634399
8994699240755300177,985863,1489634392
5147507044676619893,985863,1489634386
8507286516486881093,985670,1489634359
1231508598448822087,985670,1489634401
4702604629190926449,985670,1489634367
1396689714729115959,985670,1489634348
-5742922525635995019,985670,1489634363
8619118631595610392,985670,1489634395
4543350786626001695,985670,1489634383
-5614640544651228000,985670,1489634386
4066665582461720243,985670,1489634389
-5513667695611146897,985670,1489634360
6722100986012056440,985670,1489634375
4505876397606746818,985670,1489634384
-602970726310519044,985670,1489634397
-7120418944770024944,985670,1489634393
-7494632889692756398,985670,1489634380
3415918943470315923,985116,1489634398
-2185127586571468341,985517,1489634370
1038088526459837407,985517,1489634349
2431197729101439397,985517,1489634370
-1115982525708742276,985517,1489634383
4933320798366766857,985617,1489634380
-5048210596485594088,985497,1489634365
3597688916928733728,985497,1489634369
-2999878718212817345,171366,1489634400
-5130631781072492245,985112,1489634381
5286046318752365914,985112,1489634363
-1462730887598007574,985112,1489634390
2608078996109156819,985112,1489634376
-2253821141963811633,978946,1489634385
-4345811012756451558,985766,1489634372
3173649266457300727,985655,1489634343
2065932204622677239,985655,1489634375
-1064563542491140669,984909,1489634381
-4667342966880905329,984909,1489634381
-5918320285864770647,985807,1489634373
-4592120952616105548,985807,1489634378
7813323359321541794,985807,1489634394
6206697987739339520,985807,1489634383
-2068358555676512640,985807,1489634347
-931551486173555322,985807,1489634389
9090756763487618703,985807,1489634388
4906137719187658669,983427,1489634351
-3876137908769168496,983427,1489634388
6162980852265486271,985364,1489634379
4026575786997437728,985726,1489634369
-2653343586186130067,985726,1489634385
1051591512514438278,985726,1489634389
-5067314063848652857,985233,1489634368
3301143916435808402,984737,1489634359
8035154945090709820,985482,1489634381
8755109596997593595,985482,1489634382
-5077895477316362155,985760,1489634376
-7513546380188105428,985760,1489634370
-6539397255839550167,985760,1489634349
-3814424612232199106,985082,1489634378
778181613297710606,985082,1489634353
3795153815019455594,985794,1489634395
-3743131696857934691,985794,1489634344
-7981635060970126880,985794,1489634356
4886752913673730425,985794,1489634379
-1027986305741352661,985794,1489634398
-2159171144852165562,985794,1489634359
-8570515090452902013,985794,1489634389
7991388734716582500,985794,1489634356
-8271373755024994001,985794,1489634375
-8780117421501689505,985794,1489634360
-4843896222436431950,985794,1489634378
-4043119525970287559,985794,1489634379
-7430674799389710549,985794,1489634367
1178151637076571910,985794,1489634391
2999097694126785363,985794,1489634367
3868925642819816371,985794,1489634393
2814127569097457414,985794,1489634363
6966762678785776590,985794,1489634381
4609516599004252861,985794,1489634395
91661788907969129,985794,1489634385
6617512874022285533,985794,1489634393
6498115312859173658,985794,1489634401
207059367029794794,985794,1489634362
-5931584287524200054,985794,1489634396
527316267343255896,985794,1489634352
3110105639324213637,985794,1489634393
1285497978550855906,985794,1489634388
5517653296920854091,985794,1489634343
1340126012200019040,980168,1489634402
-629279633236138463,985018,1489634373
-8599717210416259013,985018,1489634354
6055912036031386699,985664,1489634357
1110299543016078108,985879,1489634399
904666450820986347,985879,1489634347
-6093690240815906296,985879,1489634380
-988881512333873140,985879,1489634344
658791771104199124,985879,1489634359
9182523645025190992,985879,1489634368
-3286678915579929561,985879,1489634385
-1706359635789837411,985811,1489634364
3382376868891673113,985811,1489634344
-8780117421501689505,985811,1489634400
-4921105594833823585,985811,1489634387
-5295259350898014447,985811,1489634391
6180819386152993209,985811,1489634371
-4622126247729300249,985811,1489634398
7926959280727664071,985811,1489634352
7998034647762541950,984572,1489634397
-8736315806272050141,984572,1489634342
-1225522666595155167,985555,1489634349
-2185302478203506135,985555,1489634369
381467647284560660,985555,1489634399
-7136242839169736384,985555,1489634364
-8385153757850395389,985555,1489634347
-1499240238257565240,985379,1489634359
-9119864435448628766,985691,1489634369
496602407864776983,985691,1489634394
4784729874052190602,985691,1489634374
-2798610812599620691,985691,1489634359
-3544441956618688154,985691,1489634345
7886938728496524990,985691,1489634382
1285562973583676160,985691,1489634356
-3394854033585986881,985691,1489634378
-7798797572617088172,985691,1489634367
6191106265294542943,985691,1489634373
-5616170435723876096,985691,1489634354
1079969710261083570,985691,1489634370
720207789207182480,985691,1489634365
2857288596487078915,985691,1489634387
-2440800394259007926,985691,1489634397
-8295799069466551767,985691,1489634368
4621267842589749271,985691,1489634348
3627939597509354662,985691,1489634395
-4698987011142374155,985567,1489634352
4933320798366766857,985567,1489634390
6939565485251319484,984471,1489634400
6817218421458195716,984471,1489634344
5954799446086309620,900545,1489634381
569224470736321929,985563,1489634394
8196061530201441392,985563,1489634364
-2117441780228946567,985832,1489634392
7168146269392061728,985832,1489634390
3502251349347331764,985832,1489634384
6447285450249890689,985832,1489634342
7804455868087944851,983965,1489634369
-4698987011142374155,985610,1489634358
4933320798366766857,985610,1489634390
6290407841467466646,985859,1489634388
-60451221400692626,985859,1489634374
6024779172045184501,985867,1489634392
7250108142430947218,985867,1489634352
5521954362178076655,985867,1489634357
3048862849990034969,985867,1489634369
-4930577392896175753,985867,1489634391
1257458408038483677,985867,1489634377
5828960238464920508,985867,1489634346
5419317974846680034,985867,1489634375
4663266344770526217,985867,1489634370
3252915415478840111,985867,1489634369
-4698884071533448911,985867,1489634361
1508658766157664164,985867,1489634383
3518361585551721999,985867,1489634395
-505796402322527293,985867,1489634353
-4276922062268869299,985867,1489634345
6055912036031386699,985657,1489634343
-7228209013396869304,984304,1489634369
-3569563060526812799,985450,1489634377
-8934034691218364137,985450,1489634369
-436189922360583375,985658,1489634400
8672230862115096799,978429,1489634360
3747120376911994982,985080,1489634373
6968287328434098355,985776,1489634384
-1933225540724727510,985295,1489634356
-7250554784356595749,985295,1489634356
6472144245933874650,985295,1489634363
1847771700181266027,985710,1489634380
-6410432896051651030,985710,1489634381
-8103217472777901873,985710,1489634390
1231508598448822087,985710,1489634361
-3104479191274237794,985710,1489634375
-7494632889692756398,985710,1489634346
-3108973000340553428,985710,1489634362
-2440800394259007926,985710,1489634381
-8155252487262435382,985710,1489634402
-6262666841404993398,985710,1489634382
-5169624227296095611,985710,1489634379
8966092393379277944,985710,1489634398
9061831773858774961,985710,1489634375
6587580173885579256,985710,1489634361
-1972146147128262892,985710,1489634361
-6585781374705051791,985710,1489634391
6814755670747738647,985710,1489634390
7662839865138086450,985710,1489634378
-8260772812567583636,985710,1489634389
-7445388162625524371,985710,1489634384
3865734889690546263,985710,1489634360
48958660118847339,985710,1489634374
1679207580774681227,985710,1489634367
-3394854033585986881,985710,1489634387
-9221998272114083282,985710,1489634393
518979370296645867,985710,1489634401
-8574499605385339737,985710,1489634371
1396689714729115959,985710,1489634364
8009048934218579634,985710,1489634350
-4716053977223684258,985710,1489634383
1285562973583676160,985710,1489634399
-7362529307325688561,985710,1489634394
-7120418944770024944,985710,1489634400
-3569563060526812799,985445,1489634381
-7461307142810519701,985460,1489634370
3889286347415612970,985460,1489634361
-7656568932476477070,985460,1489634391
-5592297051570135639,985460,1489634371
744209838090172285,985486,1489634366
4061912194585293682,985486,1489634379
524270427726566310,985486,1489634388
7893450817753912866,985486,1489634350
-4762648246897578729,985486,1489634394
7323259703593490692,985796,1489634383
3541080057548748617,985796,1489634356
8218334802917651473,985709,1489634351
8527877500089206711,985709,1489634398
3889286347415612970,985488,1489634369
-7461307142810519701,985488,1489634370
-4033395894211583541,985530,1489634376
-4382150829633000832,971916,1489634355
-4795053731434741890,980116,1489634370
-5096201571327283100,187064,1489634347
-6496911735945651099,985826,1489634379
-4592120952616105548,985808,1489634359
-5918320285864770647,985808,1489634350
-7151216395336998949,985808,1489634379
-931551486173555322,985808,1489634389
7813323359321541794,985808,1489634376
6206697987739339520,985808,1489634367
9090756763487618703,985808,1489634388
8984493028634962463,985808,1489634349
-2118873145233281300,985808,1489634397
-7680615381667066776,985810,1489634398
-2118873145233281300,985810,1489634397
-931551486173555322,985810,1489634375
6206697987739339520,985810,1489634356
7813323359321541794,985810,1489634362
-8091892869640814138,985810,1489634396
836777705059029053,985810,1489634342
-1773070196258547222,985810,1489634400
-4360779729056668006,984717,1489634382
-3937560544676779710,984717,1489634343
126286210686878748,984717,1489634358
1813792757770055557,984717,1489634374
5772847877404358499,984717,1489634361
-6585781374705051791,984717,1489634364
5017948535782234657,984717,1489634375
-5686484881799872512,984717,1489634394
-7985579447657463057,984717,1489634376
-7018966826234657961,984717,1489634342
5529350182834933142,984717,1489634351
5783593056914768898,984717,1489634381
7341047985960083378,984717,1489634354
-335309063319883136,984717,1489634354
-5301836995047224616,984717,1489634385
-7643289117576060922,984717,1489634372
-4762648246897578729,984717,1489634353
2052912193320705951,984717,1489634373
-7811272064754293120,984717,1489634375
327370612176699090,984717,1489634361
-9122162038820189923,985355,1489634363
-1912012668682943531,984990,1489634368
5931240201027108561,984932,1489634345
3173649266457300727,985701,1489634374
2065932204622677239,985701,1489634384
3202027415624705729,985616,1489634380
6036562304340487629,985616,1489634396
9054759231290858507,983978,1489634368
-4698987011142374155,985603,1489634378
1749458264194541792,949637,1489634369
-5029770011160399359,985739,1489634381
-4598366223127009468,985739,1489634364
-8197981068415389416,985739,1489634380
-6753015870221284657,985739,1489634381
7592950065457067800,985739,1489634365
8884472439202266018,985347,1489634365
7692652605201579924,985347,1489634356
-7689214090947114364,984916,1489634391
2926070721984123697,984916,1489634370
-1881614596208219580,984435,1489634356
2816530296619188173,984746,1489634345
658791771104199124,985882,1489634345
-4011092194557352351,985882,1489634343
-3045678734308301814,985560,1489634364
56286567510549750,984462,1489634368
3320052138848817898,984462,1489634372
-1086986079172858262,984462,1489634365
8672230862115096799,979929,1489634374
3276354779084914244,985584,1489634390
9036620967085055766,985584,1489634345
2822174901411100156,985650,1489634385
8850754657422112568,985650,1489634373
-2422121463253863244,985650,1489634401
8080728568877483624,985650,1489634391
158838706652312505,985650,1489634398
3513262222470810952,985650,1489634371
3245117736721325547,985650,1489634346
-6702541469118859822,985650,1489634373
-7151216395336998949,985650,1489634379
2517371437602262807,985650,1489634355
