2001855732003954500,985774,1489632824
4022222949858229049,985774,1489632836
-427266194939414695,985774,1489632813
5379149998139065840,985620,1489632814
-4141051235056900767,983268,1489632798
-5264960562600523877,985818,1489632817
-3674438706676119562,985818,1489632794
8333265908331787782,985818,1489632801
1538571557260579270,985818,1489632783
-3096018511835215740,985818,1489632820
939884316167232171,985818,1489632820
-4183926813652379037,985818,1489632784
-7998535343015588601,985818,1489632841
3021511216464818781,985818,1489632829
-1980670410862335095,985818,1489632825
-2243661498975834027,985818,1489632827
6688718372054713139,985818,1489632826
6521546176472818233,985818,1489632784
3956375102841027534,985818,1489632830
3591639285116396609,985818,1489632797
4678656720169562447,985818,1489632816
-8234263929275005990,985818,1489632793
2930654486038867677,985818,1489632816
440742389219154447,985818,1489632835
6380247398860157437,985818,1489632786
-4720564039736767449,985818,1489632820
-505357594570838998,985818,1489632795
-4668539504709261040,985818,1489632822
3726853969729217171,985818,1489632823
-7029494731070624090,985818,1489632839
2069889575011495935,985818,1489632833
2122986741914441241,985818,1489632810
-617198830447208007,985818,1489632814
8590153715760365371,985818,1489632793
3408143775553725059,985818,1489632841
2162808098960717356,985818,1489632827
160734255949966053,985818,1489632782
8341043613800094559,985818,1489632783
-9058688011440919004,985571,1489632820
51490901712204801,985571,1489632820
-2432175018965167374,985571,1489632836
-2732853948702812878,985571,1489632832
-3569563060526812799,985571,1489632833
-5940623304435036052,985571,1489632840
4957599191373187494,985642,1489632808
-4822201742532494113,985642,1489632837
-9020307489790444397,985642,1489632829
7349140199771189456,985642,1489632788
3308705839366901978,985642,1489632839
-3198078926819106795,985642,1489632835
-292200705928141222,985642,1489632811
4173178594747689722,985570,1489632805
3664363168171222793,985268,1489632831
5416775061277086454,985864,1489632829
4313097472107442738,985759,1489632815
-4349520985484091552,985759,1489632785
8282956786044168529,985759,1489632784
-146502678511407856,985759,1489632796
4132846245093086842,5789,1489632801
-2658641262424937383,985829,1489632819
4663417638430084663,985829,1489632838
-1411827616110189753,985829,1489632789
-4528665072590177805,985829,1489632786
8233366359051213147,985829,1489632836
-1618040729577368140,985829,1489632833
-6401616443260511651,985829,1489632824
5379464839891158581,985829,1489632784
-9176375528880944536,985182,1489632822
-8969319354952359978,985182,1489632837
-8937214185330333021,985816,1489632789
1567967825555583739,985816,1489632789
7594763391347529534,985816,1489632801
-2243661498975834027,985816,1489632841
-1465738762194174799,985816,1489632785
1538571557260579270,985816,1489632792
440742389219154447,985816,1489632840
6521546176472818233,985816,1489632786
939884316167232171,985816,1489632820
8333265908331787782,985816,1489632801
3021511216464818781,985816,1489632830
6688718372054713139,985816,1489632826
-1980670410862335095,985816,1489632825
7309088272487681648,985718,1489632817
-3696071180693677272,985854,1489632835
-5626920688787237874,985854,1489632807
-2112020572534350271,985854,1489632795
6922427877798807231,985854,1489632838
2218147723648174947,985854,1489632788
-4239413918199463959,985349,1489632823
6102591313489170211,985343,1489632788
8650216659277833727,985215,1489632834
-7183102438777599696,985849,1489632805
-1334514157915872286,985849,1489632815
8218334802917651473,985849,1489632828
7779250095680162813,985235,1489632826
-1891220029032762795,985579,1489632806
-5392094401338828594,985579,1489632796
4154687980017012201,985579,1489632793
4258021472837961458,985579,1489632786
6572005982416840769,985579,1489632804
1740589368189206668,985579,1489632786
5192608517910825860,985625,1489632813
7980161592564471485,985434,1489632788
-8074297047878632492,982680,1489632801
-9172677183418679492,982680,1489632821
-2290353449020016410,985805,1489632819
-532038524389338224,985805,1489632819
5260926598638464994,985805,1489632801
2206832749153247638,985805,1489632796
-3135551788946927969,985805,1489632788
8554103511284682794,985805,1489632782
-6674032745367409714,985805,1489632789
4133568861131905095,985805,1489632814
-1465738762194174799,985805,1489632831
5836839304333909292,985805,1489632797
7224347851759867608,985805,1489632825
4749039857992576816,985805,1489632819
5733478103030724692,985874,1489632828
9114807589915784086,985874,1489632791
8562604931744133524,985874,1489632819
8382827405521118305,985874,1489632810
2878175303730769101,985874,1489632806
-5584719293706117110,984889,1489632826
3201018087021786041,985842,1489632793
8340831708944865491,985842,1489632786
-4646733732712613223,985842,1489632784
999856970455173197,985842,1489632838
2689310174834235985,985842,1489632783
-3206383825374514771,985842,1489632832
5671667943874023311,985842,1489632814
-2449961425869896363,985842,1489632833
-5628945068415204937,985842,1489632831
-6790658397036315809,985842,1489632833
3110425878565616287,985758,1489632803
8915205823022461608,985758,1489632801
1540417911825017081,985758,1489632804
8282956786044168529,985632,1489632827
-4040879087301060172,985130,1489632799
-5474554939640154703,985130,1489632784
6010152769430869931,985130,1489632792
-9127688832310711504,985130,1489632840
-2375930644164386575,985130,1489632820
-7405451930642414547,985130,1489632793
-7684839571507389353,985138,1489632807
-695263508919925197,985138,1489632788
4204506263782949371,985565,1489632833
-5557066163262372252,984416,1489632817
7361330090328690621,985875,1489632835
7933491097959883970,985809,1489632824
-1191611432199006080,984735,1489632841
114863350025187695,984735,1489632791
-1341820571203586747,984735,1489632806
-7636210527719962650,984735,1489632816
8690969419795546014,966346,1489632830
-7921397263779892170,985757,1489632822
-3089480027986938463,979731,1489632799
-5737958873021919848,985288,1489632810
4710175731022667508,980230,1489632812
-8041740723095480673,985457,1489632828
7980161592564471485,985431,1489632834
5243666652411965985,985431,1489632835
-4141051235056900767,982042,1489632795
-8555543818845763530,985585,1489632787
-4874806849123585403,985585,1489632823
3234841875722622429,985585,1489632794
-2177284865574156720,985471,1489632808
-4141051235056900767,981974,1489632827
-2879961063413717266,985111,1489632834
-6694617038896215518,984854,1489632821
2015659856767591581,985423,1489632831
2292374439459900446,984738,1489632791
-1110458478925391643,984738,1489632826
-1465738762194174799,975858,1489632826
-7619233153641086859,975858,1489632823
-9179483812080334576,975858,1489632815
-1820512638522506192,985822,1489632813
-1725796196496789974,985822,1489632822
8809529307913803212,985822,1489632795
-6685593920353844955,985822,1489632822
7126690009354263616,985822,1489632795
357608564285746500,985822,1489632828
1467069790306772355,985822,1489632840
-3151949351842771946,985822,1489632806
3395064765764247164,937005,1489632806
-5610965554012621233,985798,1489632787
-3130283896574143937,985798,1489632786
4046265095858490633,985798,1489632806
-2676830556293478090,985798,1489632831
2114799739168475144,985798,1489632800
776594828360833550,985798,1489632788
9061869722746509305,985798,1489632800
8900601022135444282,985798,1489632830
8961637682489824942,985798,1489632808
-661266726356988325,985798,1489632829
-7764674035394559250,939585,1489632811
8854975205637215469,985804,1489632822
-5610965554012621233,985804,1489632817
-3130283896574143937,985804,1489632800
2114799739168475144,985804,1489632814
4046265095858490633,985804,1489632819
8767909509195052646,402800,1489632799
-6407146478583438069,985485,1489632805
-8821426422810000656,985775,1489632804
4022222949858229049,985775,1489632840
-1891220029032762795,985593,1489632806
2591245159324279519,985593,1489632830
7212668410735401145,924489,1489632793
5439589560820934514,985125,1489632818
8929107925959343672,985839,1489632809
5678423097299366386,985839,1489632810
-2103131866954315827,985839,1489632815
-4646733732712613223,985839,1489632825
-840943826290721369,985839,1489632796
8764630378295389560,985839,1489632831
6878773262579487050,985839,1489632787
-1216826193274706055,985839,1489632838
-1125319445561248185,985839,1489632787
-3121159222453033237,985697,1489632802
737862400254600425,985697,1489632811
-7162853333743843891,985697,1489632811
-7764674035394559250,941078,1489632811
-5432419517268318169,985788,1489632789
5433906600964557033,985788,1489632828
8321145036952301855,985788,1489632800
-3365066412499464054,985788,1489632840
-1957196371154923084,985689,1489632795
286170898566046032,985689,1489632841
-8939419767855694028,985522,1489632840
4132846245093086842,5832,1489632797
9114807589915784086,985871,1489632814
5733478103030724692,985871,1489632839
8562604931744133524,985871,1489632820
7361330090328690621,985871,1489632836
-8555543818845763530,985613,1489632795
-7285361726464270178,985732,1489632800
-4269024322572192543,985732,1489632786
4018392582719950165,985732,1489632808
-9192452301542205842,985717,1489632839
-9058688011440919004,985861,1489632788
-5590288864211871300,985861,1489632834
51490901712204801,985861,1489632795
-3569563060526812799,985861,1489632833
-2432175018965167374,985861,1489632817
-353053466288921552,985861,1489632829
-5042888468981113922,985861,1489632787
-2275182707685545410,985619,1489632818
-513123088730887830,985619,1489632823
1416065279482157506,985222,1489632809
6010152769430869931,985390,1489632792
-2699177243893196277,985390,1489632812
4307988217982995872,985390,1489632828
-5819410034820687160,985390,1489632841
5273328610216821239,985390,1489632834
5733478103030724692,985869,1489632839
9114807589915784086,985869,1489632814
552451614502352949,985869,1489632824
-7144314141206184431,985487,1489632796
-4450154301899185474,985487,1489632840
847693426840827725,985487,1489632837
5532780767138936821,985487,1489632832
-1060788940709166626,985487,1489632800
-39340172916830550,985336,1489632813
-5041654231975010024,985532,1489632788
99003956275282926,985621,1489632792
-7373077062426168553,973528,1489632828
6011497828758013089,974287,1489632796
-6378076452366169145,985535,1489632821
3348799116232592122,985825,1489632786
-5864246369232934871,985825,1489632838
1467069790306772355,985825,1489632810
-2658641262424937383,985825,1489632782
-141423785886721775,985825,1489632801
8218334802917651473,985847,1489632821
-7183102438777599696,985847,1489632788
-1334514157915872286,985847,1489632803
9005467197703917136,985847,1489632839
6290407841467466646,985847,1489632815
-3338994997944812338,985847,1489632837
2002656074507744290,985847,1489632833
-9176375528880944536,985051,1489632810
83827833135366736,985591,1489632834
-2944998870322336968,985771,1489632809
7359655732871402754,985771,1489632800
1892918079433247592,985771,1489632837
8506972288481250911,985771,1489632841
1522082561421203315,985771,1489632799
-3621339731615678385,985771,1489632815
5439589560820934514,985081,1489632793
3872237826907999339,985886,1489632812
-1318718250615549048,985886,1489632795
5164384515319258987,985886,1489632835
5201441869193042857,985886,1489632795
-8095926516649120181,985886,1489632840
853208865021158231,985886,1489632837
7839165434219354476,985886,1489632833
-5038861959893103813,985886,1489632806
-919906217416289636,985886,1489632800
-3184623912855110099,985886,1489632797
-3532711352613240627,985886,1489632796
-8648398858272897159,985886,1489632834
551248949974831011,985886,1489632810
5037739238082876576,985886,1489632837
7948878152038971763,985886,1489632809
-7681818263486109497,985886,1489632827
-3961738382353817199,985886,1489632838
-8512431618780279621,985886,1489632794
8058354275403011121,985886,1489632809
-8724327502955186016,985886,1489632793
5374465231514927222,985886,1489632785
-2732837068726348706,985886,1489632836
3370261568739721308,985781,1489632823
7855517087443526813,985781,1489632805
7494215791215921780,985781,1489632788
-6750790577890075002,985781,1489632800
459126229219886834,985781,1489632837
1892918079433247592,985781,1489632819
-7276211214069126936,985781,1489632795
1838366423071993427,985781,1489632828
1942980116079979100,985781,1489632837
-661266726356988325,984547,1489632829
2114799739168475144,984547,1489632792
6279022978726917226,985260,1489632787
1140177750034891463,985260,1489632812
-4450154301899185474,985477,1489632840
8650216659277833727,985430,1489632834
-2713577314016669238,984942,1489632840
2422495243167022754,985356,1489632814
-2210440064142452642,985356,1489632811
-2360018887665550301,985814,1489632796
5493728852190293600,985814,1489632802
-8937214185330333021,985814,1489632820
49869079405394200,985814,1489632788
1567967825555583739,985814,1489632814
4444755398256443249,985814,1489632806
-1465738762194174799,985814,1489632791
7594763391347529534,985814,1489632801
1942980116079979100,985790,1489632837
1892918079433247592,985790,1489632810
1838366423071993427,985790,1489632828
-5616186893790545001,985790,1489632813
3370261568739721308,985790,1489632782
7426800457506523462,985790,1489632803
-6750790577890075002,985790,1489632786
459126229219886834,985790,1489632826
-8028565180915206787,985790,1489632786
-7276211214069126936,985790,1489632791
3853272965686721217,985790,1489632825
-2911775718571336324,985790,1489632821
-1072389134162920774,985790,1489632839
99003956275282926,985643,1489632830
-7213673533548674720,985643,1489632819
1286216077174295430,985643,1489632795
7144566084402497513,985643,1489632836
8186961894341582576,985536,1489632836
4684125210310593794,985536,1489632828
-8555543818845763530,985599,1489632841
9005859876338866655,983613,1489632833
8282956786044168529,985737,1489632824
-190616372318599601,985782,1489632803
8506972288481250911,985782,1489632841
1522082561421203315,985782,1489632799
7359655732871402754,985782,1489632787
1956209898521112338,985782,1489632809
-3621339731615678385,985782,1489632815
978652677785886227,985782,1489632835
1892918079433247592,985782,1489632837
7855517087443526813,985782,1489632812
2677169748705191767,985782,1489632809
-1456027127033356073,985782,1489632825
8077940850426507661,985782,1489632787
-6750790577890075002,985782,1489632800
3370261568739721308,985782,1489632823
7494215791215921780,985782,1489632788
-729886379873271839,985782,1489632835
459126229219886834,985782,1489632837
708384698261950849,985815,1489632818
-5864246369232934871,985815,1489632810
-3688467246074914935,985815,1489632803
-141423785886721775,985815,1489632801
-3410966133051643970,985815,1489632838
-2658641262424937383,985815,1489632830
4417623013449185420,985815,1489632798
8429454427932204510,985815,1489632789
-1411827616110189753,985815,1489632819
-6601408689045996500,985815,1489632804
-7860062925812371386,985815,1489632823
-5758277781486951180,985815,1489632812
-574142498294177534,985437,1489632836
1624979191471102840,985038,1489632815
5733478103030724692,985880,1489632800
-8504963101182744448,985880,1489632842
8562604931744133524,985880,1489632814
-2241703447539731200,985880,1489632792
-1954735047896907612,985880,1489632790
-368145345351736308,985880,1489632828
5201441869193042857,985880,1489632841
6102591313489170211,985342,1489632837
-1779800354553529756,985569,1489632813
2525598545687823778,985569,1489632804
-4608787572106269905,985569,1489632816
668395801642381598,985569,1489632788
-317704488068918940,985569,1489632835
2722135576097138317,985569,1489632841
4615005164924061985,985569,1489632799
4671943741788225492,985569,1489632825
7791322989414259935,985184,1489632835
-8995619937117667373,985184,1489632820
55605092022549988,985184,1489632818
-6694617038896215518,985184,1489632829
8501217963099400535,985184,1489632821
6104766135895645760,896390,1489632807
5393663321567829850,985440,1489632820
9005859876338866655,985440,1489632804
7945743008163720899,985440,1489632787
1145591797899641282,985440,1489632802
3682472266272599642,985440,1489632795
8670691601065322140,985440,1489632839
518919853869635785,985440,1489632837
8103120659825283539,985440,1489632809
4578194690340159068,985440,1489632820
4859745638596105493,985440,1489632802
6352257946155692027,985440,1489632797
2045549951487698783,985440,1489632819
842533381087340175,985440,1489632813
2630905898104550910,985440,1489632789
3072663033398590167,985440,1489632827
-9122564481110261427,985454,1489632841
-2423196795581284667,959974,1489632820
5433906600964557033,985675,1489632801
1614006969900162819,985675,1489632799
-3365066412499464054,985675,1489632840
-2944998870322336968,985675,1489632837
-5717851994820408490,985439,1489632799
633913967372654221,341424,1489632816
-2541676433689670028,985819,1489632814
141675038191492271,982010,1489632799
-6798252858140733993,982010,1489632812
-1268213819575207003,982010,1489632831
-7534119947606314305,982010,1489632802
6950600016129462034,982010,1489632815
7980161592564471485,985316,1489632840
-8181889409973043784,985376,1489632820
-1456358488024656104,985376,1489632819
-7297915090028487620,985376,1489632842
7007095778088968254,985376,1489632786
-8285190751735023535,985376,1489632807
5633428453819178153,985376,1489632809
-2361182657580943507,985376,1489632830
-8856694953430983359,985376,1489632813
-3701208614347677420,985376,1489632813
-4666211805286740543,985468,1489632821
-4647778633092394791,971464,1489632814
4710175731022667508,980309,1489632815
-859777144344207447,985328,1489632830
-6798252858140733993,985328,1489632818
1522057153522391293,985716,1489632814
4689011784051791349,985716,1489632786
-4407450868531884281,985716,1489632808
6106119802532878130,985716,1489632815
-6132487956952302813,985716,1489632827
7945743008163720899,985716,1489632789
769914588956167835,985716,1489632821
8103120659825283539,985716,1489632806
-5102827800157469101,985716,1489632791
-4822201742532494113,985716,1489632807
-212014681708965115,985716,1489632821
2871753300924453912,985716,1489632803
7295207298313900744,985716,1489632835
7396191027375995744,985716,1489632794
4204506263782949371,985556,1489632833
-142723570013812272,985333,1489632796
2163481792126538250,985519,1489632798
-2277725863103506279,984327,1489632833
-9210494449999289306,985630,1489632833
3664363168171222793,985024,1489632805
5823485039614339301,985551,1489632825
-5737958873021919848,985271,1489632817
-3633287559869194355,985785,1489632828
-2113209569804646020,985785,1489632827
1259238634004439313,985785,1489632786
8429454427932204510,985785,1489632814
-9026002335619876102,985785,1489632814
-4700837530105427707,985785,1489632820
-1721313230896983616,985785,1489632833
-840943826290721369,985838,1489632824
8929107925959343672,985838,1489632815
-2103131866954315827,985838,1489632815
-4646733732712613223,985838,1489632825
-5138601991940809842,985466,1489632813
-1334812528048205229,985466,1489632794
-7323324593351073146,981688,1489632824
2932704061012140393,981688,1489632797
-3021643447028810752,985492,1489632792
-8969319354952359978,985208,1489632837
-1136836355426356821,985740,1489632833
-1169325661229749579,905993,1489632801
-5737958873021919848,985284,1489632817
3583554204460976461,985242,1489632791
8282956786044168529,985755,1489632816
-8438654276685516828,985755,1489632832
-734537706654380113,985851,1489632836
-5626920688787237874,985851,1489632832
-3696071180693677272,985851,1489632837
-2541676433689670028,985823,1489632813
-6378076452366169145,985526,1489632823
-1125319445561248185,985843,1489632787
6878773262579487050,985843,1489632787
2585382703481310467,985843,1489632787
-1216826193274706055,985843,1489632838
-9081003263683923784,985843,1489632842
1162643670151786951,985843,1489632842
8980267776537852950,985843,1489632825
-2103131866954315827,985843,1489632796
-2894683835230711137,985843,1489632806
3324543749946288466,985843,1489632828
8764630378295389560,985843,1489632831
-8339377481302749457,985843,1489632811
5147873421767673603,985843,1489632785
-4646733732712613223,985843,1489632807
5578234003138004679,985843,1489632798
2542730158019725788,985843,1489632798
1662925236456415717,985843,1489632797
1131046993904226092,985843,1489632806
1562260378638603348,985843,1489632832
351194546582100254,985843,1489632832
5029992970666634643,985843,1489632829
6191376121063804739,985843,1489632837
3682457301184486239,985843,1489632826
902863339542760487,985843,1489632801
1994893945522873572,985843,1489632831
6265193316092591713,985843,1489632824
-3396951387442057731,985843,1489632812
8103339862101522535,985843,1489632804
-9042393248961739906,985843,1489632841
-4345811012756451558,985843,1489632808
-2685681566396882910,985843,1489632832
-2791127887843672311,985843,1489632826
6470491093732422213,985843,1489632831
-7261457191843573374,985843,1489632790
4272006703140899980,985843,1489632835
1312905285345459543,913736,1489632799
-6416959971705560821,985623,1489632791
-9122564481110261427,985446,1489632841
7298667286394702354,985728,1489632798
2163481792126538250,985553,1489632798
-1136836355426356821,985597,1489632826
-7930387225529459766,985597,1489632812
-5640959586879307388,985597,1489632817
9175833456986854072,985878,1489632837
2087245656776857040,985878,1489632839
-2241703447539731200,985878,1489632786
853208865021158231,985878,1489632790
-1004703326394723452,985878,1489632815
-368145345351736308,985878,1489632828
1993347396613879136,985878,1489632839
5201441869193042857,985878,1489632841
-7180327075049215666,985878,1489632820
-8504963101182744448,985878,1489632820
8562604931744133524,985878,1489632803
-1334812528048205229,985878,1489632787
5678651739338587234,985878,1489632816
2028242269424798128,985878,1489632841
3872237826907999339,985878,1489632836
-3386818620789851679,985878,1489632820
-6559860914226447982,985878,1489632813
-6703533716441142094,985878,1489632800
-5041558718319078577,985878,1489632835
7081608097533962258,985878,1489632834
5439589560820934514,985493,1489632813
1252655277352019722,966980,1489632819
6091565409653791988,921182,1489632839
5416775061277086454,985865,1489632812
-4239413918199463959,985387,1489632818
-7614496504115359030,985672,1489632806
-7723302492794554298,985672,1489632835
-734537706654380113,985852,1489632812
-5626920688787237874,985852,1489632819
-3696071180693677272,985852,1489632837
-1155277272208354728,985107,1489632790
-9069702087327080047,985107,1489632823
3553035964240857037,985107,1489632815
-4004073501604121367,985107,1489632799
6928997582444688102,985107,1489632783
5100580614932222232,985107,1489632840
4205057495602932972,985107,1489632835
-2560150132187769825,985107,1489632837
5512189469956894393,985107,1489632804
-2800120730114032592,985107,1489632805
5073611933374361107,985107,1489632825
604115733830351551,985107,1489632805
-1341820571203586747,985107,1489632785
-74411590393073320,985107,1489632810
-3516680881400784743,985107,1489632830
-7636210527719962650,985107,1489632797
-5717851994820408490,985107,1489632800
-6241283773699427333,985107,1489632805
811158756679898618,985592,1489632787
-8555543818845763530,985592,1489632813
-74283905700084672,985592,1489632788
9088869109918602509,985592,1489632803
-2423196795581284667,959963,1489632820
-2275182707685545410,985229,1489632833
-285196624230753296,985229,1489632795
8165538008445520398,985229,1489632839
-1334812528048205229,985412,1489632805
-7797731739016445101,960234,1489632839
-4113174440294003679,848022,1489632820
-5038605612512777268,985283,1489632802
-5940623304435036052,985723,1489632840
-6927898659367688666,985723,1489632811
9211176269779432986,985723,1489632832
-2732853948702812878,985723,1489632832
-4608787572106269905,985723,1489632836
8546085242741211491,985723,1489632789
-7047150252316824439,985723,1489632842
4615005164924061985,985723,1489632816
-2350728293242230485,985723,1489632824
6759490274460473601,985723,1489632817
-9033871411943340784,985296,1489632785
-2818780523766977220,985296,1489632819
-6269844663894684471,985296,1489632814
7126690009354263616,985820,1489632795
8267834421140894093,985820,1489632816
-1725796196496789974,985820,1489632801
8809529307913803212,985820,1489632784
-5864246369232934871,985820,1489632838
1140177750034891463,985074,1489632806
3528557062737832094,985074,1489632840
-16786285008619945,984803,1489632823
-3622712524172664672,984964,1489632813
7426800457506523462,985801,1489632809
-896300358650602219,985801,1489632824
-4735594992504004822,985801,1489632782
2463675329758574154,985801,1489632830
6565795914502637998,985801,1489632791
4455651406612369244,985801,1489632831
-3739851953737735215,985801,1489632835
8736787615077181686,985801,1489632826
3173649266457300727,985801,1489632783
-3130283896574143937,985801,1489632828
2259912630316922609,985801,1489632791
2114799739168475144,985801,1489632825
2180129731241803580,985801,1489632791
-3198078926819106795,985801,1489632796
-7229070609740795373,985801,1489632819
8854975205637215469,985801,1489632822
6106792080572455698,985801,1489632793
1983141468477761682,985801,1489632800
6365201904405074874,985801,1489632792
8156142016088487228,985801,1489632833
-5610965554012621233,985801,1489632817
4046265095858490633,985801,1489632819
-8234263929275005990,985801,1489632825
1154349960743969707,985801,1489632831
1540062320066623773,985801,1489632837
-8250292545644423642,985866,1489632811
5416775061277086454,985866,1489632797
-4712846514524729999,985866,1489632788
8288996710211141572,985866,1489632788
-1957196371154923084,985685,1489632839
-5138601991940809842,985481,1489632831
-5557066163262372252,984325,1489632817
-4467273611672329159,984325,1489632785
-5744673771583675597,984325,1489632826
2874142368529676490,984325,1489632840
-2935739372465521608,985833,1489632805
5379464839891158581,985833,1489632784
-6401616443260511651,985833,1489632822
4663417638430084663,985833,1489632812
-1411827616110189753,985833,1489632784
-1618040729577368140,985833,1489632832
8929107925959343672,985833,1489632839
7391061102048882039,985833,1489632789
1027935344974608641,984816,1489632810
-2367958440456399647,985175,1489632832
945519581115073031,985175,1489632829
-3339200984847480103,985175,1489632797
-427266194939414695,985768,1489632813
-4698987011142374155,985768,1489632817
4022222949858229049,985768,1489632833
-3516680881400784743,985559,1489632821
83827833135366736,985559,1489632834
-7930387225529459766,985745,1489632812
-5640959586879307388,985745,1489632817
-1136836355426356821,985745,1489632794
1259238634004439313,985745,1489632827
-277671203409713869,985745,1489632824
8965212471793948363,985745,1489632824
-4223234834967093157,959945,1489632834
1209485664493929313,959945,1489632834
3882321658607902238,985763,1489632807
8321145036952301855,985763,1489632831
-4698987011142374155,985763,1489632782
4022222949858229049,985763,1489632806
-7299890013835886773,985763,1489632833
-1640642535503230886,985763,1489632836
-7925290361762582103,985577,1489632822
4022222949858229049,985761,1489632839
-6936420970132704420,985761,1489632812
2001855732003954500,985761,1489632824
-2275182707685545410,985626,1489632789
-386627249128617915,985626,1489632818
-5266035481192499408,985626,1489632797
4993063081585546420,985626,1489632821
-513123088730887830,985626,1489632803
7101715902789179798,985626,1489632833
-275714711294174814,982335,1489632824
6988045222766659518,984510,1489632825
-5694465546230610174,984510,1489632814
62395823590559735,984510,1489632816
-5601783960039810599,984510,1489632841
3664363168171222793,984510,1489632789
-8555543818845763530,985608,1489632841
-3619840812868582398,985608,1489632822
2938355460652953217,985608,1489632797
7987489736632902927,985608,1489632825
-74283905700084672,985608,1489632802
-6989796672124698825,985211,1489632824
8741039597910408324,985211,1489632788
-2076220255794087134,985793,1489632800
4949240644342193572,985793,1489632827
-1022550062092646882,985793,1489632824
6623982198896411138,985793,1489632813
-285196624230753296,985793,1489632800
484102103304244582,985793,1489632825
8396204480105020103,985793,1489632784
6425715908298697213,985793,1489632822
2591245159324279519,985377,1489632804
1624979191471102840,985026,1489632811
-9176375528880944536,985192,1489632822
-3746540150031537428,985784,1489632786
4352596571171407388,985784,1489632806
-1640642535503230886,985784,1489632799
4022222949858229049,985784,1489632787
5433906600964557033,985784,1489632841
-2472210369471306371,985784,1489632794
8321145036952301855,985784,1489632809
-5432419517268318169,985784,1489632796
-2113209569804646020,985784,1489632828
6734951270286982108,985668,1489632797
4770751218923419235,985661,1489632832
-5007371570974459438,985259,1489632819
2871753300924453912,985507,1489632803
-7575387587679145407,985507,1489632816
-5102827800157469101,985507,1489632786
-212014681708965115,985507,1489632821
7295207298313900744,985507,1489632821
1806994173092154558,985507,1489632823
-729556199031479159,985507,1489632826
-5741845454737310358,985507,1489632792
2931427248695048094,985507,1489632806
-8805946678355571028,985507,1489632833
-1359268901569355954,985507,1489632796
-3902071323889422604,985507,1489632807
8119352799472921204,985507,1489632806
-6927898659367688666,985507,1489632784
-1078280442701183549,985885,1489632810
7110982667994543232,985885,1489632817
-7632552953027843769,985885,1489632811
-8504963101182744448,985885,1489632802
-4270211580624745885,985885,1489632829
6593632311813651391,985885,1489632820
2418840052541143987,985885,1489632816
7767423611823401013,985885,1489632816
-8346141025314310850,985885,1489632784
3872237826907999339,985885,1489632836
-3349435267042107677,985885,1489632789
-6703533716441142094,985885,1489632800
-1318718250615549048,985885,1489632795
-1609713279303656065,985885,1489632824
5762819646779055249,985885,1489632795
7839165434219354476,985885,1489632833
5079601102115322082,985885,1489632811
-7402211286541567949,985885,1489632841
-2411567693990715377,985885,1489632818
1535119260887233462,985885,1489632813
3884239032477168950,985885,1489632809
-327481338219945566,985576,1489632828
7643103320576759904,985576,1489632822
3308705839366901978,985576,1489632837
-292200705928141222,985576,1489632811
4667604900722130178,985576,1489632790
5805145854793946631,985576,1489632822
-856498743724093766,985576,1489632812
-6781485821284466353,985576,1489632793
-7877208200538435750,985576,1489632783
-8369538945012015449,985576,1489632831
-5844854990405487639,985576,1489632794
2916890380607763038,985576,1489632818
4648380063851306524,985576,1489632800
-9020307489790444397,985576,1489632823
-8686172136254420994,984299,1489632833
-4874806849123585403,985614,1489632835
-8555543818845763530,985614,1489632790
3234841875722622429,985614,1489632797
1027935344974608641,984956,1489632802
-7162853333743843891,985703,1489632811
963686596650338171,985703,1489632822
-5222759084125522672,985703,1489632801
3679932251541301562,985786,1489632784
-3365066412499464054,985786,1489632831
-3941274190528253274,985786,1489632832
-2944998870322336968,985786,1489632837
7359655732871402754,985786,1489632809
-1209059770607249917,985786,1489632824
83827833135366736,985578,1489632804
7607508624678583667,985578,1489632831
2481703191277050214,985573,1489632835
-5041654231975010024,985528,1489632788
6946969859045479832,985528,1489632802
2507256410882319488,985528,1489632830
-6790658397036315809,985841,1489632816
8218334802917651473,985841,1489632840
-7183102438777599696,985841,1489632805
-1334514157915872286,985841,1489632815
-532228312265520676,927617,1489632841
-7299890013835886773,985779,1489632809
-1640642535503230886,985779,1489632820
-2472210369471306371,985779,1489632813
-3746540150031537428,985779,1489632800
4022222949858229049,985779,1489632799
-5432419517268318169,985779,1489632806
4352596571171407388,985779,1489632813
8321145036952301855,985779,1489632814
5433906600964557033,985779,1489632841
5247466788511277854,141318,1489632805
-1334812528048205229,985443,1489632805
-5007371570974459438,985273,1489632795
262688071122468574,985612,1489632820
-9210494449999289306,985612,1489632833
-8426312464350173413,985612,1489632800
-2759586180347743209,985764,1489632814
-427266194939414695,985764,1489632797
2916890380607763038,985764,1489632790
-4698987011142374155,985764,1489632813
4022222949858229049,985764,1489632832
-6242792500038595152,985764,1489632794
1792646576270874440,985764,1489632838
3882321658607902238,985764,1489632807
8321145036952301855,985764,1489632831
-5752891531922469324,985773,1489632787
-8821426422810000656,985773,1489632807
7144566084402497513,985611,1489632834
-3516680881400784743,985611,1489632818
8118479554653150046,985611,1489632818
2308441017483551016,985611,1489632831
-7292373986036732966,985516,1489632800
4828758755638922496,985516,1489632790
-4141051235056900767,982346,1489632792
-2112020572534350271,985858,1489632792
6922427877798807231,985858,1489632838
768796140202647987,985858,1489632792
7961264464329199209,985858,1489632799
-9058688011440919004,985858,1489632830
-2432175018965167374,985858,1489632842
872192498848302258,985666,1489632788
4026575786997437728,985666,1489632819
-1136836355426356821,985704,1489632833
-873455300979594516,985289,1489632825
3647156779814746767,881334,1489632821
-695263508919925197,985254,1489632788
-873455300979594516,985254,1489632823
7329481259798649459,985254,1489632815
-6127511854042918532,931788,1489632808
-7756441288356771491,985724,1489632798
-6416959971705560821,985724,1489632791
-8438654276685516828,985731,1489632832
8282956786044168529,985731,1489632796
-146502678511407856,985731,1489632809
8288996710211141572,985631,1489632788
6759490274460473601,985631,1489632817
-8926411611265180645,985631,1489632836
-3530795257813013856,985631,1489632789
-5470798207504498854,980579,1489632826
-3633287559869194355,985385,1489632827
-6417500286730979993,985769,1489632797
459126229219886834,985769,1489632807
-1072389134162920774,985769,1489632839
3853272965686721217,985769,1489632825
-2911775718571336324,985769,1489632821
-7276211214069126936,985769,1489632783
-5900272552150903388,985769,1489632789
-5588535607681211118,949854,1489632827
-5864246369232934871,985830,1489632784
-1411827616110189753,985830,1489632819
4417623013449185420,985830,1489632797
4043091820209668271,985830,1489632825
-2658641262424937383,985830,1489632823
4663417638430084663,985830,1489632838
-5756156406225058109,984934,1489632806
1774193865504366146,984934,1489632839
-5011478357087278333,985877,1489632836
5733478103030724692,985877,1489632819
9114807589915784086,985877,1489632785
8562604931744133524,985877,1489632817
4403090273548966097,985186,1489632813
-7756441288356771491,985639,1489632840
-39340172916830550,985341,1489632813
9084323665711667143,985835,1489632808
-8905491627101308528,985835,1489632832
-8373018786015662525,985835,1489632827
-1618040729577368140,985835,1489632805
7805759466219076783,985835,1489632833
-840943826290721369,985835,1489632841
8929107925959343672,985835,1489632829
-7292373986036732966,985537,1489632782
83827833135366736,985537,1489632815
8282956786044168529,985750,1489632827
-3762292774800281591,985424,1489632783
2510972944662834182,985424,1489632812
-7575387587679145407,985424,1489632840
9005859876338866655,985424,1489632821
8767909509195052646,345682,1489632824
-5025897708549008107,985729,1489632830
8118479554653150046,985517,1489632817
-3516680881400784743,985517,1489632813
-5741845454737310358,985517,1489632831
6785593063425961626,985474,1489632786
7178588051213677871,985655,1489632830
-388555159109474477,985670,1489632806
-6927898659367688666,985670,1489632826
-3902071323889422604,985670,1489632807
-4822201742532494113,985670,1489632801
-4374193700990650723,985670,1489632790
-8944726239246973742,985670,1489632806
4615005164924061985,985670,1489632833
6975270607384685546,985670,1489632795
-1779800354553529756,985670,1489632835
9052267513737122995,985290,1489632832
-1737364734174501217,983392,1489632811
3979358005167240368,985766,1489632797
6328415020500536090,985497,1489632827
-7373077062426168553,973553,1489632828
-6347738530898523243,985415,1489632833
7980161592564471485,985415,1489632840
5416775061277086454,985863,1489632829
3682472266272599642,984909,1489632819
7779250095680162813,985171,1489632826
-1580159787773357736,985171,1489632819
4137420501175766729,984538,1489632808
7309088272487681648,985726,1489632817
-146502678511407856,985760,1489632807
8282956786044168529,985760,1489632791
6743105394509728647,985760,1489632783
-7144314141206184431,985555,1489632832
2524183309719111705,985555,1489632796
5532780767138936821,985555,1489632830
-7782159605464055413,985555,1489632814
2940842905738150064,985555,1489632815
-5894655745107092898,985555,1489632818
-7316717548100720988,985555,1489632798
3664363168171222793,985555,1489632828
-8481408877957569103,985555,1489632841
-1361505050780015826,985082,1489632837
-3633287559869194355,985500,1489632824
-5122295123947234763,984329,1489632811
-505357594570838998,985811,1489632795
6688718372054713139,985811,1489632813
8809529307913803212,985811,1489632795
-1725796196496789974,985811,1489632822
4020135922142660469,985879,1489632812
5733478103030724692,985879,1489632808
9114807589915784086,985879,1489632783
8562604931744133524,985879,1489632815
-573678199546808108,985879,1489632783
9005467197703917136,985879,1489632797
7874197669384327586,985879,1489632828
-5009135586595977386,985879,1489632836
-7702575373026555347,985879,1489632824
7273395478121487724,985879,1489632791
7084079813518307334,978401,1489632798
-5138601991940809842,985482,1489632831
6785593063425961626,985482,1489632786
-9179483812080334576,985807,1489632815
-7619233153641086859,985807,1489632813
-1465738762194174799,985807,1489632815
4971165694939773204,985807,1489632835
-4172075515060616537,985807,1489632835
-2343602661431205213,984148,1489632801
-1682861884468156456,985832,1489632839
4043091820209668271,985832,1489632811
4663417638430084663,985832,1489632786
7391061102048882039,985832,1489632789
-1618040729577368140,985832,1489632821
-6401616443260511651,985832,1489632796
8929107925959343672,985832,1489632839
-8373018786015662525,985832,1489632827
-840943826290721369,985832,1489632842
-8905491627101308528,985832,1489632832
9084323665711667143,985832,1489632808
-8051053766079751676,984471,1489632787
2064455606355350981,984471,1489632822
-8666965853756960359,984471,1489632819
-5608859487714982748,985691,1489632816
-6927898659367688666,985691,1489632831
8791708254805512119,985691,1489632817
-401238393060727887,985691,1489632786
517453182574656382,985691,1489632833
-7070055438507139025,985691,1489632827
5513400475334437855,985691,1489632785
-5744673771583675597,985691,1489632826
-3294367349243281561,985691,1489632797
-4463350362070162009,985691,1489632827
5377260828179556598,985691,1489632792
-1609105654427471843,985691,1489632833
720678603595777709,985691,1489632792
1612767386784225509,985691,1489632811
5805949486033587915,985691,1489632811
-8279852846679778957,985691,1489632784
-496085183311238951,985691,1489632800
5514081647998251267,985691,1489632784
2210627494788412806,985691,1489632798
-7467698191720759922,985691,1489632830
5412419390062417490,985691,1489632817
-3476548108211347120,985691,1489632813
-7970000636229831579,985691,1489632832
2229117892963651995,985691,1489632841
8309739375600863993,985691,1489632785
-5904033371890416040,985691,1489632803
6002838148957576604,985691,1489632820
576904087149089406,873574,1489632836
-8665717862909433376,77459,1489632815
-4063241278173943170,985794,1489632837
3853272965686721217,985794,1489632821
-2911775718571336324,985794,1489632819
-5900272552150903388,985794,1489632788
-1072389134162920774,985794,1489632834
3372907273657874277,985794,1489632829
-8816550022079197463,985794,1489632809
459126229219886834,985794,1489632801
-4735594992504004822,985794,1489632827
-5465680742554137558,985794,1489632814
8111426842585898099,985794,1489632797
4455651406612369244,985794,1489632831
-896300358650602219,985794,1489632824
2259912630316922609,985794,1489632791
2114799739168475144,985794,1489632826
1590970393012315486,985794,1489632816
-1162309270849947991,985794,1489632838
3173649266457300727,985794,1489632783
-7751453446443731752,985794,1489632832
1574344434124103780,985794,1489632792
8736787615077181686,985794,1489632826
6565795914502637998,985794,1489632791
-5329184602353875491,985794,1489632831
2180129731241803580,985794,1489632794
-3739851953737735215,985794,1489632835
4046265095858490633,985794,1489632842
-3130283896574143937,985794,1489632828
2774616759456979269,985794,1489632819
-8269121744755732281,985794,1489632813
-6601408689045996500,985794,1489632838
-2676830556293478090,985794,1489632837
-6736502811837017210,939620,1489632794
-4700837530105427707,985563,1489632798
-5465680742554137558,985563,1489632834
1027935344974608641,984812,1489632810
5192608517910825860,985610,1489632813
3395064765764247164,936838,1489632806
6459476357166077099,936838,1489632801
6205252245106994114,936838,1489632832
7961264464329199209,985859,1489632799
6922427877798807231,985859,1489632793
-9058688011440919004,985859,1489632830
-2432175018965167374,985859,1489632842
51490901712204801,985859,1489632820
-6873670425846876422,985710,1489632836
-1562346522053950926,985710,1489632804
5879438968837542504,985710,1489632837
-3338994997944812338,985710,1489632837
8621217531876965788,985710,1489632784
-7467698191720759922,985710,1489632807
-119305526923766209,985710,1489632819
-8904593157277491018,985710,1489632785
-5626920688787237874,985710,1489632832
9028217280856703993,985710,1489632826
-2942672483222302980,985710,1489632831
-2354371652446477006,985710,1489632813
7349140199771189456,985710,1489632812
6991737592150690841,985710,1489632799
-6822938002270967105,985710,1489632796
5671909327169369171,985710,1489632830
-7970000636229831579,985710,1489632832
7186343854734522494,985710,1489632836
-734537706654380113,985710,1489632836
5729119560209174379,985710,1489632815
-74283905700084672,985594,1489632802
-8555543818845763530,985594,1489632821
-4712846514524729999,985867,1489632783
-256129833064637192,985867,1489632806
6095320886016273792,985867,1489632830
-3567049337399486201,985867,1489632831
7643103320576759904,985867,1489632822
-1291702157964189245,985867,1489632830
668395801642381598,985867,1489632803
-6759240057203977821,985867,1489632828
5243666652411965985,985426,1489632835
7980161592564471485,985426,1489632824
-6790658397036315809,985844,1489632833
457631015869049121,985460,1489632825
-6545526445388237465,985460,1489632824
-7045203140337957576,985460,1489632833
2063651133178548013,985460,1489632810
1292109118595991138,985445,1489632829
-3089480027986938463,979735,1489632799
-5038605612512777268,985295,1489632802
-6217362433547321182,985295,1489632830
6629153542808965998,985295,1489632828
-1957196371154923084,985679,1489632839
-7236388742370101836,985796,1489632803
-8174939301859952626,985796,1489632796
5260926598638464994,985796,1489632833
2114799739168475144,985796,1489632785
-3135551788946927969,985796,1489632817
708384698261950849,985796,1489632834
-6674032745367409714,985796,1489632805
-1465738762194174799,985796,1489632840
-1160134357122606514,985796,1489632819
8554103511284682794,985796,1489632788
-2973399178310611726,985796,1489632815
-5156462703677000729,985796,1489632789
7945743008163720899,985796,1489632827
4133568861131905095,985796,1489632813
2206832749153247638,985796,1489632796
737116871874195712,985207,1489632805
-1580159787773357736,985142,1489632815
2722135576097138317,985486,1489632841
-5481611078067055190,985486,1489632819
4615005164924061985,985486,1489632792
431513428520166400,985486,1489632815
7779250095680162813,985276,1489632812
8767909509195052646,345193,1489632831
-4172075515060616537,985808,1489632833
-7619233153641086859,985808,1489632788
-5011478357087278333,985808,1489632786
-1465738762194174799,985808,1489632805
5493728852190293600,985808,1489632822
-985747610650357268,985808,1489632787
49869079405394200,985808,1489632796
-4223234834967093157,959906,1489632834
-5756156406225058109,984932,1489632828
5201441869193042857,985810,1489632794
-4172075515060616537,985810,1489632791
5493728852190293600,985810,1489632822
-1465738762194174799,985810,1489632801
49869079405394200,985810,1489632796
1567967825555583739,985810,1489632814
-2360018887665550301,985810,1489632796
-8937214185330333021,985810,1489632820
4444755398256443249,985810,1489632806
2815395190393303377,985616,1489632790
-1609105654427471843,984717,1489632833
-4463350362070162009,984717,1489632787
1585911285636406919,984717,1489632799
4941361276799335853,984717,1489632815
1170195643110545298,984717,1489632823
-7299890013835886773,985739,1489632833
-1640642535503230886,985739,1489632836
8321145036952301855,985739,1489632822
4022222949858229049,985739,1489632804
-2472210369471306371,985739,1489632813
-5432419517268318169,985739,1489632806
-3746540150031537428,985739,1489632800
6796796467507198952,983683,1489632827
1416065279482157506,985007,1489632809
-1574865579311425175,974481,1489632801
9088869109918602509,985603,1489632803
-74283905700084672,985603,1489632785
-8555543818845763530,985603,1489632798
-8422648635096001491,984462,1489632830
-526105537595580560,984462,1489632837
-2479330116396747258,985347,1489632787
1199749654206353683,984435,1489632803
9005859876338866655,985650,1489632835
842533381087340175,985650,1489632833
-5912123124212655007,985650,1489632789
-985747610650357268,985650,1489632827
5129882652169762622,985650,1489632841
