4124313476650062815,985944,1489803868
-1389459302476850693,981213,1489803894
6210342030645350113,981213,1489803851
856602813132671537,986861,1489803900
-3553642314407146690,986861,1489803856
-6764966638785298994,986165,1489803880
-4846416480833412195,986071,1489803897
-711572176020073097,986766,1489803861
8429717834222635184,986766,1489803865
5528783956793345355,986766,1489803866
-5148429248136304485,986520,1489803878
1835533023087048027,986520,1489803874
8609906875968085939,986007,1489803892
4686972117404617829,986884,1489803871
-8273125701214005806,986884,1489803853
-6689007980476470449,986884,1489803893
-3855907623397736917,986884,1489803903
7250912399435632231,984785,1489803849
4303921392590601460,986544,1489803854
3759438521004402532,986340,1489803901
-5417143602375405534,986734,1489803891
4806579389320303555,986734,1489803890
-8617658598620151658,986880,1489803849
4686972117404617829,986880,1489803895
-6689007980476470449,986880,1489803893
8785715166381063450,986891,1489803889
-7069534130467684414,986891,1489803860
4652362745470416155,986891,1489803885
37746209867694817,986891,1489803863
-8277745021178820228,986891,1489803890
-8158230640959601084,986891,1489803868
8370992443600532453,986891,1489803893
-2814833758573518347,986891,1489803873
-3525873452960766405,986891,1489803864
-1652807652113366143,986891,1489803864
-2943583869630503903,986891,1489803899
-5272363973885456380,986891,1489803882
278499854446538200,986891,1489803897
-7185686516342048616,986891,1489803872
6790336437758439060,986891,1489803858
8070878184471980903,986891,1489803888
-6550689712057993706,986891,1489803895
-7527603579859713882,986891,1489803897
-4768272790583137820,986891,1489803900
-796570804032707926,986891,1489803843
-2949266405194985942,986891,1489803866
3753689942396940684,986891,1489803877
-4527887906985182346,986891,1489803886
1018444807573471983,986891,1489803876
7525282391927079030,986891,1489803898
-470320342445077995,986891,1489803894
2181786831059645318,986891,1489803850
-8145760115970451239,986891,1489803843
4622786189324563185,986663,1489803853
-4183546334923352732,986679,1489803859
-2423236011059016488,986679,1489803884
2747022520000250638,986702,1489803901
-4846416480833412195,986702,1489803876
7324390745279343533,986702,1489803872
643644499665918997,986702,1489803855
5934077670063398624,986702,1489803858
1375263912060967009,986702,1489803857
8397588737497994804,986828,1489803864
7555833545988849899,986828,1489803860
6311596788427469294,986479,1489803852
-5970826534198765,986826,1489803889
-8803970374993129553,986826,1489803901
4119079720475572169,986826,1489803877
-1537950250589156260,986826,1489803902
-4332841402575238501,974441,1489803853
-4916742521367743656,974441,1489803881
-5111307425489947087,986442,1489803853
-7075473796623574194,986719,1489803845
-7002124541377393085,986719,1489803883
6448801457610138180,341190,1489803872
-6113207518136109788,915353,1489803892
-3081308634574945189,986811,1489803902
-9065133112086652440,986570,1489803847
-4645419518202368617,986730,1489803847
-711572176020073097,986801,1489803881
5528783956793345355,986801,1489803878
8429717834222635184,986801,1489803865
4414639565540398895,985691,1489803875
2306344335014036124,986634,1489803890
-1505365992998995536,986634,1489803892
4119079720475572169,986838,1489803869
-5073296366892167195,986838,1489803864
945547351185447875,986838,1489803845
-3815758925318288781,986838,1489803884
-1537950250589156260,986838,1489803895
-4283584492446853651,986838,1489803885
-8803970374993129553,986838,1489803850
-2898626844338199788,986838,1489803895
1776502129752699395,986838,1489803871
-1553743168167364031,986838,1489803894
828573319025061722,986838,1489803863
-3096831413924357389,986225,1489803864
818054987701991992,986745,1489803890
-2943583869630503903,986893,1489803857
-4768272790583137820,986893,1489803881
7525282391927079030,986893,1489803897
-5478832804806937199,986893,1489803889
-6313197826419025907,986893,1489803901
278499854446538200,986893,1489803863
2867319740754603133,986893,1489803864
7312912851483458973,986893,1489803898
5084663436515731268,986893,1489803875
6029902061426725536,986893,1489803863
6009837297799979504,986893,1489803886
-3995062300492249800,986158,1489803849
-8647213037199678669,986873,1489803859
-4199603249884405420,986873,1489803876
-8617658598620151658,986873,1489803900
-2384086501980054219,986873,1489803860
3003247513397936387,883500,1489803862
-7092798683070986000,983270,1489803899
-5815977175333473899,922473,1489803846
5470837147630307528,986768,1489803892
5528783956793345355,986768,1489803891
-5708755784099484570,908826,1489803844
179118608370397888,986501,1489803878
-5170778390193369168,986501,1489803884
1048742404578913549,977232,1489803885
4695238684293482843,942449,1489803861
3622789073245324126,918093,1489803894
-7403131150732846889,54698,1489803882
6113944853428548503,881681,1489803886
-4912726628238975396,986381,1489803895
-7211757792997352485,986381,1489803903
5556973628752228810,986381,1489803900
1953547670598753588,972937,1489803901
-2031216225766333745,972937,1489803871
-2425567042752735428,986191,1489803851
687185989461718990,167006,1489803853
2499150519794993878,986881,1489803888
2870809068162800092,986881,1489803846
-8362000257484986515,986881,1489803891
-6122517504462496857,986881,1489803897
-2983574552382089532,986881,1489803859
-3067374480448103125,986881,1489803894
4686972117404617829,986881,1489803895
-2195209881210725416,986881,1489803889
206866605280244231,986620,1489803879
-8803970374993129553,986835,1489803889
-3815758925318288781,986835,1489803899
4119079720475572169,986835,1489803877
-1537950250589156260,986835,1489803902
945547351185447875,986835,1489803846
5470837147630307528,986750,1489803900
5528783956793345355,986750,1489803898
-6689007980476470449,986882,1489803852
2428915873933566857,986882,1489803900
-3855907623397736917,986882,1489803903
-3677233973030628128,986882,1489803854
8963493026258363429,986683,1489803886
-551684735926492275,986223,1489803851
-6041518685264040707,985935,1489803853
-4623585786953554608,985935,1489803873
4239394759308993443,986604,1489803887
563360915972182622,986817,1489803852
-622835315262620393,986817,1489803888
-3378261869756845097,986817,1489803887
3057750254197767034,986169,1489803896
-8085287034167959966,980090,1489803861
3326844164932993290,981555,1489803878
4201797701928966350,980487,1489803870
7401831882569533486,986187,1489803850
9190995925104976347,986592,1489803850
-1611031151445989723,986592,1489803854
-923509767818350635,958334,1489803878
-1611031151445989723,986517,1489803884
7034726504846820048,985771,1489803853
825124098719533691,986648,1489803844
1310631995157824113,986648,1489803862
3285077236732956976,986571,1489803863
-28312333951164933,986890,1489803875
4313285214830677511,986890,1489803868
2743082207539892994,986890,1489803849
464921878359254991,986890,1489803846
-7176912570744011589,986890,1489803872
-1516408940996361734,986890,1489803843
-8158230640959601084,986890,1489803877
4652362745470416155,986890,1489803892
6790336437758439060,986890,1489803868
8785715166381063450,986890,1489803899
2063785405246492148,986890,1489803881
3502251349347331764,986869,1489803892
-3232345536076928441,986869,1489803856
-8138721394022802958,986869,1489803859
-2708911723423585965,986869,1489803880
-3995062300492249800,986156,1489803849
-4717143556512145055,873200,1489803865
-6756082340970335472,986807,1489803875
5528783956793345355,986807,1489803860
6311596788427469294,986477,1489803859
179118608370397888,986518,1489803858
-5170778390193369168,986518,1489803873
-8539546819853799994,986518,1489803898
821359579960854006,986518,1489803848
-6325132124567691371,918449,1489803847
-5111307425489947087,986418,1489803870
-622835315262620393,986802,1489803888
-3378261869756845097,986802,1489803887
2326909843826365223,986802,1489803890
2234277827698499314,986802,1489803896
-3855907623397736917,986887,1489803877
6658548565709452055,986887,1489803870
3485563624302450787,986887,1489803900
2743082207539892994,986887,1489803885
-28312333951164933,986887,1489803898
7699288515625012365,986887,1489803885
-1516408940996361734,986887,1489803876
-62436347193821720,985260,1489803874
2059707382495041320,986871,1489803849
44636924949264770,901840,1489803872
-3553642314407146690,986852,1489803877
6788743129315825691,986852,1489803851
647224886618106000,986465,1489803857
-1545468001014953885,925946,1489803886
-8540085985491607344,986575,1489803868
6185170781437363753,986511,1489803879
5904709459294578126,986511,1489803887
-1924442052172938270,981788,1489803903
3923801361347873367,986717,1489803849
624118164526950373,986540,1489803888
906770532017256091,986540,1489803864
-4642507664214954071,986559,1489803902
-755766666828561512,986831,1489803892
-3232345536076928441,986831,1489803851
3502251349347331764,986831,1489803882
-8848666273870696998,986831,1489803863
-8138721394022802958,986831,1489803854
3923801361347873367,986697,1489803899
-4145942215754693103,986697,1489803875
6173864903215874989,986697,1489803895
-2897059891244519269,986697,1489803880
5591939025096681374,986628,1489803867
-3067374480448103125,986628,1489803856
1034427039964116881,986628,1489803889
853386279672058571,986628,1489803865
8420441525322585892,986628,1489803877
7416924485310875342,343759,1489803848
-7390201991108229266,986606,1489803874
7979209571039381359,985107,1489803853
-8540085985491607344,986542,1489803868
-3553642314407146690,986851,1489803888
6788743129315825691,986851,1489803864
3623848163561188634,986794,1489803899
4227617015877410576,906604,1489803898
-1545468001014953885,925757,1489803886
-2244404663692267261,984545,1489803855
4886659877688440778,986729,1489803891
2420112713431892963,986729,1489803870
-5084624926983397023,986729,1489803861
-3460179076203232203,985533,1489803897
5029559083202668479,959233,1489803885
3923801361347873367,986693,1489803895
917268159692902466,986755,1489803861
-8909027070044306162,986755,1489803893
5590100303618241415,985463,1489803864
-923509767818350635,958335,1489803845
-7696421918079504635,958335,1489803849
7699288515625012365,986886,1489803885
3485563624302450787,986886,1489803875
-1516408940996361734,986886,1489803876
-28312333951164933,986886,1489803898
-3855907623397736917,986886,1489803848
5536259385268456957,986762,1489803847
-5111307425489947087,986435,1489803874
5556973628752228810,986144,1489803863
-91739323315928487,986752,1489803890
-5464874687599116620,986752,1489803879
2251675825977048527,986215,1489803892
4244243684814547364,981567,1489803895
-5157327935792045741,986823,1489803891
-8540085985491607344,986671,1489803843
3923801361347873367,986707,1489803865
4826084847738653406,986441,1489803885
-4846416480833412195,986155,1489803886
2747022520000250638,986155,1489803901
5556973628752228810,986081,1489803885
8086551925472678374,978937,1489803893
179118608370397888,985711,1489803888
362893842005118278,948049,1489803865
1270949337120895181,986695,1489803884
4303921392590601460,986695,1489803854
-4275633551855980092,986695,1489803893
-1074142773625998092,986695,1489803852
-1542475892103725281,986695,1489803874
-6391895111953846247,947087,1489803869
-1832099764079892154,950087,1489803881
-8888425723870132178,986467,1489803871
3407917939117685370,986467,1489803891
-3848919260771582671,986696,1489803852
6788665547116003988,986696,1489803894
-9203950170231277366,986546,1489803858
-4846416480833412195,985080,1489803897
-8297483443295651097,985414,1489803868
-8060982648835941586,986736,1489803871
3430609709313456159,985867,1489803860
1077754708073195586,986676,1489803872
844341289527461578,986701,1489803886
4886659877688440778,986566,1489803898
-5154881663588890681,982752,1489803871
1685443064772072365,986468,1489803855
4681039725674642389,986874,1489803880
-4199603249884405420,986874,1489803895
-755766666828561512,986874,1489803844
-8647213037199678669,986874,1489803861
6311596788427469294,986874,1489803883
7242975622911342372,951070,1489803865
-853625206667145187,985318,1489803900
4998502665614550341,986652,1489803852
5729418659488475136,986652,1489803884
5149919905117881146,986652,1489803875
79241533148174671,986652,1489803894
-2982930829490443276,986866,1489803849
-6581461554258184995,986866,1489803895
-4271208424104216748,934107,1489803852
-4061983489357205256,986474,1489803890
917268159692902466,986732,1489803880
2234277827698499314,986820,1489803896
7638076817465274081,986820,1489803881
2326909843826365223,986820,1489803890
-3378261869756845097,986820,1489803861
-1633817965431717136,986820,1489803867
-2508857408831233192,986820,1489803855
906770532017256091,986283,1489803872
-923509767818350635,958309,1489803870
3193841929821247901,986870,1489803865
-8138721394022802958,986867,1489803881
2119746350124335009,986867,1489803884
3502251349347331764,986867,1489803892
4244243684814547364,981568,1489803868
-8138721394022802958,986863,1489803900
-3553642314407146690,986863,1489803844
-4638051975911718706,986863,1489803896
-6753809075120389957,986863,1489803898
546206159621763371,903092,1489803881
8946260972401438376,982729,1489803896
-5170778390193369168,986665,1489803849
818054987701991992,986665,1489803890
-4283584492446853651,986664,1489803899
-8297483443295651097,985563,1489803879
-612679049633888870,889897,1489803885
-3801586694986408168,986464,1489803891
5772532470960201359,986464,1489803876
5273147232688521018,974550,1489803886
1580426059935442408,985972,1489803879
4886659877688440778,986724,1489803898
-5157327935792045741,986787,1489803862
5047674098683025436,986787,1489803895
8397588737497994804,986787,1489803864
7555833545988849899,986787,1489803860
835569101804200763,986787,1489803891
-3072307542404139187,986787,1489803897
206866605280244231,986632,1489803871
4154316565893484362,986632,1489803901
-3807221650775481726,985860,1489803898
-6241265424667634248,986167,1489803893
1048742404578913549,976957,1489803844
-5796085156150436680,986668,1489803859
6337088655787957605,986668,1489803901
757840608314835264,914745,1489803897
697836620909771095,971359,1489803899
-2079873275901925627,971359,1489803871
8425150428786165130,986320,1489803898
-6785203737893462250,976467,1489803902
359727147840814107,876059,1489803873
7416924485310875342,343758,1489803848
7034726504846820048,985672,1489803895
-8986624766916694709,981482,1489803874
7034726504846820048,985761,1489803895
1528610256105340579,986781,1489803843
-1545468001014953885,925709,1489803883
5904709459294578126,986623,1489803887
2322324062427934583,986623,1489803877
2883636388793787279,986623,1489803853
-2207273770410933318,986623,1489803887
-923509767818350635,958276,1489803878
-5084624926983397023,986638,1489803848
-3067374480448103125,986638,1489803857
3655544911874839385,979335,1489803869
8466113058027507847,972031,1489803891
2215797064728961976,972031,1489803860
3923801361347873367,986706,1489803889
8546680290867559377,985894,1489803901
-6845786196983679586,933453,1489803863
5470837147630307528,986786,1489803886
5528783956793345355,986786,1489803890
206866605280244231,986613,1489803900
5590100303618241415,985472,1489803864
-978057353001052451,986799,1489803859
2003996810112118978,986799,1489803879
2346931933174857040,986725,1489803850
5710316926691141178,986843,1489803898
844341289527461578,986843,1489803899
4201797701928966350,981004,1489803860
-3460179076203232203,986241,1489803856
421091142882241255,986241,1489803871
436293631183843548,972614,1489803869
2868565394576968661,986860,1489803852
5891052890214364499,986860,1489803870
835569101804200763,986860,1489803850
-3553642314407146690,986860,1489803857
-1284646394656342923,986860,1489803875
856602813132671537,986860,1489803900
5553634913018323013,986785,1489803860
-4912726628238975396,986211,1489803878
1048742404578913549,978528,1489803885
6448801457610138180,339660,1489803867
-4179353536187117806,986608,1489803877
4124313476650062815,986092,1489803892
-3855907623397736917,986885,1489803887
3485563624302450787,986885,1489803900
490315570546935995,414705,1489803896
-4799496374024717196,986498,1489803887
5710316926691141178,985773,1489803878
-3579239552794982257,986812,1489803856
8746711022293562882,986812,1489803875
-9155960899415264518,986812,1489803856
2870809068162800092,986812,1489803879
-2943536414528710391,986812,1489803867
5528783956793345355,986812,1489803846
-8106589619789261788,986812,1489803884
-7198565323746905703,986812,1489803854
-3081308634574945189,986812,1489803902
-6734640862915395238,986812,1489803888
-4427226977884121222,986812,1489803884
-6295281972827882488,986812,1489803895
835569101804200763,986858,1489803887
2845343167281246547,986858,1489803878
-3553642314407146690,986858,1489803865
-2628789375883617004,986858,1489803888
1981895110038988327,986858,1489803876
5891052890214364499,986858,1489803897
-7641464006009174789,986699,1489803846
-5526741090724422894,986053,1489803853
-2712255382021778485,986053,1489803887
4239394759308993443,986053,1489803887
6788743129315825691,986850,1489803860
-3553642314407146690,986850,1489803881
8689796659478026097,986814,1489803894
-9203950170231277366,986814,1489803883
-978057353001052451,986814,1489803885
563360915972182622,986814,1489803852
-1824351187545440097,986814,1489803875
-7341588919311327409,986814,1489803898
-5111307425489947087,986443,1489803848
6801494472051762400,982380,1489803888
-4283584492446853651,986596,1489803899
-1832099764079892154,981024,1489803894
6788743129315825691,986854,1489803844
-3553642314407146690,986854,1489803868
-4254417209582709080,983859,1489803899
4715286064326222289,983859,1489803857
4695238684293482843,986737,1489803845
5536259385268456957,986758,1489803849
7901176802764807430,986497,1489803857
-6604230239269201852,986497,1489803902
-2967015727170997471,986497,1489803844
-6241265424667634248,986497,1489803875
1532065416911192242,986497,1489803902
4567563383602298678,986497,1489803882
413677312694682585,986497,1489803883
-3259650432413198022,986497,1489803899
-7092798683070986000,985215,1489803860
1077754708073195586,986049,1489803872
44118962008183871,986716,1489803902
-9155960899415264518,986716,1489803898
7606600211264488044,986716,1489803849
917268159692902466,986716,1489803880
4244243684814547364,981565,1489803895
5470837147630307528,986803,1489803878
5528783956793345355,986803,1489803885
4124313476650062815,985962,1489803892
2204868328342392269,985989,1489803884
-5111307425489947087,986431,1489803902
-7845275572032631709,985311,1489803850
5018390912235376236,950287,1489803890
7979209571039381359,984291,1489803884
-4912726628238975396,985950,1489803886
-2384086501980054219,986875,1489803860
-4199603249884405420,986875,1489803868
2499150519794993878,986875,1489803889
-243970012091228846,984799,1489803883
7071119010455334050,986841,1489803869
-2898626844338199788,986841,1489803859
556637471076978465,986841,1489803856
-6622383583913149095,986841,1489803878
8571668280060450858,986841,1489803899
-3498664078999566606,986841,1489803873
-4340991001786309567,986841,1489803857
-2977871277416351863,986841,1489803871
2667374629054245679,986841,1489803883
1461421262475277997,986841,1489803901
7417148762581975932,986841,1489803876
-364670484211738263,986841,1489803887
-3553642314407146690,986841,1489803899
4648281831750964865,986841,1489803851
5531240584257192464,986841,1489803848
-7316717548100720988,986841,1489803874
2116911303299251826,986841,1489803866
-6854872997489950309,986841,1489803846
-7341588919311327409,986841,1489803873
-8085287034167959966,980165,1489803861
1580426059935442408,986514,1489803872
-554653051836590460,986680,1489803863
6311596788427469294,986458,1489803864
-5084624926983397023,986599,1489803856
1893856738607834404,986599,1489803848
-3517792045550857159,986813,1489803853
7699288515625012365,986888,1489803853
3485563624302450787,986888,1489803847
-7176912570744011589,986888,1489803902
-28312333951164933,986888,1489803889
-1516408940996361734,986888,1489803852
6790336437758439060,986888,1489803874
464921878359254991,986888,1489803851
8785715166381063450,986888,1489803902
-5433831826330733126,986888,1489803896
5116475824317242223,986888,1489803892
5376318718709116511,986888,1489803854
-8158230640959601084,986888,1489803877
-934786784289415724,986888,1489803901
-350820239226894935,986888,1489803882
-6846398561175315515,986888,1489803848
3775759484013206927,986888,1489803882
3631952105914169789,986888,1489803887
8037320029979160043,986888,1489803874
8888952507934016457,986888,1489803890
4652362745470416155,986888,1489803892
4715286064326222289,986888,1489803848
-2349767251195111653,986808,1489803848
8689796659478026097,986808,1489803894
-4427226977884121222,986808,1489803889
9127643810164569095,986808,1489803866
-5512669787731998896,986199,1489803888
7229053959715753671,986842,1489803887
-3553642314407146690,986842,1489803899
5083123232800974004,986842,1489803874
-4340991001786309567,986842,1489803872
-5807624645108372778,986842,1489803888
6632945781952494483,986842,1489803865
-2197222105175225471,923922,1489803901
-2082066398639623660,948387,1489803894
-5111307425489947087,986329,1489803879
-5170778390193369168,986572,1489803858
6805228974753060276,986839,1489803847
-2898626844338199788,986839,1489803895
-4283584492446853651,986839,1489803861
-1537950250589156260,986839,1489803855
4695238684293482843,943109,1489803861
-4199603249884405420,986878,1489803854
2499150519794993878,986878,1489803889
-8362000257484986515,986878,1489803891
1685443064772072365,986795,1489803846
-6756082340970335472,986795,1489803845
5528783956793345355,986795,1489803853
8746711022293562882,986795,1489803875
5018390912235376236,950255,1489803890
-1633817965431717136,986818,1489803867
2234277827698499314,986818,1489803854
-2508857408831233192,986818,1489803854
2326909843826365223,986818,1489803875
7638076817465274081,986818,1489803859
-3378261869756845097,986818,1489803851
3066587641450239238,986818,1489803861
3594315346719177371,986818,1489803894
7251106430390994466,986818,1489803871
-5157327935792045741,986818,1489803894
-5512669787731998896,986776,1489803874
7325421079990402372,986776,1489803855
-4642507664214954071,986473,1489803902
206866605280244231,986622,1489803888
7034726504846820048,985779,1489803887
-579804021081696946,986482,1489803895
8218757551279115631,986506,1489803878
-5309736394102211135,986784,1489803880
3337366385793253381,986140,1489803880
-3391392307245638841,895510,1489803864
-2197222105175225471,923934,1489803901
2441423137031414123,344610,1489803873
-329684989888343155,980490,1489803851
1608669926695351666,985873,1489803889
117131962829598465,985873,1489803879
3237247263549391865,985873,1489803843
7555833545988849899,986833,1489803846
853261677581432226,986833,1489803890
-5970826534198765,986833,1489803889
-8803970374993129553,986833,1489803901
2306344335014036124,975858,1489803851
-5309736394102211135,975858,1489803857
-6683208078694888434,986052,1489803887
-3994325265186530203,986094,1489803889
8946260972401438376,986333,1489803864
3620233009415400049,986333,1489803865
2306344335014036124,986649,1489803863
8915227492320095263,986561,1489803897
944529638927505389,986561,1489803857
-3965627165744481373,986561,1489803902
7509071831042624534,986276,1489803858
6024018593269781997,986276,1489803885
206866605280244231,986621,1489803900
-5170778390193369168,986621,1489803853
-1569525686547498907,986720,1489803863
4886659877688440778,986720,1489803860
179118608370397888,986460,1489803886
-4617796364994388016,985328,1489803901
5470837147630307528,986767,1489803900
3594315346719177371,986824,1489803894
7251106430390994466,986824,1489803870
2880513006145999759,986824,1489803860
1522553340612539604,986824,1489803899
-3039153889258049168,986824,1489803886
4987645679071063810,986824,1489803863
4950344833956738158,986824,1489803867
3066587641450239238,986824,1489803859
-6546109604409118168,986824,1489803865
-4523822495723784020,986824,1489803901
-5157327935792045741,986824,1489803894
-4283797019321477962,986824,1489803902
1672770164596192538,986824,1489803888
1402294313261343834,986824,1489803853
-2842987229233304283,986824,1489803875
-7647597207993939791,986824,1489803900
5263629505422011535,986824,1489803898
-5428097771664690917,877086,1489803880
4715286064326222289,981569,1489803891
-5807624645108372778,986847,1489803853
-3553642314407146690,986847,1489803893
-5111307425489947087,986433,1489803892
5729418659488475136,985767,1489803863
-3553642314407146690,986865,1489803848
-8138721394022802958,986865,1489803900
8054582090097393487,986219,1489803850
6632945781952494483,986845,1489803865
-5807624645108372778,986845,1489803888
-3553642314407146690,986845,1489803896
-2967015727170997471,986130,1489803847
-4188552480589662552,933495,1489803854
-8138721394022802958,986859,1489803888
1067477068904842287,986859,1489803889
-3081308634574945189,986806,1489803891
757840608314835264,986806,1489803865
8429717834222635184,986796,1489803848
5528783956793345355,986796,1489803862
3923801361347873367,986710,1489803876
4313285214830677511,986892,1489803865
-8277745021178820228,986892,1489803901
8785715166381063450,986892,1489803897
6790336437758439060,986892,1489803864
278499854446538200,986892,1489803899
-5272363973885456380,986892,1489803882
-2943583869630503903,986892,1489803899
-7185686516342048616,986892,1489803872
8370992443600532453,986892,1489803893
-1652807652113366143,986892,1489803864
3502251349347331764,986868,1489803860
-755766666828561512,986868,1489803872
-6500762643010845719,986868,1489803844
-1853174108281445440,986780,1489803890
-8009434589612705159,986780,1489803871
-5309736394102211135,986780,1489803880
56679454292961897,984734,1489803896
7673674960590309291,986551,1489803869
-3609128498587987713,986551,1489803855
56679454292961897,985737,1489803895
1981895110038988327,986856,1489803876
2116911303299251826,986856,1489803863
2845343167281246547,986856,1489803845
5891052890214364499,986856,1489803897
-2628789375883617004,986856,1489803887
-3553642314407146690,986856,1489803862
-1999995126336819212,986856,1489803897
-755766666828561512,986872,1489803852
4681039725674642389,986872,1489803881
1889686040778877251,986872,1489803876
-4199603249884405420,986872,1489803895
-8909027070044306162,986742,1489803893
917268159692902466,986742,1489803848
4886659877688440778,986733,1489803885
-8077639136009389315,984449,1489803877
-8138721394022802958,986853,1489803851
3502251349347331764,986853,1489803875
5204894861189664799,986853,1489803856
-755766666828561512,986853,1489803875
5312975745453358381,986528,1489803881
-3904239573538049617,984739,1489803850
7024974216829733544,984739,1489803858
-8016501620282987717,984739,1489803892
4772909251076872321,984739,1489803890
-3721281780104869667,984739,1489803860
5987736888909453671,984739,1489803848
-7710034078968753511,984739,1489803899
-4749217905307554511,984739,1489803877
-5776772966607793495,984739,1489803902
-1533849323988506669,984739,1489803889
3418954635238941493,984739,1489803846
3923801361347873367,986584,1489803858
-8540085985491607344,986584,1489803850
-2400215819391068258,986336,1489803866
-3916071851883137173,986336,1489803885
1979686949604438212,986336,1489803885
7658139920681783639,986336,1489803875
4886659877688440778,986735,1489803854
-8436891659983325948,986735,1489803871
-4645419518202368617,986735,1489803847
2166924383483311128,986735,1489803898
