-708307238880386855,987268,1489974436
7705165535208887020,987268,1489974474
-5845979022190835974,987213,1489974440
-7131316692242323611,985022,1489974452
5214428859866127787,986682,1489974434
1630319132798218253,986682,1489974477
386958028835697191,986682,1489974440
198542555318604470,986682,1489974467
6837143381589734517,986682,1489974478
-4355034883125046096,986682,1489974457
2451594717762997008,196704,1489974444
-1917996499211260179,987351,1489974482
-8768504427259062259,987351,1489974479
43030601896803314,987351,1489974441
2845521535448223613,987351,1489974458
-3311513794617507662,987351,1489974482
6976515117753242741,987351,1489974456
8527877500089206711,987351,1489974469
-2835782394715537075,987222,1489974427
5036274842295007647,986712,1489974472
6929605157303426522,986684,1489974456
-4949709431664680024,987294,1489974464
9015355803736626613,987294,1489974461
-2558409230119349132,987294,1489974446
-4840122553184943832,987294,1489974428
3782961222655540374,987294,1489974439
-2552293169092622907,987294,1489974460
-6973770633023583585,987294,1489974462
7825720832079262498,974441,1489974461
-877021321205062455,974441,1489974483
4811458438930846953,974441,1489974425
2569104445976712295,974441,1489974444
-1423553445929600062,987194,1489974454
-1548388133542093157,987237,1489974442
6129508265432620816,987237,1489974459
-1548388133542093157,987235,1489974459
-1647162065497271491,987235,1489974464
2423511433973746172,987310,1489974432
1101878502319324642,987310,1489974434
1101878502319324642,987278,1489974478
-2012732020061187438,987130,1489974461
1790031506456241733,987333,1489974482
-426709107956571367,987333,1489974456
1722282824054738054,987333,1489974464
1166647196040840128,987333,1489974478
-412770468130802768,987333,1489974456
2902463583576467054,987333,1489974443
23673299018460199,987333,1489974462
7480799282954860069,987333,1489974440
3326222497896331274,987333,1489974437
-9134607975361311441,987333,1489974481
-8182795537177529358,987333,1489974439
-2051785797938640684,987333,1489974456
7996526517939614226,987333,1489974434
8643421993167021902,987333,1489974438
-8946497649484163093,987333,1489974457
7154011378481146358,987333,1489974472
6301854986451582388,987333,1489974474
-5219325052650382426,987333,1489974460
360384985565709827,987333,1489974461
9064962416002747344,987333,1489974438
-7523682341464811223,987333,1489974479
1623083694197215592,987333,1489974429
-2537437250027526517,987333,1489974481
-6348729104773063089,987333,1489974453
3086004323199118343,987333,1489974431
-8615220815253293912,987333,1489974455
8279646287096808872,987333,1489974437
6543590690706958851,987333,1489974454
2632425867519854234,987333,1489974451
-5333869634297236312,987333,1489974436
-2356453623921917521,987206,1489974448
8038594628298529333,987206,1489974426
-6475391573237068527,987206,1489974443
4936008153451820370,987206,1489974464
5257537754128830014,987206,1489974439
5055535867847913348,987347,1489974460
5513486464289874530,987347,1489974469
1303770719219368950,987347,1489974472
-566720301839125698,987347,1489974448
-9001428253604011143,987347,1489974453
8474848224040243664,987347,1489974439
-8026774112367138637,987347,1489974453
2845521535448223613,987347,1489974480
1101878502319324642,987347,1489974468
-1203742411914888970,987347,1489974445
-3900585186651778511,987347,1489974471
-1125238345292344327,987347,1489974451
2706122531761898222,987347,1489974443
2379783497080090924,987347,1489974472
6714147722831316141,987347,1489974480
7886938728496524990,986788,1489974467
-1026404558036192309,987298,1489974430
-1725151321775464471,987242,1489974431
-1702011027146113282,987242,1489974482
-861750792119351868,423707,1489974476
-7074440699713186898,985590,1489974484
1914957836644453144,985590,1489974468
-4916566212294599774,346101,1489974439
6374286729930914310,987163,1489974430
1351819565077474031,987174,1489974437
-6226500464189942740,929513,1489974465
-1702011027146113282,971507,1489974464
-1506129222829734777,971507,1489974431
2398711063420374032,987270,1489974467
3940273887852178966,987231,1489974479
7210758211982478541,987231,1489974474
8699682496804161759,981853,1489974466
205150551711318298,953549,1489974430
8757098364658182567,986443,1489974481
-989445036616148067,987344,1489974432
1067221730130380871,987344,1489974430
4161906993316436913,987344,1489974478
-1493287295217163384,987344,1489974438
7366959481862183340,987344,1489974483
-8026774112367138637,987344,1489974484
-3288188323674466719,987344,1489974484
-4052621482181700403,971543,1489974436
-413892618631813648,971543,1489974437
6282513829073543133,971543,1489974426
4061325278461027480,971543,1489974482
-1034939820952553625,971543,1489974436
4769471199630092933,971543,1489974459
6435925414951028616,971543,1489974451
-3726561950425717265,987119,1489974430
6837143381589734517,987119,1489974459
-4093480029462471959,987119,1489974444
5214428859866127787,987119,1489974445
-3054308580380295381,987119,1489974482
386958028835697191,987119,1489974446
-1248156670546043323,987119,1489974453
-5596122276668378707,987119,1489974460
6985253191823557922,186466,1489974433
6807979946934916332,987314,1489974426
-4537086151643665662,987314,1489974469
-3284763352955697922,987314,1489974471
-608450872173913817,987314,1489974484
-9178122932446819633,987314,1489974459
-1520884544238815069,987252,1489974438
7491842758853478313,983754,1489974439
1881881136268353311,987197,1489974436
7476929716094136905,987197,1489974431
-6865031500284444028,987311,1489974472
-5070479268779427074,987311,1489974475
-1872299937980420294,986970,1489974432
5050769295052367563,987180,1489974459
6512266430487896350,984634,1489974437
38222337055323093,987205,1489974471
-8659475925826124441,984909,1489974467
114188694340696372,984319,1489974460
2278785281741530246,984319,1489974434
-1992109657002213093,986773,1489974439
6385953149514629271,987354,1489974454
5003307728389673380,987354,1489974459
8527877500089206711,987354,1489974437
7063114048996105890,987354,1489974478
7884174292490520355,987354,1489974484
-5989567962247518794,987354,1489974448
632457373975159769,987354,1489974468
347601688797105085,987354,1489974433
8177964061723941519,987354,1489974448
6895944684135866947,987354,1489974472
-8941709020556513480,987354,1489974478
-2578551107122892667,903573,1489974431
6180689965079758400,987148,1489974446
2398711063420374032,987266,1489974467
-1413283278122107798,987266,1489974467
-8401265199931807306,987324,1489974448
-225102307895737080,987324,1489974461
8912610700292906752,987324,1489974449
8667758501275092564,987324,1489974484
8895361398206676830,987324,1489974483
-3803213181623561654,987324,1489974478
7480799282954860069,987324,1489974476
-4168402005733264508,987324,1489974429
-2763762626512204910,987324,1489974462
-6776453969280989780,987324,1489974428
21340494917688851,986820,1489974441
-2448460236058960585,987255,1489974465
-3222213164001258223,987255,1489974458
-7833861271247554564,987255,1489974442
-213141856513621580,987255,1489974444
-1925225798112591988,987255,1489974483
1562807700973511686,987255,1489974444
-7596068626361768110,987255,1489974475
-566720301839125698,987346,1489974475
5055535867847913348,987346,1489974475
-8026774112367138637,987346,1489974464
-9001428253604011143,987346,1489974453
5513486464289874530,987346,1489974469
2845521535448223613,987346,1489974480
1303770719219368950,987346,1489974472
-8338162706039680332,987057,1489974427
6180689965079758400,986984,1489974449
6374286729930914310,987159,1489974430
5101812027266647283,987187,1489974458
-3584221974822269821,987279,1489974482
-7277177052194126865,987301,1489974465
-7291119612058473279,987301,1489974484
2442560865543358992,987214,1489974474
-6099625861108145846,986270,1489974476
-4356160216307295727,343079,1489974431
-6598775528235370676,984884,1489974457
6171287118805291353,986509,1489974425
2423511433973746172,987305,1489974479
-903807944004823044,987153,1489974431
-8162950711314656227,987319,1489974449
-2956122931084632988,987319,1489974438
2467568246786022543,987319,1489974471
-8401265199931807306,987319,1489974483
3855660487078738514,987319,1489974425
-7038682618842675993,987319,1489974440
7823502919980864460,987319,1489974468
8667758501275092564,987319,1489974484
-225102307895737080,987319,1489974461
8912610700292906752,987319,1489974449
1059603715208693931,901493,1489974474
4780768793959247096,986848,1489974480
-7131316692242323611,985241,1489974437
51783528282203240,986263,1489974432
5288931609218205158,986263,1489974478
7264101211486948884,987357,1489974469
-5160615996538362439,987313,1489974425
8333655018904829828,987329,1489974478
-7893191126439898972,987329,1489974449
4946953564922721492,987329,1489974476
-3292974613632048509,987329,1489974475
-4937293982888701571,987329,1489974467
-389376254069127856,987329,1489974446
-787733383529411619,987329,1489974428
7480799282954860069,987329,1489974451
-5219325052650382426,987329,1489974463
8845062464527024051,987307,1489974442
-1983930215199856539,987307,1489974464
-8873796502897849721,987307,1489974462
-4964190890394339358,987307,1489974460
2423511433973746172,987307,1489974440
-3593475661685260652,987258,1489974436
6750875464640903705,987340,1489974437
-1493287295217163384,987340,1489974455
1067221730130380871,987340,1489974437
4161906993316436913,987340,1489974478
-989445036616148067,987340,1489974433
7366959481862183340,987340,1489974483
-7329066906695677107,985782,1489974459
7968731680320420009,985782,1489974437
7884174292490520355,987356,1489974473
-8488305958107477518,987356,1489974479
-5402087631126476949,987356,1489974471
3623964072775338435,987356,1489974475
-8144675610103228633,987356,1489974440
7063114048996105890,987356,1489974451
7567830014582835416,987356,1489974476
-2850489296043251022,987356,1489974448
2845521535448223613,987356,1489974447
510472143413192154,987356,1489974484
-8941709020556513480,987356,1489974473
-2688280120690555108,987356,1489974459
-3518166133608396997,987356,1489974458
-3286886068049966139,987356,1489974474
-2756161377467801892,987356,1489974480
-4664188580226869140,987356,1489974477
-4322984129497865031,987356,1489974425
4433090139140158440,987356,1489974465
-5989567962247518794,987356,1489974460
-8775899739877504744,987356,1489974442
-7745387745627858767,987356,1489974427
-8319967339649434001,987356,1489974451
4476508922403340152,987356,1489974465
-6261242105994660168,987356,1489974459
5807565008218897425,987356,1489974456
-7192704324065159687,987356,1489974467
-3001077447976644509,987356,1489974465
4235950652338047428,987356,1489974460
8587752946310818103,987356,1489974479
-74522476000105111,987356,1489974449
6376129230789432050,987356,1489974471
-1119560414618745903,987356,1489974476
8681289178603400082,987356,1489974454
2228376901264003828,987356,1489974452
289569671166814728,987356,1489974478
940088291283296899,987154,1489974458
7705165535208887020,987273,1489974474
2584341656675073469,987273,1489974446
-7906965837140045272,987273,1489974428
303333674404216986,987273,1489974484
-5205561577326705409,987117,1489974476
-6164679826062745482,977456,1489974433
-8736706947883804211,987342,1489974478
1067221730130380871,987342,1489974456
-1493287295217163384,987342,1489974455
-9123476308596117721,987342,1489974427
6750875464640903705,987342,1489974437
-4178515449030217138,987342,1489974471
7114834526557626993,987342,1489974440
5118671143828786906,986981,1489974483
-6143766342446764019,986981,1489974425
114859193201258769,985237,1489974443
-9178122932446819633,987265,1489974431
-608450872173913817,987265,1489974435
1574418760730612949,986923,1489974461
4074074676038476829,985702,1489974451
7400073645196530860,986464,1489974454
1205479550560699455,983862,1489974459
-2928560819058144904,986699,1489974471
8757098364658182567,986521,1489974476
-5710431991054149381,986317,1489974446
-9081225155043680856,987177,1489974475
3747000882130258925,987177,1489974472
3940273887852178966,987221,1489974484
-1725151321775464471,987221,1489974441
-6475391573237068527,987223,1489974450
5455481874295914842,987223,1489974475
2845521535448223613,987350,1489974470
-1917996499211260179,987350,1489974483
2278785281741530246,987282,1489974448
-7131316692242323611,984685,1489974478
-5177805921728831225,153067,1489974437
7491842758853478313,983343,1489974439
6593631714160120821,987160,1489974462
5300722962471637157,889450,1489974464
-49470374306291599,986668,1489974457
5491309269653686202,987240,1489974458
-9098971290073627085,987352,1489974474
-1917996499211260179,987352,1489974431
6976515117753242741,987352,1489974444
8755880818295614229,987352,1489974425
-3812352015065680084,987352,1489974464
8527877500089206711,987352,1489974463
5003307728389673380,987352,1489974479
7884174292490520355,987352,1489974484
7063114048996105890,987352,1489974478
2892141471274418298,987352,1489974468
-2246337488902597296,987352,1489974455
21340494917688851,986579,1489974435
7231695459390978255,986579,1489974436
982824336998394527,986579,1489974431
-2956122931084632988,987292,1489974480
-608450872173913817,987292,1489974426
2467568246786022543,987292,1489974479
-8162950711314656227,987292,1489974453
3855660487078738514,987292,1489974425
-8401265199931807306,987292,1489974483
7231695459390978255,984688,1489974477
-6538561765922336523,986433,1489974447
1303770719219368950,987348,1489974431
-8026774112367138637,987348,1489974432
2845521535448223613,987348,1489974476
-3768627247420922891,985211,1489974477
-3416536699949945137,986919,1489974450
-2356427940695003212,986921,1489974466
-3947818217422482059,986921,1489974482
-7131316692242323611,985070,1489974444
-2012732020061187438,987152,1489974440
-6964485831581488322,928390,1489974446
6979958267185461228,987048,1489974472
1133357248526672682,979047,1489974454
8837360197528241180,987300,1489974478
2423511433973746172,987304,1489974479
7630878623458422662,987304,1489974441
2423511433973746172,987306,1489974466
-1983930215199856539,987306,1489974468
-8801659170144496783,987306,1489974455
-8873796502897849721,987306,1489974462
270202686077992671,985183,1489974478
7452205904560050512,985183,1489974426
-8390735983064934833,985183,1489974458
-6973770633023583585,985183,1489974454
-2215840612755834292,985183,1489974474
-3593475661685260652,987256,1489974436
6976868727700119053,987256,1489974457
6301854986451582388,987337,1489974430
-2537437250027526517,987337,1489974457
2632425867519854234,987337,1489974439
-8164441795573036846,987337,1489974454
8995130311036222020,985003,1489974481
5288931609218205158,985003,1489974446
-1203742411914888970,985003,1489974479
-8714484456868010470,985003,1489974442
-3217573028029748973,987253,1489974455
7772028315919648219,987131,1489974438
3747000882130258925,987131,1489974472
-9081225155043680856,987131,1489974475
-4696911340452020922,987131,1489974476
-708307238880386855,987131,1489974436
6702554133118837222,987359,1489974470
-5375631102112008577,987359,1489974483
-6827165967212678790,987359,1489974479
-4899019666810344766,965384,1489974447
-2774317040014137471,985122,1489974451
-4320107344315008494,972937,1489974442
-2596920272196186476,972937,1489974480
2743707334186377097,972937,1489974460
5123032784261811191,987330,1489974447
251250652017153849,987330,1489974475
-3242756441096468167,987330,1489974425
8563343355252575818,987330,1489974457
-4546314718789993596,987330,1489974463
-3994469077101618857,987330,1489974470
-2763762626512204910,987330,1489974451
3071952007428735499,987330,1489974481
8667758501275092564,987330,1489974469
-6404277380444701766,987330,1489974465
-3803213181623561654,987330,1489974445
-1464739619361414403,987330,1489974430
3165410636193539566,987330,1489974443
-4341608139241819783,987330,1489974465
7480799282954860069,987330,1489974466
-389376254069127856,987330,1489974458
3532314840647131131,987330,1489974428
-787733383529411619,987330,1489974432
4946953564922721492,987330,1489974476
-3091296079750023079,987330,1489974452
-7893191126439898972,987330,1489974449
172543699700628027,987330,1489974466
8333655018904829828,987330,1489974478
-7977486463244199647,987330,1489974471
-3795517993021473382,987339,1489974427
-8164441795573036846,987339,1489974454
-2537437250027526517,987339,1489974450
2632425867519854234,987339,1489974433
-9123476308596117721,987339,1489974439
-8496448436450010707,987339,1489974465
8516210024635514650,987339,1489974451
2427154229858533063,987339,1489974471
1067221730130380871,987339,1489974462
5036274842295007647,986249,1489974445
-9121377362265376231,984752,1489974482
6979958267185461228,987040,1489974432
1630319132798218253,987040,1489974477
-4840122553184943832,987296,1489974451
-4415500674303084486,987296,1489974471
-2558409230119349132,987296,1489974446
-1408406417012422166,987296,1489974478
9015355803736626613,987296,1489974461
6089549245800382661,987296,1489974425
4278177258627755964,902482,1489974484
-4521407134328659221,905372,1489974454
6979958267185461228,987054,1489974434
-1196398509266193359,987355,1489974438
4489252664292294899,987355,1489974452
8177964061723941519,987355,1489974448
-5989567962247518794,987355,1489974446
7063114048996105890,987355,1489974469
-8488305958107477518,987355,1489974484
7884174292490520355,987355,1489974478
-8941709020556513480,987355,1489974478
8527877500089206711,987355,1489974425
-8031537396607986384,54694,1489974454
-3584221974822269821,987271,1489974482
4074074676038476829,985240,1489974451
8755880818295614229,985240,1489974435
2278785281741530246,985240,1489974448
-1520884544238815069,987247,1489974482
-2375357371521436669,987247,1489974482
-1702011027146113282,987247,1489974433
-6353670603942425718,987247,1489974472
-8768504427259062259,987353,1489974452
43030601896803314,987353,1489974434
-1917996499211260179,987353,1489974444
6976515117753242741,987353,1489974456
2845521535448223613,987353,1489974454
8527877500089206711,987353,1489974468
-3812352015065680084,987353,1489974464
-5196669628812242546,987353,1489974455
5003307728389673380,987353,1489974479
-8467550068299568041,180913,1489974478
-3141176411312635472,180913,1489974478
8539557672514670545,985025,1489974432
386958028835697191,987111,1489974434
6837143381589734517,987111,1489974478
-4093480029462471959,987111,1489974447
9099001615817871210,987111,1489974468
-7694922599707566453,987239,1489974456
6979958267185461228,987044,1489974461
-6598775528235370676,984991,1489974448
-7131316692242323611,984759,1489974459
-1213700916301462261,979566,1489974464
-1702011027146113282,987243,1489974482
-6992605251916704609,987123,1489974464
-3971285037159545558,421223,1489974474
2278785281741530246,987291,1489974439
-4052621482181700403,971450,1489974448
-226844772455134461,971450,1489974479
-7694922599707566453,971450,1489974456
5491309269653686202,971450,1489974482
-1506129222829734777,971450,1489974442
3392306939677283784,971450,1489974458
6435925414951028616,971450,1489974447
7139472117223016949,986997,1489974448
9089173339353241944,987193,1489974477
5416342947247619361,986956,1489974455
795617116665018199,985873,1489974454
-2640094344879778120,972031,1489974481
-8021309314110738544,972031,1489974438
542110194807998533,972031,1489974459
2404883594066624766,959032,1489974445
-4934789676173436266,987210,1489974460
38222337055323093,987210,1489974467
1638030653483736374,987210,1489974475
-777965991082782146,987210,1489974425
-48501235705365447,987210,1489974468
-903807944004823044,987210,1489974480
9166485618268785481,987210,1489974470
-8488240165162174189,987210,1489974464
-2375357371521436669,985791,1489974463
-1520884544238815069,985791,1489974462
-1702011027146113282,985791,1489974427
-3989346449377384492,985168,1489974436
6696824814863684424,986967,1489974471
-1834208680739790595,986967,1489974435
-1590592195573642842,986967,1489974444
-3366104889075851882,986967,1489974448
4803889802068930966,986967,1489974444
-6538561765922336523,986431,1489974447
5540932589312372465,900936,1489974465
-3187318740038933392,986142,1489974439
6985253191823557922,186504,1489974441
-9121377362265376231,984735,1489974482
1059603715208693931,984735,1489974467
-7131316692242323611,984735,1489974467
-8289175966756747343,986073,1489974436
-8026774112367138637,987345,1489974472
5055535867847913348,987345,1489974475
-5347571007330962017,987336,1489974446
8898209428372263557,987336,1489974469
-2537437250027526517,987336,1489974481
6301854986451582388,987336,1489974452
2632425867519854234,987336,1489974451
-3827674829633905244,987336,1489974469
-460865533531384060,987336,1489974477
2527448871580222282,942230,1489974443
-8598726984059480428,953321,1489974461
-5284150603896084994,984203,1489974477
7480519881421672034,984203,1489974427
7476929716094136905,985845,1489974471
-861750792119351868,985845,1489974467
2061196022613026308,985845,1489974446
-401238393060727887,985845,1489974470
1309846853802239664,985845,1489974452
-8112489753641589463,985845,1489974427
-225670623439468164,986652,1489974468
5558623109742249648,912350,1489974482
2748770148747643230,985291,1489974457
4049726365689151454,985291,1489974480
-5591919499889180887,985291,1489974437
4381061548188089237,986824,1489974481
-7106827903560822740,987269,1489974479
-6933212095538635809,987269,1489974467
-6532026034313721687,987269,1489974475
5728338845554060086,985273,1489974482
8406181797922467936,985250,1489974453
8699682496804161759,982682,1489974467
-4840122553184943832,987290,1489974456
8412366918521193726,987318,1489974464
-3284763352955697922,987318,1489974465
-608450872173913817,987318,1489974477
-9178122932446819633,987318,1489974453
-475509165301041749,987318,1489974426
-811524631366857821,987318,1489974450
8837360197528241180,987302,1489974478
-7376011685887222043,987302,1489974479
-6933212095538635809,987280,1489974467
-6532026034313721687,987280,1489974474
-6578663028538640953,987280,1489974437
-3556436310293927782,987331,1489974477
7996526517939614226,987331,1489974477
-426709107956571367,987331,1489974467
-412770468130802768,987331,1489974470
-8182795537177529358,987331,1489974444
-5219325052650382426,987331,1489974463
-3292974613632048509,987331,1489974426
7480799282954860069,987331,1489974442
-9134607975361311441,987331,1489974482
8643421993167021902,987331,1489974438
6301854986451582388,987331,1489974474
2902463583576467054,987331,1489974443
23673299018460199,987331,1489974462
-608450872173913817,987289,1489974432
-2956122931084632988,987289,1489974480
-8162950711314656227,987289,1489974453
2467568246786022543,987289,1489974479
-7889318778684832274,987289,1489974442
3168254117258653396,986978,1489974484
-413892618631813648,986978,1489974472
2567926934266546226,986978,1489974458
-1085430871573953771,986978,1489974442
-4714404828560287730,986978,1489974454
-475509165301041749,987321,1489974426
-3284763352955697922,987321,1489974455
-608450872173913817,987321,1489974472
8412366918521193726,987321,1489974449
-9178122932446819633,987321,1489974448
-1447444490068470683,987321,1489974455
533311266915244996,987321,1489974472
-9123476308596117721,987338,1489974439
-2537437250027526517,987338,1489974435
2632425867519854234,987338,1489974425
1067221730130380871,987338,1489974462
-8736706947883804211,987338,1489974478
8409814514353148311,987338,1489974430
-1506129222829734777,987338,1489974460
114188694340696372,985452,1489974457
1251043199422425040,985452,1489974466
2278785281741530246,985452,1489974433
-1135546387089978720,985452,1489974467
-8054084723969567961,985452,1489974425
-1520884544238815069,987251,1489974426
-1761938638334564287,986751,1489974435
-2012732020061187438,987110,1489974461
-1548388133542093157,987238,1489974432
-8801659170144496783,987312,1489974451
-7065587886922537270,987312,1489974447
-3421811175521371879,987312,1489974478
-433555506850252721,987312,1489974457
-4478478028503070603,987312,1489974434
-8714484456868010470,987312,1489974456
-7604069299072099027,987312,1489974469
3285858578118751553,987312,1489974443
6807979946934916332,987312,1489974426
-6411168396593185829,987312,1489974474
1127206669883271752,987312,1489974477
-5205561577326705409,987118,1489974476
-440406813107232301,987118,1489974475
8912610700292906752,987328,1489974435
8895361398206676830,987328,1489974483
-4168402005733264508,987328,1489974429
-225102307895737080,987328,1489974434
-6776453969280989780,987328,1489974428
-3803213181623561654,987328,1489974478
-787733383529411619,987328,1489974460
1762967086426386381,987328,1489974438
-2763762626512204910,987328,1489974462
7480799282954860069,987328,1489974476
-3242756441096468167,987328,1489974433
8667758501275092564,987328,1489974472
8563343355252575818,987328,1489974458
-4546314718789993596,987328,1489974463
-6404277380444701766,987328,1489974465
3071952007428735499,987328,1489974481
-3994469077101618857,987328,1489974470
-389376254069127856,987328,1489974458
3218327423029325001,903333,1489974469
-7289804843893185605,985633,1489974460
-387877667117612122,985633,1489974474
4246077803557195384,985633,1489974452
3940273887852178966,987228,1489974476
7210758211982478541,987228,1489974474
6756405873215745358,987144,1489974461
-7381084967135003577,987144,1489974466
-143875427554333227,986753,1489974449
-5444030311674295555,986753,1489974469
1190035669689415120,986753,1489974441
3380799169528694217,986753,1489974469
3019853526807127864,985194,1489974452
4161906993316436913,987343,1489974439
-3288188323674466719,987343,1489974484
7366959481862183340,987343,1489974477
-8026774112367138637,987343,1489974484
-5549578854072837535,987343,1489974450
7023554244820335490,987343,1489974427
-894959731496633341,986624,1489974482
-2660943987272015806,426271,1489974452
-7131316692242323611,984746,1489974481
-4899019666810344766,965367,1489974475
-8054084723969567961,985581,1489974425
96293807296386485,985581,1489974473
-2230229590352233173,985581,1489974425
-7289804843893185605,985581,1489974463
2174776838167136251,985581,1489974439
-2874625579498290662,986955,1489974447
-126310235313300307,986955,1489974433
-1873653249169714532,978590,1489974443
-2607445765327958261,987236,1489974471
8957584475760090964,987236,1489974445
38222337055323093,987211,1489974471
-4934789676173436266,987211,1489974460
6180689965079758400,987233,1489974434
-8418429223758385395,985328,1489974440
6979958267185461228,987053,1489974436
-6532026034313721687,987284,1489974425
-6578663028538640953,987284,1489974437
-4840122553184943832,987284,1489974456
7789857525276510105,987195,1489974466
5036274842295007647,983929,1489974472
5168194988835206597,986789,1489974484
-3468841597913052087,986789,1489974436
8041710307250529704,986789,1489974447
5116198792184595705,987181,1489974446
3403028652229763294,987181,1489974480
-7106827903560822740,987275,1489974457
-444216147589173365,987275,1489974467
-2552293169092622907,987275,1489974460
1973752190711507739,987275,1489974468
3295076204230002248,987275,1489974473
-564575575170087230,987275,1489974448
-8381110337497762564,987275,1489974457
-7431516174782174573,987275,1489974479
-4310154865083509812,987275,1489974446
1088274614926469010,987275,1489974462
4366120202632463384,126516,1489974473
6979958267185461228,987045,1489974472
-1413283278122107798,987267,1489974467
2404883594066624766,958571,1489974445
-2507345657053452908,987094,1489974464
-5554663369263808366,987246,1489974473
8658807719227537885,987246,1489974426
-8045801077164580463,987246,1489974426
-413892618631813648,987246,1489974455
-1702011027146113282,987246,1489974441
-1520884544238815069,987246,1489974482
-2375357371521436669,987246,1489974482
-7376011685887222043,987299,1489974479
-1702011027146113282,987244,1489974478
-1548388133542093157,987217,1489974450
-3416536699949945137,987082,1489974448
-608450872173913817,987322,1489974484
-3284763352955697922,987322,1489974471
-9178122932446819633,987322,1489974458
8412366918521193726,987322,1489974464
-8390735983064934833,984878,1489974458
-4829342273170877339,984878,1489974479
-5713732018798320114,987188,1489974449
