-3853486322890436474,989676,1490406144
-7758310143025646572,153841,1490406146
7897242227426708276,982236,1490406167
4296595406169420117,989410,1490406184
982643128940260395,989410,1490406178
5900119523394922807,989718,1490406184
-6174147810738439752,989718,1490406171
-3736284532776973230,989718,1490406162
173287659412659949,989718,1490406132
2319955099818265914,989718,1490406176
3015795141361597383,989718,1490406152
7711791255664798412,989718,1490406165
5239015807241996895,989718,1490406176
-2109083536122573274,989718,1490406177
-5734802502934951574,989718,1490406180
-5324494618329247898,989718,1490406131
-5439327629721476308,989718,1490406177
-3725801327960202164,989661,1490406167
2796263297319819521,989661,1490406153
8331829511960124100,989661,1490406154
2712692986589432769,989661,1490406139
-9082777247974632155,989661,1490406132
-992252318625577721,989661,1490406139
-5569009724444651850,989661,1490406150
-5731772839765082419,989661,1490406179
-6914429401541538586,989661,1490406157
-8088108119517017177,989661,1490406153
-8033398859631893025,342146,1490406157
7424820931027258255,989588,1490406164
-5624162652335154390,989588,1490406139
7937454418872273794,989588,1490406182
3783834343621678613,989588,1490406178
-5052729961494663695,989588,1490406154
-6060654619934013718,989588,1490406181
725463113978731374,989588,1490406178
-4465820300213265294,989588,1490406140
-2247499958296849601,989588,1490406131
3523294059186701860,989588,1490406165
-4087515590419964246,989588,1490406182
-7567216140936760889,989588,1490406186
-7499401704141574241,989588,1490406146
-5103312223141604318,989588,1490406139
-6023311380885779351,989588,1490406147
3288435660304901378,989588,1490406161
5676346876722232427,989588,1490406165
-802756712163678898,989588,1490406182
7682277916678381782,988169,1490406158
7897242227426708276,988955,1490406185
-7667702729801929402,988955,1490406174
8604745771144287281,879854,1490406148
7174921579878325720,959930,1490406175
-2916416157834162354,989473,1490406132
-5531605282056819962,989672,1490406141
883720892285005457,989266,1490406164
-1426180692240073587,160070,1490406149
8034990986126423705,989682,1490406183
-3096758144654920352,989682,1490406129
3155426696168851101,989682,1490406184
1246644530781335206,989682,1490406148
-753858216570039804,989603,1490406145
-3191586704923934030,989145,1490406164
8879098890534813246,989694,1490406184
3189126301387880735,989694,1490406152
4481794576095358131,989694,1490406166
3270905340364431770,989694,1490406137
2391026102840947494,989694,1490406141
173287659412659949,989694,1490406176
-4898326197618384734,989694,1490406185
-3736284532776973230,989694,1490406184
8061313649384862431,989028,1490406187
6183375646469762162,989656,1490406184
-3855335862148836838,160243,1490406179
1222986765834108590,988416,1490406130
-2741934001456314655,988210,1490406163
5063452845272825228,989333,1490406162
5411713595239284214,989601,1490406186
6929371836240384579,989601,1490406158
-3084922205067650610,989601,1490406144
-2291797901009258363,989601,1490406179
5650836292601900569,989722,1490406135
2620246195952909629,989722,1490406143
-5330375410242099108,989722,1490406167
-7640168898920248475,989722,1490406156
4558327177943145149,989722,1490406184
-8567323255721400560,989722,1490406146
1018408340102399770,989722,1490406149
-6625894930294938198,989722,1490406136
-8342290236810584457,989722,1490406173
-88201652274525024,989722,1490406132
-5470327577261836192,989722,1490406183
-2921972986429257747,989722,1490406152
-7059920411377732645,989542,1490406167
-7146757497346999533,989542,1490406159
2978748089335569956,989700,1490406130
-7408495028987721768,989700,1490406137
4810730680352876867,989700,1490406148
6136192313907693311,989700,1490406179
-4134502908027880847,989700,1490406146
-5992413474789162421,989700,1490406164
-3766113440153167820,989700,1490406172
-9192996160906532929,989700,1490406130
-4490405823093609308,989700,1490406159
8477171997838735284,989700,1490406152
1129378692683453780,989700,1490406170
6428365929989246770,989700,1490406167
-3473908632827369494,989700,1490406187
1115862517813756412,989700,1490406171
-8451897390885085704,989700,1490406161
-5274911778199398440,989700,1490406159
-327354759794672251,989700,1490406150
-1588079549057635269,989700,1490406162
5193860511931443380,989700,1490406166
-6524767233641275240,989700,1490406172
7453391073553575661,989700,1490406187
1355284452653087910,989700,1490406185
-5249115867792811415,989700,1490406184
-4765940649113332568,989700,1490406156
-1402400982071482543,989700,1490406173
8554537220255190523,988722,1490406136
8827340640202132367,989635,1490406183
7153624831230007181,949288,1490406147
3818121058769883451,986657,1490406169
-4448683129214476992,989560,1490406181
-910021522119681419,988021,1490406157
7114494401668962178,989267,1490406177
883720892285005457,989267,1490406164
-9100668643392730102,989294,1490406173
-6697515313966018197,989540,1490406140
-8695010586175190861,989717,1490406172
-5734802502934951574,989717,1490406149
-5248780058498875582,989717,1490406173
2319955099818265914,989717,1490406150
-6174147810738439752,989717,1490406138
7711791255664798412,989717,1490406135
-2109083536122573274,989717,1490406145
8488792996904885922,989717,1490406167
-5330375410242099108,989717,1490406175
8436356250220645512,989395,1490406180
-2869050413926415960,989417,1490406142
-1362989869556881620,989724,1490406168
-7103500351587845821,989724,1490406176
7938590671273696881,989724,1490406139
-7193440325714672050,989724,1490406146
6586061034357185992,989724,1490406149
7121262426691410348,989724,1490406138
-1692291107739528311,989724,1490406149
-2702014212003901787,989724,1490406129
6059656663818255628,989724,1490406151
-4898326197618384734,989716,1490406167
173287659412659949,989716,1490406153
-3736284532776973230,989716,1490406177
2685482385204386470,989716,1490406178
5900119523394922807,989716,1490406184
6565003920792428202,989716,1490406183
5239015807241996895,989716,1490406176
-5324494618329247898,989716,1490406177
2319955099818265914,989716,1490406176
-6174147810738439752,989716,1490406171
7711791255664798412,989716,1490406165
-7581112900431325525,989688,1490406138
-4924846377833642927,989688,1490406174
-2375872341423065230,989688,1490406165
-5736575126191851443,989688,1490406169
8851779408450954381,989688,1490406178
-7146757497346999533,989541,1490406153
4761010354007347896,989352,1490406180
-5627687591429387762,989352,1490406177
-9218149688684483955,989352,1490406185
7436763024956759076,989342,1490406175
-8389778692111116079,989659,1490406156
-9082777247974632155,989659,1490406169
-992252318625577721,989659,1490406143
-1295277152388243306,989536,1490406140
-813080398478578289,989648,1490406163
-4877632770871216792,989648,1490406149
-5548802279294676763,974441,1490406180
-9100668643392730102,989309,1490406172
-9207467091579216356,989309,1490406170
-6697515313966018197,989530,1490406158
-3157766436760459551,975858,1490406157
1083735661661548428,989711,1490406158
-3081767571711506756,989711,1490406166
-5344176458193410455,989711,1490406182
-8754741242325875365,989711,1490406169
-8364823516429366210,989711,1490406152
7315851798912489332,989711,1490406138
-4191613332080579265,989711,1490406160
7829134793611185770,989711,1490406165
-5957182600860347574,989711,1490406131
7227367885172671598,989711,1490406183
-652300239137402684,989711,1490406172
-1586825342798246443,989711,1490406168
-3254852614059950164,989711,1490406180
6933017128592709447,989711,1490406164
6555451874652716273,989711,1490406181
7300946769367327912,989711,1490406152
6477319623133348866,989711,1490406144
-6914350201551878487,989711,1490406171
-3096514824612357120,989711,1490406140
8037017503837495383,989711,1490406183
2794744966481042477,989711,1490406169
-8746058675470172833,989711,1490406182
-8028345062317004843,989711,1490406139
-3618626887023862256,989711,1490406137
-1760946643970844236,989711,1490406177
7491286228821316096,989711,1490406173
410222838437063937,989711,1490406175
-8851828205248930251,989711,1490406185
-2502533525581394857,989711,1490406155
7876546693187105844,989711,1490406157
-3268290526477362866,989711,1490406136
-5258309150969397398,989711,1490406169
5904741915243258092,989711,1490406172
-1449007670629623508,989711,1490406142
6834927627320263480,989711,1490406176
-5465044113388711381,989711,1490406139
-2714668066382620304,989711,1490406162
3773776988009587526,989711,1490406177
-7068759703650404343,989711,1490406163
4481794576095358131,989711,1490406168
-7696743453129106832,989711,1490406155
3189126301387880735,989711,1490406163
725764214302919344,989711,1490406150
-9060327882624414866,989711,1490406166
-4505913488480490711,989711,1490406182
-4296602462811704441,989711,1490406183
-8845493614923997966,989711,1490406146
8249303410231921656,989711,1490406160
2603541041320220496,989711,1490406186
5525831311901341202,989711,1490406172
-5161942156922907871,989711,1490406143
3270905340364431770,989711,1490406149
-4568345842064652259,989711,1490406156
7959345225752951755,989711,1490406182
2015317621548118835,989711,1490406143
672599501836082863,989711,1490406167
4522016915954016750,989711,1490406171
5482677412884948323,989711,1490406165
-3208625061955626278,989711,1490406138
-4635727527196451626,989711,1490406149
7074376325927866977,989711,1490406159
-121901086551853534,989711,1490406151
4830861895668845450,989711,1490406159
9192372147357926720,989711,1490406171
-4338776662509707962,989711,1490406160
-2550928673407823203,989711,1490406170
2856565716562971907,989711,1490406147
-2477075946483290978,989678,1490406184
-3157766436760459551,989678,1490406156
288450531345672804,989678,1490406150
-2774219606538311024,989712,1490406157
6372376204383893399,989712,1490406146
4290687010096601115,989712,1490406145
7716302207981184915,989712,1490406158
284717615012370991,989712,1490406149
937585142466306668,989712,1490406174
-5957182600860347574,989712,1490406182
5847967485875683271,989712,1490406174
2498188873466428867,989712,1490406173
2177598522616539346,989712,1490406144
-491544652016716751,989712,1490406172
1370158171687325873,989712,1490406153
-7499401704141574241,989712,1490406145
-881535299719883560,989712,1490406159
-8028345062317004843,989712,1490406176
-689278893487305119,989712,1490406153
-3268290526477362866,989712,1490406163
7876546693187105844,989712,1490406183
-3856530535410031497,989712,1490406150
3870995925848517869,989712,1490406154
-4390647080564653500,989712,1490406182
6705725395192029729,989712,1490406145
6933017128592709447,989712,1490406179
-2502533525581394857,989712,1490406174
7491286228821316096,989712,1490406181
-7146757497346999533,989712,1490406184
-8364823516429366210,989712,1490406152
7227367885172671598,989712,1490406183
-1760946643970844236,989712,1490406177
1083735661661548428,989712,1490406158
-4191613332080579265,989712,1490406160
6695511925685150422,989712,1490406171
8037017503837495383,989712,1490406183
-8851828205248930251,989712,1490406186
-3096514824612357120,989712,1490406140
-1449007670629623508,989712,1490406142
-1152675469857791491,989712,1490406165
-1295277152388243306,989518,1490406176
-8571307932813539037,988796,1490406164
-7146757497346999533,989538,1490406148
-6148998047867870090,989538,1490406171
-8571307932813539037,988793,1490406173
7080692164147485219,988793,1490406179
1793350156990414342,989388,1490406133
3045221356139910060,989388,1490406180
-47159027243275754,344643,1490406183
1955616398607941605,989389,1490406163
8251768891500527491,989389,1490406158
3818121058769883451,988400,1490406169
6140595050054592862,989704,1490406177
-5959205422391136245,989704,1490406174
6322221199042524968,989704,1490406143
-5249115867792811415,989704,1490406155
6372376204383893399,989704,1490406177
281488600983164030,989704,1490406139
4290687010096601115,989704,1490406159
2177598522616539346,989704,1490406158
-3856530535410031497,989704,1490406161
284717615012370991,989704,1490406160
2498188873466428867,989704,1490406173
5847967485875683271,989704,1490406175
-2502533525581394857,989704,1490406174
937585142466306668,989704,1490406174
1370158171687325873,989704,1490406153
7876546693187105844,989704,1490406183
-689278893487305119,989704,1490406153
-881535299719883560,989704,1490406159
7716302207981184915,989704,1490406158
-8028345062317004843,989704,1490406176
-6177027087168977607,988385,1490406134
7114494401668962178,989292,1490406149
7436763024956759076,989292,1490406184
3155426696168851101,989685,1490406184
-5793550161243919046,105756,1490406137
-6630925337973482843,989022,1490406157
-1295277152388243306,989512,1490406172
6055922436229280649,414524,1490406171
5063452845272825228,989190,1490406162
-1293608214501834381,989435,1490406154
-7787698401094927603,989055,1490406188
9172885204532481447,989570,1490406136
5411713595239284214,989570,1490406187
6929371836240384579,989570,1490406158
-5520317286409180494,989551,1490406176
-6697515313966018197,989551,1490406165
-5895068683823112215,989551,1490406179
-6296266797556244246,989687,1490406152
8851779408450954381,989687,1490406178
-2375872341423065230,989687,1490406165
-5736575126191851443,989687,1490406169
-658394380492219816,989687,1490406175
-4924846377833642927,989687,1490406161
-689490091762956427,989687,1490406151
-1357275775558043134,989687,1490406168
1950767616787865128,989687,1490406173
-8342290236810584457,989723,1490406173
-6625894930294938198,989723,1490406136
1018408340102399770,989723,1490406149
-2863572698918798134,989723,1490406152
-88201652274525024,989723,1490406132
4558327177943145149,989723,1490406179
-8567323255721400560,989723,1490406146
790588922175704521,989723,1490406182
-7193440325714672050,989723,1490406157
-152249327851449155,989723,1490406174
6586061034357185992,989723,1490406149
-6964016788796167507,989723,1490406134
2654900748042356294,989723,1490406166
4503379646346288602,989723,1490406168
6070270476307748945,989723,1490406157
-1724506732730240409,989723,1490406152
-1362989869556881620,989723,1490406168
-9207467091579216356,989295,1490406175
-6177027087168977607,988659,1490406137
6287288054080275788,989095,1490406176
7326623405171890067,989116,1490406186
8169732479317514574,962307,1490406137
-8623290598234615002,988973,1490406179
4567997628532792762,988973,1490406133
6494083153876173241,988973,1490406154
-5738899285575949783,988973,1490406185
2042499117930334788,988973,1490406177
8743556108128129869,988973,1490406185
-7149937930675687274,988973,1490406135
5763365124700594315,988973,1490406157
3722865224386005026,988973,1490406184
3950774599760596466,988973,1490406157
5089613295485418903,988973,1490406146
-1210588885768800954,988973,1490406186
6741343834124025589,988973,1490406151
277145868981535689,988973,1490406166
-6534725605973369775,988973,1490406141
-1906463386890979247,989697,1490406136
-5719148464895121372,989697,1490406156
235674074198006669,989697,1490406180
5350243053413833406,989697,1490406133
4528034331784321690,989697,1490406145
-7408495028987721768,989697,1490406183
-7939144445533695117,989697,1490406175
-5753295202876523642,989697,1490406158
6224648716342652937,989697,1490406137
-2201046748198826021,989419,1490406152
1014878538162040697,989419,1490406128
-1188012804137228709,989419,1490406185
982643128940260395,989419,1490406149
1600056923856739577,989419,1490406179
7212602139168237361,989419,1490406149
7174921579878325720,960264,1490406175
3189126301387880735,989714,1490406163
3270905340364431770,989714,1490406147
4481794576095358131,989714,1490406168
8879098890534813246,989714,1490406184
-5374626256465109157,989075,1490406183
-6257364333866177880,988700,1490406179
-6697515313966018197,989569,1490406152
-8770588085658628068,989692,1490406165
-1357275775558043134,989692,1490406131
-7576142567921583787,989692,1490406148
5350243053413833406,989692,1490406162
-4831209531418061639,989692,1490406130
-1998917247555297548,989692,1490406156
6722533070210336488,989692,1490406135
-1906463386890979247,989692,1490406174
-2780386408526150132,989692,1490406145
-6777374209377580305,989692,1490406178
-972161983113552108,989692,1490406175
4528034331784321690,989692,1490406187
7316861440240032295,989667,1490406158
-6153115170291742658,989667,1490406168
-650391316124264990,989667,1490406136
-2855274338081450226,989667,1490406131
-6759538612214124495,989667,1490406185
-6873944456259477573,422891,1490406149
-1690833034671661621,900624,1490406161
-6388818084646804879,989644,1490406163
-461433722507291159,989215,1490406134
192049219338607643,989215,1490406158
-92645706446527309,989215,1490406136
-6630925337973482843,989018,1490406167
3004134402568693034,989444,1490406158
-3290535949615647823,988513,1490406181
-2702156668060677927,989380,1490406161
7453391073553575661,989708,1490406187
-6524767233641275240,989708,1490406172
-3473908632827369494,989708,1490406187
-5992413474789162421,989708,1490406134
6428365929989246770,989708,1490406167
-327354759794672251,989708,1490406150
3983376242669562326,989708,1490406154
-3766113440153167820,989708,1490406141
281488600983164030,989708,1490406175
-4490405823093609308,989708,1490406143
8581946018464620346,989708,1490406165
-5249115867792811415,989708,1490406184
5193860511931443380,989708,1490406166
-3856530535410031497,989708,1490406183
8036263156815276042,989708,1490406131
4271075872761690867,954126,1490406170
-7838289658843833989,989673,1490406142
-3096758144654920352,989673,1490406167
2671417996798341448,988539,1490406146
3818121058769883451,988125,1490406134
-8642914130163963663,938401,1490406151
1222986765834108590,988467,1490406130
-19542283574866357,988974,1490406135
6494083153876173241,988974,1490406170
-3240923134320028027,989486,1490406164
8605206606260201795,989486,1490406174
-461433722507291159,989486,1490406173
5787130559969296872,989486,1490406163
-7202169426609187906,111971,1490406187
6287288054080275788,989074,1490406176
5244812089183058718,989074,1490406174
-7221767114689018019,171065,1490406145
4945908970234637164,989580,1490406180
606654430268155944,989580,1490406133
7436763024956759076,989387,1490406136
5420486250056646287,989387,1490406164
5402256195212432309,989387,1490406181
-6802941268705696119,339836,1490406175
-5212268188767744698,989607,1490406130
-4099900342648970832,988823,1490406179
8631241029810944277,988823,1490406180
-3014068939031800194,988823,1490406174
-1656343269119338647,988960,1490406179
-8637970903615392371,988960,1490406130
2462632859793563889,987707,1490406158
3937452856941631839,983194,1490406169
7014016432205896375,160356,1490406160
-6135178012951026749,213793,1490406178
-4877632770871216792,989677,1490406148
2487621395526025372,989677,1490406162
-3011226234273626846,989677,1490406163
-3882433256232056282,988893,1490406164
-1278228435179227211,162646,1490406148
-461433722507291159,989562,1490406173
8605206606260201795,989562,1490406171
-8653557958168458482,989562,1490406147
-92645706446527309,989562,1490406136
5787130559969296872,989562,1490406163
-3240923134320028027,989562,1490406137
-4784896907440320861,989562,1490406146
3526980814814724063,989562,1490406172
4803119802703956233,989562,1490406145
-1163291859047497254,989436,1490406143
-4375611242189361663,989436,1490406176
-7408495028987721768,989698,1490406180
-7939144445533695117,989698,1490406175
4528034331784321690,989698,1490406140
235674074198006669,989698,1490406168
6224648716342652937,989698,1490406137
-5753295202876523642,989698,1490406158
-1138236318945000077,989698,1490406163
-4490405823093609308,989698,1490406183
-7722430018518117069,919358,1490406167
-3176989894947654867,988517,1490406170
4103325870934529871,989702,1490406147
6142600312831497143,989702,1490406175
-1138236318945000077,989702,1490406132
-7408495028987721768,989702,1490406160
-4490405823093609308,989702,1490406176
7141126361278917264,989702,1490406158
-3766113440153167820,989702,1490406172
2978748089335569956,989702,1490406130
-8033398859631893025,342222,1490406153
5408879910167367576,989052,1490406182
8436356250220645512,989469,1490406159
4296595406169420117,989404,1490406145
982643128940260395,989404,1490406174
1014878538162040697,989404,1490406128
1151192368767728943,989148,1490406172
-6106715119112130435,989202,1490406141
-4009658781178729344,890785,1490406153
-1357275775558043134,989691,1490406152
-1998917247555297548,989691,1490406176
-1906463386890979247,989691,1490406188
-2780386408526150132,989691,1490406150
-4831209531418061639,989691,1490406130
-7576142567921583787,989691,1490406148
5350243053413833406,989691,1490406162
6722533070210336488,989691,1490406135
-8770588085658628068,989691,1490406165
7702744122731757908,985873,1490406155
-1995152767887990945,985873,1490406139
-2895538052361873104,985873,1490406177
7326623405171890067,988924,1490406183
5329165094330404632,989549,1490406174
-5568759060806899185,989549,1490406156
5863311800286067440,989617,1490406137
6483993965215367737,989617,1490406139
2321365138406982767,963128,1490406183
-9040574385532246786,988435,1490406167
-575003989490554642,989487,1490406187
-4490405823093609308,989707,1490406129
-3473908632827369494,989707,1490406148
5193860511931443380,989707,1490406155
8581946018464620346,989707,1490406157
8036263156815276042,989707,1490406131
281488600983164030,989707,1490406158
-5249115867792811415,989707,1490406173
-3856530535410031497,989707,1490406178
6428365929989246770,989707,1490406136
284717615012370991,989707,1490406166
6140595050054592862,989707,1490406177
2177598522616539346,989707,1490406158
-5959205422391136245,989707,1490406174
7462435825615641823,976560,1490406136
-8571307932813539037,988795,1490406157
-8924125488031894676,989353,1490406143
-9218149688684483955,989353,1490406185
606112899734190854,989353,1490406147
4761010354007347896,988713,1490406180
5843934228740774863,989715,1490406146
4481794576095358131,989715,1490406144
173287659412659949,989715,1490406176
-4898326197618384734,989715,1490406185
2391026102840947494,989715,1490406141
-3736284532776973230,989715,1490406184
-2757234196559088851,989609,1490406170
-3144161678739960803,989609,1490406164
9046217071695605839,989609,1490406184
1819518903531018631,989726,1490406161
259060160470852097,989726,1490406173
-2702014212003901787,989726,1490406129
-3991049205014754754,989726,1490406172
4045980608733392280,989726,1490406141
2575660867882355303,989726,1490406138
-6948686557094126053,989726,1490406175
6763547848953602753,989726,1490406170
179181238691511667,989051,1490406164
-5454936506053596432,987558,1490406142
1156309020057748212,989211,1490406130
-9042795336886516794,989629,1490406172
1440851598160942025,989629,1490406174
1364466415792104171,989629,1490406187
-5568759060806899185,989510,1490406171
671241741589062478,881364,1490406187
-3853486322890436474,989680,1490406144
-7206902736334985550,989680,1490406158
-2471194941309750689,989680,1490406185
7455079178706343129,989680,1490406176
-5793790908516556277,989680,1490406181
-6630925337973482843,989010,1490406155
3004134402568693034,989456,1490406158
9000424590636054397,989554,1490406182
5329165094330404632,989554,1490406135
5754733797166469586,988966,1490406179
-9158176017413143235,988966,1490406146
-972161983113552108,989695,1490406174
-1998917247555297548,989695,1490406142
4528034331784321690,989695,1490406187
6232258993103176465,989695,1490406177
-1906463386890979247,989695,1490406161
-2780386408526150132,989695,1490406142
5350243053413833406,989695,1490406142
-7408495028987721768,989695,1490406185
-5719148464895121372,989695,1490406156
-2603543017253080465,128990,1490406151
1376158110588378342,989591,1490406165
-7809915284448441836,989591,1490406133
8331829511960124100,989591,1490406159
7766164625856489947,989378,1490406162
8388616086461048821,989720,1490406163
-2291797901009258363,989720,1490406159
7616279587679911907,989720,1490406136
1383501093151006756,989720,1490406165
6609399614806618673,989720,1490406133
-8088108119517017177,989663,1490406153
8889658502567336289,989663,1490406155
1364466415792104171,989662,1490406186
1440851598160942025,989662,1490406174
-8442229068178427692,989662,1490406137
-1548738765318704244,989662,1490406131
6099612610482369105,989662,1490406176
2008133459227334614,989662,1490406145
-8746947875575751744,989662,1490406185
4745947890323143218,989662,1490406184
-6177027087168977607,988521,1490406130
-2270914505871918523,989372,1490406185
2034681028343095938,989372,1490406172
1376158110588378342,989593,1490406188
-5388908544737917745,988964,1490406132
-2576100471842295806,989637,1490406144
-813080398478578289,989637,1490406163
7080692164147485219,988794,1490406179
-8571307932813539037,988794,1490406173
1950767616787865128,989686,1490406173
-4924846377833642927,989686,1490406141
-1357275775558043134,989686,1490406168
-6747279803980032973,989686,1490406167
-2780386408526150132,989686,1490406150
-1144195647255860322,989686,1490406140
-2774219606538311024,989686,1490406158
-1998917247555297548,989686,1490406176
-1906463386890979247,989686,1490406188
606112899734190854,989686,1490406131
-8803177346765917741,989626,1490406152
-6997295371049978792,989626,1490406150
4014631701170751769,989626,1490406178
3467841769953169861,989626,1490406149
7748458489132473632,989626,1490406143
-2702156668060677927,989394,1490406161
3818121058769883451,988455,1490406150
-3515094474379251848,972031,1490406131
2370860083819510159,988353,1490406137
-3519589953098823559,988818,1490406139
-4959232457231095764,988818,1490406138
6205219888344872162,988818,1490406167
8736368131194373816,989611,1490406145
-2757234196559088851,989611,1490406170
-1390076618774408952,939411,1490406155
-8812424500761858340,988817,1490406180
-1397249713144703708,988817,1490406163
-727694718699818945,988817,1490406145
488286222359302719,988817,1490406146
4027028291200556234,988817,1490406135
-3096758144654920352,989681,1490406153
-1078352827389584076,989681,1490406181
-5374626256465109157,989080,1490406132
4945908970234637164,989519,1490406151
606654430268155944,989519,1490406133
3783834343621678613,989519,1490406182
-4465820300213265294,989519,1490406142
7937454418872273794,989519,1490406182
-8269145851436879498,985717,1490406183
-1295277152388243306,989529,1490406147
-8705458059273425030,989529,1490406176
5402256195212432309,989393,1490406149
-6452546516683739455,989393,1490406131
892562462509948982,989393,1490406169
-6630687988240271908,989650,1490406161
-3144161678739960803,989618,1490406164
9046217071695605839,989618,1490406184
-8181008864871639894,989618,1490406187
-2757234196559088851,989618,1490406166
4682109809771123459,989618,1490406175
4441023727718881301,989618,1490406174
-5368135160893461,989618,1490406142
-8715633866002652216,989618,1490406146
8008794455477874077,989618,1490406129
-7971983684454480689,989618,1490406146
1229641729412539780,989618,1490406175
-5026040578369001730,989618,1490406155
4172225781351657424,989618,1490406133
-110449641377241676,989618,1490406165
-8985560207295027903,989618,1490406180
-4896134135917045675,989618,1490406155
3991543445420534137,989618,1490406128
5758897688310269855,989618,1490406171
2150246520172504064,989618,1490406146
-7838289658843833989,989679,1490406150
-1735407787070609865,989679,1490406131
-3096758144654920352,989679,1490406167
-5568759060806899185,989543,1490406171
-9192996160906532929,989670,1490406187
-8571307932813539037,988534,1490406148
3281997476855334082,343721,1490406156
-4448683129214476992,989558,1490406163
-6145454727718994390,989558,1490406138
-2591245675421933766,989558,1490406171
233077275293869147,989558,1490406182
4803119802703956233,989558,1490406180
3083826943808199716,989131,1490406128
-3290535949615647823,989131,1490406148
7551160626749293219,989131,1490406154
-5684118297853153943,341303,1490406166
1475172196558797222,986023,1490406148
-8985560207295027903,989595,1490406180
-2681233273575062652,989290,1490406129
-6630687988240271908,989652,1490406161
-6630925337973482843,989025,1490406130
-94819227521692700,71763,1490406158
-1656343269119338647,989176,1490406179
-1295277152388243306,989471,1490406137
-1649194122262233992,945201,1490406163
-5684118297853153943,344719,1490406166
-753858216570039804,989548,1490406145
-6687996901240692075,989484,1490406163
804799984003515760,989484,1490406132
4945908970234637164,989577,1490406180
-4129963289983136972,988821,1490406178
-6230444227430274886,988821,1490406185
-5035976263803993941,989143,1490406165
3689517143433275302,989371,1490406161
-8665105342490308360,989172,1490406146
3562668461316912916,988777,1490406156
-2597044469476699197,980749,1490406140
7114494401668962178,989265,1490406177
-8812424500761858340,921980,1490406181
-1670783066954161488,880845,1490406157
2042308728579576417,989719,1490406170
5239015807241996895,989719,1490406167
-2109083536122573274,989719,1490406174
-5734802502934951574,989719,1490406176
-3736284532776973230,989719,1490406139
7711791255664798412,989719,1490406153
8944585572684128087,989719,1490406161
2319955099818265914,989719,1490406163
3015795141361597383,989719,1490406140
-6174147810738439752,989719,1490406148
1928321555823735616,989719,1490406186
-8695010586175190861,989719,1490406172
2009475347120683469,988310,1490406146
-6759538612214124495,982132,1490406185
-8524404594141539383,150716,1490406166
8725196045538948148,989528,1490406143
-1295277152388243306,989528,1490406176
2281342535285577746,346641,1490406156
7897242227426708276,983562,1490406151
-3512907461427770296,988313,1490406186
8436356250220645512,989442,1490406180
-5789681024392276274,989442,1490406163
-1188012804137228709,989421,1490406148
-8218331486795446474,988878,1490406138
8488792996904885922,989721,1490406167
-5248780058498875582,989721,1490406149
-8467142863926130811,989721,1490406165
-2109083536122573274,989721,1490406138
-5330375410242099108,989721,1490406175
5650836292601900569,989721,1490406136
-5568759060806899185,989555,1490406149
5329165094330404632,989555,1490406153
-6630925337973482843,989024,1490406145
-8665105342490308360,986302,1490406146
8889658502567336289,989664,1490406155
-8088108119517017177,989664,1490406143
6183168961329870736,989664,1490406163
6408375826428656762,989664,1490406146
-2855274338081450226,989664,1490406131
1679210991428814396,989683,1490406158
-7581112900431325525,989683,1490406138
-4924846377833642927,989683,1490406174
-6422843853854500918,989683,1490406149
-5108132505022048979,110354,1490406173
-6143621064807050496,989592,1490406179
-4090608015981436571,989592,1490406163
8323717357500051730,989335,1490406157
7114494401668962178,989335,1490406141
7436763024956759076,989335,1490406184
6986794104613243151,344491,1490406134
7114494401668962178,989274,1490406161
4400631951138415040,902834,1490406145
804799984003515760,989475,1490406164
-3240923134320028027,989475,1490406164
-7424603058402487565,989674,1490406138
3155426696168851101,989674,1490406169
-1989044443993418334,989674,1490406172
-682373123777687275,989674,1490406158
8034990986126423705,989674,1490406167
2460983134824639806,989674,1490406176
8622372690931376530,989674,1490406149
1679210991428814396,989674,1490406158
-6726233592998958382,989674,1490406171
-6862875341341081576,989674,1490406133
-8608399793319689533,196709,1490406166
6483993965215367737,989613,1490406139
4014631701170751769,989613,1490406178
-8803177346765917741,989613,1490406153
-5568759060806899185,989413,1490406163
5329165094330404632,989413,1490406174
-8963342403530238579,989567,1490406173
-802756712163678898,989567,1490406129
-7567216140936760889,989567,1490406151
606112899734190854,989567,1490406181
5329165094330404632,989550,1490406166
-5568759060806899185,989550,1490406152
-8682212897848950945,989192,1490406132
6350908073932913222,989513,1490406147
2321365138406982767,935306,1490406183
-3512907461427770296,988314,1490406186
-4084120936534247696,988943,1490406137
8020304864884146133,989482,1490406187
-2916416157834162354,989482,1490406132
-7666668972342179432,989482,1490406172
2449209087900456229,989482,1490406137
-7551447320729859490,989482,1490406168
-1028252677649282876,989482,1490406188
-1188012804137228709,989482,1490406143
-3857794198314863793,989482,1490406143
6542091665432141380,989522,1490406149
-4448683129214476992,989522,1490406181
-5753295202876523642,989701,1490406154
235674074198006669,989701,1490406163
-7939144445533695117,989701,1490406163
4103325870934529871,989701,1490406184
-1138236318945000077,989701,1490406162
-4490405823093609308,989701,1490406183
-7408495028987721768,989701,1490406167
6224648716342652937,989701,1490406133
4528034331784321690,989701,1490406134
6142600312831497143,989701,1490406175
4768926650915916769,989701,1490406154
-5388908544737917745,988972,1490406132
6494083153876173241,988972,1490406170
-19542283574866357,988972,1490406136
-7540212702669544252,989379,1490406181
5408879910167367576,989053,1490406137
-6630925337973482843,989023,1490406151
3937432671187440151,988699,1490406154
-8637970903615392371,989099,1490406172
-1397249713144703708,989370,1490406171
-5895068683823112215,989564,1490406179
-6697515313966018197,989564,1490406165
-8389778692111116079,989657,1490406158
-9082777247974632155,989657,1490406169
-6106715119112130435,989002,1490406141
5408879910167367576,989045,1490406182
4167502702370608843,989108,1490406181
5420486250056646287,989402,1490406164
5402256195212432309,989402,1490406181
-3859405023703006162,989524,1490406131
