-594573696653485879,971111,1490934691
2305904914788889749,982680,1490934717
-6697414348758318670,110497,1490934706
6183021273457161895,989787,1490934705
-8466377783241815296,992012,1490934722
5669195198142081885,992012,1490934732
-827066216264136079,992012,1490934678
-7173025137075964434,992012,1490934674
-796474277817739180,992012,1490934702
5548266467393390670,991981,1490934698
793502634585398765,991981,1490934695
7821958866525138554,991981,1490934693
-4356950977911386894,991981,1490934678
3441773169975961168,991981,1490934705
-3256169821376676622,991981,1490934678
2097975163952842102,991981,1490934685
-5575726036800829052,991981,1490934704
2490969808146636341,991981,1490934722
-8601434401330504240,991981,1490934708
-4756638403790605150,991981,1490934705
-6601391342219355180,991981,1490934715
-8142701236712406421,991981,1490934727
-1128029706569203360,991981,1490934689
-9003405418250228837,991981,1490934678
1640749903095824689,991981,1490934709
-7732641331976722180,991981,1490934697
2934441073746063882,991981,1490934710
-339783957923484603,991981,1490934693
1808928405536359022,992065,1490934675
1482388280609080905,992065,1490934712
-1080818760589769803,992065,1490934716
4829724220509896988,992065,1490934719
-4260170717269226110,992065,1490934681
8162025377025990950,992065,1490934674
5597861903350578057,992065,1490934713
-1348925901181428910,992065,1490934728
2945284617168494501,992065,1490934682
5575827521737914442,992065,1490934711
-8818880777016098971,992065,1490934729
8313950612724084213,991176,1490934706
-2830398513890819342,991875,1490934698
-2474170206663378533,991875,1490934708
-4993436678955411754,991875,1490934702
3753718436492421506,991875,1490934720
5840801976444851984,926416,1490934718
-8828600403580812957,991841,1490934692
-6735281458144477750,991841,1490934693
-8096691522370074684,991546,1490934711
5469404184453532997,992091,1490934697
-4719758422857617044,992091,1490934694
-5580402469506230765,992091,1490934713
-3279491869266089834,992091,1490934719
2775525013231945153,992091,1490934726
-3666782911280719043,992091,1490934688
7510046095869836987,990574,1490934710
6825940250937851305,991943,1490934687
896294704409402689,991943,1490934706
6536159556835050955,991943,1490934691
1482388280609080905,992067,1490934682
5575827521737914442,992067,1490934711
-8818880777016098971,992067,1490934729
5597861903350578057,992067,1490934708
-1348925901181428910,992067,1490934728
-1080818760589769803,992067,1490934689
4829724220509896988,992067,1490934708
1588913606610438740,992067,1490934721
7940000870749405407,992067,1490934731
-2639897944372028456,992067,1490934731
-4238150601776551917,991719,1490934675
7776670981169622208,991904,1490934701
3842659334701491244,991904,1490934714
4251116347047833503,991904,1490934686
-6986272673341828308,991904,1490934701
5575827521737914442,992072,1490934676
-2639897944372028456,992072,1490934731
-1080818760589769803,992072,1490934681
1588913606610438740,992072,1490934721
-8818880777016098971,992072,1490934719
5597861903350578057,992072,1490934698
7940000870749405407,992072,1490934731
4829724220509896988,992072,1490934704
-1348925901181428910,992072,1490934719
4339346103441015218,992072,1490934675
-1148664412306639126,992072,1490934727
7616422602915248690,992072,1490934726
1552615674780490516,992072,1490934709
8910688587088806175,991713,1490934703
-1529718436932150948,991723,1490934730
-6233799712340572003,144382,1490934697
-2868799361251127013,144382,1490934730
-7077056456202900043,144382,1490934701
3489524052973391909,144382,1490934695
5794444128363711386,991617,1490934689
3654656822064686161,991844,1490934731
-9044438644037126661,991844,1490934684
-2774982729359193781,991844,1490934706
-3470979895869858178,991844,1490934682
707863002316584132,991844,1490934716
3841243642613564199,991844,1490934681
-2510906601910870878,991844,1490934693
-2164306748749669012,991844,1490934705
4572175338306584627,991844,1490934696
4956042708035029699,991844,1490934701
2804287732579216233,991844,1490934693
6906503465901853281,991844,1490934704
-7136283397218771113,991844,1490934690
6596314608956276182,991844,1490934690
-6434132681175980071,991844,1490934724
-8715435630905634594,991844,1490934679
-2197851759771719450,991844,1490934678
87628636280996747,991844,1490934732
1995277362219393037,991844,1490934707
-1266030345831787389,991844,1490934706
6868125802097991930,991844,1490934718
-3786442770396816978,991844,1490934700
-703606197390462719,991844,1490934731
-1144781589629494926,991844,1490934712
-6460557388628113654,991844,1490934674
7876188395374199643,991844,1490934687
4602535257597481084,991844,1490934678
-337237619050219157,991844,1490934675
-8702948062920957803,991844,1490934688
7632563780283662664,991844,1490934728
7776670981169622208,991844,1490934713
6652230393812569491,990301,1490934700
-4075998352031405264,990301,1490934729
2548241461853905732,990301,1490934682
7992008476100415320,990301,1490934720
-8605523765750262864,990301,1490934699
8204875375637915141,990301,1490934701
1155139876810352493,990301,1490934727
5625716480426206172,990301,1490934685
-5307785112920800645,990301,1490934721
61524718600074819,990738,1490934713
-6093190097164059793,991406,1490934677
-4694439447044377537,991406,1490934701
-1716882231859358860,991997,1490934694
-1545997583201754554,991997,1490934713
2812298662952454310,991997,1490934719
6410804732897433415,991997,1490934722
-1262684735331464,991997,1490934705
9157249741982919081,991997,1490934728
-4457341414678174808,991997,1490934725
2673330906151890445,991997,1490934694
5570000774507604539,991997,1490934715
-6829274385672598667,991997,1490934700
3753923886328128756,991997,1490934702
5322191537741349055,991997,1490934723
662671051681549845,991997,1490934694
-1062709503139751312,991997,1490934713
3917876590210214233,991997,1490934688
9140956935242396504,992024,1490934729
5948817309615014772,992024,1490934719
7938609833037820947,992080,1490934685
3516420700064395608,992080,1490934701
-3133231101199518937,992080,1490934720
-3237047551653513146,992080,1490934690
-7843820269787108948,992080,1490934700
7354784946061085807,992080,1490934692
7823478022394721276,992080,1490934685
-3421933239481876741,992080,1490934678
-5684245763306537364,992080,1490934682
4811567691204311186,992080,1490934696
4154404475346234677,992080,1490934726
4824050350924314531,992080,1490934706
2895625887081563914,992080,1490934726
-4756638403790605150,992080,1490934696
-6689457797769092142,992080,1490934710
2382274896805144290,992080,1490934676
6772862368277406689,992080,1490934696
6731647575949331257,992080,1490934720
36882218184153302,992080,1490934712
4760930398284381625,992080,1490934724
-6394652478541475468,992080,1490934712
2097975163952842102,992080,1490934707
-651466329400971048,992080,1490934724
869472351917516603,992080,1490934683
-372567136515416606,992080,1490934708
-5748454437975979415,992080,1490934677
6377147097994346959,992080,1490934729
8913791234630867215,992080,1490934722
2965884952706772683,992080,1490934694
7323785088213185477,992080,1490934724
-2163632906710248275,992080,1490934691
-3565544429501060464,992080,1490934724
-5616901222228141107,992080,1490934684
7488159380068730734,992080,1490934699
957170925772261582,992080,1490934699
-4759039157526596508,992080,1490934711
4129141718889734413,992080,1490934717
4637757429938778028,992080,1490934694
8951291533878672120,992080,1490934675
7795920423047632532,992080,1490934717
-919344025840717894,992080,1490934692
8757198078244488016,992080,1490934722
4733004840135542564,992080,1490934702
7742742789755395282,992080,1490934720
-5173875747314224388,992080,1490934716
-1539333691068301784,992080,1490934682
-3917164385629017462,992080,1490934688
3959765098060092593,992080,1490934710
4649107073289356418,992080,1490934697
-5451669527772436958,992080,1490934678
-4562851439582196497,992080,1490934692
-6849205862270576501,992080,1490934730
-3869188467768042111,992080,1490934725
-7448445832352773475,992080,1490934691
-9211728283032743263,992080,1490934723
3688469141155001179,992080,1490934689
3198036138297136875,992080,1490934704
7024831508912951733,992080,1490934695
-3447338614867615196,991499,1490934698
2387139138182498153,991905,1490934682
-2695658449614348157,991905,1490934695
62448854259412023,991905,1490934723
-4429463266222861223,991905,1490934698
-4363144128263458634,991905,1490934720
-475508560120535066,991905,1490934726
-2598804516388183340,991708,1490934717
-2185539024224439656,991708,1490934719
-2863493380858386833,991852,1490934725
-5402290010090176140,991882,1490934679
3432314941447808173,991882,1490934673
-1857762826088162112,991882,1490934699
-8517778932922921802,991882,1490934691
-4542657531421777421,991882,1490934726
-2556962621035902569,991882,1490934712
5815326681153140575,991882,1490934719
1882229474740285840,991882,1490934705
-8294968184660177625,992058,1490934690
13901012143357095,992058,1490934690
1965768922861925769,992058,1490934705
-7510598387262438181,992058,1490934711
5618125130593211803,992058,1490934693
2945662472336508448,992058,1490934718
-6359903910460714305,992109,1490934695
-7283297588142742327,991480,1490934709
7989149197945509504,180655,1490934674
-7089604041880120757,991573,1490934699
61524718600074819,990686,1490934713
-7397870741271223847,990686,1490934722
7383654934862626434,991588,1490934709
-3888618121414176311,991588,1490934711
8438415559375668608,991738,1490934692
8848687200050478308,991894,1490934715
-8715435630905634594,991894,1490934673
3842659334701491244,991894,1490934724
-7380280582663448856,991894,1490934680
-8311518190142558488,991894,1490934690
-2926050688157749444,984703,1490934709
-7788088197983129306,984703,1490934729
-2836445021915882803,984703,1490934692
1208181236091230977,984703,1490934714
3835325569267435238,984703,1490934708
-3018229534194428380,984703,1490934692
2764006209184079209,984703,1490934722
5944050944806047118,984703,1490934719
-3224264661501982562,984703,1490934700
5381943229566737028,984703,1490934716
-5867010484925977231,984703,1490934693
8391316106387431240,984703,1490934710
-8890290540674623156,992000,1490934732
1817980744618679689,992062,1490934687
7780903811401266770,992062,1490934718
-5113766882411680973,992062,1490934684
6361531435673415717,992062,1490934704
8162025377025990950,992062,1490934706
-4260170717269226110,992062,1490934722
1019556449202361826,992062,1490934700
-3698439644954002993,992062,1490934722
-6350042095506608123,992062,1490934715
-6489700915779484096,992062,1490934727
-7644550698726870900,992062,1490934707
1808928405536359022,992062,1490934725
-2941226425367407809,992062,1490934708
8368129816202988525,991353,1490934684
-2441619984087615064,991817,1490934716
-4992412918009979011,992040,1490934729
-7831185627565443682,992040,1490934710
-2686393245366900280,992040,1490934706
-6872085844100452907,992040,1490934723
-7742608276698064926,991762,1490934731
2006774898794447748,992010,1490934680
-7745418275036027712,992010,1490934728
-1173557333853021721,992010,1490934715
7672132459046392737,992010,1490934716
-3305019332054272470,992010,1490934685
-951948645064162861,992010,1490934731
-7717359396325225739,992010,1490934687
-209529701274736307,992010,1490934731
3308679280935048190,992010,1490934725
-6008484321245519296,992010,1490934720
7250218031800665872,992010,1490934707
9036830668812715955,992010,1490934720
3420612347593387694,992010,1490934699
-644831831120933404,992010,1490934693
8146299323789703266,992010,1490934730
1954470416987987167,992010,1490934713
-7513012919915557893,992010,1490934726
1640749903095824689,992010,1490934711
4311421393295021700,992010,1490934718
5402969281372675056,992010,1490934732
8213922395493249405,992010,1490934727
-7355018397204531641,992010,1490934686
3082475104559776143,992010,1490934725
3503537966493476528,992010,1490934726
2395105848293115957,992010,1490934696
-270138161404392781,992010,1490934720
4339346103441015218,992071,1490934675
-3862762225194897497,992071,1490934725
-1348925901181428910,992071,1490934713
1588913606610438740,992071,1490934706
5597861903350578057,992071,1490934684
7940000870749405407,992071,1490934720
4829724220509896988,992071,1490934694
1552615674780490516,992071,1490934709
7616422602915248690,992071,1490934726
-1148664412306639126,992071,1490934727
1784023294984419268,992071,1490934706
-2639897944372028456,992071,1490934710
-8818880777016098971,992071,1490934705
4844392996579224446,992071,1490934685
-4216072550253404270,992071,1490934698
4710630090817512873,992071,1490934706
4271889864139398002,992071,1490934686
8018377929140436458,992071,1490934707
6811420142387903098,992071,1490934726
-2232817454774247809,992071,1490934694
-4363144128263458634,991907,1490934720
-475508560120535066,991907,1490934726
-894846525137490530,991907,1490934676
1839741770725563931,990877,1490934697
8174459499350515844,990723,1490934730
-8557560652417676178,991537,1490934702
8722576352222925828,979729,1490934711
5991537507011997605,979729,1490934682
5270736526452296282,979729,1490934704
-3749338060430981491,979729,1490934711
-6889695710459687015,979729,1490934720
-7499794325303365005,979729,1490934693
-7648573902759322961,979729,1490934690
-479508105814238670,979729,1490934699
3434526021339060578,979729,1490934710
-7379998039231625377,991691,1490934719
-4027041487880446941,991327,1490934692
-7200186478919126405,991644,1490934683
-8630302321442446059,991644,1490934685
-209529701274736307,991644,1490934675
-6872053241747717588,991644,1490934724
5618996094295248270,991644,1490934702
-6152376944678310013,991175,1490934713
204153605212310074,990876,1490934709
1320322483639754975,991701,1490934716
1830149744484075894,991701,1490934722
2881488188612769019,991701,1490934676
-383802277850117425,991701,1490934690
8356107732233241585,991701,1490934698
4759751048125114626,990653,1490934694
-3281240335087558274,992022,1490934712
6581734621017179894,992022,1490934675
-7132642398537326158,991699,1490934718
-3018229534194428380,991977,1490934675
-5556954960752972181,991977,1490934702
8522921499795332942,991977,1490934715
-8718005228048390232,991977,1490934720
-3594633759438840875,991977,1490934682
8272964731247917154,991977,1490934719
8787606994749902898,991977,1490934678
3660670099458238454,991977,1490934678
-843359207558431536,991977,1490934722
869472351917516603,991977,1490934729
-1897361786646385715,991977,1490934718
3400984743345951500,991977,1490934701
-2951800290033526426,991977,1490934712
5877677087303289293,991977,1490934722
-5576140313709782879,991977,1490934719
-5906165950690985056,991977,1490934709
-1101491488383593837,991977,1490934697
5346372577623090280,991977,1490934704
1223572164879925354,991977,1490934681
-5869965376339416461,991977,1490934687
-5807714100913545515,991977,1490934677
-5770264413197877464,991977,1490934695
-6605522948686601698,991977,1490934685
-6697959849482401119,991977,1490934681
-8787928964426445977,991977,1490934682
1716139553618789541,991977,1490934726
13901012143357095,992055,1490934720
-5656667464502305206,992055,1490934674
-3780633084686552628,992055,1490934680
-7510598387262438181,992055,1490934718
-9125812907825073477,992055,1490934708
1965768922861925769,992055,1490934711
-4432318903189061560,992102,1490934687
571072882386073448,992102,1490934722
2618341734025214984,992102,1490934715
-2426943728548781852,992102,1490934678
-5718829850228685417,992102,1490934706
2320493610754420162,992102,1490934710
1433864012047730856,992102,1490934728
7231292408443186201,992102,1490934694
759100548852115851,992102,1490934726
620460466246839402,992102,1490934689
-7998181549554937695,992102,1490934725
-5019560537593964543,992102,1490934700
-4483484353314616186,992052,1490934725
-5665895261949767591,992052,1490934700
-7510598387262438181,992052,1490934676
6361531435673415717,992052,1490934726
8162025377025990950,992052,1490934718
7780903811401266770,992052,1490934729
-4815858481600629249,992052,1490934677
-7915361763997462333,992052,1490934724
-5335609936615461971,992052,1490934720
1817980744618679689,992052,1490934687
7068502656716045321,992052,1490934688
3358183020789010389,992052,1490934695
3456531850949129913,992052,1490934676
-4925283398007885190,992052,1490934692
-6375697367177714478,992052,1490934683
-531505479064432993,985935,1490934674
-7959000065412459761,992093,1490934726
7578156568720941553,992093,1490934714
-3666782911280719043,992093,1490934679
-5580402469506230765,992093,1490934692
8510680873644740439,992093,1490934726
2051744842029689759,992093,1490934695
1136880835002695238,968201,1490934708
9014821777888343239,991944,1490934726
-4677988108408311019,991732,1490934712
4991949219844755866,991732,1490934731
5323774681057705387,991732,1490934694
202507796097346238,991732,1490934684
-5843781921400374101,991732,1490934725
-2474170206663378533,991965,1490934700
3753718436492421506,991965,1490934719
-4993436678955411754,991965,1490934699
-5420611316782382091,991965,1490934708
3456531850949129913,991965,1490934688
-2474170206663378533,991973,1490934727
2756370294338481641,991973,1490934724
-1192404001943664836,991973,1490934714
6849336524020424073,968623,1490934732
2574252137243746068,991933,1490934726
4377037402499218600,991933,1490934720
-4582015402312460145,991933,1490934703
2790879693085182797,991933,1490934679
2385983711061174949,991933,1490934701
4214129504597676184,991933,1490934703
491680316700098408,991933,1490934697
6109023577898644891,991933,1490934728
-4216072550253404270,991933,1490934707
-6762063429142235556,991933,1490934691
307686664246938982,991933,1490934726
2981332402976318939,991933,1490934682
-7182853349789577559,991933,1490934720
-1716882231859358860,991933,1490934701
-8086773821585078493,991933,1490934725
-2863493380858386833,991847,1490934720
-5981054785407844756,991847,1490934703
-4979582539044468812,991830,1490934689
-4371752395993204319,989338,1490934717
4209805276592569107,989338,1490934701
-4979582539044468812,991808,1490934689
-1760047388277775967,991808,1490934681
-623449492079798393,991361,1490934686
5196618483248052110,988636,1490934714
7340559408607304422,992110,1490934697
5036973735944174405,992110,1490934678
-3898626892553418516,992110,1490934728
2241903401658325097,992110,1490934706
8878947122059941156,992110,1490934732
4022279229822409248,992110,1490934693
-2485271098189998708,992110,1490934688
-4798505810665076680,992110,1490934684
6316228458428732189,992110,1490934677
-524588787695120605,992110,1490934703
759100548852115851,992110,1490934702
-169745333206437522,992110,1490934701
-6484000453088243034,992110,1490934693
1041156223672458559,992110,1490934702
-6656597443339543211,992110,1490934711
-7666669850557917541,992110,1490934714
3707540651275789346,992110,1490934712
-5324076614850718239,992110,1490934675
8640047268620332136,992110,1490934679
7381624485595396084,992110,1490934725
-1870280725649254448,992110,1490934680
-3439186337317629959,992110,1490934712
2369046503371634840,992110,1490934685
-4549531044577824503,992110,1490934716
-7093835129492867023,992110,1490934711
-479508105814238670,991955,1490934699
-3749338060430981491,991955,1490934711
3434526021339060578,991955,1490934710
8722576352222925828,991955,1490934711
-7648573902759322961,991955,1490934690
-6889695710459687015,991955,1490934720
5991537507011997605,991955,1490934682
5270736526452296282,991955,1490934704
-7926003630861286808,991955,1490934727
5415123921984136375,991955,1490934712
-6289443781319132126,991955,1490934694
4214129504597676184,991955,1490934723
450824978941777301,991955,1490934706
1910128757034278346,991955,1490934730
8512288809389738676,991955,1490934710
7554087332670715715,991955,1490934695
6635119434145281505,991955,1490934699
3622241297299522673,991955,1490934696
-7305747603176551611,991955,1490934688
6291039649240213314,991955,1490934703
-523505636123166021,991731,1490934686
3020958577422115465,991331,1490934699
-1952816863854033139,985295,1490934692
4930485026850365724,992084,1490934689
-7650595117276713944,992084,1490934725
1287499050661399901,992084,1490934688
-2016175576780662642,992084,1490934691
136381267456088856,992084,1490934714
-1032369690368257877,992084,1490934707
7902945394602651522,992084,1490934688
7380007372916549837,992084,1490934706
-2598804516388183340,992084,1490934732
869472351917516603,992084,1490934674
1864286944474906219,992084,1490934706
6620968572214846508,992084,1490934706
2162708936028771195,992084,1490934731
863681840353078979,992084,1490934702
-8356047190481996698,992084,1490934732
-3934885579939657666,992084,1490934680
6543080165082810965,992084,1490934732
3807690906547575536,992084,1490934706
7173899715156404851,988974,1490934696
-162043171432205952,992115,1490934726
1940736719274514323,991794,1490934710
7203801944433965917,991775,1490934694
2556646697953589559,991775,1490934717
-1792334076759703477,991775,1490934680
-4869648176446565990,991775,1490934730
-406851665152989409,991775,1490934729
8412905581884395868,991775,1490934687
-6770985955922455862,991775,1490934719
-3850436574403125797,991969,1490934715
-1737120240883251449,991969,1490934714
-7788088197983129306,991969,1490934729
4753345340754076012,991969,1490934695
-3018229534194428380,991969,1490934692
3303165004365811880,991902,1490934720
3842659334701491244,991902,1490934711
-6986272673341828308,991902,1490934701
-4928676502480180142,991902,1490934696
-3722695725647840744,991902,1490934713
6790200928108920427,988897,1490934683
-2438188246145742541,991851,1490934680
-2830398513890819342,991851,1490934724
1892886098466060069,991851,1490934712
-3508316471404128994,991851,1490934722
3019180621936956392,991769,1490934706
7853966017037332052,991635,1490934686
7767972645546596416,991638,1490934710
-4159649599616127672,991638,1490934709
3678829120013804417,991264,1490934678
4733150973898964099,991264,1490934727
-6026795082806402764,991264,1490934691
1320620386606704535,958275,1490934713
-7005034086130112644,991947,1490934681
1787967533209283646,991947,1490934685
3424941435751371205,992049,1490934705
-7831185627565443682,992049,1490934705
1893176479143636909,992049,1490934680
-6872085844100452907,992049,1490934722
-7005034086130112644,991929,1490934684
4479341762814703257,983039,1490934674
-1123703479593091249,991826,1490934715
5940510704523540382,991826,1490934728
3559657572586904785,991826,1490934686
-4677988108408311019,991826,1490934693
436499239830157200,991826,1490934710
-1719846284130362339,991826,1490934732
7094769546793146154,991826,1490934729
2435478868511663549,991826,1490934676
2194106126936365195,991826,1490934689
3092151228535282882,991826,1490934710
-4269587878016331498,991826,1490934710
7012923566782259652,991826,1490934689
-8324929739142699868,991826,1490934673
5522235863948392293,991826,1490934722
6291039649240213314,991826,1490934708
8216002880857452816,345748,1490934710
-2133187004770548805,906593,1490934712
-6640066269200484963,877975,1490934705
-1179585029731012281,138335,1490934713
8967544286481428540,342367,1490934710
8953852894303945068,992068,1490934706
734764181285842725,992068,1490934692
2795208368247181409,992068,1490934679
-4419466382291495701,992068,1490934717
3481595835704348725,992068,1490934709
5707557461869442478,992068,1490934726
2710546652621432801,988454,1490934707
3800691862486841267,992074,1490934711
-6886026680805869656,992074,1490934722
6811420142387903098,992074,1490934691
1029201967654675136,992074,1490934731
2646598978997290558,992074,1490934704
-3078372889570621429,992074,1490934725
8368129816202988525,991246,1490934728
-6687071187547204596,992047,1490934678
-6872085844100452907,992047,1490934711
8514738935151494746,992047,1490934698
-8951169094022949931,992047,1490934697
-7831185627565443682,992047,1490934677
-5073182497093957530,992047,1490934712
-929135982737446890,992047,1490934727
-7595259349045374984,992047,1490934706
-5223633768464033675,992047,1490934722
-3992297757016999317,992047,1490934718
6543331126682054079,992047,1490934680
-7727808570986669098,992047,1490934684
-6697934026336710724,992047,1490934725
-7170858642695203374,992047,1490934731
8510680873644740439,992096,1490934719
-5580402469506230765,992096,1490934683
6545293218369144638,992096,1490934715
2775525013231945153,992096,1490934714
-3279491869266089834,992096,1490934705
5104852252311735337,992096,1490934712
-2898315017436851742,992096,1490934720
-3316087849298702480,992096,1490934731
-7713631173763360287,985186,1490934703
-1459248413305766851,343771,1490934694
-171786300053993849,991294,1490934731
5052406007481809425,991998,1490934704
-8721666855960366045,991998,1490934700
-1862204699597274889,991937,1490934727
-8623860323407502024,991937,1490934695
8146299323789703266,991937,1490934711
-1726681579317708110,991937,1490934732
3883814071992654821,991937,1490934687
-1048472681736689058,991937,1490934673
-117856601590208407,991937,1490934730
-1133105376438690267,991937,1490934711
-1112102965851414053,991937,1490934705
789240648046680193,991937,1490934719
2603035285747969988,991937,1490934706
2136541631397366335,991937,1490934693
-2037659990815084261,991937,1490934709
3009075100333252940,991937,1490934706
-1887576294088133628,991937,1490934695
8024658541299310957,991937,1490934723
2291992265508290864,991937,1490934721
11780974170858357,991937,1490934681
-8655459154178248423,991937,1490934691
3711642548593039269,991937,1490934686
-283004012453767874,141318,1490934712
3482863291891950557,974441,1490934690
-8194954008895967380,974441,1490934719
1717761403514510916,991670,1490934680
-76311240673719567,992100,1490934675
2530114864587665280,992100,1490934689
-3316087849298702480,992100,1490934700
-2898315017436851742,992100,1490934674
-4432318903189061560,992100,1490934711
7425263995426059879,992100,1490934689
2320493610754420162,992100,1490934732
7489564236857308087,992100,1490934688
7231292408443186201,992100,1490934719
571072882386073448,992100,1490934730
-2426943728548781852,992100,1490934697
2618341734025214984,992100,1490934723
-4371752395993204319,985003,1490934723
-1039828344664407940,985003,1490934687
2215777008597770208,991455,1490934720
-5845219517163899809,992083,1490934704
-5051564922221231357,992083,1490934726
8750695106167921705,992083,1490934713
-8770357833589616979,992083,1490934708
7945751269415060162,992083,1490934695
5520124324358778639,992083,1490934705
-1220183894504354067,992083,1490934683
-1351085901282183481,992083,1490934732
-965963453699264293,992083,1490934716
-2147995478078836946,992083,1490934692
4105606044471899923,992083,1490934723
4450515783610830049,992083,1490934697
-6504030881733771128,992083,1490934705
-3057385015058055298,992083,1490934727
-6661747862327751149,992083,1490934703
-6779787169782876847,992083,1490934677
-6918295348922858973,992083,1490934731
-2158323493510567238,991489,1490934726
1158887769422719688,992092,1490934707
-4916643597165358427,992092,1490934707
3320427780194479972,992092,1490934686
-4548252562130299847,992092,1490934722
-7577662576321526701,992092,1490934699
-4616645896405863080,992092,1490934708
4450515783610830049,992092,1490934679
4598207538783426365,992092,1490934729
-6241311707307704522,992092,1490934725
2775525013231945153,992092,1490934726
-5580402469506230765,992092,1490934713
5469404184453532997,992092,1490934697
-6798661957824327539,992092,1490934684
6185235796049115425,992092,1490934688
-4719758422857617044,992092,1490934694
-3279491869266089834,992092,1490934719
-5740773084631906166,991270,1490934679
-5811017703745093709,991867,1490934723
3666246963895553585,991867,1490934688
1593573134345549002,991867,1490934695
-880060524873801843,992020,1490934694
-8073547745031614250,992020,1490934682
5669195198142081885,992020,1490934709
-6728755861538696640,992020,1490934700
-6001030494767588384,992020,1490934679
2291992265508290864,992020,1490934713
1144611956622253842,992020,1490934713
-3721029150325212061,992020,1490934697
-6735281458144477750,991840,1490934690
-8828600403580812957,991840,1490934678
-5568714311975891085,991840,1490934714
6920887347723604309,991840,1490934712
-4366349063733419053,991840,1490934729
-5994086631686893009,988138,1490934730
8227983177021667960,991722,1490934718
-1086380839985612814,991722,1490934674
2934441073746063882,991722,1490934674
2217036218898788827,991722,1490934727
9113430427115509402,991722,1490934694
2387139138182498153,991722,1490934705
2985436687465350019,991722,1490934706
4700528791206016145,991722,1490934720
-8638370445640823756,991722,1490934687
1640749903095824689,991722,1490934709
8312274029281851438,991722,1490934710
4780044785960882882,991722,1490934720
6946054478031362327,991722,1490934679
-6191613200407110030,991722,1490934687
-7370770081540535134,991722,1490934708
-5940082170867319157,989623,1490934723
-7920039016901113105,991986,1490934730
-7799705314911287612,991986,1490934732
8306230470227178716,991986,1490934691
4820191892876982383,986789,1490934728
-5129544924296221693,986789,1490934690
-7257094162822879973,918327,1490934706
620460466246839402,992107,1490934689
1433864012047730856,992107,1490934714
2320493610754420162,992107,1490934684
-7998181549554937695,992107,1490934725
-5718829850228685417,992107,1490934680
759100548852115851,992107,1490934723
-7857749984226776389,992107,1490934716
7231292408443186201,992107,1490934680
-4798505810665076680,992107,1490934724
-2485271098189998708,992107,1490934710
-505131198472937568,991696,1490934718
-3242298318171755063,991696,1490934706
8535993213413527518,990809,1490934717
-743105804685521360,991776,1490934679
-1855353569638417932,991776,1490934706
-5132001923016984132,991963,1490934686
-7713631173763360287,985048,1490934702
-124727187806596003,991878,1490934685
4956042708035029699,991878,1490934718
3841243642613564199,991878,1490934696
-2164306748749669012,991878,1490934719
-9044438644037126661,991878,1490934696
2804287732579216233,991878,1490934704
-3470979895869858178,991878,1490934683
7175468330713813506,991878,1490934692
1659465958737955338,991878,1490934676
-2774982729359193781,991878,1490934706
707863002316584132,991878,1490934716
-7742608276698064926,991791,1490934675
2756370294338481641,991924,1490934730
-2474170206663378533,991924,1490934727
8181304502908086126,991232,1490934732
3283500469505193301,986208,1490934730
-796474277817739180,992015,1490934677
5669195198142081885,992015,1490934712
7810291172988611591,992045,1490934721
5076665322078454616,992045,1490934697
-6642008629133737643,992045,1490934724
-6697934026336710724,992045,1490934684
9191440141378622265,992045,1490934719
-4208146764908439691,990271,1490934720
8078696659961843690,952317,1490934677
-7745418275036027712,991983,1490934722
7723488099620940483,991983,1490934707
630048412181718695,991983,1490934731
8295163045863515548,991983,1490934703
-1062709503139751312,991983,1490934688
-4582015402312460145,991983,1490934725
863681840353078979,991983,1490934717
8324170002859424020,991983,1490934714
9214530680248898973,991983,1490934687
1136880835002695238,968260,1490934730
-6642008629133737643,975858,1490934704
7810291172988611591,975858,1490934687
9191440141378622265,975858,1490934706
-7510598387262438181,975858,1490934727
-7287111724921181620,991746,1490934713
773027133212865923,991746,1490934706
-3341462575060433745,990954,1490934727
-5063237487831899528,990954,1490934673
7482666732053773607,990954,1490934709
1640749903095824689,990954,1490934713
5921598530164209693,990954,1490934683
3107552264150394941,990954,1490934716
6710439776329896464,990954,1490934678
-9024925512769563047,990954,1490934718
-5017234767876826291,990954,1490934723
-7482117866675540389,991917,1490934731
907987397523581855,991917,1490934702
-475508560120535066,991917,1490934708
-1925877319641141483,991917,1490934716
5542458063208098757,991917,1490934699
498061254764004275,991917,1490934680
1916546320087459131,991917,1490934730
-1094894160866389808,991917,1490934677
6274974060133043021,991917,1490934687
5674177055824113536,991917,1490934682
1598954122189749264,991917,1490934727
-6830033175413296160,991917,1490934722
-8491954667710409412,991917,1490934694
3189073244577144138,991917,1490934698
191110219292545015,991917,1490934718
-4035153732177254180,991917,1490934685
-8769264906909049641,991917,1490934731
5948817309615014772,991980,1490934676
3552058408811248093,991980,1490934725
7861245791210540429,991228,1490934680
8494654341699547833,991228,1490934727
-6114296291834183572,937005,1490934704
5948817309615014772,992023,1490934715
3552058408811248093,992023,1490934725
1375704256448896798,992023,1490934709
-5304255163710156153,991764,1490934675
-4813597336249535579,991764,1490934684
8227983177021667960,980667,1490934718
1019556449202361826,992059,1490934700
-6350042095506608123,992059,1490934715
-3698439644954002993,992059,1490934722
7780903811401266770,992059,1490934691
1808928405536359022,992059,1490934725
8162025377025990950,992059,1490934700
6361531435673415717,992059,1490934688
-4260170717269226110,992059,1490934722
-5788334524241924516,992059,1490934699
1658845142252303927,992059,1490934686
5050416740269596949,992059,1490934698
-1080818760589769803,992059,1490934726
2756370294338481641,991967,1490934730
-9099474651454074438,992108,1490934718
-6355770317703507420,992108,1490934685
1433864012047730856,992108,1490934684
-3106706720149882697,992108,1490934689
-4798505810665076680,992108,1490934713
-6561341400401268522,992108,1490934683
-7857749984226776389,992108,1490934691
6316228458428732189,992108,1490934703
-6440572099946299671,992108,1490934695
7231292408443186201,992108,1490934675
-2485271098189998708,992108,1490934700
759100548852115851,992108,1490934711
-524588787695120605,992108,1490934710
2241903401658325097,992108,1490934706
5036973735944174405,992108,1490934678
8878947122059941156,992108,1490934732
-573186684084622257,992108,1490934693
7340559408607304422,992108,1490934698
-7913498573577891375,990044,1490934701
-8113772963653755851,991870,1490934723
6519639119371126114,991870,1490934720
-6490995409749836577,990690,1490934726
-6383401076426807797,990690,1490934713
1144611956622253842,992021,1490934683
6896113275256933968,988674,1490934696
-8477635339549035930,991901,1490934693
8366021569083230014,991901,1490934694
2858730973973541786,992014,1490934685
-796474277817739180,992014,1490934702
9019870171736718383,992014,1490934684
5669195198142081885,992014,1490934717
-4419466382291495701,992014,1490934723
787277225354535772,992014,1490934700
6825940250937851305,992014,1490934731
8953852894303945068,992014,1490934710
3612749249321904893,992014,1490934720
5272227422530682509,991343,1490934709
1136880835002695238,968123,1490934683
2792652949651675124,991946,1490934728
5301531556427162078,929414,1490934726
1698021103694872485,992035,1490934677
-4992412918009979011,992035,1490934729
-7831185627565443682,992035,1490934710
-7158216224521318166,906462,1490934731
-7168648612214615915,991909,1490934700
4045123915832569553,991909,1490934717
-4810764844546662104,991909,1490934686
-2447521289940278614,991909,1490934694
-1006237746316212194,991909,1490934712
-1002714805398563155,991909,1490934704
-2388464663732672249,991909,1490934692
-2015505292127542514,991909,1490934689
2084560768981122713,991909,1490934726
-6867650461861748950,991909,1490934674
-389265558743359022,991909,1490934732
-9108483646568882467,991909,1490934718
-494708262619356652,991909,1490934696
2092546274644867148,991909,1490934689
-2863493380858386833,991853,1490934725
-1529718436932150948,991853,1490934712
5330875107843692591,991853,1490934704
-8391333182724989728,991922,1490934723
-1006608928393335569,991922,1490934719
1595408942280034136,991922,1490934714
-2015505292127542514,991922,1490934693
-7168648612214615915,991922,1490934700
-389265558743359022,991922,1490934732
2084560768981122713,991922,1490934726
-6867650461861748950,991922,1490934674
-1002714805398563155,991922,1490934704
-4590808872735520507,345257,1490934680
-8490433791770211154,992028,1490934711
-6159007995086764315,992028,1490934690
-4293062102019877573,992028,1490934712
-6383401076426807797,990727,1490934713
-6081090974605828568,991299,1490934676
-594573696653485879,991672,1490934686
2338142967813936012,991672,1490934681
7645220940845242799,991941,1490934701
7469942677743196404,991941,1490934686
2466352623289141053,991941,1490934704
3753923886328128756,991941,1490934687
2790879693085182797,991941,1490934703
2574252137243746068,991941,1490934729
2673330906151890445,991941,1490934712
-5300826956541731693,991941,1490934717
-4449584396964216680,991941,1490934685
-8043420695530916414,991941,1490934727
2385983711061174949,991941,1490934701
-2832077050127834293,991941,1490934711
-2049887763561276696,991861,1490934678
7342941072244458497,991861,1490934696
-7959846502001759452,991903,1490934713
7981974547891957683,985556,1490934705
-5263262779164524641,991930,1490934702
-1394730297605492106,991930,1490934682
6790200928108920427,988640,1490934712
4384786545826151531,990950,1490934710
4507170963586847072,344615,1490934705
-2761424993283179725,885098,1490934696
1322269691198694464,985024,1490934693
-6903279034667870563,985024,1490934728
2408114373715619270,985024,1490934709
-5542436636794752007,985024,1490934696
-7742608276698064926,991821,1490934708
-1030587779419439657,991821,1490934694
1725994028658719182,992081,1490934709
7380007372916549837,992081,1490934694
-8692140714164591597,992081,1490934696
2162708936028771195,992081,1490934731
1864286944474906219,992081,1490934702
6620968572214846508,992081,1490934706
1125399706564812610,992081,1490934723
6888844555552006941,992081,1490934698
5217789541218969817,992081,1490934723
-3934885579939657666,992081,1490934680
136381267456088856,992081,1490934693
7902945394602651522,992081,1490934674
6543080165082810965,992081,1490934732
-8891850280472980518,992081,1490934675
-1724853868634471196,992081,1490934732
-3433008865561684753,992081,1490934706
-4478523345133751216,992081,1490934693
3154825531536337725,992081,1490934722
8654254428159337109,992081,1490934704
-3759555862426563424,992081,1490934690
4615988789371865165,992081,1490934726
-8982399708033546843,992081,1490934709
7723543289473112258,992081,1490934674
185805966997581224,992081,1490934694
4249906705161912922,992081,1490934730
-1032369690368257877,992081,1490934690
688866786635447588,992081,1490934696
860036360276796570,992081,1490934693
-2346637418848673368,992081,1490934694
3144671832789062914,992081,1490934673
-1405162766564458910,992081,1490934688
-1351085901282183481,992081,1490934732
2193114036035154015,992081,1490934704
3737517774970619959,992081,1490934717
-2804725166483510070,992081,1490934693
-5845219517163899809,992081,1490934704
-116786340960904112,992081,1490934695
-8770357833589616979,992081,1490934709
-1220183894504354067,992081,1490934683
-1398388920907972436,992081,1490934677
-5025198276852935521,992081,1490934686
5520124324358778639,992081,1490934706
-8911593522986035975,992081,1490934674
2138562761559764872,992081,1490934718
4762872508182843,992081,1490934720
-801142226642666643,992081,1490934720
-827728859083043332,992081,1490934692
-5051564922221231357,992081,1490934726
4484947907018047565,992081,1490934676
-5256684814154411098,992081,1490934695
-4179137518608099579,992081,1490934732
-965963453699264293,992081,1490934716
-489836457887153019,992081,1490934723
4317041523508039474,992081,1490934699
4450515783610830049,992081,1490934697
7945751269415060162,992081,1490934696
-6318309981796184397,992081,1490934710
-2109488897189338228,992081,1490934727
8750695106167921705,992081,1490934713
-1870280725649254448,992112,1490934680
5966257001238796101,992112,1490934715
-2309729909636716805,992112,1490934712
-9055953137157697345,992112,1490934716
7800844684740824050,992112,1490934702
-6484000453088243034,992112,1490934693
-524588787695120605,992112,1490934694
-7093835129492867023,992112,1490934711
-3439186337317629959,992112,1490934712
7381624485595396084,992112,1490934724
8640047268620332136,992112,1490934679
-4549531044577824503,992112,1490934716
-3395065227784586301,992112,1490934720
759100548852115851,992112,1490934696
6079417184954980374,992112,1490934725
5519329579744626950,992112,1490934683
-9172633085370617655,992112,1490934724
-185469124357731528,992112,1490934700
-573186684084622257,992112,1490934706
336745180236658517,992112,1490934692
-4518519923273582312,992112,1490934722
998676964002672181,992112,1490934722
6128775301441724000,992112,1490934726
-3377440890142064086,992112,1490934712
-4394193513874396966,992112,1490934713
5728710825444173393,992112,1490934724
4625224050288544298,992112,1490934692
-485108708030004516,992112,1490934692
5791729155695638581,992112,1490934696
2679381748666550445,991790,1490934706
8048093917063605075,991768,1490934703
-8314721878009440976,991768,1490934695
309182263887230909,991768,1490934726
8976815283144588159,991768,1490934681
4799352194696351621,991385,1490934708
-1039828344664407940,985633,1490934691
-2061415933731423452,992051,1490934702
-4245276708341999014,992051,1490934686
-6697934026336710724,992051,1490934725
5069925270654019494,992051,1490934678
-6642008629133737643,992051,1490934731
-1722136668164064192,992051,1490934698
5618125130593211803,992051,1490934714
5066571933845410748,992113,1490934694
-3242298318171755063,991693,1490934722
-505131198472937568,991693,1490934723
1071514573198467863,978998,1490934673
-7482449252497808124,978998,1490934684
8740959459874075901,963501,1490934717
-3447338614867615196,991506,1490934698
5948817309615014772,992029,1490934719
-4238150601776551917,991692,1490934676
6085979284253285270,989800,1490934675
-2863493380858386833,991752,1490934701
-5981054785407844756,991752,1490934703
-1693602781728896718,991789,1490934708
3643768609006544638,934637,1490934675
-743105804685521360,991766,1490934717
-283174215725662030,991766,1490934679
7554087332670715715,988823,1490934674
6253974968012264322,992085,1490934721
-5154224299324562598,992085,1490934683
-6779787169782876847,992085,1490934677
-6661747862327751149,992085,1490934703
-1351085901282183481,992085,1490934713
2492218805019690834,992085,1490934694
-965963453699264293,992085,1490934698
507665219924057520,992085,1490934677
-2147995478078836946,992085,1490934678
4105606044471899923,992085,1490934711
-6918295348922858973,992085,1490934731
-6504030881733771128,992085,1490934704
4450515783610830049,992085,1490934687
-1876373161339573457,992085,1490934711
5590860996599201022,992085,1490934713
1085720359816039623,992085,1490934713
-5689695538357696546,992085,1490934707
4225269603241639957,992085,1490934685
1182699045239696489,992085,1490934712
-887119001984359697,992085,1490934707
6466278441674713829,992085,1490934695
-3475270695901937873,992085,1490934678
-8848690605963818100,992085,1490934692
-4548252562130299847,992085,1490934729
5534163721378017154,992085,1490934706
-4029605620229793948,992085,1490934727
-1903693279543475564,992085,1490934718
-6940098021166929650,992085,1490934715
8066592375458341450,992085,1490934731
2554580653669055136,991545,1490934728
5801706912398658436,991545,1490934685
6271485175233903016,991545,1490934733
-5655613492050902740,991545,1490934691
-3101401080358869584,992013,1490934720
7931791368733733267,992013,1490934707
-8536806806720379675,992013,1490934732
-7713631173763360287,985745,1490934691
-5568714311975891085,991849,1490934701
8860171149874895838,991849,1490934730
1317076164999905126,991999,1490934723
7620845889223575649,991999,1490934677
2354571566550664681,992009,1490934729
-1897361786646385715,992009,1490934718
1716139553618789541,992009,1490934726
5346372577623090280,992009,1490934704
-6605522948686601698,992009,1490934685
-5807714100913545515,992009,1490934677
-1051752487653903778,992009,1490934711
-2951800290033526426,992009,1490934712
7954864190585317316,992009,1490934700
8272964731247917154,992009,1490934704
5877677087303289293,992009,1490934722
-6697959849482401119,992009,1490934681
-9038527920299411188,992009,1490934725
-5869965376339416461,992009,1490934687
4447129659434599751,992009,1490934709
869472351917516603,992009,1490934729
915314712905067721,992009,1490934724
-3468621069154996769,992009,1490934723
-3004955845515278552,992009,1490934693
-843359207558431536,992009,1490934719
2452461785376327993,992009,1490934718
-8787928964426445977,992009,1490934682
4999902137402008355,992009,1490934713
-5770264413197877464,992009,1490934695
3867022146689015623,992009,1490934725
7240468147832094731,992009,1490934707
4142001998257503294,992009,1490934674
8241702727995297049,992009,1490934720
-1289367612656501691,992009,1490934723
1463843367678277206,992009,1490934715
-7201250845150281130,992009,1490934722
-6344403452405020395,992009,1490934680
-2580724306839729748,992009,1490934697
-6177481515148118492,992009,1490934716
-4286166550037825930,992009,1490934729
2937360964436628535,992009,1490934711
-966245683554316349,992009,1490934717
6626959658760285357,992009,1490934694
-2699530541117356460,992009,1490934731
5719231717669906324,992009,1490934728
-1089305254521526324,992009,1490934691
6652230393812569491,992036,1490934696
6661806819862555236,992036,1490934677
1554167675458047887,992036,1490934728
-7050687173603280986,992036,1490934703
6463242428976702044,992036,1490934704
-1469064970118745803,992036,1490934723
-1799643328712994500,992036,1490934703
6061640132002729833,992036,1490934713
3552058408811248093,992036,1490934705
-5946699610866155983,992036,1490934691
-9198062142704795939,992036,1490934717
842065815345081254,992036,1490934730
-3565544429501060464,992036,1490934690
159657010384615105,992036,1490934714
-3281240335087558274,992036,1490934692
1698021103694872485,992036,1490934685
-3195424338319097506,992036,1490934697
1827847795214442203,992036,1490934690
6207506427448235897,992036,1490934730
3932064842046253864,992036,1490934682
-1127709848425864231,992036,1490934718
1886864327553648813,992036,1490934732
215854419659420404,992036,1490934713
7773840746624139878,992036,1490934688
-8832246907220129154,992036,1490934710
-7771680430314818141,992036,1490934725
150631436021803942,992036,1490934694
-1606003374997253401,992036,1490934714
-5671492489486316057,992036,1490934699
662671051681549845,992036,1490934678
-6243769623425313856,992036,1490934685
-1893686558238738054,992036,1490934724
-1011630784244404432,992036,1490934690
-8212685535882533162,992036,1490934677
-2393615734424227044,992036,1490934722
-8723600739169295719,992036,1490934715
-4892494237015122949,992036,1490934709
5050416740269596949,992061,1490934698
-4260170717269226110,992061,1490934714
-5788334524241924516,992061,1490934699
6361531435673415717,992061,1490934678
1658845142252303927,992061,1490934686
8162025377025990950,992061,1490934689
1808928405536359022,992061,1490934687
-1080818760589769803,992061,1490934726
4829724220509896988,992061,1490934728
1482388280609080905,992061,1490934712
522197421486303501,806844,1490934713
5671720892672066254,991486,1490934713
-7499794325303365005,980650,1490934693
-6121621799075854355,971422,1490934721
-3090690486050812259,990513,1490934688
-3279491869266089834,992097,1490934693
2775525013231945153,992097,1490934699
-5740800855621942235,992097,1490934705
6545293218369144638,992097,1490934677
-2898315017436851742,992097,1490934720
-3316087849298702480,992097,1490934731
7489564236857308087,992097,1490934713
2530114864587665280,992097,1490934723
634083054951720623,992097,1490934713
8814643027858707259,992097,1490934709
3800691862486841267,992066,1490934680
1029201967654675136,992066,1490934726
-1395895856956133466,992066,1490934716
251239197683532011,992066,1490934697
6811420142387903098,992066,1490934683
-1606003374997253401,992066,1490934713
7419558959742553914,992066,1490934712
8818445181465658971,992066,1490934685
-6886026680805869656,992066,1490934712
2646598978997290558,992066,1490934704
-1910603093333363396,992066,1490934707
7050327187524234372,992066,1490934690
8184116531449517856,992066,1490934727
-8807905595693050448,992066,1490934720
1648703300125346941,992066,1490934688
2924483208234613800,992066,1490934717
-3205853755850216030,992066,1490934684
8831700587323430035,992066,1490934727
2693406921734662333,992066,1490934693
6935050779562798985,992066,1490934731
2382274896805144290,992066,1490934721
-4271352056074937638,991993,1490934725
4977847725490990505,991795,1490934681
8309467803831969841,991795,1490934681
-8828600403580812957,991795,1490934704
-6735281458144477750,991795,1490934698
-7695662870863419810,991795,1490934730
8410334454656911028,991795,1490934675
494936310031915400,991834,1490934720
-8828600403580812957,991834,1490934723
8295163045863515548,991834,1490934711
-382185620928235968,991684,1490934674
-3242298318171755063,991684,1490934700
-505131198472937568,991684,1490934692
3004532709063558511,991684,1490934684
-8758502475239338641,992116,1490934719
-6462337381289525816,992116,1490934706
-8532214307032610585,992116,1490934699
5803963368254056663,992116,1490934680
594770554264553798,992116,1490934713
1215803184158389207,992116,1490934679
-796878723244799007,992116,1490934694
-4394193513874396966,992116,1490934683
1025358974045489777,992116,1490934708
-9196782869600449386,992116,1490934715
-186583601962430486,992116,1490934713
3219938044104510239,992116,1490934697
-2472278937190289934,992116,1490934694
8588075990216875923,992116,1490934718
6412535591596480818,992116,1490934699
7084400786512963994,992116,1490934686
-3695342641803108169,992116,1490934706
4599542010512650478,992116,1490934684
-2746758269956526629,992116,1490934728
-4633892437297664772,991552,1490934711
-7257094162822879973,991552,1490934712
3794693648156213129,991552,1490934688
7739087794150180219,991805,1490934685
8048093917063605075,991805,1490934720
-1006608928393335569,991889,1490934730
9101673369984132446,991889,1490934717
-6051383727338979933,991889,1490934730
1595408942280034136,991889,1490934723
-8391333182724989728,991889,1490934732
1598954122189749264,991911,1490934687
-2641735889793134876,990376,1490934712
-8311518190142558488,991896,1490934690
3842659334701491244,991896,1490934718
-316891838520460771,991864,1490934673
-1792334076759703477,991864,1490934728
-1585429078651875760,134439,1490934712
5832414869989632696,990186,1490934724
-3640412999376994483,991464,1490934731
6138092626025097361,991464,1490934700
6079622472129745232,991235,1490934712
7425263995426059879,992103,1490934675
7489564236857308087,992103,1490934675
-2426943728548781852,992103,1490934697
7231292408443186201,992103,1490934711
2320493610754420162,992103,1490934725
2618341734025214984,992103,1490934723
571072882386073448,992103,1490934726
-4432318903189061560,992103,1490934691
2864257594670711927,992103,1490934707
-5718829850228685417,992103,1490934706
759100548852115851,992103,1490934726
5274783577760112383,992103,1490934690
1433864012047730856,992103,1490934728
1143729175522377620,992103,1490934715
204153605212310074,990842,1490934681
7844048096398084522,992001,1490934725
-3109032600553894833,991717,1490934674
-5012651462148358982,972031,1490934683
-5282157205665439950,972031,1490934717
-3509115243995363657,991968,1490934681
2682090092432429936,991800,1490934726
7203801944433965917,991800,1490934718
-1792334076759703477,991800,1490934707
8368129816202988525,991279,1490934728
-8800359165759585650,972937,1490934703
-1064791847862512023,972937,1490934675
5656772890853750940,972937,1490934731
-8721666855960366045,991995,1490934700
1317076164999905126,991995,1490934723
7620845889223575649,991995,1490934677
-4208146764908439691,990438,1490934720
9016758589328534801,899900,1490934715
-4027041487880446941,991301,1490934723
-5811017703745093709,991227,1490934722
8048093917063605075,991710,1490934720
-894846525137490530,991883,1490934676
-475508560120535066,991883,1490934715
4174777980225231474,991883,1490934677
-7482117866675540389,991883,1490934731
-1925877319641141483,991883,1490934716
1883829822712146560,991918,1490934715
-8862309801417226476,991918,1490934686
-3917164385629017462,992082,1490934688
2965884952706772683,992082,1490934694
8913791234630867215,992082,1490934722
18140758934949023,992082,1490934698
7742742789755395282,992082,1490934719
36882218184153302,992082,1490934681
-6394652478541475468,992082,1490934685
-4302760239601074789,992082,1490934702
4649107073289356418,992082,1490934697
-3033035433495926768,992082,1490934703
-9211728283032743263,992082,1490934723
7366921013583521148,992082,1490934706
-3757794941117692119,992082,1490934709
8066592375458341450,992082,1490934711
2874755088648998279,992082,1490934710
-6918295348922858973,992082,1490934700
7380007372916549837,992082,1490934716
869472351917516603,992082,1490934680
1959085448720255631,992082,1490934731
7136545845425127651,992082,1490934675
1287499050661399901,992082,1490934688
5735647097560913427,992082,1490934719
-8363646141846029972,992082,1490934697
-1297346795643219254,992082,1490934683
-7650595117276713944,992082,1490934725
-5309261246075533430,992082,1490934700
-8601033944800871061,992082,1490934690
-1223450016913983588,992082,1490934696
-8392920624981534326,992082,1490934727
136381267456088856,992082,1490934714
1864286944474906219,992082,1490934706
-8807905595693050448,992075,1490934720
-1606003374997253401,992075,1490934688
-7223205785450061258,992075,1490934694
-6886026680805869656,992075,1490934703
2382274896805144290,992075,1490934721
2693406921734662333,992075,1490934693
7050327187524234372,992075,1490934690
-4898253781842390542,992075,1490934728
7419558959742553914,992075,1490934714
7530883567530645879,991259,1490934720
910028189321237118,970884,1490934676
-6903279034667870563,986921,1490934728
-5542436636794752007,986921,1490934696
6785956568908663881,986921,1490934696
2408114373715619270,986921,1490934709
1138359191529764528,986921,1490934726
-5981054785407844756,991855,1490934691
-2863493380858386833,991855,1490934688
-316891838520460771,991855,1490934720
1211102441956561487,991855,1490934702
-7257094162822879973,991992,1490934707
5618125130593211803,991992,1490934714
9191440141378622265,991992,1490934685
-7510598387262438181,991992,1490934727
-5656667464502305206,991992,1490934688
-3780633084686552628,991992,1490934691
7088244272423074250,991992,1490934723
6229053734755900872,991715,1490934694
-8839229691767263037,991715,1490934694
1579934840865920933,991715,1490934730
5684563705723958423,991829,1490934711
-7414493831653308050,991987,1490934723
-5725637021126401031,991987,1490934699
-7235693650719929368,991987,1490934684
-4086232553335990615,991987,1490934686
1136880835002695238,968092,1490934730
3112858038094997111,990326,1490934723
-4338463652070246281,990326,1490934675
-760973375356482666,990326,1490934682
-7841340835651691673,982335,1490934718
5915359489027571278,991386,1490934728
2051832283191134751,991832,1490934702
-8828600403580812957,991832,1490934723
-8638899975129702709,989430,1490934693
-7913498573577891375,990045,1490934700
1322269691198694464,983535,1490934693
3017886644579466553,992077,1490934715
-4898253781842390542,992077,1490934728
-6886026680805869656,992077,1490934692
7050327187524234372,992077,1490934686
6406500216170023562,992077,1490934680
2693406921734662333,992077,1490934689
-8320793759370363615,992077,1490934709
2382274896805144290,992077,1490934711
-8009458048388528896,992077,1490934718
3449144635888682985,992077,1490934699
-5378162489212504776,992077,1490934725
5882025580243271416,992077,1490934682
713468736695155045,992077,1490934728
3084013920115576057,992077,1490934724
4484947907018047565,992077,1490934688
-6395489553247788528,992077,1490934712
1904424967023542179,992077,1490934700
-6093190097164059793,991392,1490934677
-6697934026336710724,992044,1490934698
9191440141378622265,992044,1490934729
-6642008629133737643,992044,1490934731
7810291172988611591,992044,1490934721
2863597773279809025,885692,1490934726
-8035125656137923229,970679,1490934730
8910688587088806175,991706,1490934703
1430176383733227538,197632,1490934725
-1166227428471670454,991630,1490934699
8473487370571644823,991925,1490934704
-9108483646568882467,991925,1490934718
2065492861331271185,991925,1490934704
3463347864002541382,991925,1490934681
2084560768981122713,991925,1490934714
-1002714805398563155,991925,1490934681
-389265558743359022,991925,1490934727
9075637830327478087,991925,1490934725
-1960206547064122332,991925,1490934721
3699151569817341916,991925,1490934709
-1721562266567154010,991925,1490934707
-5158157711490930767,991925,1490934718
-2674792750324226083,991925,1490934730
-4930732592166260494,991925,1490934722
-5307269018029265809,991925,1490934689
3026680494147122158,991925,1490934702
2722127943887750475,991925,1490934730
8227983177021667960,990246,1490934687
4878855204085333830,990246,1490934691
-6762063429142235556,990246,1490934691
491680316700098408,990246,1490934694
5714701732593747791,990246,1490934680
-6826573478952856997,990246,1490934690
-1322827842182815123,990246,1490934733
3308679280935048190,990246,1490934682
9113430427115509402,990246,1490934696
-1086380839985612814,990246,1490934674
-3305019332054272470,990246,1490934713
-2855494594940173367,990246,1490934689
7510046095869836987,990672,1490934710
8174459499350515844,990672,1490934731
5456937175321099850,991759,1490934721
7736637381773415214,991759,1490934694
-3386218758338114847,991744,1490934728
-5508261762643126169,991744,1490934715
7861245791210540429,991030,1490934699
-2889063336335326938,991612,1490934694
1570794954180040751,979567,1490934674
2639388700771670441,991792,1490934708
2679381748666550445,991792,1490934706
3460801736354647973,991792,1490934684
-5568714311975891085,991813,1490934714
1214101883388185740,991825,1490934704
2219134435818967946,991825,1490934702
5959460612888532387,991825,1490934705
-6077071476774283001,991825,1490934728
5737662846758561616,991825,1490934703
511831579200800514,991825,1490934684
4780044785960882882,991825,1490934705
-8277189071989053192,991825,1490934715
8000273660804343607,991825,1490934732
7231350915470807362,991825,1490934729
-6415842020377387969,991825,1490934718
1762596351547636288,991825,1490934712
-2547882532122508721,991825,1490934730
-5091749129613629244,991825,1490934693
863681840353078979,991825,1490934684
8366021569083230014,991825,1490934733
-7449324944026810164,991825,1490934682
-8113772963653755851,991825,1490934732
-5533394947120065873,991825,1490934678
4268062187328921860,991825,1490934710
2642294127249860164,991825,1490934719
9136752733365533339,991825,1490934707
1542395295800670977,991825,1490934721
1971151119327157519,991825,1490934718
733623118997709654,991825,1490934719
-2185539024224439656,991682,1490934681
-8730788875663452029,991682,1490934729
-2010346006008892319,342913,1490934720
-4005925864976771012,108335,1490934685
-4928676502480180142,991886,1490934723
-6025332663118832225,991886,1490934709
-10300035115463573,991886,1490934732
1211102441956561487,991858,1490934702
5386221021690750174,991858,1490934726
-316891838520460771,991858,1490934720
-5981054785407844756,991858,1490934676
-2863493380858386833,991858,1490934684
7034657872356007058,991858,1490934732
-1792334076759703477,991858,1490934728
-4026615273934385739,991858,1490934687
-1529718436932150948,991858,1490934706
-5179069891009563997,991858,1490934686
8473487370571644823,991858,1490934705
3722712903661846378,991803,1490934685
-8715435630905634594,991803,1490934679
3842659334701491244,991803,1490934724
5548266467393390670,991932,1490934698
-6518464168740429864,991932,1490934724
1491507441007833410,991932,1490934681
1081503698390943344,991932,1490934709
9214530680248898973,991932,1490934687
-5731769923114576094,991932,1490934709
2395105848293115957,991932,1490934680
3461886408835607231,991932,1490934713
-3869188467768042111,991932,1490934699
-4971140524981121388,991932,1490934726
8000273660804343607,991932,1490934709
8324170002859424020,991932,1490934714
-972322220968604570,991932,1490934674
-2416165924854722951,991932,1490934691
2933383526774770309,991932,1490934685
1640749903095824689,991932,1490934713
-7168140760131583884,991932,1490934674
7244105472983034942,991932,1490934674
1636914955142433454,991932,1490934730
-7448445832352773475,991932,1490934686
6299406515224043505,991932,1490934722
5737662846758561616,991932,1490934703
-5066397960478658020,991932,1490934680
-9030700863484757836,991932,1490934727
2876323005698460746,990781,1490934724
6883844823996209709,991888,1490934694
-3722695725647840744,991888,1490934707
-2695658449614348157,991888,1490934695
4581118527588770682,991472,1490934705
4799352194696351621,991780,1490934708
-743105804685521360,991780,1490934720
-5194044132427990343,991838,1490934695
-1529718436932150948,991725,1490934704
-2641735889793134876,990407,1490934712
8078696659961843690,940424,1490934699
-2158323493510567238,991389,1490934726
-2183545917163051174,991389,1490934692
1899180923350144822,991389,1490934704
1915593703927720571,991389,1490934679
-4027041487880446941,991275,1490934728
-6114296291834183572,936838,1490934691
-8035125656137923229,972624,1490934727
-2627500157984427986,991649,1490934729
114972342076944145,991649,1490934676
-8682643888041577559,991649,1490934716
1513199597877804076,991649,1490934705
-3876368413141080845,991649,1490934689
-4027041487880446941,964991,1490934728
4677837428074601795,991891,1490934708
1598954122189749264,991891,1490934727
-8120851173197814288,991421,1490934694
-5947692525539935979,991421,1490934725
6473357901240296231,891468,1490934689
7469942677743196404,991962,1490934716
-7089604041880120757,991579,1490934688
-6925695695733515779,991714,1490934684
694712311704117089,991714,1490934710
78283462433895953,991837,1490934682
7776670981169622208,991837,1490934711
8295163045863515548,991837,1490934708
-6563536375908141860,991837,1490934678
-4582015402312460145,991837,1490934726
7723488099620940483,991837,1490934707
3842659334701491244,991843,1490934679
-6986272673341828308,991843,1490934691
-3722695725647840744,991843,1490934713
-2830398513890819342,991843,1490934700
6883844823996209709,991843,1490934694
7861428848861615908,991550,1490934697
-3026324674894696007,991550,1490934703
-3813429162299211160,991957,1490934696
-8946350297137856145,991957,1490934711
-3850436574403125797,991957,1490934715
5823421048469157935,991957,1490934687
-7742608276698064926,991818,1490934731
-933531067771778403,991426,1490934694
1104244422772023945,991426,1490934690
-4842940804972858110,991426,1490934727
2423086017006838594,991426,1490934729
-3139458174880732439,991426,1490934732
7737394661468979254,991712,1490934680
2945662472336508448,992053,1490934718
5618125130593211803,992053,1490934676
1965768922861925769,992053,1490934682
-7510598387262438181,992053,1490934692
4574989618581405968,992053,1490934715
8162025377025990950,992053,1490934729
-8601033944800871061,988274,1490934706
-8557560652417676178,991551,1490934678
5671720892672066254,991021,1490934713
634083054951720623,992098,1490934713
2530114864587665280,992098,1490934723
7489564236857308087,992098,1490934713
-2898315017436851742,992098,1490934697
-3316087849298702480,992098,1490934711
7231292408443186201,992098,1490934719
-7742608276698064926,991823,1490934697
-7914310608201324721,992073,1490934697
7616422602915248690,992073,1490934676
-2641773122389551176,992073,1490934720
8650347964977875122,992073,1490934693
1784023294984419268,992073,1490934696
-2232817454774247809,992073,1490934694
-8818880777016098971,992073,1490934696
-1148664412306639126,992073,1490934686
4710630090817512873,992073,1490934705
1295613816621082898,992073,1490934724
-2639897944372028456,992073,1490934692
6811420142387903098,992073,1490934726
6400739338362690571,992073,1490934708
-4530715060096317355,992073,1490934702
4271889864139398002,992073,1490934686
-151441618654562622,992073,1490934679
-4216072550253404270,992073,1490934698
-2707114997737658197,992073,1490934677
-5300826956541731693,992073,1490934709
4029859913165061636,992073,1490934709
-5420622201081092281,992073,1490934722
-8858461619903076285,992073,1490934727
-3897189170323821357,992073,1490934723
7311644805882598820,992073,1490934727
-681021806009399627,992073,1490934693
4129141718889734413,992073,1490934721
3784851856291490874,992073,1490934717
3800691862486841267,992073,1490934711
1029201967654675136,992073,1490934731
-2715336057294662376,992073,1490934729
6943924591858385987,992073,1490934689
4939000760194486898,992073,1490934711
-6308030834557454945,992073,1490934726
1458113486620111699,992073,1490934714
1632330288648631406,992073,1490934678
-643032787609988806,992073,1490934686
4858736337106190956,992073,1490934702
-6239944163400067274,992073,1490934675
-6775316662541347995,992073,1490934716
4026614973609480054,992073,1490934696
4000925361223911570,992073,1490934680
-7241519822684230194,992073,1490934681
6958714468636840829,992073,1490934713
-4289586160116538453,992073,1490934718
-5281048979765963085,992073,1490934686
-831756357371525101,992073,1490934680
-6160545815522049957,992073,1490934710
2646598978997290558,992073,1490934704
242123422059665553,992073,1490934693
-3029183334647265549,992073,1490934719
3705119841194023332,992073,1490934692
-5379293865059618476,991959,1490934698
6849336524020424073,968692,1490934732
8078696659961843690,945530,1490934699
-6826573478952856997,991739,1490934720
8741611978572824637,991739,1490934731
924486702672854264,991739,1490934699
1226463196742721366,987451,1490934688
-580058452564851415,991975,1490934678
6581734621017179894,991975,1490934703
6505311768759595529,991975,1490934724
-9163473129027913664,991975,1490934676
1993538171757483822,991788,1490934718
-7332430605084029614,991300,1490934708
5323774681057705387,991724,1490934696
4991949219844755866,991724,1490934731
-505131198472937568,991687,1490934690
3004532709063558511,991687,1490934683
-3242298318171755063,991687,1490934695
-4658944806894025109,991687,1490934701
3589217982139085019,991687,1490934719
-4843618209683582893,991687,1490934686
-1248561812231623281,927127,1490934711
-5011302228005273292,991598,1490934733
-6431817287121654816,991598,1490934685
7240468147832094731,992078,1490934683
-7583295193893058132,992078,1490934713
-2304856212938755699,992078,1490934694
6327322448708675826,991646,1490934716
3098717964181153850,992060,1490934718
4574989618581405968,992060,1490934713
7645220940845242799,992060,1490934684
8324428487341464073,992060,1490934730
-3168667031585966819,992060,1490934730
-7799705314911287612,992060,1490934696
1951195107703640778,992060,1490934722
-3101375848182147278,992060,1490934702
8162025377025990950,992060,1490934729
-7510598387262438181,992060,1490934684
6361531435673415717,992060,1490934733
-4815858481600629249,992060,1490934681
-4483484353314616186,992060,1490934726
2725135145762530824,992060,1490934680
7780903811401266770,992060,1490934729
3573820483799142089,992060,1490934692
-7838943901129747344,992060,1490934729
-2300364119575002553,992060,1490934682
-4117014186481227028,992060,1490934710
4531546102248376870,992060,1490934716
-5167071756556201682,992060,1490934716
7731257012378475982,992060,1490934722
8860171149874895838,991850,1490934720
8471383167065939640,991850,1490934679
-2941226425367407809,990915,1490934675
1542395295800670977,990915,1490934698
3308679280935048190,990915,1490934726
-1322827842182815123,990915,1490934708
-6429940857731425646,990915,1490934699
2805168232586695850,990915,1490934731
-3305019332054272470,990915,1490934712
2642294127249860164,990915,1490934719
-5663086368586104078,990915,1490934678
7231350915470807362,990915,1490934714
-2321536271130806134,990915,1490934699
1766760350520755969,990915,1490934711
6313336478692148181,990915,1490934732
-2738702250576813018,990915,1490934703
2884787574288613186,990915,1490934716
-6008484321245519296,990915,1490934728
7250218031800665872,990915,1490934707
1640749903095824689,990915,1490934715
7672132459046392737,990915,1490934719
4878855204085333830,990915,1490934706
-9124922784907108073,990915,1490934673
-1127068690738093872,990915,1490934685
5269183203042910806,990915,1490934718
2499134257413188491,991884,1490934680
-6123043489606734917,991884,1490934726
-4345542677104395982,991884,1490934722
-6770985955922455862,991884,1490934699
3432314941447808173,991884,1490934708
-3470979895869858178,991884,1490934703
-9044438644037126661,991884,1490934696
-1857762826088162112,991884,1490934699
-124727187806596003,991884,1490934685
6981742069141609891,991884,1490934690
1983330137454789952,991884,1490934696
4071244332963151158,991884,1490934715
3841243642613564199,991884,1490934696
-1751536732780668653,991953,1490934678
-8555818876675164281,991953,1490934712
-5250087486579688377,991953,1490934698
-2386430424728228476,991953,1490934722
-3657796957751789194,991953,1490934685
-8737721602361278266,991953,1490934684
13901012143357095,992034,1490934698
1965768922861925769,992034,1490934711
-7510598387262438181,992034,1490934714
8368129816202988525,991308,1490934698
-3311595995721697198,421282,1490934727
-7993305642610519268,334586,1490934724
-1459248413305766851,343838,1490934703
4621284314235529201,991565,1490934715
5879309740987610245,991879,1490934725
-6089786494252450368,991879,1490934693
2408114373715619270,991879,1490934696
5463791996218485034,991879,1490934677
1910128757034278346,991879,1490934715
-56280613608532010,991879,1490934694
-2887336470821442717,991879,1490934725
1138359191529764528,991879,1490934725
-4633484044939434584,991879,1490934682
6785956568908663881,991879,1490934674
-5804602801889683674,991879,1490934680
-4114279704003108274,991879,1490934701
-5344463902307602300,991879,1490934731
-5017668306736570386,991879,1490934709
-7058258613125088666,991879,1490934721
4733266419634455565,991879,1490934692
-6969942497896946052,991879,1490934690
-1207905058295503827,991465,1490934725
6367516312493971029,991951,1490934706
-1545997583201754554,991787,1490934728
-2348617414937708944,991787,1490934692
-5811017703745093709,991787,1490934720
-5320531072546463203,991787,1490934721
-3914456604950090160,991787,1490934707
-4457341414678174808,991787,1490934727
6022989621757106572,991787,1490934733
-1707334097578547205,966190,1490934725
63083865082463553,989589,1490934690
6896113275256933968,989589,1490934689
-5035039196589691613,987131,1490934697
7420871572322794905,987131,1490934702
-7552340067827852334,987131,1490934726
6055568480715491707,987131,1490934700
-8660877977932423889,987131,1490934677
8636307693567387334,987131,1490934728
-125712881034991115,987131,1490934689
-929775082182716373,990851,1490934713
-1997439019043506926,970446,1490934720
-1039828344664407940,988588,1490934710
-2441619984087615064,991811,1490934716
-6121621799075854355,971538,1490934706
-3090690486050812259,988504,1490934688
5639889563275031254,991756,1490934715
-827066216264136079,992005,1490934730
7756805013523420277,992005,1490934704
5669195198142081885,992005,1490934732
2297563747727030312,992005,1490934717
-7173025137075964434,992005,1490934674
-8792650067451534783,992005,1490934721
-7075500164441970350,992005,1490934716
5315664925925138574,992005,1490934715
2756370294338481641,991784,1490934720
-2474170206663378533,991784,1490934720
3414578145553735750,991031,1490934694
-4070645960389584129,991031,1490934728
2314807572150394785,991031,1490934700
-4898253781842390542,992079,1490934692
1904424967023542179,992079,1490934700
-5684245763306537364,992079,1490934706
-6394652478541475468,992079,1490934724
4811567691204311186,992079,1490934710
2382274896805144290,992079,1490934687
-7843820269787108948,992079,1490934707
6731647575949331257,992079,1490934723
4154404475346234677,992079,1490934726
4760930398284381625,992079,1490934724
3516420700064395608,992079,1490934701
2895625887081563914,992079,1490934726
-651466329400971048,992079,1490934724
-7935888514327796086,992079,1490934674
4799352194696351621,991761,1490934701
-283174215725662030,991761,1490934697
-743105804685521360,991761,1490934720
307686664246938982,991758,1490934714
-1025906913266217295,991758,1490934704
-2855494594940173367,991758,1490934685
4816820558126967858,991758,1490934704
5684563705723958423,991758,1490934711
7835288070739252085,991619,1490934716
7546736552299440635,991926,1490934722
-7959846502001759452,991926,1490934697
5066877250750040181,991926,1490934686
-7633195809350500937,991707,1490934708
7518557645355581105,991547,1490934720
7816231893130618407,991547,1490934722
7236451196726558794,991547,1490934731
5073795941822968363,906542,1490934703
8216623123278851366,985834,1490934725
-2441619984087615064,991753,1490934679
-8086773821585078493,991812,1490934717
309182263887230909,991812,1490934726
-8314721878009440976,991812,1490934680
8976815283144588159,991812,1490934681
8048093917063605075,991812,1490934685
-5304255163710156153,991812,1490934727
4627698440934637498,991812,1490934686
-3757794941117692119,991812,1490934710
8666614520084866951,991812,1490934708
1586619646003896938,991812,1490934719
-7482744261130291630,991812,1490934700
696840832723287913,991812,1490934686
6400739338362690571,991812,1490934709
-2057149543655519092,991812,1490934691
5023370510703859803,991812,1490934704
-3417029843271338360,991812,1490934720
1363058163197005891,991812,1490934675
3024217628361315671,991812,1490934698
-6697414348758318670,110498,1490934705
2955563906166744022,991921,1490934727
9101673369984132446,991921,1490934717
-4928676502480180142,991921,1490934692
-1006608928393335569,991921,1490934730
-8391333182724989728,991921,1490934732
1595408942280034136,991921,1490934723
1226463196742721366,990230,1490934683
7960389001360697952,892273,1490934712
-1792334076759703477,991874,1490934703
7203801944433965917,991874,1490934709
2556646697953589559,991874,1490934731
-8491954667710409412,991836,1490934682
8412905581884395868,991836,1490934687
-1030587779419439657,991836,1490934694
4551390234648505110,991836,1490934683
4413992651313964781,991836,1490934677
-406851665152989409,991836,1490934729
-4556453459127315378,991836,1490934689
2556646697953589559,991836,1490934709
7203801944433965917,991836,1490934683
6115529298643244848,991836,1490934726
-6770985955922455862,991836,1490934719
-1792334076759703477,991836,1490934678
5167653792251339307,991836,1490934690
-3291764773796169161,991836,1490934722
-5453762102417417938,991836,1490934704
-5132041224703818936,991836,1490934727
2849018708325027357,991836,1490934713
-6123043489606734917,991836,1490934726
-4777955813066020852,991836,1490934712
-3914239268725087002,991836,1490934709
6190038963994885810,991836,1490934715
2639608802344244840,991836,1490934730
-7999098925627819443,991836,1490934693
-2463411271515075266,991836,1490934726
1209061188840789560,991836,1490934713
1050097741318711837,991836,1490934692
-3167828797367045748,991836,1490934710
4174777980225231474,991836,1490934677
1869596870803135577,991836,1490934695
1659465958737955338,991912,1490934710
1892886098466060069,991912,1490934673
6085979284253285270,989554,1490934675
-7742608276698064926,991815,1490934683
-7828856931950684690,957492,1490934693
5639889563275031254,991755,1490934715
5417942594229820083,920426,1490934686
-3550042825997627204,981213,1490934681
-6984312140430410801,992032,1490934697
-2669267671387893944,992032,1490934698
1698021103694872485,992032,1490934720
3552058408811248093,992032,1490934714
-1799643328712994500,992032,1490934706
-769029979736471194,992032,1490934733
-5946699610866155983,992032,1490934692
3426148213078204363,992032,1490934715
2127993922569888404,992032,1490934697
6661806819862555236,992032,1490934677
6061640132002729833,992032,1490934713
3312168982650115337,992032,1490934722
-1469064970118745803,992032,1490934723
-6490995409749836577,990746,1490934726
8017887353994084137,991395,1490934727
7816231893130618407,991395,1490934721
4409355259977176056,991395,1490934694
-5307785112920800645,991395,1490934718
-3027030162371051605,991395,1490934685
-4817739517841431603,991395,1490934676
-1918680055448917579,991395,1490934728
2279102976416788560,991395,1490934704
-5908126694583998922,991395,1490934714
-2475466849898870171,991395,1490934731
6781224169835322717,991395,1490934702
4577479298444653226,991395,1490934724
3956520831061876361,991395,1490934688
2233804252130466938,991395,1490934701
521816730817623442,991395,1490934676
7734304081540588618,991395,1490934704
4359504204337836412,990840,1490934726
3460801736354647973,990840,1490934682
-3407345599269555870,990840,1490934680
6058412605995168003,990840,1490934687
7497215187496193058,950241,1490934728
8741611978572824637,991860,1490934731
-8664564968047398186,991860,1490934709
-6826573478952856997,991860,1490934713
7821958866525138554,991860,1490934701
-4356950977911386894,991860,1490934686
-3256169821376676622,991860,1490934679
3441773169975961168,991860,1490934705
8662382848144999384,991860,1490934677
-4756638403790605150,991860,1490934705
-7525533868937897950,990997,1490934721
9042205271778749378,991667,1490934709
-4083772002320692364,992114,1490934724
7890399459041110366,992114,1490934673
-3717485615013243020,992114,1490934726
7237703877792377631,992114,1490934682
8581683711464306888,992114,1490934723
7268925216660748810,992114,1490934728
-2932422423772752314,992114,1490934683
-6124831815570828701,992114,1490934707
-4143144422967043927,992114,1490934719
-2455084743904441322,992114,1490934700
6079417184954980374,992114,1490934724
4600881130247719073,992114,1490934677
-7742217661639373192,992114,1490934675
-3395065227784586301,992114,1490934712
9174160802689028080,992114,1490934706
-5064411495470783307,992114,1490934690
7583720414426400066,992114,1490934682
-3439186337317629959,992114,1490934697
3358183020789010389,992114,1490934694
-854620422935185438,992114,1490934696
5791729155695638581,992114,1490934696
5898157672859973682,992114,1490934687
6128775301441724000,992114,1490934725
-7093835129492867023,992114,1490934696
3515186994027476399,992114,1490934709
-940423591166725968,992114,1490934710
-1712425989393271407,992114,1490934688
581851507459052822,992114,1490934724
-4518519923273582312,992114,1490934707
5728710825444173393,992114,1490934724
-9055953137157697345,992114,1490934673
-485108708030004516,992114,1490934692
-8730321189355860213,992114,1490934730
-4486926540418094750,992114,1490934697
-8830304780322949622,992114,1490934710
7381624485595396084,992114,1490934710
-1840551714867021242,992114,1490934726
-4980916758941065725,992114,1490934733
-4925283398007885190,992114,1490934688
4496254576390306897,992114,1490934727
-2186385150775215002,992114,1490934715
4408288213363992355,992114,1490934702
8453822828321940251,992114,1490934723
-4549531044577824503,992114,1490934709
336745180236658517,992114,1490934691
-4394193513874396966,992114,1490934713
-9174424165619442069,992114,1490934718
452973552055260903,992114,1490934729
-796878723244799007,992114,1490934719
-9172633085370617655,992114,1490934723
759100548852115851,992114,1490934691
6745580027328356306,992114,1490934687
8344886722937439500,992114,1490934683
-752326644030163865,992114,1490934695
-1322923282367853303,992114,1490934721
2232765756475604364,992114,1490934729
-8511681524676238822,992114,1490934695
-9196782869600449386,992114,1490934716
-1088384818793719688,992114,1490934708
-1395371688913902489,992114,1490934732
8284343742547680036,992114,1490934677
8994120379270356453,992114,1490934724
-7912043256508142361,992114,1490934718
6155116704378719543,992114,1490934678
594770554264553798,992114,1490934713
7683364361254332706,992114,1490934711
-292161767586098022,992114,1490934722
8136605700810140157,992114,1490934684
1049422589730167610,992114,1490934694
-2186411913734866655,992114,1490934720
-5367409197959568849,992114,1490934682
4932285454970460568,992114,1490934720
-9177884348278828185,992114,1490934699
-262166894625637254,992114,1490934705
-6719419927847391553,992114,1490934689
-4621700185327032355,992114,1490934710
585319820431912308,992114,1490934692
8178466005147164989,992114,1490934694
9041252855972778343,992114,1490934699
7070679636467434294,992114,1490934719
2266320965155121820,992114,1490934711
7076029137699294044,992114,1490934715
-6041432460663395294,992114,1490934699
-5545533146947134514,992114,1490934689
-7892580327200663174,992114,1490934706
8757198078244488016,992114,1490934677
7627657636006828360,992114,1490934698
-8758502475239338641,992114,1490934719
-8708829559372361108,992114,1490934715
-9163768729864420610,992114,1490934726
5415579167080907586,992114,1490934712
6027917010313923292,992114,1490934674
-4572022214218339770,992114,1490934712
-7688875144002721252,992114,1490934718
781110939141625705,992114,1490934688
5550726462572466617,992114,1490934715
3897149739382256042,992114,1490934715
299094215859865184,992114,1490934689
-4426351911752507006,992114,1490934692
1268679380756739048,992114,1490934697
3396781718590636799,992114,1490934729
-8402505983889678457,992114,1490934704
5714831552929293890,992114,1490934730
1025358974045489777,992114,1490934708
-5773883303163245406,992114,1490934716
-1552691853050359961,992114,1490934702
8658772856376287094,992114,1490934706
9173219857270647923,992114,1490934690
405772588341703480,992114,1490934730
2505799132010114803,992114,1490934721
-5170001193581886837,992114,1490934717
8040794953284937744,992114,1490934731
-3488683315911717291,992114,1490934691
-7366652118145317147,992114,1490934719
-986570534216510191,992114,1490934704
-5184541971900485006,992114,1490934731
-2015484887747850553,992114,1490934707
-3640412999376994483,991022,1490934731
2692297993158728521,991022,1490934689
-1166227428471670454,991632,1490934684
-6490995409749836577,990693,1490934720
-2441619984087615064,991814,1490934683
2518412979998963304,990773,1490934676
7546736552299440635,991923,1490934722
8368129816202988525,991375,1490934679
-1341498353094862597,338176,1490934729
864183718286116552,991778,1490934720
-4823594637705193054,991778,1490934687
-4830945300777770582,991778,1490934728
7145765564571689209,991778,1490934733
3666246963895553585,991778,1490934681
-6008484321245519296,991778,1490934691
8216623123278851366,991778,1490934692
6569826932179119280,991778,1490934717
-8605523765750262864,991778,1490934700
-5811017703745093709,991778,1490934717
1481738992782295904,991778,1490934728
-6847890268348609459,991778,1490934732
2786456572626908757,991778,1490934680
8816739768601061405,991778,1490934680
-5320531072546463203,991778,1490934721
1640749903095824689,991778,1490934710
5951630755454101987,991778,1490934713
2496563420790214098,991778,1490934685
-9028775056647311001,991778,1490934680
-7235693650719929368,991778,1490934677
-2348617414937708944,991778,1490934692
-6775316662541347995,991778,1490934728
-7680909673933647151,991778,1490934688
-6322531952519880085,991778,1490934725
8683508591317441246,991778,1490934699
6958714468636840829,991778,1490934713
-7732641331976722180,991778,1490934679
2466352623289141053,991778,1490934709
-6159007995086764315,992016,1490934729
-8490433791770211154,992016,1490934722
7080664875767045543,992016,1490934692
-5568714311975891085,991848,1490934696
8860171149874895838,991848,1490934730
8471383167065939640,991848,1490934679
8331958185025173147,991848,1490934710
204153605212310074,990945,1490934680
5272227422530682509,991315,1490934722
-7967101440689512009,957580,1490934690
8109418220232759225,955868,1490934712
-2185539024224439656,990944,1490934724
-7332430605084029614,990944,1490934717
-9114053691740887380,982391,1490934687
-305602757112657089,992087,1490934677
-5656667464502305206,992056,1490934688
-3780633084686552628,992056,1490934691
-7510598387262438181,992056,1490934724
13901012143357095,992056,1490934720
7776670981169622208,991890,1490934713
-7959846502001759452,991890,1490934713
7248970309561651021,991417,1490934688
4359504204337836412,991417,1490934726
-7633195809350500937,991417,1490934709
-4614964651394887051,991417,1490934699
2291641536929602228,991417,1490934708
-4947510946999973270,991476,1490934713
7176647366153077988,991351,1490934695
8510444395268861699,991351,1490934698
8712654000716851513,988953,1490934705
4105606044471899923,992089,1490934691
-7577662576321526701,992089,1490934722
-4548252562130299847,992089,1490934729
4450515783610830049,992089,1490934682
-4916643597165358427,992089,1490934707
-7959846502001759452,991936,1490934680
-3216537136752360511,991936,1490934682
-4930732592166260494,991936,1490934721
-6749322522338339687,991936,1490934677
-1946763613786913753,991936,1490934693
-1721562266567154010,991936,1490934707
2084560768981122713,991936,1490934703
2065492861331271185,991936,1490934690
7546736552299440635,991936,1490934682
-9108483646568882467,991936,1490934679
2722127943887750475,991936,1490934730
3699151569817341916,991936,1490934709
-1687134010389541559,991936,1490934701
-3496783050277982177,991936,1490934714
1799223323331722319,991936,1490934725
3026680494147122158,991936,1490934702
-1960206547064122332,991936,1490934720
7636923503992272680,991936,1490934700
-5158157711490930767,991936,1490934718
2647817870295613143,991936,1490934730
-3845930500905111977,991936,1490934713
-4055075561326358211,991936,1490934690
19536837059777875,991936,1490934700
-1349478994152957659,991936,1490934699
-6843387711888731582,991936,1490934678
-2674792750324226083,991936,1490934730
-2677334745446969345,991936,1490934678
2831409905253624835,991936,1490934678
6243149275160327631,991936,1490934685
5253687764877700319,991936,1490934680
9075637830327478087,991936,1490934725
-8225606042841025966,991936,1490934704
-389265558743359022,991936,1490934721
7236451196726558794,991936,1490934722
-9168098544385571769,991936,1490934697
8221444068634451556,991936,1490934720
7240468147832094731,991936,1490934728
-6481195940006630318,991936,1490934685
-6570678959393064268,991936,1490934727
734764181285842725,991936,1490934680
6541268370151823559,991936,1490934680
-3834508707682664336,991936,1490934723
2987118131979646719,991936,1490934730
7033489109935894307,991936,1490934704
-6679282273312765393,991936,1490934699
-2281612915033316560,991936,1490934731
-6959900383728530613,991936,1490934675
6988597031965433335,991936,1490934703
-3580735048961668639,991936,1490934733
8326124199035088764,991936,1490934693
-6203570123468767003,991936,1490934703
-8136813226724572480,991936,1490934725
3588356738718808915,991936,1490934699
3823627411142599124,991936,1490934678
1473369777867768383,991936,1490934720
8600759900037464482,991936,1490934680
3822964098839708600,991936,1490934726
-7249538642280240069,991936,1490934697
-6634266922893882222,991936,1490934725
-2044169433554097253,991936,1490934677
9217814188671337476,991936,1490934728
-5345865665815291415,991936,1490934726
536036980411441437,991936,1490934684
-2139213822375695470,991936,1490934694
1459213721866199513,991936,1490934719
-9204542700281879855,991936,1490934707
2059135704326669829,991936,1490934717
7411270446805539711,991936,1490934696
-2062950946671031349,991936,1490934701
5607651929717365566,991936,1490934701
5957546545313700657,991936,1490934700
7840530505294375134,991936,1490934719
-278562596019193542,991936,1490934712
-2868261145969435534,991936,1490934732
-9108012063719849403,991936,1490934719
4972786183741657321,991936,1490934683
5714701732593747791,989132,1490934732
-6826573478952856997,989132,1490934720
-5685870843947185696,991757,1490934707
7518557645355581105,991757,1490934723
-6121621799075854355,971517,1490934721
3303165004365811880,991865,1490934720
-5302011304885135185,991865,1490934680
4496254576390306897,991865,1490934728
-7998181549554937695,992104,1490934713
-6355770317703507420,992104,1490934725
-6440572099946299671,992104,1490934733
4598207538783426365,992104,1490934674
4762872508182843,992104,1490934685
-7857749984226776389,992104,1490934710
-6561341400401268522,992104,1490934701
-9099474651454074438,992104,1490934729
-2485271098189998708,992104,1490934709
1433864012047730856,992104,1490934693
-4798505810665076680,992104,1490934724
-3106706720149882697,992104,1490934695
759100548852115851,992104,1490934716
7231292408443186201,992104,1490934678
8236283268768989766,991976,1490934701
8458406424562588362,991976,1490934732
-580058452564851415,991976,1490934678
3794693648156213129,991931,1490934674
810226821251171516,991931,1490934674
7012923566782259652,991931,1490934685
-7482449252497808124,991931,1490934702
3832345525290027003,991931,1490934679
-283174215725662030,991694,1490934697
-8767089695827961936,991694,1490934678
6790200928108920427,990792,1490934714
-4636563609690503471,120062,1490934677
-3242298318171755063,991689,1490934722
6278692107193052339,991816,1490934732
8000273660804343607,991816,1490934682
5960285111257103355,991816,1490934715
5547753213678422040,991816,1490934704
-1792334076759703477,991859,1490934722
2682090092432429936,991859,1490934726
-8828600403580812957,991839,1490934709
8309467803831969841,991839,1490934681
6519073429794637294,991626,1490934715
8944874093528716483,984310,1490934728
