-2760436838888544459,989025,1490510213
884456235442559299,952644,1490510173
8302582701377135534,989213,1490510179
1797922540219273342,989562,1490510188
-8739710102842886156,989562,1490510211
2257503615004372503,989562,1490510204
-3481091457811188441,989562,1490510203
945602879545976621,989562,1490510190
7650592487773637921,989562,1490510173
225114202133249712,975482,1490510210
-654353863986333021,988650,1490510178
-5137311715590646978,989145,1490510203
-5153188001569284146,989145,1490510191
7070773312338783999,936353,1490510221
835175290862607200,988817,1490510188
-4158870273656473520,988817,1490510193
-1964556193302338804,988817,1490510216
5601339543166853227,988817,1490510172
3198085138845374546,989173,1490510205
6030137248221258348,989744,1490510173
2827370015691334495,989591,1490510219
7130517342772792159,984659,1490510190
1752010564396370192,984659,1490510172
-4160903745365545447,984659,1490510170
6524167981262023616,984659,1490510201
1473641170015602659,984659,1490510191
-1665140326872609574,984659,1490510187
-7013943120105396992,984659,1490510196
-6843049711315688815,984659,1490510184
1654231210536016305,984659,1490510229
8559148471552659891,984659,1490510179
2405684327851855858,984659,1490510209
7657515914188319257,984659,1490510226
-9193513654157437347,984659,1490510216
-3392381892005215162,984659,1490510180
5233969395629798767,984659,1490510214
3213017049740850090,984026,1490510218
-3646732174707624846,989878,1490510190
-3332981168607970455,989878,1490510222
4623976220573292807,989878,1490510212
1862394286108225757,989831,1490510181
2509670836022591225,989831,1490510228
1762703773171597311,989831,1490510221
7539434600668142663,989831,1490510214
3642354556748806472,989831,1490510186
6237204059448523771,989971,1490510195
-477724087011180436,989664,1490510200
1357844433358558863,989664,1490510214
1583290753209989867,989789,1490510183
4054705225019673669,989789,1490510214
3769802778643180001,898058,1490510217
2594315370363310221,989855,1490510176
-2444888227316510050,989910,1490510186
1071090721342523066,989910,1490510206
8625968247629832011,989910,1490510213
8731904442989135052,989910,1490510174
8685889216736660624,989910,1490510229
5042071668306181688,989910,1490510170
4981199860051905794,989910,1490510214
8332978238544889869,989910,1490510174
5686041237838858111,989910,1490510169
6920628764410183261,989910,1490510187
-5143042014345207671,989910,1490510224
7665215704678560983,989910,1490510226
7104449376225254863,989910,1490510221
3131163273842878652,989832,1490510199
-4648964425828529635,989832,1490510174
-541764556732058823,989832,1490510216
-2955219238516417879,989832,1490510173
-3844786649299590928,989832,1490510173
-4168555571874024916,989832,1490510172
-3471578156644629100,989832,1490510225
-1897234472209551632,989832,1490510198
3014360705955814198,989832,1490510204
3949305902285078721,989832,1490510189
3061117130352237597,989832,1490510172
-7111864719138093292,989832,1490510218
8378516693632342956,989832,1490510180
9221658626913673200,989832,1490510191
1850320632440164655,989832,1490510228
-3423883521910951947,989832,1490510210
2459804858067904195,989832,1490510170
7432421070289312003,989077,1490510203
-5363019345983711139,989519,1490510204
5727282733297091620,989519,1490510192
7722419347905616280,989519,1490510228
-171484425793657415,989519,1490510198
-8288202408115036852,989519,1490510227
-3671935728140538965,989519,1490510190
-3778113607767095370,989519,1490510228
-8807645952600516321,989146,1490510221
5545693645676532121,989146,1490510212
-6564134639972765377,989146,1490510228
5904944850333201069,989146,1490510200
8113927044191355926,989016,1490510201
-8711219243897751392,989650,1490510218
5408065180216279823,987283,1490510177
-7075283133216581901,989772,1490510199
9168924147152824287,989772,1490510176
3900834644719822285,989772,1490510187
5086302143244739442,989772,1490510200
4274671868284570659,989772,1490510180
-8621542341103956011,989772,1490510221
446083152782583360,989772,1490510212
5465446085831952557,989772,1490510204
-5770317785152263893,989772,1490510185
-7873210816665770087,989772,1490510179
-8382027174358420939,989772,1490510219
-8258416206042078013,989772,1490510221
6254241815292705429,989772,1490510197
-4076641158819858424,989772,1490510219
8524403791749948651,989772,1490510201
6441607511585206309,989772,1490510215
-1600693126924496720,989772,1490510213
-6286219595589887065,989772,1490510210
1513459297835128173,989772,1490510228
7838432704268489607,989772,1490510205
18144916963850088,989772,1490510223
568709800265969515,989772,1490510190
-231311710665411194,989772,1490510174
6172699154686113341,989772,1490510212
-8061173392739481755,989772,1490510199
8527072766177562694,989772,1490510211
-4610212555136238407,989772,1490510182
333448714907340656,989617,1490510192
-2147462420866146237,989617,1490510206
-8833886589667884117,989617,1490510227
4849128500421661971,926458,1490510209
-7017799616979847069,409143,1490510205
804337899522312205,987970,1490510215
-719177732583612862,891580,1490510212
-6214663405579841678,989904,1490510189
-1379516222512254120,989904,1490510187
-7352213319643450847,989904,1490510192
-7329840284955553122,989862,1490510197
7816778398838719886,989862,1490510170
8482747093550264921,989862,1490510202
8563359303756007498,989862,1490510209
-8797531359793573188,989862,1490510203
-491909724046213928,989862,1490510225
3034851145267872689,989426,1490510212
-4025960998518036295,989521,1490510228
5133767430587848792,989802,1490510187
1752010564396370192,989498,1490510176
6524167981262023616,989498,1490510202
-6843049711315688815,989498,1490510186
-2409008217769372094,989498,1490510197
-7508200501408801454,989947,1490510192
-1878514852396462194,989947,1490510206
-8876922468729152258,989947,1490510186
-3712513126509730919,989947,1490510182
6097926173116534453,989947,1490510198
8357046659531869904,989947,1490510193
-1207022832639596401,989947,1490510221
263142472103266040,989861,1490510177
1920258119162519068,910002,1490510202
4865216440131513226,989665,1490510197
-1939053282934138657,989665,1490510170
8002589192955095738,972924,1490510206
-3332981168607970455,989882,1490510189
7618818186979751600,989882,1490510217
6437109335236430267,989882,1490510199
1378669588483681300,989882,1490510220
-9159907427119887990,989882,1490510224
7063364095697163753,989943,1490510173
-7508200501408801454,989943,1490510219
-3794565070210290063,989943,1490510198
7657515914188319257,987706,1490510226
2411959304637174906,987706,1490510214
-6463183539845614534,987706,1490510171
-2847045653446358062,987706,1490510175
4375197347125959330,987706,1490510209
-6401345084613675693,987706,1490510225
-5182998805599416650,987706,1490510195
-6843049711315688815,987706,1490510178
-9193513654157437347,987706,1490510216
8622454811429105898,987706,1490510169
516177469998640995,987706,1490510183
8132918994021470716,987706,1490510185
-5010739110476824957,987706,1490510188
470855665830419027,987706,1490510220
-6194792023782408908,987706,1490510221
8259145871922240674,987706,1490510201
1671728728327212788,987706,1490510179
4931436211776851270,987706,1490510193
86658266076479473,987706,1490510190
-2682349884013049709,987706,1490510173
1930049435943675391,987706,1490510202
-3848736870371641244,987706,1490510198
-7359851755808713545,987323,1490510203
4480037344413848377,987685,1490510185
9153899225260558356,988568,1490510180
6447129446306330638,989420,1490510216
888665596126136255,989844,1490510203
8378516693632342956,989844,1490510180
-3423883521910951947,989844,1490510210
896628363275257146,989844,1490510212
7834980110144850490,989844,1490510180
-6262280905754110892,989844,1490510218
-1665140326872609574,989844,1490510224
-4251383548917063918,989844,1490510225
1187412819948802308,989844,1490510223
8887481389749528023,989844,1490510201
-6618933794842650854,989899,1490510199
-6841931157017758087,989899,1490510198
-4570900955078563510,989899,1490510175
7073252892319322476,989899,1490510218
7528665243145579581,989899,1490510217
4509012959310269737,989899,1490510192
-1379516222512254120,989899,1490510214
-6761626782448347538,989899,1490510191
-6882689418924539747,989899,1490510202
5677988886203074858,989899,1490510197
-1881154753190522732,988742,1490510188
-8090662006740511003,989970,1490510209
-9152643610777920707,989970,1490510206
-8332508762778108786,989970,1490510221
7807660025744973251,989970,1490510190
6107612739232055835,989970,1490510213
7946131278194894024,989970,1490510172
802733190097553399,989970,1490510208
-5235753116321376907,989970,1490510207
-8244283661811577573,989693,1490510228
1493244880440215333,989905,1490510203
351961676398027789,989905,1490510207
7395028908247969952,989905,1490510171
3518338838344531479,989905,1490510178
-7934778990260336509,828401,1490510223
9004848924237966450,989522,1490510219
8361739599733777720,345323,1490510187
5839760147395163441,989902,1490510201
7665215704678560983,989902,1490510226
7104449376225254863,989902,1490510221
1071090721342523066,989902,1490510176
6920628764410183261,989902,1490510187
4981199860051905794,989902,1490510205
8685889216736660624,989902,1490510216
-5143042014345207671,989902,1490510224
4299938987353637895,989902,1490510208
8625968247629832011,989902,1490510187
-4736330476074469730,989902,1490510218
-1465780559885272776,989902,1490510171
-3037580837404501283,989902,1490510216
-796087369013091950,989902,1490510181
7138611121731309584,989902,1490510175
-4237827547838369107,989902,1490510183
8608583491694199988,989902,1490510221
-8031454396331159260,989958,1490510200
-344690120757721354,989958,1490510186
7146585420381842325,989958,1490510190
-4262439125766235779,989012,1490510209
-2386757310809762575,885637,1490510217
-4825278863045950098,987663,1490510177
-77391199619701894,987663,1490510211
-1248814610952888901,989713,1490510194
-6876751027448949232,989713,1490510216
2304152993298459013,989713,1490510220
-2317532591116415592,989713,1490510187
-370691406953450523,989713,1490510218
-8844455062503186476,989713,1490510170
-9008702140797793425,989713,1490510222
-6822650011405476579,989713,1490510174
-348088001437707697,989713,1490510187
-2001250174099705712,989713,1490510208
874474328056132686,989713,1490510204
-6851876515648106278,989713,1490510227
-4309310718461792858,989713,1490510188
5022273996650107998,989713,1490510194
-3496684964187556206,989713,1490510173
2570239783204438772,989713,1490510204
7019477328546513487,989713,1490510191
5031878237958778173,989713,1490510224
-3445380628542077918,989713,1490510209
-5575051928559167267,989713,1490510179
8977991645992410507,152629,1490510223
3579578928097255509,989434,1490510185
8096067547066390201,989434,1490510193
-9197042370959373073,839613,1490510199
-8711219243897751392,989659,1490510174
7832449866282180730,989609,1490510184
-7261294726037094050,989609,1490510208
-4421429557931264756,989008,1490510218
6042407466688740321,989095,1490510211
939664704834347248,989095,1490510198
4987284123363964784,989966,1490510184
-5588087773023518997,989966,1490510174
1921413044096733195,989966,1490510176
-5696565562595583946,989966,1490510210
1351479921927980581,989966,1490510170
-8722969029481215367,989961,1490510175
-381919650075789650,989961,1490510195
-4527235439082633533,989961,1490510196
1921413044096733195,989961,1490510211
1593525211320345129,989961,1490510203
5900759392243002025,932834,1490510198
-785702141827175706,989151,1490510227
4263276171093739426,989483,1490510221
-1565136469887437537,989483,1490510192
-626589448292133073,989483,1490510208
-3587412135550681,989483,1490510213
4849128500421661971,930075,1490510202
-4913714531459823474,989002,1490510197
4849128500421661971,962109,1490510181
-8493565522960676764,975296,1490510189
676009744231141299,989889,1490510177
2170579361719599948,989889,1490510176
-6790846052693878515,989889,1490510196
8317241886503752796,989889,1490510187
-4821751061305597971,989889,1490510214
5447256577984955544,989839,1490510200
8460513737210767388,989792,1490510173
-2980780586996073727,989792,1490510172
-3173181189741922525,989792,1490510219
-8251584581757026446,989792,1490510221
4164246583335501210,989792,1490510220
1795595647886062715,989792,1490510185
3034851145267872689,989475,1490510191
7968452840889556512,989475,1490510188
9004081883966208403,412175,1490510201
395368846860047685,988973,1490510214
888511404782406795,988973,1490510182
1301971843152184563,988973,1490510181
1612936604795227717,988973,1490510191
-1135966691591277688,988973,1490510186
3683666374096266801,988973,1490510202
3250207348218957875,988973,1490510199
-4527235439082633533,989959,1490510196
1593525211320345129,989959,1490510203
5554926247286692812,989959,1490510172
1921413044096733195,989959,1490510226
-381919650075789650,989959,1490510195
2983596948656657420,989959,1490510186
-80443746799687666,989959,1490510217
-635010288884851091,989959,1490510206
-2087787162828778870,989959,1490510218
-6965654279027767051,989959,1490510195
4987284123363964784,989959,1490510197
-6691696020367088184,989959,1490510219
-1076820401432060929,989959,1490510217
-6339941204519653176,109865,1490510219
1689680770268902264,989249,1490510208
-447592233193586479,989915,1490510194
-9102389246472102570,989915,1490510180
-8710806893080123169,989915,1490510211
-3866443269325205430,989915,1490510204
4981199860051905794,989915,1490510174
-2357598323546401190,989915,1490510212
5916869593659183861,989915,1490510212
-7781146660672604140,989915,1490510193
-2443586173460535062,989915,1490510222
-2986699063330329820,989915,1490510187
-4401992568480094207,989915,1490510178
8685889216736660624,989915,1490510185
-6451134053155868618,989915,1490510227
-7558807281606270365,989915,1490510221
-8119762431734370831,989915,1490510196
7260116865341270083,989915,1490510208
-2961451127371275738,989915,1490510206
-8346100855632539629,989915,1490510222
5826484578259039212,989915,1490510226
3903543151145007615,989745,1490510188
-6376447038782034681,989867,1490510224
-4426627137813591401,989806,1490510182
5133767430587848792,989806,1490510175
4061578676629523819,988955,1490510228
7879676198266787713,984936,1490510213
8677949147547887160,989592,1490510222
6296258373305258733,989667,1490510211
-7520116718417208450,989667,1490510175
-7399413997350360649,989667,1490510177
8179214415201862800,989667,1490510190
-8276241189074494750,989667,1490510200
-1207146759375356562,989667,1490510226
5673748416075072410,989667,1490510201
9064675222259850983,989439,1490510219
-3039855533347513052,989945,1490510172
3465139316727766630,989945,1490510226
-7508200501408801454,989945,1490510198
-2501667377571060637,989945,1490510227
943567189277038048,989945,1490510209
2471008395034440230,989945,1490510177
3323996376456041564,989945,1490510219
-7980825954253927958,989945,1490510181
-8757503351530970306,989647,1490510175
-2760436838888544459,989027,1490510213
8642583517811735394,987954,1490510183
1689680770268902264,989237,1490510208
163894319779838801,989507,1490510223
-4481838815818311600,989917,1490510181
8625968247629832011,989917,1490510182
-7887246199068056290,989917,1490510226
337920119179789923,989917,1490510193
-4736330476074469730,989917,1490510218
-5143042014345207671,989917,1490510212
8685889216736660624,989917,1490510202
4981199860051905794,989917,1490510183
7138611121731309584,989917,1490510174
-8288039010887773272,989917,1490510171
-2318584225051561919,989917,1490510181
-7781146660672604140,989917,1490510218
-1114081118360640694,989917,1490510193
5916869593659183861,989917,1490510224
-3362243812696634908,989917,1490510172
8674242774815927892,989917,1490510207
5310996604307538462,989929,1490510179
4531746156823599970,989929,1490510183
-3240302076242445599,989929,1490510210
-5006877554612117014,989028,1490510198
3811605979617531306,989028,1490510217
7490112749289454752,988353,1490510221
-4467131966175790893,988353,1490510174
6321319414159906033,101987,1490510190
-1155274575957202543,109617,1490510220
8672284656249898295,984943,1490510224
-1282734187529132424,984943,1490510185
-9027357956607630977,989909,1490510211
-2444888227316510050,989909,1490510199
5042071668306181688,989909,1490510179
8625968247629832011,989909,1490510221
4981199860051905794,989909,1490510221
1071090721342523066,989909,1490510211
8685889216736660624,989909,1490510229
957734503537563325,988901,1490510194
-1291350817372525613,989921,1490510195
-8346100855632539629,989921,1490510222
-974627214673641835,989921,1490510223
-2357598323546401190,989921,1490510184
-7781146660672604140,989921,1490510173
-2961451127371275738,989921,1490510206
-6451134053155868618,989921,1490510227
2998782041837472688,989921,1490510201
5916869593659183861,989921,1490510190
5585590961167578606,989921,1490510189
-2443586173460535062,989921,1490510203
5826484578259039212,989921,1490510226
-7558807281606270365,989921,1490510221
7260116865341270083,989921,1490510208
-8119762431734370831,989921,1490510192
7777399666541010506,989921,1490510205
8685889216736660624,989921,1490510175
7556676784461334129,989921,1490510195
-1111979146661104534,989921,1490510173
7727887685159181408,989921,1490510205
-7860832446961844522,989921,1490510184
9119684371349620132,989921,1490510225
4039769985876866762,989921,1490510215
8203482988605000928,989921,1490510229
7016461881934613687,989921,1490510170
4720328715621655946,989921,1490510220
-9199972662768407488,989921,1490510220
-8120220933545492230,989921,1490510223
-6362895602854757746,989921,1490510228
8608171987531213036,989921,1490510185
2560470183661690920,989921,1490510227
546067340812640497,989921,1490510199
-2468973513584936732,989921,1490510191
3781987726428397724,989921,1490510176
-1639622280319575535,989921,1490510190
-5443455655998467884,989921,1490510187
2587227362335798406,989921,1490510211
3338738963175862944,989921,1490510199
-3672537492630932374,989921,1490510225
-1248814610952888901,989758,1490510218
-8332508762778108786,989758,1490510197
1497901457350989778,989758,1490510221
-8844455062503186476,989758,1490510170
-6876751027448949232,989758,1490510216
3301446727191448198,989758,1490510211
5754314473616787638,105057,1490510219
-1227987421115678007,989913,1490510228
-5363019345983711139,989540,1490510213
5727282733297091620,989540,1490510192
7922115002416386175,989055,1490510209
1003795341252666514,989823,1490510199
5552326875942115626,989823,1490510201
7555782592623239094,989823,1490510198
2825914880751144848,989823,1490510216
4762451672970871938,989823,1490510201
8152186085231036346,989823,1490510173
-4957824894188322552,989823,1490510203
5914155933867359684,989823,1490510170
3518338838344531479,989823,1490510177
351961676398027789,989823,1490510204
8625968247629832011,989823,1490510221
-5257968092554078570,989823,1490510199
4723484650678809952,989823,1490510211
-9027357956607630977,989823,1490510211
5042071668306181688,989823,1490510179
1071090721342523066,989823,1490510211
1892577961623879998,989823,1490510222
-2444888227316510050,989823,1490510200
1273358903522362013,989823,1490510170
1626702712835865199,989823,1490510228
3647516635894099908,989823,1490510193
4836924401810444202,989823,1490510180
-1261348591664579653,989823,1490510200
-5538203618938182608,989823,1490510228
1841843774130857647,989823,1490510190
4981199860051905794,989823,1490510221
4564229698537325076,987872,1490510174
7832449866282180730,989611,1490510201
-762001980676221298,988634,1490510215
-4125200416790895763,989026,1490510173
225114202133249712,989911,1490510220
-1579430991980330411,989911,1490510190
-8493565522960676764,974673,1490510204
738369663236637019,902925,1490510192
2070126477846599169,989774,1490510208
-4360583789846520816,989774,1490510204
7953773438605408402,989774,1490510207
-6671780453559170548,989774,1490510224
1708436852266274233,989774,1490510170
6917178714454413445,989774,1490510185
-569658388713836150,989774,1490510192
1252130430718449023,989774,1490510203
7484252465528542940,403920,1490510193
2858564548562765685,986997,1490510184
939664704834347248,989074,1490510198
6042407466688740321,989074,1490510211
-9096385272212793150,989074,1490510184
8688000366276561939,989688,1490510187
2170579361719599948,989888,1490510171
8317241886503752796,989888,1490510183
-6790846052693878515,989888,1490510192
-4821751061305597971,989888,1490510214
-3582569861844013738,989888,1490510228
-9179053472630623801,989888,1490510214
7946131278194894024,986502,1490510214
-1665140326872609574,989546,1490510224
-6262280905754110892,989546,1490510218
1187412819948802308,989546,1490510223
507294750613633438,989546,1490510170
8527217314299298325,989546,1490510219
-3612947436879382691,989546,1490510219
896628363275257146,989546,1490510211
1850320632440164655,989546,1490510224
3018248548149619682,989546,1490510217
-6969327564498381137,989546,1490510188
4032861888409786011,989546,1490510200
2086752828760056672,989546,1490510177
-6185058021698127478,989546,1490510223
4753341152296595644,989546,1490510214
6564365634831732430,989414,1490510200
3943523263469376262,989939,1490510219
-8124042299463615476,989939,1490510195
-3794565070210290063,989939,1490510219
7063364095697163753,989939,1490510202
-7508200501408801454,989939,1490510228
5447256577984955544,989847,1490510200
968961108647842581,989842,1490510172
7737681864696435221,989842,1490510218
-3612947436879382691,989842,1490510225
-409441793757193387,989430,1490510170
7500543446751055974,989430,1490510170
9188177381251092456,989430,1490510224
-5122792217934036147,989430,1490510220
8222868796974130798,989430,1490510186
2881651082075065226,989430,1490510214
5262062332592299637,989430,1490510204
4694729946254260457,989430,1490510169
8176372717371519694,989430,1490510191
6007352328836167211,989430,1490510183
-2701067536411551925,989430,1490510183
2671502055598404845,989430,1490510182
6315316124695301044,989430,1490510185
6248821535706780854,989430,1490510176
8796810455980581738,989430,1490510208
4772032425808416103,989430,1490510216
-3098863790459726967,989430,1490510221
5162783764414910647,989430,1490510214
-3939153026290280634,989430,1490510200
-7081714468666682964,989430,1490510227
6877833599692511526,989430,1490510228
-3844786649299590928,989430,1490510176
8412803664389671023,989430,1490510215
-2830812723912770825,989430,1490510180
-1684867941033276276,989430,1490510208
-6584946505939667792,412318,1490510183
-5849168111110058292,989805,1490510179
1772629425190693956,989805,1490510185
-8954712162938694424,989805,1490510170
-2562234130009128732,981756,1490510175
606350734543563043,14803,1490510200
-4894080447049738155,918580,1490510181
3057672412557329632,989914,1490510226
-4966545441376353109,989914,1490510225
5205597858297700567,989914,1490510190
-5329215105630750888,989914,1490510190
-3807904488460179558,989914,1490510213
5758126821294940424,989914,1490510185
-6064554395942485538,989914,1490510173
1351479921927980581,989967,1490510170
3323996376456041564,989967,1490510190
4492883171089878520,989967,1490510187
2763922115209555847,989967,1490510211
7740257971903699514,989763,1490510175
7225865743044006845,989763,1490510229
5527604646928991892,988823,1490510222
1440039346063775049,988823,1490510214
-6112902052255808175,988823,1490510218
4790334298060985060,988823,1490510177
2421307005942937668,988823,1490510194
-2668409289115343969,988823,1490510201
-4201405609397640941,988823,1490510194
6643407445527191491,988823,1490510203
-7041240586521954166,988823,1490510194
1608663674025742722,988823,1490510214
-2079388168597683753,988823,1490510195
-3592657718104276113,988823,1490510216
8340930941891133192,988823,1490510224
-606462063646313565,988823,1490510180
7256095520823811280,988823,1490510199
5294543718970535049,988823,1490510207
-1560169360700953653,988823,1490510203
-2563380260857193887,988823,1490510211
-1160421071663632414,988823,1490510203
3834861969643872045,988823,1490510198
1095643914663443189,988823,1490510182
2863430351969598356,988823,1490510186
122751772948079510,988823,1490510219
2748913979664664385,988823,1490510204
8739104699541790238,988823,1490510203
5900898963530844816,988823,1490510227
-2852391880016506183,988823,1490510195
-1601398194221995613,988823,1490510194
-8608015342549760230,988823,1490510226
-2738411938222870363,988823,1490510209
1227163957356828541,989795,1490510203
-1908971331084827028,989712,1490510175
-8807645952600516321,989148,1490510221
5545693645676532121,989148,1490510212
-6564134639972765377,989148,1490510228
804496441558956526,989923,1490510213
-1708788605059572204,989923,1490510201
5347883857685796510,989923,1490510200
6602849001038738981,989923,1490510178
4809864740188006033,989923,1490510223
-85457319472297087,989923,1490510177
-5315179113788736629,989923,1490510195
-5491460048335166215,988177,1490510209
-4788158814619717729,989171,1490510220
9194074957537230760,985935,1490510184
669855557113413357,912135,1490510221
8591091340385799001,988542,1490510187
-3202389641837215137,988542,1490510208
-5007388817370012790,988542,1490510212
-3713001783747238081,988542,1490510228
-6375738085316476836,988542,1490510175
8739104699541790238,988542,1490510200
8482749605394193042,988542,1490510173
-3755149647573601767,988542,1490510196
-5783604601470345476,988542,1490510217
-2079388168597683753,988542,1490510187
8299769115104399193,988542,1490510198
-5584709778766435112,988542,1490510223
-8267599757106669242,988542,1490510205
-6807848994287562080,988542,1490510216
-3310062178196622463,988542,1490510202
8412803664389671023,988542,1490510183
-7161238281305748721,988542,1490510214
8513011686383635937,988542,1490510213
3685090547748552274,988542,1490510180
7832449866282180730,988542,1490510219
2939335385894527219,988542,1490510174
1395914329176964478,988542,1490510171
2049373344248627332,988542,1490510178
-5603984910488701183,988542,1490510221
6770605056154067203,988542,1490510170
7290464693388331825,988542,1490510197
1964906930156045318,988542,1490510197
-8630291898198882959,988542,1490510186
3647516635894099908,988542,1490510188
1716093561041880230,988542,1490510219
4001162140316795698,988542,1490510188
3627597344187747073,988542,1490510189
-1482177699941919147,988542,1490510201
-8102742498999850435,988542,1490510190
1451559731936356483,988542,1490510174
3800483239813630282,988542,1490510217
-4022653066370988244,988542,1490510201
-8842386772891368448,988542,1490510194
958835303735920027,988542,1490510227
1559850786056774046,988542,1490510216
-5569811108602166582,988542,1490510187
-4808098755961054579,988542,1490510173
-474816203319155267,988542,1490510210
6746096399161219419,988542,1490510195
-1764181952085967127,989588,1490510176
-3778113607767095370,989588,1490510228
3857994773995179763,989588,1490510191
-8761004626107113825,989588,1490510191
6776139229727734423,989588,1490510174
2827370015691334495,989588,1490510226
-6630571592385344599,989588,1490510228
-485791197476191964,989962,1490510174
-5257968092554078570,989962,1490510195
-5104834366736440858,989962,1490510186
4577661455112635075,989962,1490510214
6193526060969665458,989962,1490510182
167310737781679858,989962,1490510211
8213730011940050687,989962,1490510174
-1299540387342655458,989962,1490510200
-929319197321413834,989962,1490510205
9041215399720811125,989962,1490510212
-2386879751715078677,989962,1490510209
-7263645512640485773,989962,1490510220
-7261325398325446602,989962,1490510181
6398049616877901824,989962,1490510177
5795644965374203930,989962,1490510208
-3650209533869201724,989962,1490510216
2074320754054304718,989962,1490510228
3804287189894413159,989962,1490510192
-4993367827756264790,985437,1490510211
3063114197654928705,989885,1490510221
-463230055015641377,989885,1490510211
-3332981168607970455,989885,1490510170
8966562021405861744,989934,1490510208
-7645040444012903265,989934,1490510192
4509012959310269737,989934,1490510171
-3463153042012809816,989934,1490510228
-3240302076242445599,989934,1490510170
-5412595774048113660,989934,1490510211
-6409564151184217832,989934,1490510204
-7126203630870700313,989934,1490510221
-2607440221533447517,989934,1490510174
4732035578779136579,989934,1490510198
-1524923792281593878,989934,1490510188
4043751306597060152,989934,1490510216
-5428521886453176163,989934,1490510184
5851375591730939357,989934,1490510220
-1381477933595988009,989934,1490510207
-6174626255832695017,989934,1490510205
-9511548080222203,989934,1490510173
2396887852467439029,989934,1490510220
924395422817914822,989766,1490510219
7099950335033066796,989766,1490510180
8167915085965485852,989766,1490510190
-8599389887067800512,989766,1490510212
-7203818961362637144,982262,1490510225
1707422655324018486,989793,1490510200
9064675222259850983,989793,1490510207
-190492563999040976,989793,1490510219
-3612947436879382691,989835,1490510225
5252672534018263511,989841,1490510200
-1438476972974359741,989841,1490510215
-3794565070210290063,989941,1490510193
-7508200501408801454,989941,1490510205
7228068995845405097,989941,1490510221
9125119158245549511,989955,1490510190
1799737007519594633,989955,1490510202
-2267464181578057403,989955,1490510200
-5311911012763325780,989955,1490510203
-1915597135751673868,989955,1490510229
-6672624727635845849,989955,1490510214
-6542194881481048461,989955,1490510178
-1459177522453036339,346707,1490510222
8764027814769037771,338820,1490510211
4894108755424902052,989838,1490510213
1762703773171597311,989838,1490510218
2509670836022591225,989838,1490510212
7539434600668142663,989838,1490510194
4574264623375045221,989838,1490510173
6596358279396567426,989748,1490510209
2747244188587823680,989748,1490510182
916650765602875147,969870,1490510185
-5809073377787311735,918170,1490510210
-9125076823218442559,989883,1490510224
1378669588483681300,989883,1490510218
-3332981168607970455,989883,1490510184
2953210377623372030,985834,1490510172
-6194792023782408908,989338,1490510180
1131457843305067164,989338,1490510182
-3755149647573601767,989338,1490510198
8696141908760887017,989338,1490510181
-4964233479588065492,989338,1490510180
6321319414159906033,101986,1490510195
263142472103266040,989864,1490510177
-3201309461720685109,953283,1490510189
5128574110115011863,987698,1490510199
114842714614253054,988676,1490510202
-128587117653702579,986778,1490510213
-5685088665457774918,986778,1490510213
4892032485329016278,986778,1490510201
-66317403182411293,986778,1490510197
8276701186838817508,986778,1490510181
477123687372607025,986778,1490510212
-834782905900053194,986778,1490510212
1860909708198904891,986778,1490510223
1418816047076543159,986778,1490510205
3001370630094395746,986778,1490510209
7842946731657694581,986778,1490510208
-8433779081559392878,986778,1490510179
161625853498063199,986778,1490510217
5021113139051466350,986778,1490510208
-2271355057534545175,989629,1490510219
-4471249981925191130,989629,1490510205
653900107270857813,974481,1490510216
5179880728032942290,989828,1490510207
2747244188587823680,989828,1490510207
-3262543618824264127,983817,1490510228
5723862412698716537,969450,1490510217
8295662644718430336,988185,1490510184
1583290753209989867,989778,1490510208
-1069549512899044675,980881,1490510211
-661055225764060009,937170,1490510182
2686647334049605668,986222,1490510220
8561248856739337152,345559,1490510229
1906150191085189331,989740,1490510186
-7188176491169201390,989740,1490510190
5086302143244739442,989740,1490510226
7011205436757093045,989740,1490510177
3900834644719822285,989740,1490510187
-7075283133216581901,989740,1490510199
-7207409415926006862,988964,1490510225
-8489554117815256045,174742,1490510169
-8833886589667884117,989648,1490510227
-2147462420866146237,989648,1490510206
8960168380356488263,989648,1490510183
-5037786745414815219,989648,1490510210
7101836949138730915,989648,1490510195
-7390684433435040330,988628,1490510215
3034851145267872689,989422,1490510212
8222928213398493121,989886,1490510193
3836211370023358876,989886,1490510171
2170579361719599948,989886,1490510180
-7794653005050185911,986340,1490510169
-6278479223624682472,989135,1490510224
640194483784457973,989467,1490510196
-7053323133072739068,988821,1490510180
970360710406067958,988821,1490510198
-6068967141327187977,988821,1490510219
-7203818961362637144,982235,1490510227
-4125200416790895763,986508,1490510173
-224921139442885151,988953,1490510220
-7207409415926006862,988974,1490510187
-1659062681642030902,989137,1490510192
6037093973431632914,972937,1490510213
6945926419261527856,984739,1490510184
1641952755013812335,989940,1490510181
-2671204955652864945,989940,1490510201
-6748391702511552213,989940,1490510182
-6398753768726640162,989940,1490510206
-7870126717414186625,989940,1490510191
943567189277038048,989940,1490510178
-1915597135751673868,989940,1490510190
2471008395034440230,989940,1490510191
-3794565070210290063,989940,1490510227
-8124042299463615476,989940,1490510202
7063364095697163753,989940,1490510208
8651149050240171205,989940,1490510227
-1279615359636566546,989940,1490510222
-2672269919241472282,989940,1490510211
7440571666956128911,989940,1490510206
-762001980676221298,988651,1490510188
-8711219243897751392,989654,1490510198
9128956749062046472,989654,1490510221
2979869175966867550,989654,1490510172
-2340849926945944125,989654,1490510188
7968452840889556512,989486,1490510188
6817177704586784688,989357,1490510217
2356885659558416867,989447,1490510194
-6376447038782034681,989447,1490510208
1883777556528399963,989447,1490510196
2092829123935100992,989447,1490510196
-6391042863011555668,989447,1490510209
3062249315728172565,989447,1490510218
-7339074374406079100,989447,1490510223
1497901457350989778,989747,1490510205
-1069549512899044675,980861,1490510173
-3204556277914867271,987891,1490510175
-527792412196347881,987891,1490510217
-714051835348589660,987891,1490510172
-9104007598699387075,987029,1490510193
7880777339692235657,986208,1490510210
-7174564198247666521,988940,1490510173
4849128500421661971,918517,1490510217
8688000366276561939,989683,1490510187
6261213683320442009,989292,1490510223
626200449545011640,982199,1490510170
-1968272283259014532,983500,1490510175
-183154431908275468,983149,1490510182
3479966886439382517,989216,1490510200
2827370015691334495,989593,1490510226
-6181126400120924887,949839,1490510191
-2217824972551911536,949839,1490510189
5476902646379527911,989408,1490510184
3479966886439382517,989877,1490510185
8460513737210767388,989791,1490510180
7420568575535056754,971769,1490510197
-762001980676221298,988656,1490510177
-3816272347527940414,989619,1490510192
7290464693388331825,983683,1490510178
-8493565522960676764,974674,1490510218
-4421429557931264756,989004,1490510218
8113927044191355926,989004,1490510203
-6766994673452185970,989865,1490510182
-6185058021698127478,989865,1490510223
1850320632440164655,989865,1490510221
3126195781647653509,989865,1490510177
3486099878469462241,989865,1490510203
356432187855756014,989865,1490510208
-2529454079385730577,989865,1490510216
-3646732174707624846,989865,1490510221
-2849667410145720354,989865,1490510190
4760109227932684219,989865,1490510173
-5492490083786822219,989865,1490510169
-6464043951603791630,989865,1490510218
-3781929235367439101,989865,1490510210
-6692197091717099134,989865,1490510209
1142133784692984485,989394,1490510175
-7079818638400635867,989894,1490510225
-8454626768203912327,989894,1490510198
3647589973104356684,989894,1490510216
-3497640835957082415,989894,1490510218
7010506598397382164,989894,1490510193
-3639108103802724653,989894,1490510182
4882505253272938851,989894,1490510212
-6069779836085049380,989894,1490510228
-5695797665302217603,989894,1490510217
-3340607271440888697,989894,1490510202
-4561904405826211555,989894,1490510205
-5373400020773350350,989894,1490510202
-6975698372505183764,989894,1490510221
-7052951518726842497,952631,1490510184
360012439754168537,989951,1490510185
-379702919131218553,989951,1490510187
5222873494467405566,989951,1490510216
-7508200501408801454,989951,1490510178
-1878514852396462194,989951,1490510173
5901279942351093115,989951,1490510218
4684170073229241333,989951,1490510210
5310996604307538462,989931,1490510193
6637914834336230528,989927,1490510185
-85457319472297087,989927,1490510171
4809864740188006033,989927,1490510188
5188690048331038510,989927,1490510180
-7597702784253933149,989927,1490510211
-9172144599522656642,989927,1490510174
-7050883428319837526,989927,1490510171
-5706130266647202746,989927,1490510189
7036653418225460195,989927,1490510187
-6975698372505183764,989927,1490510200
8088010672447955505,989927,1490510196
6602849001038738981,989927,1490510171
-6172688262184204829,989927,1490510171
-2118254353470208051,989927,1490510206
7163418309324907923,989927,1490510217
5310996604307538462,989927,1490510211
1345125923319608294,989927,1490510177
2334417311775264770,989927,1490510177
7762926447783926510,989927,1490510217
9196365573857141820,989927,1490510181
1781008137846971105,989927,1490510172
7815862838727455641,989927,1490510200
5020872929380916539,989927,1490510226
8622454811429105898,983681,1490510180
-5135452313786560758,989816,1490510201
7086463321833334053,989816,1490510214
-7207409415926006862,988972,1490510225
-743468433273315965,989826,1490510213
-844805186056737707,989482,1490510185
9192115329741381212,989853,1490510228
8511616915284850291,989531,1490510196
-3160885853755038921,989890,1490510204
-3582569861844013738,989890,1490510194
-9179053472630623801,989890,1490510187
-7618878424551946724,989890,1490510200
-4821751061305597971,989890,1490510208
3174985254707441948,989890,1490510195
2857512986664142061,989890,1490510201
-6790846052693878515,989890,1490510171
5418141597512423187,989890,1490510211
3647589973104356684,989890,1490510216
8272170073712008794,989890,1490510184
-1716399517750642211,989890,1490510178
-8454626768203912327,989890,1490510198
31590489926340304,989890,1490510221
-8375930021013951062,989890,1490510217
-3497640835957082415,989890,1490510218
-3639108103802724653,989890,1490510183
-7079818638400635867,989890,1490510225
2096536547364766871,989890,1490510176
3336862855163089320,989890,1490510210
3479966886439382517,987432,1490510200
-7429881086190295415,972031,1490510220
7101836949138730915,989794,1490510195
-7876531900931605434,989794,1490510197
-7013932386182893037,989794,1490510229
-4360583789846520816,989794,1490510204
7714280183360916798,989794,1490510229
8876114146095495049,989450,1490510229
-2288601041470463050,989450,1490510225
3034851145267872689,989450,1490510205
-8985053364770127425,989450,1490510177
-6083153344009287719,989907,1490510174
5935665855980466947,989907,1490510175
-4178840253733965834,989907,1490510176
1493244880440215333,989907,1490510204
351961676398027789,989907,1490510207
7395028908247969952,989907,1490510171
8685623760460233713,989907,1490510194
8361739599733777720,345293,1490510180
-5104834366736440858,989558,1490510186
-8295315639188994081,989674,1490510223
-4421429557931264756,989011,1490510199
-5377811265067935849,989908,1490510229
6982061829717298429,989908,1490510175
-4473808385784590475,989908,1490510193
-762001980676221298,988592,1490510221
6643407445527191491,958826,1490510203
-9063855340935807561,986279,1490510197
-8711219243897751392,989652,1490510218
-7261294726037094050,989618,1490510208
7832449866282180730,989618,1490510217
-599397461854243264,989618,1490510200
-6425148779493600061,989618,1490510200
-7597960778984466708,989618,1490510216
4328639792291899081,989618,1490510229
-5143042014345207671,989912,1490510196
-902797268644342563,989912,1490510199
-8288039010887773272,989912,1490510171
-3362243812696634908,989912,1490510172
8674242774815927892,989912,1490510207
337920119179789923,989912,1490510173
-7887246199068056290,989912,1490510200
-415659992166380983,989912,1490510177
-4659097871356160231,989912,1490510208
-7781146660672604140,989912,1490510218
5916869593659183861,989912,1490510224
-2986699063330329820,989912,1490510196
8685889216736660624,989912,1490510193
4981199860051905794,989912,1490510177
1322238861337995087,989912,1490510192
-2357598323546401190,989912,1490510212
-9102389246472102570,989912,1490510180
6880998528388606262,989912,1490510186
-4844592021983639555,989912,1490510207
2975590450521387331,989912,1490510187
-2443586173460535062,989912,1490510223
-8710806893080123169,989912,1490510211
7219677369296482684,989912,1490510223
-4020434230136830946,989912,1490510211
715758541054544031,989912,1490510226
-4769985600651198374,989912,1490510223
7123212428413809973,989965,1490510216
-635010288884851091,989965,1490510206
-381919650075789650,989965,1490510185
-80443746799687666,989965,1490510217
1921413044096733195,989965,1490510198
4987284123363964784,989965,1490510197
-96926924016326244,989965,1490510181
-2014194038299650283,989965,1490510206
-6412164813048509764,989965,1490510216
-6390380520487007883,989965,1490510179
7177320869488290073,989710,1490510169
-389440446781808366,989672,1490510228
3674163658196335779,989866,1490510228
835396248399035882,989866,1490510219
-8512504677511772010,989866,1490510173
-3462874893015004281,989866,1490510173
2092829123935100992,989866,1490510202
6365780721958422838,989866,1490510170
-3027341447139846131,989866,1490510175
8642583517811735394,985944,1490510217
-8421887685939588372,985944,1490510193
-3166237157749092774,973027,1490510218
3179556320923053200,989491,1490510216
-1968272283259014532,963016,1490510191
-1836837426084068547,988300,1490510209
-5873270756936066434,989411,1490510187
5476902646379527911,989411,1490510178
-208740286484388171,989953,1490510176
6556695242013081625,989953,1490510207
-13043323926227993,989953,1490510203
-7101806804443025163,989953,1490510202
-7560837386608882153,989953,1490510212
3540421784777649189,989953,1490510195
-8638906694155346817,989953,1490510224
-3034793063645141396,989953,1490510194
1351489475378595785,989953,1490510210
-4952966776046172030,989953,1490510171
6398360263240039748,989953,1490510177
9125119158245549511,989953,1490510199
5758126821294940424,989953,1490510171
-6453146538284548976,989953,1490510177
-2267464181578057403,989953,1490510204
6606086360054555146,989953,1490510178
4399684047545846947,989953,1490510184
-7870126717414186625,989953,1490510217
8110287703567601159,989953,1490510224
-7606191498829566195,989953,1490510205
4721283097680818400,989953,1490510197
-2312330704461015349,989953,1490510195
-3269091186543815251,989953,1490510196
1350799273456690599,989953,1490510202
-4790368744814907768,989953,1490510228
-3247277420558376858,989953,1490510211
-6185486486339117503,989953,1490510185
-2271634697249146172,989953,1490510220
9101967947106085370,989953,1490510220
-8423240695591670005,989953,1490510219
-5129523580314076905,989953,1490510219
2976347278958864722,989953,1490510193
487964818198400986,989953,1490510188
2035889971363930622,989953,1490510229
7084658535532983724,989421,1490510203
8876114146095495049,989402,1490510229
-2288601041470463050,989402,1490510225
6465654080863755812,989402,1490510174
7968452840889556512,989215,1490510200
-1351614150530434431,975858,1490510220
1244704175531896400,975858,1490510197
-6708820090081868760,975858,1490510221
3063114197654928705,975858,1490510180
2170579361719599948,975858,1490510219
-4676930156445885656,975858,1490510179
-5924834368102928105,975858,1490510210
-6551386314104540237,988549,1490510221
3095192175790799989,989851,1490510190
-56800417903053318,989851,1490510205
-6766994673452185970,989770,1490510217
3575904433992921188,989770,1490510179
-4991748998804719567,986898,1490510208
-762001980676221298,987664,1490510170
-5412595774048113660,989936,1490510187
2396887852467439029,989936,1490510220
-6174626255832695017,989936,1490510205
2908485564484964882,989936,1490510187
-8903021339918245019,989936,1490510229
-7965361879225863722,989936,1490510181
7887113551151881187,989936,1490510210
-1878514852396462194,989946,1490510206
-7508200501408801454,989946,1490510186
5222873494467405566,989946,1490510226
-3582569861844013738,989892,1490510228
-9179053472630623801,989892,1490510214
-6790846052693878515,989892,1490510184
-4821751061305597971,989892,1490510211
-3160885853755038921,989892,1490510204
5844257407040018177,989903,1490510185
-9159907427119887990,989903,1490510177
-1379516222512254120,989903,1490510179
-7352213319643450847,989903,1490510179
-5943860316147535645,989903,1490510211
7111859398186321830,989903,1490510212
6982061829717298429,989903,1490510178
4723484650678809952,989903,1490510194
4837466810980036416,989903,1490510218
4013331135348775633,989903,1490510170
2679064060601669432,989903,1490510181
-6083153344009287719,989903,1490510174
-5128718169744850510,988355,1490510185
4831684102860102826,986287,1490510196
-4766615739012535346,902074,1490510176
4531217018004168591,980354,1490510189
-5842302759565049295,988513,1490510217
3365283318030833024,989286,1490510185
-3156177690353115565,989286,1490510188
-224921139442885151,989286,1490510212
4892032485329016278,989286,1490510186
3238814993211729178,989286,1490510185
-6398753768726640162,989286,1490510215
155546727804067458,957263,1490510188
8493652986921463248,344847,1490510188
-2562234130009128732,981740,1490510176
5612245824778591357,346919,1490510185
8295662644718430336,987581,1490510188
6068298968617466525,989330,1490510189
3993043656049368775,989968,1490510196
1921413044096733195,989968,1490510174
4492883171089878520,989968,1490510180
-5588087773023518997,989968,1490510174
7868926888085422882,989968,1490510217
-2014194038299650283,989968,1490510176
6817177704586784688,989323,1490510217
3124342018201263548,989919,1490510207
3584941707599031459,989919,1490510224
2927382073533654343,989919,1490510193
1445552037947922881,989919,1490510227
6857954229096513893,989919,1490510209
8203482988605000928,989919,1490510229
7260116865341270083,989919,1490510223
-6626249192085634230,989919,1490510220
-2468973513584936732,989919,1490510191
-6976074566339069400,989919,1490510199
4723484650678809952,989919,1490510191
-5943860316147535645,989919,1490510193
-8797531359793573188,989919,1490510176
-8786205099507549249,989919,1490510204
-8032900118575713649,989919,1490510202
804496441558956526,989919,1490510213
6625314280703844771,989919,1490510208
2536788373718783490,989919,1490510223
-7523023864546278869,989919,1490510189
5016821913016110339,989919,1490510229
3416853386555280561,989814,1490510208
1540282246350282976,989814,1490510219
4849128500421661971,939517,1490510186
1378669588483681300,989884,1490510182
-3332981168607970455,989884,1490510174
-463230055015641377,989884,1490510212
3063114197654928705,989884,1490510221
1892277592173172656,918615,1490510177
9004848924237966450,989469,1490510219
1850099609905139593,989901,1490510227
2393488254658581632,989901,1490510178
-1591455233520169423,988308,1490510197
593323067930550121,905492,1490510229
749971320354916190,903005,1490510225
1583290753209989867,989684,1490510208
6017349236698735343,989836,1490510186
-385380342581903579,988996,1490510186
2021075734586135092,989815,1490510175
5094038707684101052,989700,1490510173
1798622554417877951,989582,1490510191
6613326032010514216,989582,1490510182
5128574110115011863,987703,1490510200
-8757503351530970306,989649,1490510174
8677949147547887160,989649,1490510222
5258082664059249804,905943,1490510198
-6069779836085049380,989897,1490510228
4882505253272938851,989897,1490510212
8029140790486883720,989897,1490510190
-3340607271440888697,989897,1490510202
-5373400020773350350,989897,1490510202
-3497640835957082415,989897,1490510189
-7898616889373101399,989897,1490510177
7620548848578065801,989897,1490510222
71317613630232156,989897,1490510223
-8775940285397880215,989897,1490510172
6065514347140911751,989897,1490510228
333448714907340656,989601,1490510203
6838906207633309898,988717,1490510207
7084658535532983724,989477,1490510174
2747244188587823680,989811,1490510176
1540282246350282976,989811,1490510219
3416853386555280561,989811,1490510208
-5810742195655731848,989938,1490510175
-491619651267691576,989938,1490510172
-7628678643042171409,989938,1490510175
-7965361879225863722,989938,1490510180
-3734033130351857772,989938,1490510182
-916905810015569579,989938,1490510196
-7980825954253927958,989938,1490510225
-6174626255832695017,989938,1490510188
2396887852467439029,989938,1490510201
7887113551151881187,989938,1490510210
8259145871922240674,989938,1490510181
323584479157062251,989938,1490510228
-8641810299769314119,989938,1490510222
5865603504824100558,989938,1490510202
-814545058135896008,989938,1490510184
2908485564484964882,989938,1490510178
-8903021339918245019,989938,1490510226
-1680105318499004901,989938,1490510198
531498227133411969,989938,1490510223
-6655715346208315225,989938,1490510174
-2501667377571060637,989938,1490510224
5689771896338030933,989938,1490510216
940929796397254720,989938,1490510205
-6046317399181839190,989938,1490510171
-7701879532111965335,989938,1490510172
-2233985543590930948,989938,1490510217
-5899785584185613416,989938,1490510178
8739826647361246347,989938,1490510203
6094422944551123038,989938,1490510225
155463320248546350,989938,1490510202
-3083769491780627074,989938,1490510194
-5135452313786560758,989817,1490510204
-8244283661811577573,989819,1490510223
-762001980676221298,988648,1490510194
7879676198266787713,987836,1490510222
-2787888784444068108,989448,1490510199
3182135322135460101,989448,1490510194
5179880728032942290,989448,1490510208
-2529713248068463246,987111,1490510170
-714051835348589660,988357,1490510172
-527792412196347881,988357,1490510171
-6649454516209716047,988357,1490510218
-1768009593064191115,988357,1490510194
-9098511034935290029,988357,1490510171
-128587117653702579,988357,1490510213
-1858439626389588010,988357,1490510183
-3388811333001938435,988357,1490510173
-9126981122312257914,988357,1490510217
-7227946654591138702,988357,1490510220
5291090162463190195,988357,1490510215
-2798336479003636063,988357,1490510200
-3227751747985910132,988357,1490510180
7539434600668142663,989834,1490510214
2509670836022591225,989834,1490510228
1762703773171597311,989834,1490510221
1929737314300811996,989523,1490510216
-6376447038782034681,989523,1490510185
-183154431908275468,983612,1490510182
-6704399631938371625,989924,1490510210
3095192175790799989,989924,1490510188
6871065028511756425,989924,1490510202
-1708788605059572204,989924,1490510189
4836924401810444202,989924,1490510180
7476949807767234830,989924,1490510223
6806429156103656418,989924,1490510197
5347883857685796510,989924,1490510194
-5315179113788736629,989924,1490510195
412827178379581571,989924,1490510171
-1230831325578845940,989924,1490510229
-2118254353470208051,989924,1490510194
4809864740188006033,989924,1490510223
-6347557462187969429,989924,1490510217
-2111687854893330820,989924,1490510170
5786349172734475164,989924,1490510197
-9126981122312257914,989924,1490510197
7323425429770673934,989924,1490510190
5016821913016110339,989924,1490510221
7036653418225460195,989924,1490510203
2794463852833186916,989924,1490510188
-85457319472297087,989924,1490510177
1892577961623879998,989924,1490510222
6602849001038738981,989924,1490510175
-5257968092554078570,989924,1490510199
2976953790699330045,989924,1490510206
-8800005933444113924,989924,1490510224
7448491412995096470,989924,1490510183
5310996604307538462,989924,1490510211
5865603504824100558,989924,1490510215
6688256920675834562,989924,1490510208
-6623324690123474234,989924,1490510229
2049373344248627332,989924,1490510185
5235694553556522132,989924,1490510171
8413886984729196588,989924,1490510191
7163418309324907923,989924,1490510217
4577661455112635075,989924,1490510214
5188690048331038510,989924,1490510180
-4952966776046172030,989924,1490510229
5940165932806478053,989924,1490510179
-477172968656060825,989924,1490510198
3610292405554895712,989924,1490510227
4089199016097658159,989924,1490510206
-4560268498669472237,989924,1490510217
-3386766074145796173,989924,1490510208
-7115508986852106054,989898,1490510191
7794114901722465120,989898,1490510186
-5814774695298224437,989898,1490510210
71317613630232156,989898,1490510223
2956156623224570402,989898,1490510221
-8432214915365422197,989898,1490510207
-7898616889373101399,989898,1490510177
-6241341604189806692,989898,1490510200
4882505253272938851,989898,1490510197
6065514347140911751,989898,1490510228
-5373400020773350350,989898,1490510196
8029140790486883720,989898,1490510178
-7163840040088556888,989898,1490510226
-3340607271440888697,989898,1490510192
-3497640835957082415,989898,1490510185
-6069779836085049380,989898,1490510200
-8775940285397880215,989898,1490510172
7620548848578065801,989898,1490510222
-3358025467639398480,989898,1490510217
-4143793501360853913,989898,1490510217
-1335738757680185138,989898,1490510177
38956765465188368,989898,1490510201
7528665243145579581,989898,1490510218
-5403172428186643903,989898,1490510210
-5921546108716028800,989898,1490510204
1508968562965892376,989898,1490510179
1725974571517890397,989898,1490510221
7638096194613850263,989898,1490510171
-3693095153493768326,989898,1490510208
1244704175531896400,989898,1490510213
8397986130904984224,989898,1490510219
-1683880326447473980,989898,1490510224
-4966545441376353109,989898,1490510185
7073252892319322476,989898,1490510218
1396941265073655398,989881,1490510189
-7470943886878721872,989881,1490510177
-3332981168607970455,989881,1490510195
-7168758674106678504,989881,1490510195
-4309310718461792858,989881,1490510210
837069647610871305,989881,1490510230
7225865743044006845,989767,1490510225
7011205436757093045,989767,1490510206
2805840274598302626,340690,1490510215
-4024652193692962685,989900,1490510220
-5924834368102928105,989900,1490510210
7528665243145579581,989900,1490510188
-4302825773663497420,989900,1490510225
-1379516222512254120,989900,1490510214
-858577938920036064,989900,1490510178
-7352213319643450847,989900,1490510226
5447256577984955544,989848,1490510185
-3590883127860088588,989848,1490510198
-5779762137952641417,989686,1490510220
1572274664116061954,989686,1490510213
5222873494467405566,989949,1490510226
-1878514852396462194,989949,1490510179
-7508200501408801454,989949,1490510181
5901279942351093115,989949,1490510218
-379702919131218553,989949,1490510187
7198654382312810634,989949,1490510226
6008832089634739316,989869,1490510175
-6376447038782034681,989869,1490510219
-8124042299463615476,989942,1490510185
7063364095697163753,989942,1490510199
-9017641331730688715,989942,1490510180
3943523263469376262,989942,1490510194
-3794565070210290063,989942,1490510210
-7508200501408801454,989942,1490510228
1636045461387477642,989942,1490510205
3348335446145239636,899526,1490510196
6068298968617466525,989436,1490510189
547604008731393017,988021,1490510221
7893612439238734525,989567,1490510179
9004848924237966450,989567,1490510212
2257503615004372503,989600,1490510204
-3481091457811188441,989600,1490510196
333448714907340656,989600,1490510203
2097076076437952367,183538,1490510185
-8203568571587714097,989419,1490510222
-3240302076242445599,988186,1490510219
2406547922893237622,343797,1490510169
146787766191270987,988689,1490510208
-5043757589191167174,989808,1490510195
253413868826121346,989808,1490510201
-7920360124741169028,989808,1490510207
-7873210816665770087,989808,1490510186
2061698367174905034,989808,1490510193
-7399823678043293562,989808,1490510216
6260100091674253095,980200,1490510177
7021178897148939402,978752,1490510203
-1069549512899044675,980888,1490510200
-4788158814619717729,989096,1490510221
9030866859479493718,986690,1490510206
4849128500421661971,915794,1490510221
-8995579023669073406,989856,1490510172
-916905810015569579,989954,1490510198
5153972009230982874,989954,1490510172
-6453146538284548976,989954,1490510197
3540421784777649189,989954,1490510211
-5670174258634122604,989954,1490510197
2012826893830387953,989954,1490510175
-3034793063645141396,989954,1490510200
9125119158245549511,989954,1490510199
-4832763568674805574,989954,1490510185
6090141258554732912,986789,1490510191
3511798830951120677,989957,1490510191
-5670174258634122604,989957,1490510175
-8722969029481215367,989957,1490510204
7291330563551318637,989957,1490510186
5133767430587848792,989690,1490510187
-4426627137813591401,989690,1490510183
8055112344985172971,987911,1490510178
-4471249981925191130,989662,1490510191
-2271355057534545175,989662,1490510196
-483247313402434725,989662,1490510175
-1069549512899044675,980880,1490510185
-5213585675717158565,986229,1490510225
7011205436757093045,989768,1490510192
5086302143244739442,989768,1490510226
-2271355057534545175,989583,1490510219
2747244188587823680,989743,1490510182
4623976220573292807,989879,1490510212
-3332981168607970455,989879,1490510211
-7470943886878721872,989879,1490510182
8728376110681222662,989879,1490510211
-280104200171306995,989879,1490510213
-2024319238244549830,989879,1490510188
4380083609895099433,989879,1490510182
-4654066757917019858,989960,1490510190
-8031454396331159260,989960,1490510185
-344690120757721354,989960,1490510186
-5914410030516873466,989960,1490510201
1465235916791908428,989960,1490510215
3015003156079315587,989960,1490510220
7797103426904431733,989960,1490510222
-7905724216016964365,989960,1490510209
8700504608625169978,989960,1490510223
919011744693595626,989960,1490510219
3810990439390748359,989960,1490510196
-2087537038648346662,989960,1490510229
-2924100860486449345,989960,1490510189
943567189277038048,989937,1490510186
-2671204955652864945,989937,1490510201
-3794565070210290063,989937,1490510227
-9104007598699387075,989007,1490510184
3370886213678888182,984203,1490510185
619814190235793796,989757,1490510172
3575904433992921188,989872,1490510227
1929737314300811996,989872,1490510216
-6223854777051518062,989872,1490510192
-6766994673452185970,989872,1490510217
-8677931981617940438,989872,1490510174
-6376447038782034681,989868,1490510227
-1158164507869457007,977936,1490510194
4574264623375045221,989824,1490510173
6657954380527107793,989824,1490510171
7539434600668142663,989824,1490510175
-7179240243109476598,989824,1490510228
253158286573947206,989824,1490510196
-2946908061013755349,989824,1490510186
5628751884461278885,989824,1490510198
-4648964425828529635,989824,1490510181
5223758274936487102,989824,1490510207
2927382073533654343,989824,1490510198
-4168555571874024916,989824,1490510172
8922427402003346015,989824,1490510170
-541764556732058823,989824,1490510216
-1897234472209551632,989824,1490510228
-2955219238516417879,989824,1490510173
6008832089634739316,989824,1490510200
-9511548080222203,989824,1490510204
2459804858067904195,989824,1490510193
6782602237251500963,989824,1490510200
7198654382312810634,989948,1490510226
-1245061431956393071,985734,1490510205
-2282246773685724661,985734,1490510180
-2197135649031730277,985734,1490510180
-7100274178361177679,985734,1490510198
-8829070642204515537,989761,1490510205
619814190235793796,989761,1490510200
9152973732721427749,916800,1490510185
-3240302076242445599,989930,1490510210
4531746156823599970,989930,1490510183
-5216756430916715773,989930,1490510193
1524254267275551043,989930,1490510180
-6470964357600507104,989930,1490510188
2034887749035085395,989930,1490510177
-1579430991980330411,989964,1490510190
-3466366380830865578,989964,1490510171
225114202133249712,989964,1490510220
3653545885463123495,989964,1490510208
-8903021339918245019,989964,1490510182
5372872234623857671,989964,1490510201
-4587831833119030681,989964,1490510209
-3781929235367439101,989873,1490510210
356432187855756014,989873,1490510208
-3646732174707624846,989873,1490510221
-8711219243897751392,989657,1490510182
-5037786745414815219,989677,1490510210
-2435847918320533444,989677,1490510183
-6762377170981712773,989677,1490510216
-7876531900931605434,989677,1490510221
4071633144705055951,989677,1490510198
-240647013106683096,988524,1490510227
4564229698537325076,987871,1490510181
159122301754543460,989679,1490510215
1440039346063775049,982365,1490510224
-6112902052255808175,982365,1490510218
-7049000177579245961,974441,1490510219
-8493565522960676764,974657,1490510218
4849128500421661971,933435,1490510193
7724201566698955679,989935,1490510180
-6470964357600507104,989935,1490510173
-3240302076242445599,989935,1490510179
-5216756430916715773,989935,1490510173
-6401949976620745191,989935,1490510176
-2271355057534545175,989678,1490510173
1524254267275551043,989932,1490510180
2034887749035085395,989932,1490510177
-6470964357600507104,989932,1490510188
-2065673360661143131,989932,1490510207
-3240302076242445599,989932,1490510195
4531746156823599970,989932,1490510174
-5216756430916715773,989932,1490510188
-8800005933444113924,989932,1490510195
7724201566698955679,989932,1490510180
1707422655324018486,989362,1490510173
1756173846367518375,989362,1490510226
-5767585786902530353,989362,1490510197
-5943860316147535645,989362,1490510211
8561248856739337152,345575,1490510215
6891160769223287709,988674,1490510216
4386486522125703914,987894,1490510216
-4190282611059055894,945201,1490510186
9012437218900449628,945201,1490510221
-3034793063645141396,989952,1490510220
5604685141576353521,989952,1490510225
619814190235793796,989759,1490510228
-8829070642204515537,989759,1490510205
-1707409377902821368,343722,1490510206
-1968272283259014532,971047,1490510187
4894108755424902052,989830,1490510213
619814190235793796,989762,1490510192
-8829070642204515537,989762,1490510172
8361739599733777720,345793,1490510199
4457877468586351013,989887,1490510176
-6708820090081868760,989887,1490510197
2170579361719599948,989887,1490510205
3836211370023358876,989887,1490510192
-4676930156445885656,989887,1490510171
8222928213398493121,989887,1490510193
-7593047055733816062,343624,1490510201
-570816247610385164,939411,1490510224
6658191015213628852,939411,1490510209
-5105408192429880599,939411,1490510208
-1069549512899044675,980876,1490510211
8292015414176820754,989346,1490510189
3180260139775682197,989346,1490510204
-3369780834338873061,989346,1490510181
-7594072083668274377,989346,1490510193
-2529713248068463246,986765,1490510179
3579578928097255509,986302,1490510185
5128574110115011863,987658,1490510192
7879676198266787713,987658,1490510222
5682498603204383348,985892,1490510223
-5037786745414815219,989787,1490510201
3871500079030977626,989787,1490510177
-4238978064083833163,989787,1490510198
4054705225019673669,989787,1490510214
-2288601041470463050,989787,1490510173
2540211216623051943,989787,1490510227
-6762377170981712773,989787,1490510216
-8985053364770127425,989787,1490510176
-6571486046816129238,989787,1490510216
-2435847918320533444,989787,1490510179
-7876531900931605434,989787,1490510221
9080448098061426805,989787,1490510190
7922115002416386175,989787,1490510224
-7179240243109476598,989787,1490510228
391078805690128637,989787,1490510170
-5412595774048113660,989787,1490510216
-6250179006252799320,989787,1490510207
-8279934333276478119,989787,1490510202
-2333674223392483987,989787,1490510217
412827178379581571,989787,1490510173
2459804858067904195,989787,1490510196
-1459177522453036339,346708,1490510224
-1652754995087353634,989813,1490510174
4292494687667085677,989813,1490510200
1252130430718449023,989813,1490510204
1708436852266274233,989813,1490510170
-569658388713836150,989813,1490510192
1540282246350282976,989813,1490510196
-6542793842262791762,989813,1490510203
-1024657644476191781,989813,1490510173
514967445939826595,989813,1490510181
-7111681998608142299,989813,1490510186
8539837234219860109,989813,1490510229
-1410467704691660596,989813,1490510226
2462166848956428908,989813,1490510203
5193727248743707077,989813,1490510226
1241894412922893132,989813,1490510205
7813376914346859018,989813,1490510175
-3466366380830865578,989813,1490510187
-2229443135244828031,989813,1490510223
-7462502322630919236,989813,1490510171
1813873897218508296,989813,1490510200
-7401717294341521763,989813,1490510218
-5135452313786560758,989813,1490510204
-6380288075030051203,989813,1490510207
-3399730726609203133,989813,1490510173
6768172162071140311,989813,1490510172
6773385284008456062,989813,1490510187
5900898963530844816,989799,1490510227
-1897234472209551632,989799,1490510228
5294543718970535049,989799,1490510206
7090958733550222897,989799,1490510214
3060049947848503193,989799,1490510197
5934769577959674921,989799,1490510182
7949530790053905349,989799,1490510207
888665596126136255,989799,1490510217
-762001980676221298,988610,1490510221
6524167981262023616,989321,1490510228
6133001074198846715,989321,1490510199
5493784750202505297,989321,1490510229
8642583517811735394,987888,1490510188
-1066345045346721417,909387,1490510224
8299522332337452284,989353,1490510188
4921743275490512805,989353,1490510199
4490083435796301489,989353,1490510213
-1848498044498083916,988818,1490510183
-8148650865647739670,988818,1490510197
4567214013367560473,988191,1490510215
9064675222259850983,988191,1490510195
-190492563999040976,988191,1490510219
-6194792023782408908,988191,1490510183
2759503230556308086,988191,1490510211
-1630206124428156839,988191,1490510210
5462978579156120730,988191,1490510216
8717973317975006044,988191,1490510177
-3880686621661210520,988191,1490510215
-77391199619701894,989575,1490510205
8543660872942840328,989575,1490510188
3084518924213598850,989575,1490510194
8145732360234779039,989575,1490510183
-6890551788772274341,989575,1490510229
2347649070243035108,989575,1490510223
2285304243039928469,989575,1490510227
-7111568491239218442,989575,1490510204
3807156931892899242,989575,1490510206
-3587412135550681,989575,1490510225
-2562234130009128732,981525,1490510207
3561637833151825918,939503,1490510171
7011205436757093045,989765,1490510206
-1573486711907742332,988582,1490510218
5362801132027428247,153777,1490510228
-7352213319643450847,989893,1490510224
-1379516222512254120,989893,1490510194
-858577938920036064,989893,1490510170
-6214663405579841678,989893,1490510189
6465654080863755812,989393,1490510174
5476902646379527911,989393,1490510184
4480037344413848377,985615,1490510183
-1248814610952888901,989753,1490510218
8292015414176820754,989331,1490510191
919011744693595626,989963,1490510192
1583290753209989867,989784,1490510196
8680384884899083419,989784,1490510215
-5670174258634122604,982766,1490510172
-2760436838888544459,989021,1490510175
8677949147547887160,989637,1490510197
7740257971903699514,989668,1490510179
273793450881398568,989668,1490510218
-4763176454596736520,989950,1490510204
5901279942351093115,989950,1490510213
5222873494467405566,989950,1490510209
9043662122967392828,989950,1490510189
-5235807701252916569,989950,1490510183
7228068995845405097,989950,1490510217
4684170073229241333,989950,1490510210
7441536159322577526,989950,1490510201
3269908450703723674,989950,1490510180
3615750486899853601,989950,1490510191
7535823570789490689,989950,1490510178
-7508200501408801454,989950,1490510171
-4574839201192990924,989950,1490510210
-379702919131218553,989950,1490510177
1984845766551056120,989950,1490510196
-8394059749086756492,989950,1490510203
6508025932175518612,989950,1490510185
-3034793063645141396,989950,1490510220
2101114064051482944,989950,1490510209
8372451613504423836,989950,1490510183
6502197624148345616,989950,1490510204
5349006424608982438,989950,1490510218
9153899225260558356,988562,1490510180
4176177082218104794,989557,1490510191
-5270071624572311276,989557,1490510181
86658266076479473,989557,1490510190
-5382608111554863630,989557,1490510175
4029048517728307963,989557,1490510221
-491619651267691576,989557,1490510225
1567747137315623291,934335,1490510206
5199746524571110340,989874,1490510178
-3646732174707624846,989874,1490510213
-3332981168607970455,989874,1490510222
