5999667047643847092,989947,1490506875
-6810110414430568285,989947,1490506880
302418468299382779,989947,1490506884
-7236539388621677914,989947,1490506927
-3830024545990850538,989947,1490506906
-3579319303752843879,989947,1490506906
-485050658582710586,983260,1490506887
-8780559031513694194,989831,1490506897
2920478778364506472,989831,1490506902
-3132949097301174493,989831,1490506921
-8635532725974164070,989831,1490506908
4628557144120405676,989956,1490506899
-9078384840910767756,989956,1490506899
-2247095856550181075,989956,1490506916
-8983161245434928185,989956,1490506929
-5348229571875896624,989562,1490506891
1562941951287024821,989562,1490506921
-6665095830305225205,984327,1490506907
936658052498338130,976945,1490506910
2566020867996912773,986800,1490506875
-1626226766052523263,989543,1490506914
-534199197208452235,987685,1490506923
3881911917187473136,988817,1490506920
2370613135506998843,988440,1490506896
7352881606266655628,989904,1490506912
-3064473178351801865,989904,1490506912
-9210046992145478367,989904,1490506871
8252826191062304812,989904,1490506896
503550165838667267,975482,1490506922
7719467341076506740,975482,1490506921
1564659488506219248,989843,1490506912
-6974670391161835557,989843,1490506881
-9167066583741817044,989843,1490506874
-976479001333340757,989145,1490506884
8295662644718430336,989145,1490506880
5457711374553498526,984659,1490506922
804337899522312205,984659,1490506888
-7519657041812486312,984659,1490506871
-7993753026272288567,984659,1490506923
4186055241526136457,984659,1490506890
8121605797996354106,984659,1490506903
5752189689942531472,984659,1490506881
-333432885924575599,987706,1490506916
5153777844174366444,987706,1490506916
3646179797200443243,987706,1490506876
-2959950772490731124,987706,1490506907
1648771965620453982,987706,1490506910
-4359434718805855525,987706,1490506908
-5645961644694099637,987706,1490506883
-9199173232949253983,987706,1490506900
6942913030252787028,987706,1490506902
-7755129061063700504,987706,1490506889
-3749745383476666482,987706,1490506913
-8296606035850971825,987706,1490506921
8082688432666930297,987706,1490506917
9109316981371152562,989519,1490506912
-3938856690363303001,989519,1490506919
5826437782492242234,989519,1490506880
-6212461764243748094,989519,1490506877
6757697256483559629,989519,1490506893
-2154118688722582868,989519,1490506870
354657531903000215,989519,1490506920
5970692191011502013,989519,1490506905
-4592231677714812998,989519,1490506916
1729251368296117697,989519,1490506915
-7614275609950466068,989519,1490506913
-170012859951857250,989519,1490506884
5127155867414061591,989910,1490506874
-5155671846596281429,989910,1490506921
7870200182555347400,989910,1490506898
3273990988685949597,989910,1490506886
-7261352915682786528,989910,1490506880
4460960546492949571,989910,1490506888
6861366580557353745,989910,1490506874
-5991774684056898731,989910,1490506890
1115103217151566298,989910,1490506894
1177628637951392652,989910,1490506913
-7811840623861516816,989910,1490506928
-1270892411130951047,989910,1490506896
8031394580073651693,989910,1490506904
-6263696555657091348,989832,1490506912
7134258118775388244,989832,1490506893
902381764906283650,989832,1490506921
8736585480963022919,989832,1490506921
7385921100463304968,989832,1490506895
9173106675710362216,989832,1490506897
3888829467792035670,989832,1490506893
-8286033099663001677,989832,1490506872
-7422962417801153225,989832,1490506894
-6372302720262739351,989832,1490506903
-4466985589753412473,989832,1490506881
-231630083054762546,989832,1490506886
3779044584905203679,989832,1490506893
5373943938595374059,989832,1490506882
-8861187832996482338,989832,1490506890
-2886555388768257325,989832,1490506912
-7364992376375311382,989832,1490506872
9061696013835329302,989832,1490506888
4474557918724194024,989832,1490506906
-3056275384297752513,989832,1490506922
3888829467792035670,989844,1490506893
6220497930429022409,989844,1490506890
-2886555388768257325,989844,1490506905
-3832905925486044409,989844,1490506910
7385921100463304968,989844,1490506873
-7556988013404139008,989844,1490506927
-46231411494442132,989844,1490506897
6502963196769240029,989844,1490506884
-2104707533355011410,989878,1490506907
5458805086278077155,989878,1490506887
5289098390226298880,989878,1490506893
-8492191335431706812,989772,1490506879
4881029773011951388,989772,1490506878
8692320473963440042,989772,1490506912
6247346183081615785,989772,1490506870
-6730545786829687158,989772,1490506928
8480775916872008036,989772,1490506896
4425488848678632537,989772,1490506910
-1665933192529684372,989772,1490506881
-3693261995813552579,989772,1490506897
-2445221326440966145,989772,1490506900
-5563106412867352004,989772,1490506901
2708682971278148567,989772,1490506928
-5748678734146763744,989772,1490506892
6332794252003069964,989772,1490506924
3917337972621760517,989772,1490506903
-6977044841505126655,989772,1490506915
-9206398163937270346,989772,1490506915
1245325572788696426,989772,1490506887
-3348838937911937844,989772,1490506920
8545667235958675710,989772,1490506899
-7981148923622302487,989772,1490506871
-5924093259578120066,989772,1490506923
-7052750006918345496,989772,1490506875
5809519366198771687,989772,1490506927
989609255062862557,989772,1490506896
-3093836908441631535,989772,1490506922
3724608721070907563,989772,1490506876
7168476002672789367,985873,1490506897
1484985039179091832,989213,1490506905
-8775843970791211158,989213,1490506915
1276235400165550592,989213,1490506874
-8291031670563538903,989213,1490506908
5246133074671288197,125957,1490506908
6955857703056513955,989862,1490506882
-146314827694833712,989862,1490506923
-4097303219710096411,989862,1490506880
4935245396140162937,989862,1490506875
-1880551375974377255,989862,1490506890
6446387997664132712,989862,1490506872
-3667381448236688530,989862,1490506923
4388916207566308154,989862,1490506886
8159221561184971997,989664,1490506885
-5586160107054467110,989664,1490506917
-7373521911562397022,989664,1490506909
1921126765242493416,989664,1490506916
-333739583081927159,989664,1490506909
-6027737543972750139,989882,1490506905
4901927539808456878,989882,1490506883
-6246974728044075073,989882,1490506896
-7723381773740792812,989882,1490506901
-4719152313446810033,989882,1490506915
-8258712530123231476,989882,1490506886
8641913727661049862,989882,1490506923
-4274047491758710704,989882,1490506897
-2104707533355011410,989882,1490506877
8730065903356814283,989882,1490506880
-3974101768657500741,989882,1490506929
-5659782200580644059,989882,1490506929
-8702728425087989180,989607,1490506925
-3003517975353200333,919187,1490506918
-5482760849280338109,986919,1490506928
7358898908324816701,986919,1490506904
-8702700510445310970,989426,1490506885
8115231719449311685,989943,1490506885
-7290649984604113862,989943,1490506884
-1242248414165023765,989943,1490506876
-6810110414430568285,989943,1490506892
-181015656831595353,989943,1490506897
-3801246339328592265,989833,1490506878
1937737882811296675,989833,1490506920
-8498791367903001382,944103,1490506885
2485760602830662143,938707,1490506893
8252826191062304812,989905,1490506871
1294679696616863163,989899,1490506922
7451822667609320490,989899,1490506887
6296786075916090915,989899,1490506879
3653572575398460083,989899,1490506928
8252826191062304812,989899,1490506914
-4496573440270002324,989899,1490506902
5505596552371825979,989899,1490506890
-8007462245720676729,989899,1490506901
-5161706999220907892,980947,1490506879
-2471422858586066853,155696,1490506877
2169589269548861086,978391,1490506915
-8535866029849458531,989802,1490506928
-9186036169185233935,988135,1490506893
-6602515987759824116,900666,1490506897
1562941951287024821,989617,1490506877
-971695322428902247,989617,1490506920
2192964176114244859,989617,1490506902
-3328880626621782681,987503,1490506929
-3676314875570429556,53748,1490506874
-1179058732469231110,974462,1490506880
4137961624929980749,965262,1490506884
-1297896486137494672,989434,1490506921
-4405189336571333510,989498,1490506871
7709447530871041954,989498,1490506913
-1705423526122388152,989384,1490506913
9132604818806755278,989958,1490506892
5324564146368124443,989958,1490506895
-8983161245434928185,989958,1490506908
-252780474414015384,989958,1490506887
-5624505563156499701,989958,1490506900
2091812800834984345,989713,1490506904
-7838183645471477533,989713,1490506920
-7102316005586007540,989713,1490506916
3165810915440029997,989713,1490506872
287232862483672810,989713,1490506891
-3086257197944915654,989713,1490506899
-4046108069446830173,989713,1490506911
8059674448840768947,989713,1490506902
2920948131505567327,989713,1490506903
2834502245690485520,989713,1490506918
3431645802742000205,989713,1490506885
4863343570096088396,989713,1490506884
-1815876047592151966,989713,1490506875
5927789014411583974,989713,1490506920
2370613135506998843,988418,1490506899
8946347440863786710,989902,1490506873
-6060265645423523980,989902,1490506909
-1270892411130951047,989902,1490506896
3323807892905810338,989902,1490506903
-5155671846596281429,989902,1490506886
1859950811898795913,989902,1490506888
4460960546492949571,989902,1490506879
7870200182555347400,989902,1490506871
3341155261994918815,989902,1490506869
-7811840623861516816,989902,1490506928
4830581231897935781,989902,1490506879
8020973076588925920,989902,1490506926
1177628637951392652,989902,1490506912
-5991774684056898731,989902,1490506885
-1281915262002295031,989902,1490506921
3272454358158783232,989902,1490506888
1115103217151566298,989902,1490506892
4265124552054315294,989902,1490506882
5192219938827479983,989902,1490506879
8753725626005231321,989902,1490506887
9186451308705758489,989902,1490506890
778830018125089614,989902,1490506911
-8696331945690920163,989902,1490506912
2512242947220447221,989902,1490506888
-7152569522316930179,989902,1490506928
7428965344144671901,199061,1490506909
-5933724019563251131,989966,1490506904
6194908105691393819,989966,1490506871
-7391491854736173981,989966,1490506900
-7100338812261419155,989966,1490506870
5102315232606226129,989966,1490506884
-1246010158807254743,989966,1490506896
-8955683608583870989,989966,1490506907
-928836053309719013,989966,1490506910
-5092750335807285749,989966,1490506892
1165241357348810012,989966,1490506920
8459345579499012393,989966,1490506887
3959958830509491200,989966,1490506883
-55452841871726912,989966,1490506879
231750059892539863,989966,1490506889
-147661662287207918,989966,1490506890
2594669131701759020,989966,1490506884
-2899620019480729380,989966,1490506918
910306126372789417,989966,1490506927
-2038670737477404145,989966,1490506905
-5077066450007432814,989966,1490506893
4574303516027126858,989966,1490506920
4793442179655467416,989966,1490506912
-5161706999220907892,980894,1490506906
2283876621446247284,989665,1490506877
-6260487516799235063,989665,1490506906
9046045142615986268,989665,1490506901
5254337702888604034,989008,1490506876
-6494328076824742940,989891,1490506920
7358898908324816701,989696,1490506898
-1705423526122388152,989822,1490506914
-8780559031513694194,989822,1490506924
-264238907939336981,989659,1490506882
-5586160107054467110,989659,1490506917
8159221561184971997,989659,1490506885
3848130995218372934,988636,1490506916
-4413542159732423455,988636,1490506922
-8702728425087989180,989609,1490506912
1095731473768632393,902834,1490506895
-8297533251598905646,980165,1490506927
-1704816523478597741,989792,1490506897
9061952228426606180,989792,1490506915
5274385311375166369,989792,1490506887
5843310382972840968,989792,1490506869
-1769162795947375222,989752,1490506912
7358312487746115761,989095,1490506917
262530991409819411,989095,1490506911
2370613135506998843,988400,1490506902
7711260669562896379,426434,1490506905
3848904886300663063,989889,1490506911
3959662283992418158,989889,1490506913
5266828038438891021,989889,1490506886
-7846470645031454327,989889,1490506871
-7432468578039991201,989889,1490506890
-4713679353250035259,989889,1490506893
1115103217151566298,989915,1490506872
-9028718471748677068,989915,1490506921
-1644016682300833100,989915,1490506888
-2715631838081005842,989915,1490506885
3704922904140429736,989915,1490506907
7043176003739480008,989915,1490506885
2510651597708584881,989915,1490506877
752121008144944437,989915,1490506876
7861107927564823745,989915,1490506914
-4716015605685744259,989915,1490506917
7187769202886110318,989915,1490506900
-909809194955664941,989915,1490506920
3091357140001603894,989915,1490506919
-205891859017658229,989915,1490506872
-1578913908879959912,989961,1490506880
7867529892697421846,989961,1490506874
4904995889123156335,989961,1490506917
-1442217204880946078,989961,1490506917
-1183701255083419221,989961,1490506920
-5680937105758545592,989961,1490506889
889739772956616363,989961,1490506875
-156360303863622209,989961,1490506913
-6570785503429188316,989961,1490506926
6515191176268933809,989961,1490506884
6191706837126778139,989961,1490506926
-8716661951847913199,989961,1490506894
7390651357852837094,989961,1490506882
-5012854862586262896,989961,1490506903
3957414174493801318,989961,1490506922
-5386822683159023405,989483,1490506912
-7577029133616770574,989483,1490506928
6074789041898615352,989483,1490506898
-7022817868976869221,989001,1490506890
-8599453228284819603,958888,1490506920
8869097463436816456,988973,1490506922
3695817108367212630,988973,1490506882
7540770288121382656,988973,1490506911
3396807302906324088,988973,1490506891
-1933497878821238366,988973,1490506916
1682206838777356559,988973,1490506913
-4935858041781769366,988973,1490506903
3105643581424585002,988973,1490506910
-2186528366347789004,988973,1490506902
4230438615138054292,988973,1490506893
4599162004643850232,988973,1490506880
8899190696962312168,988973,1490506905
8228187108090725962,988973,1490506915
-4411106788109913613,988973,1490506891
3655804582522672777,988973,1490506899
-6321525123961338158,988973,1490506889
6191706837126778139,989959,1490506926
-36284726528772547,989959,1490506897
-5012854862586262896,989959,1490506903
6982273834032719492,989959,1490506926
889739772956616363,989959,1490506875
-1183701255083419221,989959,1490506920
6515191176268933809,989959,1490506873
2910560350031651060,989959,1490506907
-5680937105758545592,989959,1490506889
-7224152018817006125,989959,1490506876
-6570785503429188316,989959,1490506925
-1442217204880946078,989959,1490506895
-2635530224802008980,989959,1490506886
-472942410018923407,989959,1490506876
4319603565645168931,989959,1490506878
-266563173562575912,989959,1490506878
-2664261493065833231,989959,1490506911
4268971884409367793,989959,1490506914
1666310692884348009,989959,1490506923
-3558397104401303615,989959,1490506905
4615821390370777670,989959,1490506893
-8383284485823417406,989959,1490506900
-8577472740620450847,989959,1490506879
3624733145611994461,989959,1490506908
784830562805534933,989959,1490506923
-2723979439588194147,989959,1490506909
5992863472421156436,989959,1490506918
-7456366677618919754,989959,1490506905
8691670864645614950,989959,1490506904
-4641928244079943403,989867,1490506895
-7479358836054203931,989867,1490506908
-339640901971576974,879245,1490506917
-1468059293843598695,109817,1490506926
-9167066583741817044,989839,1490506874
1564659488506219248,989839,1490506912
-6974670391161835557,989839,1490506881
-4043245534221056419,989839,1490506895
-8535866029849458531,989806,1490506917
2834502245690485520,989806,1490506882
2244556876973461591,988896,1490506913
-6725775167327528695,988896,1490506893
240401468968425101,989439,1490506905
-8823787322805508958,989929,1490506915
2052657100465097136,989929,1490506902
2510651597708584881,989929,1490506914
7681898553240935979,989929,1490506922
-1705423526122388152,989332,1490506909
-6540768027727636783,989917,1490506886
778830018125089614,989917,1490506911
-7811840623861516816,989917,1490506890
4265124552054315294,989917,1490506881
-8696331945690920163,989917,1490506912
8251523665717496171,989917,1490506926
3272454358158783232,989917,1490506880
1177628637951392652,989917,1490506879
-8384953544239036800,989917,1490506882
6108485578894929203,989917,1490506891
1115103217151566298,989917,1490506887
5192219938827479983,989917,1490506879
752121008144944437,989917,1490506888
4508648605229938954,989917,1490506925
-9168060964200551415,989917,1490506907
-2226607858495778991,989917,1490506871
-7179954245196640462,989917,1490506889
818393907241896055,989917,1490506872
2858936748703794353,989945,1490506922
-5476012904099934872,989945,1490506920
-2018443640619169194,989945,1490506889
-6600541016542273532,989945,1490506885
5999667047643847092,989945,1490506890
-6810110414430568285,989945,1490506883
4803451192028882830,989945,1490506874
129303471147707099,989945,1490506876
6555249995289253662,989027,1490506921
2729638787938573518,984943,1490506900
7728189192192464723,984943,1490506912
2809679884099948790,984943,1490506904
-1477507449271653701,987814,1490506906
9219318778662442087,989758,1490506912
287232862483672810,989758,1490506920
-7102316005586007540,989758,1490506920
-7838183645471477533,989758,1490506920
-1626226766052523263,989510,1490506902
6555249995289253662,989028,1490506921
9072493461602782544,988169,1490506923
-8341213514477991086,989111,1490506920
8462468827553589023,949517,1490506879
8266775823481611455,989546,1490506905
-1023917380297131002,989546,1490506906
-8512420375028294719,989546,1490506892
8308231590113599176,989546,1490506872
-565697337906346884,989546,1490506901
332499109658188721,989546,1490506876
930180608554271712,989546,1490506901
-7711541240166602625,989546,1490506871
-5223286026779323384,989546,1490506870
2910560350031651060,989546,1490506909
3858216623694131554,989546,1490506898
-4960437637118899984,989546,1490506926
3461616668675706463,989546,1490506874
-5119940972752450282,989546,1490506891
-7723381773740792812,989546,1490506901
-6027737543972750139,989546,1490506905
2407890537162001875,988353,1490506924
850959881633797509,988353,1490506892
4960025761673673556,988353,1490506871
-1016055564868161346,989194,1490506876
7187769202886110318,989921,1490506900
5693625626250071378,989921,1490506909
7861107927564823745,989921,1490506914
6796578529024096411,989921,1490506875
3091357140001603894,989921,1490506919
-205891859017658229,989921,1490506872
-909809194955664941,989921,1490506920
-8178245721387252527,989921,1490506898
-4716015605685744259,989921,1490506917
5065622048967471733,989921,1490506874
2510651597708584881,989921,1490506873
-8952070486474050179,989921,1490506876
-5342156200168912290,989921,1490506913
-52260859161899575,989921,1490506897
3704922904140429736,989921,1490506895
-9028718471748677068,989921,1490506893
-189768658067421661,989921,1490506888
-1584042213855405348,989921,1490506901
-4245457769952302296,989921,1490506911
-2715631838081005842,989921,1490506872
7133127184513148500,989921,1490506928
-431189376229632557,989921,1490506925
752121008144944437,989921,1490506873
7043176003739480008,989921,1490506875
5837682591966759430,989921,1490506898
6000121630345245165,989921,1490506876
-295153699985971241,989921,1490506886
-642248154082622457,989921,1490506920
-7448086226479081425,989921,1490506919
2107768690693320002,989921,1490506910
-7050429111132457562,989921,1490506918
6236718905650841705,989921,1490506926
-5875814228720492202,989921,1490506908
-3324284222815671974,989921,1490506896
-5077418861531659315,989921,1490506887
-5616223014177088685,989921,1490506910
8150017888954474678,989921,1490506914
-8405102117938248640,989921,1490506882
-3292581184417950122,989921,1490506900
8496939680588361716,989921,1490506894
6158022543225235209,989921,1490506906
2868938568918695974,989921,1490506924
6143315415849909770,989921,1490506917
-8775843970791211158,989823,1490506873
-6030333678221231066,989823,1490506892
-476835398973580103,989823,1490506874
5596583459458533336,989823,1490506925
7541849029416687824,989823,1490506916
9052233219272201615,989823,1490506894
-2140378814252463245,989823,1490506875
8797682710612516286,989823,1490506874
-470320320323008645,989823,1490506892
-3883032405723262458,989823,1490506885
-1221562879646890474,989823,1490506907
3747560271259528633,989823,1490506893
7870200182555347400,989823,1490506909
1859950811898795913,989823,1490506905
5212830351817096509,989823,1490506892
4460960546492949571,989823,1490506910
6605132835623130100,989823,1490506874
3887771317110041801,989823,1490506871
8982299460076307612,989823,1490506876
-5991774684056898731,989823,1490506897
8847771398683927256,989823,1490506898
3273990988685949597,989823,1490506896
7379282107751007383,989823,1490506873
4898342517930929048,989823,1490506900
-8702728425087989180,989611,1490506925
-1800784973608830612,988623,1490506897
-7261352915682786528,989909,1490506929
-3883032405723262458,989909,1490506869
4460960546492949571,989909,1490506910
7870200182555347400,989909,1490506909
3273990988685949597,989909,1490506896
-5991774684056898731,989909,1490506898
-5155671846596281429,989909,1490506921
5127155867414061591,989909,1490506875
1115103217151566298,989909,1490506894
4159626543861999535,989463,1490506894
-3938856690363303001,989540,1490506923
4122613831402059570,989540,1490506870
5826437782492242234,989540,1490506880
354657531903000215,989540,1490506920
-7432468578039991201,989888,1490506883
3959662283992418158,989888,1490506870
4808388984096192804,989888,1490506882
-4713679353250035259,989888,1490506890
8869103086915113196,989888,1490506920
5157582876900468174,975377,1490506927
2492331564985460079,989430,1490506918
4777301180240865692,989430,1490506914
-8719331984308588396,989430,1490506898
5508172364314264389,989430,1490506915
7959478601876793875,989430,1490506903
2389324944474586134,989430,1490506906
7082067950922820809,989430,1490506893
9198116772281270311,989430,1490506890
1484985039179091832,989430,1490506910
3546255776672441259,989430,1490506883
-8029186206816124365,989430,1490506911
679027684854194183,989430,1490506880
-5103459347504019516,989430,1490506906
634036878646292160,989430,1490506885
-3570516983510907307,989430,1490506881
-7234698308191764277,989430,1490506908
-592333111272837018,989430,1490506887
375132395668172500,989430,1490506888
8122978433287022268,989430,1490506895
-2347419982766869015,989430,1490506889
3493782393160406908,984057,1490506875
936658052498338130,976907,1490506919
262530991409819411,989074,1490506911
-9032781475082628594,989074,1490506928
7358312487746115761,989074,1490506906
-2878586091365225082,989074,1490506882
-6290895588273858321,989074,1490506900
7949530790053905349,989774,1490506903
-551892436736749803,989774,1490506926
-723400001463451277,989774,1490506925
8983761432567820925,989774,1490506875
2667723894897301092,989774,1490506888
-1095919766283953268,989774,1490506894
4006632002176182481,989774,1490506901
7662131203956708240,989911,1490506917
5495869161235207490,989911,1490506926
-4101157732761773669,989911,1490506924
-3240968809755033656,989911,1490506921
-4958365001320558626,989911,1490506906
-5119940972752450282,989911,1490506880
443995691954952566,916959,1490506879
873530190754026294,885305,1490506905
5877746084851886986,989939,1490506914
-6810110414430568285,989939,1490506902
-1242248414165023765,989939,1490506883
7458712543342614132,989939,1490506897
2403403368035956962,989847,1490506883
8768569844438646078,989572,1490506887
6301187251332871373,989702,1490506880
-568064436705480453,989702,1490506903
-8289924001474450958,984115,1490506928
-9090585014693455886,988274,1490506921
1470569006547285574,988823,1490506911
-2967375333675899888,988823,1490506897
4750809288338120218,988823,1490506915
-5482760849280338109,988823,1490506918
-6427755840102636654,988823,1490506883
-6569285869936005330,988823,1490506882
-2099532075702485466,988823,1490506880
-8030631769922653429,988823,1490506925
-6648003582649621840,988823,1490506871
-8487220288821383529,988823,1490506921
8266775823481611455,988823,1490506928
-1812107710533174358,988823,1490506885
6482103867405611602,988823,1490506887
946389806842344048,988823,1490506906
-3292996970470471429,988823,1490506910
-1977486961073941621,988823,1490506925
2046742633000226908,988823,1490506923
6384940758511936712,988823,1490506916
3651050267271163298,988823,1490506880
-67220176638034851,988823,1490506910
5709800971293916882,988823,1490506879
-5382025517089489937,988823,1490506869
2169589269548861086,977951,1490506877
-1477507449271653701,987795,1490506906
5951795414332068002,989914,1490506871
-2254396851110712059,989914,1490506929
3763826689036141690,989914,1490506908
3566202463496175364,989914,1490506903
-3747310640549913026,989914,1490506893
-2297110694086849089,989914,1490506894
2508562998860604416,989914,1490506887
2518153353511898680,988542,1490506912
-2113425391148846178,988542,1490506927
6860606406135231797,988542,1490506870
-8351349049584145419,988542,1490506892
930180608554271712,988542,1490506885
3619675420792552357,988542,1490506908
2910747865586577450,988542,1490506872
7315413489219259752,988542,1490506897
6330451884497062665,988542,1490506894
8267278916079488735,988542,1490506881
-2558039178764535970,988542,1490506891
1451174172769750356,988542,1490506872
9181577963610955140,988542,1490506928
-1533209128667861202,988542,1490506872
8760454510956834832,988542,1490506915
-7889538392238432021,988542,1490506904
-5690407737041510919,988542,1490506872
5895467502965772751,988542,1490506927
-1692298045102289269,988542,1490506886
-2014131354375890707,988542,1490506869
-8030370726582973903,988542,1490506904
4202328003824927598,988542,1490506880
-8719331984308588396,988542,1490506904
223724405297615392,988542,1490506907
-3199671156886087370,988542,1490506929
2377032638875963503,988542,1490506910
-6356116616184606950,988542,1490506903
-1298130843054459596,988542,1490506924
-5988494432120641146,988542,1490506900
3328950038658353292,988542,1490506904
2589892661044389208,988542,1490506908
8061469265121921074,988542,1490506906
-7050687995915128287,988542,1490506873
8928499258227147722,988542,1490506874
-3883032405723262458,988542,1490506890
1470569006547285574,988542,1490506919
3483488816244596782,988542,1490506903
-3464821246709175050,988542,1490506916
109735385836195605,988542,1490506902
-8474212080735707139,988542,1490506924
896512214744136010,988542,1490506911
3020125883853734190,988542,1490506873
-7863271464207792071,988542,1490506926
-6742334877585905505,989962,1490506910
-4286520260478966216,989962,1490506871
7359275224596700958,989962,1490506911
7621529500582752528,989962,1490506917
4688826779153216895,989962,1490506923
6388904942556533545,989962,1490506908
2214271419467076948,989962,1490506919
-1221562879646890474,989962,1490506894
4017509506811085325,989962,1490506872
-8896549271096951826,989962,1490506913
-3391160928959829255,989962,1490506888
7867529892697421846,989962,1490506899
-4003734032999934164,989962,1490506881
-5380908464162456625,989962,1490506871
-3919601847928507253,989962,1490506895
-632379897408539025,989962,1490506893
-4719152313446810033,989962,1490506877
-1611560243981383982,989962,1490506897
326629018628830851,989962,1490506886
1365810654116514630,989962,1490506888
-5184583835524802034,989962,1490506920
679027684854194183,989962,1490506916
4901927539808456878,989962,1490506899
-3844786649299590928,989962,1490506912
-1867476827161212825,906807,1490506890
8308748732156174648,989923,1490506905
6247110527664539786,340101,1490506881
2439701951819487464,989698,1490506922
4579217043332691497,989564,1490506910
2832486881552819456,989148,1490506898
-1536330610096618781,989766,1490506882
4105511340534457070,989766,1490506871
3960621325165061299,989766,1490506905
-7776355683554316827,989766,1490506882
-1004510014609167550,989841,1490506924
4319581328283761099,989841,1490506874
-66757589262390753,989841,1490506870
119378295265311835,989841,1490506906
942393134016932524,920315,1490506884
-2311550278891685780,989934,1490506894
4916511125575599173,989934,1490506917
-1242248414165023765,989934,1490506922
7171230958933789445,989934,1490506928
3341155261994918815,989934,1490506925
-4933668861637939919,989934,1490506906
-8435652653610434586,989934,1490506886
-6810110414430568285,989934,1490506927
2251567612619514265,989934,1490506913
3037578570704293286,989934,1490506920
4567780386514210413,989934,1490506914
1812136623519996466,989934,1490506928
89666977173354672,989934,1490506875
2281011865688401801,989934,1490506917
-3026803511706480710,989934,1490506884
-8123544879619095854,989934,1490506895
7661471628049366807,989934,1490506914
2282858305315352541,989934,1490506914
-3389941066239516306,989934,1490506919
-7138104408529626272,989934,1490506890
6900693381308319606,989934,1490506926
240401468968425101,989793,1490506905
649878855427887550,989793,1490506917
-4713873345921671340,989793,1490506912
-6107181572596179344,989793,1490506890
4665253865824105081,989793,1490506917
915668642662508456,988303,1490506892
-5001731331372913039,988303,1490506874
-8963136262281816937,989860,1490506892
5214338314144095479,989171,1490506924
7443805479357093461,989090,1490506901
5970692191011502013,989588,1490506905
1639265211731848039,989588,1490506872
-4332018361601904725,989588,1490506874
1016898187053970532,989588,1490506874
241526137034071997,989588,1490506879
-9186036169185233935,988133,1490506893
-2975411351088568013,986565,1490506921
-5856478963568377836,934607,1490506890
-3777208348993767714,988699,1490506879
-4530122122699001321,989941,1490506874
-6810110414430568285,989941,1490506890
-1242248414165023765,989941,1490506869
5999667047643847092,989941,1490506890
2858936748703794353,989941,1490506923
-3974101768657500741,989885,1490506882
-2104707533355011410,989885,1490506871
-8173454864735188450,989885,1490506903
-7846470645031454327,989885,1490506925
-3429181557309801160,989748,1490506924
255230926101427246,989748,1490506897
936658052498338130,976997,1490506900
8730065903356814283,989883,1490506880
8641913727661049862,989883,1490506899
-4274047491758710704,989883,1490506883
-5659782200580644059,989883,1490506929
-6578939642510674439,989883,1490506882
4196480060583659168,989883,1490506929
-3974101768657500741,989883,1490506929
-2104707533355011410,989883,1490506875
-3801246339328592265,989827,1490506901
-1694180058052051663,989827,1490506879
5164768152285875882,989827,1490506923
-8953340137960971906,989827,1490506892
-5272548122293564036,988344,1490506902
-2927816080245689763,989506,1490506883
1553618152405270678,989955,1490506885
1271088750923406865,989955,1490506912
3893524942210394216,989955,1490506882
-8318718704019897427,989955,1490506926
-9078384840910767756,989955,1490506899
6717856605677506501,989955,1490506893
-3271660309939698236,989955,1490506901
4628557144120405676,989955,1490506899
-2247095856550181075,989955,1490506916
-9184180755826116797,989338,1490506920
1606537158992730651,989338,1490506929
1722906608560039328,989338,1490506926
-7940577654098519732,989338,1490506877
-6260487516799235063,989338,1490506912
-7234698308191764277,989338,1490506882
-5922140632633460066,989838,1490506907
-2445714127782798084,989838,1490506869
7510139839204624097,989838,1490506918
-4173465178442893843,989838,1490506879
-1210251652357547234,989838,1490506926
4041834445402907015,989838,1490506901
5869563758177984820,989838,1490506901
7403951133554739341,989838,1490506906
-7479903029663597193,989838,1490506883
510418152598948718,989838,1490506918
8905660595051870847,989838,1490506907
-6131443283604457079,989838,1490506915
-5553578391921051599,988224,1490506878
6503034597249964944,920983,1490506895
6540640244247361418,344013,1490506871
5048390297015720077,989864,1490506923
-2039253519844991921,989864,1490506906
-5161706999220907892,980881,1490506921
-3204556277914867271,988628,1490506911
-187492204977302693,988628,1490506889
-8033736817076429350,989721,1490506925
8343086914355227965,989721,1490506873
-6602515987759824116,900667,1490506897
-8757456976103888426,989740,1490506882
4881029773011951388,989740,1490506878
6247346183081615785,989740,1490506870
-8861110678902088729,989740,1490506914
-8492191335431706812,989740,1490506879
8692320473963440042,989740,1490506912
6379477577352610543,976374,1490506906
2192964176114244859,989648,1490506902
-971695322428902247,989648,1490506920
141533013099193442,989648,1490506914
3642908424164179352,989648,1490506888
-1274130002218919690,989648,1490506876
359300351505777403,989135,1490506878
-8702700510445310970,989422,1490506897
7780218825224244876,989940,1490506928
-8809244631513403722,989940,1490506905
3566202463496175364,989940,1490506894
2334382765864661738,989940,1490506878
-9188287277427087486,989940,1490506871
-6810110414430568285,989940,1490506907
-1242248414165023765,989940,1490506886
8884217531065194952,989940,1490506917
3076024139633639848,989940,1490506926
6283522637163014006,989940,1490506884
3253476672601763495,989886,1490506874
5266828038438891021,989886,1490506922
4052411693673803526,989886,1490506878
-3691489416546709224,989886,1490506873
-7432468578039991201,989886,1490506918
-7846470645031454327,989886,1490506889
3848904886300663063,989886,1490506911
2868938568918695974,989192,1490506890
-1769162795947375222,989750,1490506904
-5109729514477802197,989750,1490506878
7541720460115864538,989750,1490506874
546286215422190821,989750,1490506925
8411330139309934732,982758,1490506928
-2975411351088568013,988821,1490506921
-3776307949100184052,988821,1490506912
-964488891686779245,988821,1490506877
5339748318474423005,988821,1490506915
-264238907939336981,989654,1490506921
3481357487381921197,988015,1490506919
8343086914355227965,989720,1490506871
734471260375578645,987891,1490506899
-4359434718805855525,987891,1490506884
4317842963147837506,987891,1490506903
3119883084367395127,987891,1490506873
-7625256006211892211,989447,1490506873
5373943938595374059,989447,1490506919
7807271976741850084,989447,1490506908
9061696013835329302,989447,1490506872
6502963196769240029,989447,1490506874
5857609130029405765,989683,1490506915
-1914620637004787197,989683,1490506880
-3087539627969769939,989804,1490506926
-8901561395806784900,984744,1490506893
-7441906576594009297,972937,1490506872
-7833627480389715004,972937,1490506905
-5553578391921051599,988209,1490506882
-1289482859186563692,986208,1490506906
3030121739461132319,989619,1490506894
-5990613891916986768,987149,1490506888
7831288017022736142,989390,1490506876
-187492204977302693,989390,1490506889
8112025107466085222,989390,1490506921
3041172610961583843,989877,1490506876
-8760099673594694799,989920,1490506917
-6480905970793799793,989920,1490506913
5334575536990458060,989920,1490506912
443995691954952566,916987,1490506892
-947186034767803114,989927,1490506927
5994191512368933807,989927,1490506885
8836226157718773788,989927,1490506924
171977469162111905,989927,1490506921
6632268581019531308,989927,1490506880
-1249069295214512294,989927,1490506912
8308748732156174648,989927,1490506880
1188688892633646516,989927,1490506923
-8800005933444113924,989927,1490506912
-2478872228756782064,989927,1490506878
2054683315599439294,989927,1490506927
2052657100465097136,989927,1490506917
3364454846440297249,989927,1490506916
6608424578081239259,989927,1490506877
-8329985686137031094,989927,1490506926
7443805479357093461,989106,1490506898
2052657100465097136,989931,1490506916
-8823787322805508958,989931,1490506915
-5871110680881695379,989394,1490506884
5254337702888604034,989004,1490506876
-5383635959092682672,989865,1490506889
-2104707533355011410,989865,1490506915
35124861588331458,989865,1490506906
7797930662807569923,989865,1490506875
3743619721907149504,989865,1490506883
-4184595439264844684,989865,1490506918
-8362312986497417091,989865,1490506903
-6901283689881332984,989865,1490506900
3461864102583009932,989865,1490506900
6502963196769240029,989865,1490506888
-3579319303752843879,989951,1490506891
-5355952067719164387,989951,1490506914
302418468299382779,989951,1490506870
-7236539388621677914,989951,1490506915
-1087480825576065782,989951,1490506927
-3843090871108465454,989951,1490506909
7079086609783445213,989951,1490506908
6458363227151717145,989951,1490506901
6940128079025107624,989951,1490506929
-8119792121373936181,989951,1490506905
1551967743380038033,989951,1490506925
-2927816080245689763,989487,1490506909
-6057160099684721175,989826,1490506928
-2096902970901986976,989894,1490506899
-5712975827244173786,989894,1490506917
-8605522018915705269,989894,1490506902
7757327001509990426,989894,1490506891
-79730197212204104,989894,1490506912
-5133604114780465025,989894,1490506920
-3855195262444751452,989894,1490506909
3720420389265237384,989894,1490506876
-4713679353250035259,989894,1490506876
-8932193476036165473,989894,1490506903
9033937553433905888,989894,1490506901
-6949291799482159083,989894,1490506924
-2656927926999829616,989894,1490506927
1926447532401909541,989894,1490506874
-1833120383773173095,989894,1490506920
-2182255029011400931,989716,1490506879
-2628221370219128302,346968,1490506915
6324950081849207556,989482,1490506890
2095115242047903743,989482,1490506873
3246311096298781324,989890,1490506878
-3204556277914867271,989890,1490506889
-1070195816010300847,989890,1490506907
-5289014036395015144,989890,1490506900
1215570979533727754,989890,1490506924
-7849826008989143653,989890,1490506881
-3423727588028274990,989890,1490506897
-8832395340113803437,989890,1490506872
-8245330901516810469,989890,1490506893
-4713679353250035259,989890,1490506879
9033937553433905888,989890,1490506911
4428329291236947513,989890,1490506874
3720420389265237384,989890,1490506876
1148456198554661956,989890,1490506926
-344935763151749725,989890,1490506894
-8932193476036165473,989890,1490506903
-8605522018915705269,989890,1490506902
-5133604114780465025,989890,1490506920
7757327001509990426,989890,1490506891
831071546257344454,989890,1490506881
4837426025565592690,989890,1490506921
-3855195262444751452,989890,1490506928
-3064473178351801865,989907,1490506887
8252826191062304812,989907,1490506884
1513904898032658964,989907,1490506922
936658052498338130,976988,1490506891
-2685749443714782639,971952,1490506896
6792142752785333817,971952,1490506881
2252070211223699061,989853,1490506920
-8609681393715738938,989853,1490506886
1527901792297752794,989853,1490506887
-5378212504335246056,989853,1490506893
-3552738911848753795,989853,1490506887
-4174720566499654300,989853,1490506908
-819368765411371915,989853,1490506888
3366815430425652245,989853,1490506893
-7689292245967013292,989853,1490506893
-4485700805454034978,989853,1490506917
6741802456465506737,989853,1490506876
2647915181291082569,989853,1490506871
3735945206932922120,989853,1490506886
4391964122063585677,989853,1490506902
3984478655669207380,989853,1490506902
6764910109313470308,989853,1490506878
2385541042515101106,989853,1490506875
-350154019847244001,989853,1490506891
2513362116776155624,989853,1490506912
6669998260574808617,989853,1490506896
-5415762020104030743,989853,1490506889
-971695322428902247,989794,1490506918
3642908424164179352,989794,1490506888
-551892436736749803,989794,1490506926
-6605913140030517581,988975,1490506910
-8702700510445310970,989450,1490506876
-7999940433575982767,989450,1490506891
2233054064600099693,989450,1490506900
-997417395371747398,986279,1490506884
-7069982500007809124,986279,1490506904
-8249680735021347099,986279,1490506903
-2416394093161412721,989674,1490506916
3941372857415171388,989674,1490506879
-3391160928959829255,989558,1490506890
2722378843870905592,989558,1490506886
-5161706999220907892,980798,1490506922
-1337165530409092828,989821,1490506874
1871279145906504525,989821,1490506875
-4300637862618615816,988295,1490506925
7623396715962604906,972031,1490506899
-321738963006808723,950912,1490506921
6301187251332871373,989618,1490506869
-8702728425087989180,989618,1490506902
-6481798258227790016,989618,1490506880
-3386016270643360440,989912,1490506922
3494108847640126632,989912,1490506902
-8696331945690920163,989912,1490506893
1350135374785930201,989912,1490506875
818393907241896055,989912,1490506872
778830018125089614,989912,1490506880
4489696044614421838,989912,1490506921
1115103217151566298,989912,1490506879
5192219938827479983,989912,1490506871
-180679234089300659,989912,1490506875
752121008144944437,989912,1490506879
8911572730751985264,989912,1490506887
-1644016682300833100,989912,1490506888
-9028718471748677068,989912,1490506921
5065622048967471733,989912,1490506900
8415147665928870450,989912,1490506914
1094500339114112767,989912,1490506903
-4135536926228708448,989912,1490506922
-7309402886532650304,989912,1490506888
-6017418842977164879,989912,1490506910
3536588613910297094,989011,1490506903
1157062260330395952,989908,1490506883
-3616966575170689284,989908,1490506903
-3394522046637908197,989908,1490506901
-6971686744380946723,989908,1490506910
7428965344144671901,199069,1490506923
1539250516546303110,989491,1490506923
-7539885207038190720,989491,1490506922
-5871110680881695379,989113,1490506911
-6369926082820837631,155061,1490506891
2926619274126169022,889499,1490506896
-4097303219710096411,989851,1490506928
-3844786649299590928,989851,1490506901
7546220191029957348,989851,1490506910
-7100833702983219842,989851,1490506894
-7625256006211892211,989851,1490506929
-5218388855350634313,989851,1490506921
6955857703056513955,989851,1490506922
-7584539625813647741,986759,1490506876
-3741699907165752467,953102,1490506869
4005355809474180677,411038,1490506883
1992739448261883305,941314,1490506873
2928435278510012714,989965,1490506896
-2723979439588194147,989965,1490506909
-5476012904099934872,989965,1490506893
-6494146202488651693,989965,1490506896
-8577472740620450847,989965,1490506879
-266563173562575912,989965,1490506870
7503166109771105007,989965,1490506914
-3320247295984704308,989965,1490506887
8691670864645614950,989965,1490506904
8443375796324737171,989965,1490506901
-8567236850173952659,989965,1490506873
-1761944743624161595,989965,1490506905
4615821390370777670,989965,1490506893
-6552813900621479737,989965,1490506906
2574286330749624662,989965,1490506926
-1572671701310504426,989965,1490506923
-2262115116479496620,989965,1490506920
4635369855515791137,989965,1490506901
-2664261493065833231,989965,1490506908
-5587750883875355135,989965,1490506886
1165241357348810012,989965,1490506921
-7100338812261419155,989965,1490506870
1732920195785922612,989965,1490506910
6194908105691393819,989965,1490506871
-4941035637272417161,989965,1490506899
3414784831834114657,989965,1490506905
2826338691565542445,989965,1490506916
-6168364242602049573,989965,1490506895
-4117107452240922762,989965,1490506925
3779195690909088485,989965,1490506901
-5933724019563251131,989965,1490506904
4150516427820701246,989866,1490506894
8227290077213677597,989866,1490506898
-249947970300660960,989866,1490506891
-2039253519844991921,989866,1490506906
8700848516565929459,989866,1490506874
-1976580919137585470,989866,1490506928
-3351177540288699854,989866,1490506916
2412952403348779448,989866,1490506912
5855530954572457811,989866,1490506872
2792157236142809607,989866,1490506922
8867973146721709240,989866,1490506917
-1225151170018836799,989544,1490506869
206320339751012709,894376,1490506886
-213842156875763152,989953,1490506883
-5008599078645694793,989953,1490506912
4484611622918874014,989953,1490506914
-3271660309939698236,989953,1490506898
-636325286843094158,989953,1490506922
-6600541016542273532,989953,1490506913
-8442762700252426567,989953,1490506907
3893524942210394216,989953,1490506899
6642282643193401502,989953,1490506897
1166782234477981427,989953,1490506883
15594331660512886,989953,1490506911
-4398760499393479724,989953,1490506924
2334382765864661738,989953,1490506884
6457027575418122007,989953,1490506912
-2459807341350622181,989953,1490506879
2713674584496607506,989953,1490506917
8011613388135963570,989953,1490506883
129303471147707099,989953,1490506900
5275072898516603551,989953,1490506916
-983173147021395967,989953,1490506917
-3627462150758774683,989953,1490506912
679027684854194183,989953,1490506926
1271088750923406865,989953,1490506912
8713144417722446613,989953,1490506901
-1478887789412715613,989953,1490506928
-4960192794349759741,989953,1490506907
8084148862013255878,989953,1490506907
9149369255608867297,989953,1490506884
8021538135790586593,989953,1490506901
6571300029467526759,989953,1490506880
8027350577322573910,989953,1490506911
-6977200481166323008,989953,1490506885
-1626226766052523263,989538,1490506914
362158084450086467,989770,1490506904
-2104707533355011410,989770,1490506917
-8033736817076429350,989717,1490506927
-8702700510445310970,989411,1490506907
-9004299350098129298,18659,1490506921
7168476002672789367,985650,1490506920
2245313408582541107,989402,1490506918
-7999940433575982767,989402,1490506891
-8123544879619095854,989936,1490506895
-4960192794349759741,989936,1490506898
-7138104408529626272,989936,1490506890
1425816590830253066,989936,1490506896
-1242248414165023765,989936,1490506894
-6810110414430568285,989936,1490506927
2915172679219122281,884559,1490506900
-8421258958733779366,989769,1490506920
8869103086915113196,989892,1490506920
-2096902970901986976,989892,1490506907
4808388984096192804,989892,1490506872
-4713679353250035259,989892,1490506885
-1070195816010300847,989892,1490506909
-7849826008989143653,989892,1490506881
1215570979533727754,989892,1490506924
-5289014036395015144,989892,1490506900
-3760611813290723445,977347,1490506920
-1936945549995408331,975858,1490506909
-7846470645031454327,975858,1490506925
-8173454864735188450,975858,1490506903
7287859686677383773,975858,1490506895
3253476672601763495,975858,1490506925
3240012936470656215,975858,1490506889
-3691489416546709224,975858,1490506896
-5765606419980277702,975858,1490506912
1490684275290364678,971766,1490506888
-5431321533416638349,989286,1490506904
8935534281735064690,989286,1490506895
-7645040444012903265,989286,1490506884
4827269858909033777,989286,1490506887
-1536330610096618781,989286,1490506883
-793013924866769561,989286,1490506884
972586632524913626,895951,1490506909
5275072898516603551,989903,1490506905
-1533209128667861202,989903,1490506886
1238186611293844719,989903,1490506919
5668753104468706310,989903,1490506900
-7093408793694219623,989903,1490506922
5025692687513260233,989903,1490506895
-3064473178351801865,989903,1490506895
8252826191062304812,989903,1490506893
-7702110706341088687,989903,1490506882
-3500915298868693402,989903,1490506890
-3156554197828505376,989903,1490506899
-3830024545990850538,989946,1490506906
-3579319303752843879,989946,1490506906
-7236539388621677914,989946,1490506927
-6810110414430568285,989946,1490506873
302418468299382779,989946,1490506881
-8033736817076429350,989719,1490506927
5157582876900468174,975400,1490506927
-3974101768657500741,989884,1490506925
-2104707533355011410,989884,1490506874
-5161706999220907892,980940,1490506890
6368994991317800588,953714,1490506886
9128915356172421624,987406,1490506874
-1533209128667861202,989919,1490506876
-7702110706341088687,989919,1490506876
-7050429111132457562,989919,1490506917
5888126222254562759,989919,1490506929
223724405297615392,989919,1490506894
3904460591227584590,989919,1490506906
8995906041613875015,989919,1490506870
-2140378814252463245,989919,1490506915
-3570516983510907307,989919,1490506874
2865529392769225296,989919,1490506917
-6971686744380946723,989919,1490506906
-6918737048878359621,989919,1490506912
8308748732156174648,989919,1490506905
8994709026274931471,401590,1490506908
-3029445247572100821,988715,1490506908
-4755115272906216796,989897,1490506929
1926447532401909541,989897,1490506871
-1833120383773173095,989897,1490506920
-6949291799482159083,989897,1490506924
-5133604114780465025,989897,1490506889
-4510606282214099688,989897,1490506917
-8932193476036165473,989897,1490506888
-2656927926999829616,989897,1490506927
6855942962765466489,989897,1490506924
-6195236419428511134,989897,1490506917
-5712119875692381434,989897,1490506897
-5972771119140164269,155285,1490506904
-296985539408006652,338176,1490506914
-66757589262390753,989836,1490506890
-2536714059838784807,989267,1490506901
-5871110680881695379,988614,1490506911
-2247128982375447139,157180,1490506872
6301187251332871373,989700,1490506889
-1921264263570473572,988175,1490506878
9128915356172421624,987206,1490506914
8411330139309934732,982760,1490506928
7354949292893945175,989938,1490506876
-636325286843094158,989938,1490506877
-7138104408529626272,989938,1490506876
1517225626267177397,989938,1490506915
-9188287277427087486,989938,1490506920
-8123544879619095854,989938,1490506873
1425816590830253066,989938,1490506890
-8269150368803405597,989938,1490506922
-9222119544967794234,989938,1490506901
-4960192794349759741,989938,1490506881
6005151007649523087,989938,1490506904
4032226343349786529,989938,1490506877
-6810110414430568285,989938,1490506924
-1242248414165023765,989938,1490506890
-77509668009825145,989938,1490506905
-5475081589923529503,989938,1490506920
-4838252807445769437,989938,1490506916
-3074614811069298558,989938,1490506899
-8014232742986085323,989938,1490506902
-7329085618399902545,989938,1490506927
5063328616024087902,989938,1490506905
-9083465674234831025,989938,1490506922
5065400556180500147,989938,1490506882
2991868897770584021,989938,1490506926
2865529392769225296,989938,1490506896
-3616966575170689284,989938,1490506892
9143871220979465673,989938,1490506872
-912892148932532806,989938,1490506922
3341155261994918815,989938,1490506881
8840806423723183918,989938,1490506905
-7719299977698789749,989938,1490506888
-1286492648393719558,989938,1490506878
7454562636336505192,989938,1490506919
-8074718530029965823,989938,1490506920
8152877369578637358,989582,1490506901
2485760602830662143,939813,1490506893
7934841595595247182,989661,1490506922
2136884305760688096,989661,1490506922
-2418388131942381872,989661,1490506891
-8639715357454200182,989661,1490506892
5743030994183664232,989661,1490506886
-5128718169744850510,987342,1490506911
3833826651997546704,989898,1490506899
-6778603744963812231,989898,1490506889
-4755115272906216796,989898,1490506876
-8932193476036165473,989898,1490506879
-4510606282214099688,989898,1490506900
-6195236419428511134,989898,1490506917
-1833120383773173095,989898,1490506882
-5712119875692381434,989898,1490506897
-6949291799482159083,989898,1490506891
-3667381448236688530,989898,1490506884
6855942962765466489,989898,1490506924
-2656927926999829616,989898,1490506922
-1653935517414232594,989898,1490506923
1148456198554661956,989898,1490506911
122005377477843115,989898,1490506891
-8748969502880817536,989898,1490506890
-2617339681198921538,989898,1490506883
6841124847069165299,989898,1490506924
8252826191062304812,989898,1490506919
1294679696616863163,989898,1490506922
7451822667609320490,989898,1490506887
4521172897556540126,989898,1490506908
3113195818890653736,989898,1490506919
-3974684044555031835,989898,1490506882
1856343067539052723,989898,1490506908
358879268720934944,989898,1490506903
6354183411766860715,989898,1490506894
2989443659546821978,989898,1490506870
4186869847363442082,989898,1490506928
8886697655775740477,989898,1490506881
-891026268415553214,989898,1490506923
-6417197421769375191,989898,1490506889
9153107848281393693,989898,1490506924
8835389040994844531,989898,1490506926
4311302407584685616,989898,1490506916
-2565742434604121685,989898,1490506908
-3132949097301174493,989834,1490506921
-1210251652357547234,989834,1490506926
7403951133554739341,989834,1490506929
5557076748826443800,989834,1490506873
7510139839204624097,989834,1490506919
-2445714127782798084,989834,1490506869
-4173465178442893843,989834,1490506879
-5922140632633460066,989834,1490506907
-1586277686050710656,989881,1490506871
5207649245094583729,989881,1490506909
-2104707533355011410,989881,1490506879
8641913727661049862,989881,1490506923
-8258712530123231476,989881,1490506886
-8180283273994695660,989881,1490506896
7616190518260846355,111495,1490506889
-2927816080245689763,989495,1490506925
1562941951287024821,989601,1490506921
7830777322096729942,975407,1490506872
-8625186314907800197,989352,1490506924
7072575476597677032,989352,1490506878
2832486881552819456,989404,1490506894
-6169419077742904935,401277,1490506905
-1652681382076973986,988357,1490506917
734471260375578645,988357,1490506899
8677787631993038077,988357,1490506914
-1351468199352061935,988357,1490506924
-7538916629747206219,988357,1490506879
-4529602902168866214,989924,1490506913
-5545112363139108317,989924,1490506919
6982152266299837156,989924,1490506887
4533475298771419605,989924,1490506915
-5121933545400767657,989924,1490506884
6041140202559641106,989924,1490506874
-6871182235149362694,989924,1490506878
-1976580919137585470,989924,1490506882
-3010206885215128029,989924,1490506870
-1221562879646890474,989924,1490506907
8308748732156174648,989924,1490506892
7634339810357069601,989924,1490506898
1629007789715473338,989924,1490506886
4614000760536795078,989924,1490506900
5671451664701828966,989924,1490506880
3600220371462780951,989924,1490506929
-3208849429383359734,989924,1490506887
4584677886194969141,989924,1490506921
-1249069295214512294,989924,1490506913
-4893370451419043539,989924,1490506901
1425816590830253066,989924,1490506909
-4789764315704563533,989900,1490506923
7875152971780373351,989900,1490506886
-9210046992145478367,989900,1490506913
8252826191062304812,989900,1490506911
-151170515435841001,989900,1490506890
-1798864699514406162,989900,1490506894
6194908105691393819,989900,1490506907
-3064473178351801865,989900,1490506921
7352881606266655628,989900,1490506921
7541849029416687824,989900,1490506916
-4057735338156140549,989900,1490506903
-6647168811130707645,932856,1490506923
9072493461602782544,989319,1490506899
8115231719449311685,989942,1490506914
-7290649984604113862,989942,1490506912
-6810110414430568285,989942,1490506895
-1242248414165023765,989942,1490506877
7443805479357093461,989051,1490506901
6005151007649523087,989949,1490506919
-3843090871108465454,989949,1490506920
-3579319303752843879,989949,1490506898
2264263032999330000,989949,1490506926
302418468299382779,989949,1490506877
1668991951596386414,989949,1490506912
-7236539388621677914,989949,1490506918
-1087480825576065782,989949,1490506927
4156786980008668489,989624,1490506891
7549006967530691608,989624,1490506884
-8903242027464698554,989624,1490506884
-4498717201097292803,989624,1490506918
-1845731123219380882,989436,1490506871
-4093006582565708851,989436,1490506895
2403403368035956962,989848,1490506883
1527901792297752794,989848,1490506899
-8609681393715738938,989848,1490506886
2252070211223699061,989848,1490506920
9072493461602782544,989363,1490506883
-4094348891623390735,989767,1490506890
-8757456976103888426,989567,1490506927
4527338886602913427,989567,1490506928
2832486881552819456,989419,1490506883
-5909148374880554765,989419,1490506897
2576193910415930547,986789,1490506875
-470320320323008645,988577,1490506917
-8963136262281816937,989856,1490506892
-8815982528447542475,989808,1490506890
-5767695291339916607,989808,1490506876
-1550794079485064583,989808,1490506875
-8535866029849458531,989808,1490506885
2834502245690485520,989808,1490506882
1533683671235721613,989808,1490506902
-2885643980576638053,989808,1490506926
-4471226943975530224,989808,1490506896
-6186291173863484027,989808,1490506894
7573665074342573074,989808,1490506908
2845736128640610283,989808,1490506928
4799480959308396340,989808,1490506903
-3459907313168863658,927954,1490506876
-2247095856550181075,989957,1490506912
-9090585014693455886,989957,1490506915
-9078384840910767756,989957,1490506881
4929629290617734434,989957,1490506907
-8983161245434928185,989957,1490506929
2712995745852096542,989957,1490506891
6592237377946043377,989957,1490506929
5324564146368124443,989957,1490506895
-252780474414015384,989957,1490506887
1952635026940226337,987911,1490506912
-5618453181851859269,989662,1490506887
-4023073976731385557,989676,1490506916
8462468827553589023,947720,1490506876
7428965344144671901,408753,1490506925
-4094348891623390735,989768,1490506886
-8535866029849458531,989690,1490506928
7927645282401956574,989954,1490506890
1551967743380038033,989954,1490506881
4484611622918874014,989954,1490506916
-8442762700252426567,989954,1490506908
3389408233252344106,989954,1490506885
3893524942210394216,989954,1490506898
9042405542184567219,989954,1490506915
-4245457769952302296,989954,1490506927
936658052498338130,976977,1490506915
-1730249275525073000,984313,1490506900
-6810110414430568285,989937,1490506919
-9188287277427087486,989937,1490506878
-1242248414165023765,989937,1490506890
4579217043332691497,989530,1490506910
5777477985715580589,881057,1490506922
2882366224479817385,989743,1490506917
-9004299350098129298,18660,1490506918
6247110527664539786,340100,1490506905
-249947970300660960,989879,1490506923
-8105252538938468289,989879,1490506897
5458805086278077155,989879,1490506878
-1811802326349211303,989879,1490506886
-2104707533355011410,989879,1490506882
-2165088085642327932,989879,1490506904
-1586277686050710656,989879,1490506871
-3010206885215128029,989879,1490506921
-6525142081444440048,989960,1490506885
7581715399848225744,989960,1490506893
7361419067709912707,989960,1490506917
-4262448714015147005,989960,1490506920
4339181491697055382,989960,1490506884
-6816748124642197526,989960,1490506896
3364454846440297249,989960,1490506899
-5624505563156499701,989960,1490506900
4017509506811085325,989960,1490506923
-5380908464162456625,989960,1490506872
-4588279011460335461,989960,1490506895
4101115534208598932,989960,1490506906
-238886675029261344,989960,1490506917
-6169570716580448205,989960,1490506928
718332211170450748,989960,1490506919
7390467153157522560,989960,1490506871
-4003734032999934164,989960,1490506881
8150857868143626158,989960,1490506897
-7879840680935602841,989960,1490506877
8076628936143064864,988824,1490506874
-5990613891916986768,986753,1490506888
-2416394093161412721,989682,1490506916
-2334448412560869676,974329,1490506877
-1151543128669837453,989872,1490506905
-2104707533355011410,989872,1490506929
362158084450086467,989872,1490506904
-2125258140956988890,989824,1490506926
-6131443283604457079,989824,1490506915
-1210251652357547234,989824,1490506918
4041834445402907015,989824,1490506901
6557122955496546944,989824,1490506917
7403951133554739341,989824,1490506906
544340311833599405,989824,1490506917
-1549097366236604260,989824,1490506889
510418152598948718,989824,1490506918
-7181702191200884890,989824,1490506885
3788246229378290736,989824,1490506900
-8948374907389771881,989824,1490506881
1022334927802150071,989824,1490506879
-110837535844929081,989824,1490506915
-7476579182429154014,989824,1490506915
-3744540270365378107,989824,1490506912
2665970750092764496,989824,1490506897
4268785990484599427,989824,1490506925
-6516515036343653319,989824,1490506899
3411224022990579554,989824,1490506895
7134258118775388244,989824,1490506893
5051576407904496767,989824,1490506896
-1492056066410355100,989824,1490506910
5823986519148060325,989824,1490506904
8736585480963022919,989824,1490506921
1686574855319776143,989824,1490506890
9061696013835329302,989824,1490506893
-6197068393928558453,989824,1490506916
-7054219056017489175,989824,1490506886
936658052498338130,976906,1490506919
7875152971780373351,989930,1490506894
4593092282271089099,988524,1490506870
-3812457287110622314,988524,1490506903
624430956842342807,129171,1490506912
-6169419077742904935,343717,1490506895
-1147653624385478992,989803,1490506902
503550165838667267,989964,1490506924
-3240968809755033656,989964,1490506917
7662131203956708240,989964,1490506891
5730540311864530845,989964,1490506925
5495869161235207490,989964,1490506919
-4958365001320558626,989964,1490506906
-4101157732761773669,989964,1490506921
2520647635029846661,989964,1490506929
8107675902832202175,989964,1490506894
8803986603120692124,989964,1490506924
-2989966478189326653,989964,1490506899
-4823351894889262686,989964,1490506919
-9167815122878673325,989964,1490506914
-9199148208209815253,989964,1490506913
-481758059485714855,989964,1490506917
7719467341076506740,989964,1490506877
521513255339070408,974441,1490506903
2575972076988977839,974441,1490506871
-264238907939336981,989657,1490506921
1668991951596386414,989948,1490506908
5590839122318175736,989948,1490506925
2597682191575997809,989948,1490506891
3461864102583009932,989873,1490506900
-4184595439264844684,989873,1490506918
-2104707533355011410,989873,1490506911
-5950288487970210215,989342,1490506893
1539250516546303110,989342,1490506923
4579217043332691497,989569,1490506874
7875152971780373351,989935,1490506872
9210681207485399174,989935,1490506927
4916511125575599173,989935,1490506924
-1242248414165023765,989935,1490506927
3341155261994918815,989935,1490506925
-7060343965870391197,989131,1490506901
-5272548122293564036,989131,1490506917
4302350054516879889,989131,1490506908
141533013099193442,989677,1490506913
3411224022990579554,989677,1490506890
-6792316336185935234,989677,1490506884
5857609130029405765,989677,1490506915
-8281234871896891209,986777,1490506929
-4097303219710096411,989362,1490506925
6955857703056513955,989362,1490506922
-7625256006211892211,989362,1490506927
-7100833702983219842,989362,1490506876
-2576191284201160882,989362,1490506894
-5390765932953403680,989362,1490506880
5668753104468706310,989362,1490506900
7624142836295765573,984718,1490506882
4511381311579800447,988923,1490506876
-6494328076824742940,989906,1490506891
-5119940972752450282,989906,1490506875
679027684854194183,989906,1490506911
7662131203956708240,989906,1490506916
5441364574381999237,989906,1490506904
936658052498338130,976996,1490506902
8262448514746103179,945201,1490506878
7540280069292122310,945201,1490506895
7875152971780373351,989932,1490506894
-1242248414165023765,989932,1490506927
7022048875601114508,989887,1490506916
-8173454864735188450,989887,1490506882
3253476672601763495,989887,1490506925
-5765606419980277702,989887,1490506912
-3691489416546709224,989887,1490506896
7287859686677383773,989887,1490506878
-7846470645031454327,989887,1490506902
4052411693673803526,989887,1490506878
-7432468578039991201,989887,1490506918
5266828038438891021,989887,1490506922
-931705836217983311,987894,1490506897
-2099532075702485466,987894,1490506881
-794288259571458600,987894,1490506904
9072493461602782544,989327,1490506923
-8388698956497782247,343722,1490506916
-6807832177731691774,989952,1490506888
7927645282401956574,989952,1490506912
1551967743380038033,989952,1490506894
-3843090871108465454,989952,1490506871
-4939125542630562874,988840,1490506914
2485760602830662143,939411,1490506873
3795594549190811356,939411,1490506908
8842893407827457898,989644,1490506887
-4926698546282096099,989759,1490506911
2370613135506998843,987423,1490506925
-6369926082820837631,155060,1490506891
7343543631056103811,987558,1490506912
2667723894897301092,989813,1490506887
8983761432567820925,989813,1490506875
-1095919766283953268,989813,1490506894
4006632002176182481,989813,1490506901
7343543631056103811,989813,1490506877
180657485276369201,989813,1490506904
3935865397941952425,989813,1490506921
4582020305654134915,989813,1490506893
543414344012367347,989813,1490506879
2767209715046157008,989813,1490506911
-8414847962875487059,989813,1490506887
-4834826785989810084,989813,1490506919
4750809288338120218,989813,1490506920
-3801246339328592265,989813,1490506901
1639265211731848039,989813,1490506896
7949530790053905349,989813,1490506903
8816097534232778889,989813,1490506905
-6127490790072771150,989813,1490506870
610206898806512358,989813,1490506888
-703273148585836428,989813,1490506880
-7199842389385534925,989813,1490506894
-7035128166731567808,989813,1490506897
-4388874868405965071,989499,1490506888
-5272548122293564036,988818,1490506898
-7735821091277600576,988818,1490506928
-7439040627241506142,988818,1490506929
2882366224479817385,989787,1490506875
2233054064600099693,989787,1490506900
-2691463121206640759,989787,1490506928
-7084361333838310222,989787,1490506887
-6792316336185935234,989787,1490506883
-7999940433575982767,989787,1490506877
2113750364554231958,989787,1490506910
-4269911350231771662,989787,1490506894
-3326011407671337737,989787,1490506920
544340311833599405,989787,1490506917
-9188287277427087486,989787,1490506927
4268785990484599427,989799,1490506925
1686574855319776143,989799,1490506890
850959881633797509,989799,1490506870
1022334927802150071,989799,1490506872
930180608554271712,989799,1490506928
3636824973507692964,989799,1490506928
-46231411494442132,989799,1490506929
351556203115123190,340129,1490506880
2253346730572755257,988191,1490506923
7994591048548684959,988191,1490506923
-6107181572596179344,988191,1490506890
-3844786649299590928,988191,1490506907
-7100833702983219842,988191,1490506895
-5399602618000222648,988191,1490506914
-6118913347179787583,988191,1490506923
6233845713197281448,988191,1490506905
4968824366309975613,988191,1490506919
-2843121133089265596,988191,1490506913
5403560265827757895,987157,1490506927
8292015414176820754,989575,1490506901
7757469478256473358,989575,1490506875
-9197927118324260194,989575,1490506876
-7211990957234602014,989575,1490506900
-7223877235073407736,989575,1490506913
-4553317423101250542,989575,1490506892
-7084086350369682030,989575,1490506916
-412371230964524277,989353,1490506917
-1337165530409092828,989321,1490506895
-4405189336571333510,989321,1490506872
-4003734032999934164,989963,1490506875
-3391160928959829255,989963,1490506875
7867529892697421846,989963,1490506891
-1578913908879959912,989963,1490506890
-1442217204880946078,989963,1490506924
-7121943043152977970,123221,1490506887
-4094348891623390735,989765,1490506887
4758658232003743875,931751,1490506924
2245313408582541107,989393,1490506917
-8702700510445310970,989393,1490506907
7799480635056136512,989893,1490506874
-151170515435841001,989893,1490506889
-3064473178351801865,989893,1490506921
7352881606266655628,989893,1490506921
-9210046992145478367,989893,1490506880
8252826191062304812,989893,1490506900
8059674448840768947,989753,1490506891
-8269150368803405597,989753,1490506923
287232862483672810,989753,1490506920
9219318778662442087,989753,1490506912
-7102316005586007540,989753,1490506920
1932225000478351980,989557,1490506895
6937050384250992438,989557,1490506925
2315838550694918290,989557,1490506899
-1947452501785549425,989557,1490506926
6144211036483884753,989557,1490506897
7358312487746115761,989067,1490506918
359300351505777403,989136,1490506878
-2927816080245689763,989500,1490506923
-2536714059838784807,989265,1490506901
-5355952067719164387,989950,1490506902
-1087480825576065782,989950,1490506922
-8119792121373936181,989950,1490506905
-7236539388621677914,989950,1490506907
-1336500318356493291,989950,1490506910
1264369338888508897,989950,1490506889
5512291347521984200,989950,1490506922
-3843090871108465454,989950,1490506906
7359124033592991165,989950,1490506906
7079086609783445213,989950,1490506907
1551967743380038033,989950,1490506925
4464451028840588462,989950,1490506883
6940128079025107624,989950,1490506929
-8640467013089920087,989950,1490506922
-8216028833522106453,989950,1490506903
8769837100639533804,989950,1490506882
-7870448923817785771,989950,1490506888
-7854003131260805494,989950,1490506928
-5873208575873054665,989950,1490506892
7927645282401956574,989950,1490506912
-7469385734496400213,989950,1490506910
-6807832177731691774,989950,1490506888
8636217871274830681,989950,1490506898
-2772986345300401488,989950,1490506923
-2366093837160267626,989950,1490506908
-6167023988835660067,989950,1490506884
-581670554488586014,989950,1490506914
122685050170936222,989950,1490506914
1162477762639072854,989950,1490506884
-2970482134992482908,989950,1490506907
-1372909364984706970,989950,1490506920
-4184595439264844684,989874,1490506905
3461864102583009932,989874,1490506885
-2104707533355011410,989874,1490506908
