4862131565141270023,65390,1490572104
7209149716364127248,989519,1490572091
2595517489215183,989519,1490572117
8798962681240554720,989519,1490572109
1864521870906839517,989519,1490572138
2355200196732472224,989519,1490572123
3086166684268156089,989519,1490572102
-3817754120843620198,989519,1490572096
5160565873545144876,990034,1490572105
898920955942415198,990034,1490572129
4004399936616201882,990034,1490572094
2337882478292444382,990034,1490572116
3781214787123677003,990034,1490572126
-4481906590675890391,989956,1490572140
7352117395203204667,990099,1490572093
8006782177422703371,990099,1490572127
4720933498786291737,990099,1490572121
6703479726379628527,972937,1490572112
-5175104995769966609,972937,1490572129
8021461900477292356,989557,1490572147
-4238420708463305568,989557,1490572119
-8149754861751668256,939801,1490572102
-5806712574070500818,939801,1490572141
-6166197323987787674,899010,1490572105
-1827704240483413316,989437,1490572113
5890396868329190438,989054,1490572119
-1827704240483413316,989397,1490572124
-5214700118231552975,958787,1490572116
-8692692264410173731,413598,1490572133
-3294100523017327984,983401,1490572124
6818445597272917930,968676,1490572144
3593324721522615640,989331,1490572130
-4531887466176098853,343486,1490572116
-522996575137345086,124820,1490572111
2273712715883548792,839142,1490572115
-8276437824351816102,788148,1490572141
6703649964082647412,990157,1490572139
-3237924239924366310,990157,1490572136
-1303112338103094286,990157,1490572133
5890396868329190438,989067,1490572119
-456170501251727314,989882,1490572141
2781476994132231675,989882,1490572090
-7915796411760423205,989925,1490572098
4402589406146717317,989925,1490572125
7447643384364502343,989711,1490572134
-6634729184979673041,990046,1490572141
6330314124619844549,990046,1490572112
3522220720878658029,990046,1490572127
-1251704120845057979,990046,1490572103
7392179124343432393,990046,1490572107
-4598053221685920094,990046,1490572118
-1194458781949658086,990046,1490572123
3459013826711567066,990046,1490572092
4014137684682472505,990046,1490572133
-6810272790743185440,989997,1490572139
3202318288055772324,989997,1490572124
-4238420708463305568,987706,1490572113
1699300444494981727,989413,1490572134
-5410284014169035435,952929,1490572130
3659136287622080260,935838,1490572122
7047720096896609172,990123,1490572126
-1911893067166777417,417603,1490572147
-42902144183275197,989985,1490572106
4643051710862087055,989985,1490572114
8221976591049619963,989985,1490572139
-6667367512810343556,989985,1490572102
1758399467283039820,989985,1490572105
-4936600252491176957,989985,1490572136
-3762022462614880388,989606,1490572145
-698249971036016180,989597,1490572143
-2087729124021628844,990081,1490572141
4162363408759105354,990081,1490572113
8851930907846679359,990081,1490572131
-2432833061426607441,990036,1490572139
6380044753138269865,990036,1490572127
1363932337715984742,990036,1490572126
-6092088114675404119,989970,1490572129
4720933498786291737,990100,1490572111
-4683200774103915932,990100,1490572126
-6430682479856095970,990100,1490572121
4162363408759105354,990087,1490572092
-3473908632827369494,990087,1490572143
-6430682479856095970,990106,1490572121
-2771231427621008077,990106,1490572147
4720933498786291737,990106,1490572106
-458592948538665530,990106,1490572115
-4683200774103915932,990106,1490572092
-6430682479856095970,990107,1490572097
4720933498786291737,990107,1490572099
-458592948538665530,990107,1490572111
-2771231427621008077,990107,1490572138
-5787040188450107706,990107,1490572094
1601174221918031727,990107,1490572130
-4220048047747111823,990144,1490572146
886159852360742291,990144,1490572124
5607853150030387831,990144,1490572134
1018869667646816722,990144,1490572141
1612267379980243569,988427,1490572133
-3969092333430521587,990093,1490572145
7352117395203204667,990093,1490572142
-8995243765895408524,990093,1490572105
-2771231427621008077,990108,1490572126
-458592948538665530,990108,1490572103
-2432833061426607441,990037,1490572097
1363932337715984742,990037,1490572126
-5771888797921205740,990037,1490572140
7646038305763149003,990037,1490572130
-4912754169477421511,990037,1490572137
5496840501988228174,989972,1490572146
-8149754861751668256,940519,1490572104
-5806712574070500818,940519,1490572141
7852150775979252631,990152,1490572144
8752710497227233450,990152,1490572142
-1467919078195909189,990152,1490572097
-7281322246017292461,990152,1490572096
-222093973236109986,990152,1490572111
2739780904322500296,990152,1490572099
-5565898392012293562,990152,1490572112
7573294869343815747,990152,1490572092
-4220048047747111823,990152,1490572100
8853925918525909516,990152,1490572108
-6741169921778306374,990152,1490572131
6731341750239078083,990152,1490572144
9192844110821420266,990152,1490572150
1983058321313672138,990152,1490572102
-3621098320196731521,990152,1490572134
3197065617649640652,990156,1490572126
-1218047132132898592,990156,1490572115
6570107952807000607,990156,1490572134
2239526076807533265,990119,1490572141
-6372302053946496127,990119,1490572138
960590276692056753,990119,1490572144
6703649964082647412,990159,1490572112
3485110206971369552,987577,1490572131
281009165559255602,987168,1490572105
-6351181001545211698,987168,1490572121
-407803957508943865,987168,1490572149
-3085482180951516850,990155,1490572125
-515828749456339500,990155,1490572101
-2245314233667903160,990155,1490572112
3514683783638569059,990155,1490572123
-6352086523792219368,990155,1490572109
-7737733264913963349,990155,1490572149
6264840463983459757,990155,1490572123
-525034330402882291,990155,1490572148
2859832687506071154,902834,1490572110
-3463363805580949312,902834,1490572119
-8479510995648821796,989626,1490572140
7027748155251815183,990055,1490572143
6545319228822468827,990044,1490572107
4261761009407396474,990044,1490572145
-5850133766392081648,990031,1490572091
-2432833061426607441,990031,1490572139
6390555958311731960,989483,1490572133
5890396868329190438,989095,1490572092
7622733994843824432,884591,1490572118
1601174221918031727,990050,1490572130
-5787040188450107706,990050,1490572094
-2771231427621008077,990050,1490572137
-458592948538665530,990050,1490572107
-2683907006245301276,987486,1490572097
1516017330483491971,986185,1490572107
-4511860392188981998,986185,1490572109
-8077192728294810521,986185,1490572149
-1999680416527605113,990076,1490572103
8675987177296083822,987882,1490572123
4052609551538471155,987882,1490572150
5903722896204840904,987882,1490572111
1199619086957648631,987882,1490572097
4210399527407234675,988722,1490572150
-4046334741821819660,988973,1490572125
405853860239036143,988973,1490572109
872399093204669207,979047,1490572102
3982368841369849863,982312,1490572128
-7785320343429775145,990086,1490572123
8357470038896761902,990086,1490572106
4162363408759105354,990086,1490572124
2695872481671108276,990086,1490572150
-2087729124021628844,990086,1490572141
-5900783276102458205,990086,1490572143
3160748778101465060,990086,1490572092
8021461900477292356,988221,1490572092
3896281105383352292,916964,1490572117
7447643384364502343,989714,1490572125
-7943282051595649904,990138,1490572124
-9046747922976237187,990138,1490572124
-5706661877544900125,990138,1490572116
4541865519710896533,990138,1490572121
-1577751859675065516,990138,1490572148
-8537398674271201650,990138,1490572132
5043617777634963686,990138,1490572109
8051546762199001102,990138,1490572142
6030712814649314860,990138,1490572123
6736273236767103291,990138,1490572150
-2650257312011919835,990138,1490572148
-7814655441327224821,990138,1490572121
29157275936053767,990138,1490572146
6069158197263111741,990138,1490572142
8185001114922662753,990138,1490572101
5090037807783358156,988606,1490572122
2239526076807533265,990113,1490572148
-8470691991317246419,990113,1490572114
8108110280531172547,974093,1490572139
-8091441735560495904,990033,1490572101
247059214999129654,990033,1490572112
4984162005303865726,990033,1490572095
7658879609308274635,990033,1490572104
2137490673379707270,990033,1490572096
7709566080082600802,990033,1490572143
898920955942415198,990033,1490572129
2933613225853726893,990033,1490572100
-4382307023987182288,990033,1490572098
3210471573658483425,990017,1490572096
4162363408759105354,990075,1490572144
5330730424267621954,990075,1490572121
-6092088114675404119,989969,1490572129
34070610766705561,988169,1490572118
5284402495769691641,979228,1490572098
-7491386182917603705,989379,1490572139
2318758640419645177,989031,1490572130
4926839047288887734,148274,1490572132
-1487688426251464456,978998,1490572144
-7373533090334743701,982380,1490572099
3381414479913027573,990095,1490572143
-312506635528556033,989430,1490572098
-434635800902410926,989909,1490572095
-8220923673299391750,989774,1490572114
-7246195666991682651,989774,1490572104
-7569601320269875069,989842,1490572121
-434635800902410926,989823,1490572095
-5082772128560791590,990126,1490572126
-159898684255339012,990126,1490572105
-2127448029807256807,990126,1490572113
7908785470839893497,990126,1490572103
1355326359797889114,990126,1490572137
1076430677929962554,990126,1490572112
8954388942681646023,990126,1490572136
-3859866015445219237,990126,1490572130
5721012147251979858,990088,1490572112
4162363408759105354,990088,1490572097
4393761250553384451,990088,1490572096
-3859866015445219237,990131,1490572129
1076430677929962554,990131,1490572112
8954388942681646023,990131,1490572136
7908785470839893497,990131,1490572097
-7582934886039309510,990131,1490572135
2884456006822018657,990131,1490572147
4594884713425766454,990131,1490572120
7447643384364502343,989712,1490572145
3359126107854231210,418326,1490572148
7808812240083193016,989698,1490572131
-3018457408216807734,988274,1490572123
-5238569407172702344,988368,1490572103
-6658779641226751892,877770,1490572095
-3969092333430521587,990097,1490572096
-8995243765895408524,990097,1490572105
9179251578515380158,990097,1490572140
6642003239736396806,990097,1490572143
-7606849557112902773,990097,1490572140
-6356938112945890968,990097,1490572146
-2486798005621842508,415996,1490572117
4210399527407234675,989528,1490572141
7500345703975321771,990150,1490572151
1355326359797889114,990150,1490572137
-4220048047747111823,990150,1490572122
-7005583032725812309,990150,1490572102
7573294869343815747,990150,1490572102
-6741169921778306374,990150,1490572140
7852150775979252631,990150,1490572146
8752710497227233450,990150,1490572142
-1467919078195909189,990150,1490572097
-2067842337673447039,990013,1490572099
-493765474522417175,989835,1490572135
-7569601320269875069,989835,1490572121
733737171560389465,989588,1490572092
7621949032976496007,988542,1490572128
8598897659551010373,990128,1490572149
-7582934886039309510,990128,1490572135
8954388942681646023,990128,1490572125
4594884713425766454,990128,1490572120
2884456006822018657,990128,1490572147
3637816963567387948,990128,1490572139
-1681062034256673831,990128,1490572144
-8865124020488261947,990128,1490572122
4361315167901879835,988823,1490572117
1230920842710529303,988823,1490572129
-2490374194401438612,988823,1490572105
-1950871394495353643,988823,1490572124
-4005279158052897743,988823,1490572106
-1487688426251464456,988823,1490572130
-478617224256957007,988823,1490572141
915193220116492327,989766,1490572139
6770575930819680633,984206,1490572141
5456205325186579083,990154,1490572094
-6741169921778306374,990154,1490572123
924826787806566928,990154,1490572111
-2996425730187625684,990154,1490572133
5196598345980194962,990154,1490572095
5421979734941243976,990154,1490572103
7408431195144776591,990154,1490572094
-4022489739495476345,990154,1490572113
1284367260366566913,990021,1490572131
1831087521481322527,988303,1490572132
-1848914227091346630,988477,1490572138
6231836563449933678,187945,1490572115
2654347596606886683,988158,1490572149
-627015568222874526,989955,1490572108
1018869667646816722,990149,1490572141
5607853150030387831,990149,1490572134
886159852360742291,990149,1490572124
-4220048047747111823,990149,1490572139
3417386064604416175,990149,1490572140
3822758440718350000,990149,1490572146
-6741169921778306374,990149,1490572145
894407860236038714,990149,1490572119
4181549450924872012,990149,1490572147
-5421762449100681617,990149,1490572128
-1693099053045668786,987508,1490572099
-6506546984090742645,990065,1490572132
8021461900477292356,989870,1490572147
1427486458754937643,990035,1490572130
-5850133766392081648,990035,1490572133
-5884733612136675138,928544,1490572097
4984162005303865726,990011,1490572143
5939046459488857095,989432,1490572106
3500882373955368178,989432,1490572149
1758399467283039820,989432,1490572097
4162363408759105354,990082,1490572132
-8449421620104773919,990082,1490572147
8006782177422703371,990101,1490572122
4720933498786291737,990101,1490572117
-6132767951365005699,990101,1490572125
-2776316320254976550,990101,1490572121
-6092088114675404119,989973,1490572109
4181549450924872012,990147,1490572147
894407860236038714,990147,1490572119
3417386064604416175,990147,1490572138
886159852360742291,990147,1490572107
-4220048047747111823,990147,1490572132
-6741169921778306374,990147,1490572145
-4660484838329586763,990147,1490572141
-3247507405574702730,990147,1490572128
7157817207246256037,965627,1490572122
-1836693568718844474,989732,1490572116
-8460906719882565570,990121,1490572106
-7557564692256098596,990121,1490572152
-6821435925801746893,990121,1490572121
4210399527407234675,990148,1490572100
7399547277029719855,986422,1490572111
-4527893951357654166,988165,1490572107
-2701334257641053635,988165,1490572112
-2483039940978733445,988165,1490572139
8835690602339895439,988165,1490572128
-3154823283781844202,988165,1490572136
3485110206971369552,987494,1490572131
-7010989646474421780,990041,1490572109
-5997951415821166849,990132,1490572119
3637816963567387948,990132,1490572128
-9046747922976237187,990132,1490572139
-1406716021033706051,990132,1490572104
-6480149223460382189,990132,1490572137
-5168771620483627452,990132,1490572144
-1827704240483413316,989415,1490572147
4052609551538471155,986687,1490572150
-5706661877544900125,986687,1490572133
2318758640419645177,989192,1490572130
-4377418659261759821,943447,1490572144
-6506546984090742645,990064,1490572132
8461302009526253184,987682,1490572119
-3074573231774710306,342279,1490572112
7301507860429214017,989865,1490572143
1758399467283039820,990008,1490572092
7861995443510534517,990008,1490572149
4643051710862087055,989357,1490572115
-3579248830848376057,936838,1490572103
7639521257656677244,984735,1490572104
-4909738069655904980,990090,1490572127
-2087729124021628844,990090,1490572137
4162363408759105354,990090,1490572111
-2414761722517511794,990090,1490572132
-6649339254170512773,990090,1490572107
-3099550059391773369,990090,1490572117
-5868260488438408516,990090,1490572127
1310270096068326351,989531,1490572141
-6703531637129013530,989625,1490572094
-3135641669532658155,989446,1490572141
-3441032620874669412,972031,1490572104
8210330112402788594,972031,1490572126
8443194082862546485,989908,1490572109
-7035457613874178267,985169,1490572111
-5771888797921205740,990040,1490572117
1363932337715984742,990040,1490572097
-776193839155642488,930038,1490572141
6030712814649314860,990140,1490572122
-6967361045867990991,990140,1490572110
-7814655441327224821,990140,1490572121
-1827574068317852635,990140,1490572129
6653133356097350914,990140,1490572117
8590888746921890923,990140,1490572114
-5440670605990913260,990140,1490572132
-1577751859675065516,990140,1490572134
29157275936053767,990140,1490572146
8051546762199001102,990140,1490572139
6291851919571761446,990140,1490572099
6736273236767103291,990140,1490572150
5043617777634963686,990140,1490572100
5956152720836018203,990140,1490572127
-7235404147390976974,990140,1490572121
-8537398674271201650,990140,1490572120
-7371267834749730613,990140,1490572143
-6255565209261344405,990140,1490572128
8185001114922662753,990140,1490572101
-7300436372929793457,990140,1490572115
5305128288357167934,990140,1490572106
-2022332569529594244,990140,1490572093
6326408699675050285,990140,1490572144
-267543988935203602,990140,1490572142
-3067954574837484710,990140,1490572107
-301867375589313890,990140,1490572129
-2650257312011919835,990140,1490572148
6069158197263111741,990140,1490572142
-1750341381130636008,990140,1490572146
1655278307236858003,990140,1490572113
3711877209873292163,990140,1490572107
-8328341954170422908,990140,1490572101
-8454124534179170353,990140,1490572124
-1818727330637200203,990140,1490572145
2896630075983898373,990140,1490572141
-7575436125636165859,990140,1490572130
5802080777471317731,990140,1490572136
-2023106771370103240,990140,1490572118
747860016618177151,990140,1490572127
-1528914048319976558,990140,1490572126
3887091865850659416,990140,1490572109
-4624383992708187625,990140,1490572118
4902745106756394847,990140,1490572143
-7011950949895692097,990140,1490572121
-6551008110711605179,990140,1490572141
-8151655310088749176,990140,1490572139
-1302082261458994975,982680,1490572146
-456170501251727314,989524,1490572122
-7373533090334743701,982682,1490572099
7447398109190308516,988932,1490572096
6098150756576516781,985944,1490572137
-3473908632827369494,990091,1490572143
-3969092333430521587,990091,1490572148
-511275347350369678,990091,1490572143
5382440538667264218,989544,1490572118
4862131565141270023,65401,1490572104
7301507860429214017,989770,1490572143
4598150886149956378,986916,1490572116
-627015568222874526,989953,1490572109
4162363408759105354,975858,1490572144
576080181437546625,975858,1490572128
-6330488506958684098,988179,1490572100
8776004900922259448,988179,1490572119
1723330069009228843,988179,1490572135
6804022726476532110,928994,1490572120
7808812240083193016,989751,1490572131
-4625095086539654964,886062,1490572145
-7449356411114624547,989164,1490572147
1669558217071686976,989903,1490572131
-2931568609755859724,977621,1490572123
-288100212461830038,919579,1490572093
6770575930819680633,983700,1490572112
7447643384364502343,989715,1490572117
8675987177296083822,986821,1490572127
6642003239736396806,990096,1490572143
7113657704206607993,990096,1490572128
-7606849557112902773,990096,1490572135
3106611363524885379,990096,1490572098
6778240306406444278,990096,1490572131
6615191627541385167,990096,1490572135
-6356938112945890968,990096,1490572146
9179251578515380158,990096,1490572127
7352117395203204667,990096,1490572114
-4373027862008975424,990096,1490572141
8195611236174993291,990096,1490572123
7521288570284468643,990096,1490572147
5518900726799761776,990096,1490572108
-4598053221685920094,990096,1490572130
5019891208899957935,990096,1490572133
-8573283929363542100,990096,1490572127
4720933498786291737,990096,1490572130
-8238027662243844936,989919,1490572141
5019891208899957935,990098,1490572133
5518900726799761776,990098,1490572108
6004577713990976763,990098,1490572140
4720933498786291737,990098,1490572130
8006782177422703371,990098,1490572130
-6649339254170512773,990089,1490572107
4162363408759105354,990089,1490572103
2303789939644878185,990089,1490572111
5160565873545144876,988588,1490572150
3982468183630338874,988588,1490572095
1964660716571693803,988588,1490572130
1904294929039130806,988588,1490572105
1583579759343860209,988588,1490572134
6098150756576516781,988588,1490572148
6897444991512038283,990015,1490572109
2318758640419645177,988653,1490572121
-1996888021488437354,986972,1490572115
2674993682857096336,989582,1490572131
-1681062034256673831,990134,1490572144
2884456006822018657,990134,1490572142
3637816963567387948,990134,1490572139
-9046747922976237187,990134,1490572142
-5997951415821166849,990134,1490572119
8138184625317849519,990134,1490572120
6545319228822468827,990043,1490572107
-2029614910451707293,987714,1490572138
3276514177395768617,987714,1490572130
3381414479913027573,990135,1490572143
272639919370002119,987334,1490572126
-2889097356097978377,989601,1490572123
-1437136812748231808,990092,1490572127
-3473908632827369494,990092,1490572104
-511275347350369678,990092,1490572143
-3969092333430521587,990092,1490572148
-581232953593830456,990092,1490572149
-1251704120845057979,990045,1490572144
6545319228822468827,990045,1490572105
2272263268760100828,990045,1490572110
4261761009407396474,990045,1490572145
3471704088366834635,990045,1490572112
-2166154802491863751,990122,1490572114
-2127448029807256807,990122,1490572140
7908785470839893497,990122,1490572143
6251647601479875264,102395,1490572116
3781214787123677003,989810,1490572126
898920955942415198,989810,1490572103
4004399936616201882,989810,1490572094
1427486458754937643,989810,1490572130
-5128219404638379109,989810,1490572114
-6506546984090742645,990060,1490572113
4603990437986695124,990060,1490572151
8000130497747903387,990060,1490572116
-7725595734427331820,990137,1490572121
-6480149223460382189,990137,1490572137
3863329705019170324,990137,1490572124
3486539701643120133,990137,1490572128
-1406716021033706051,990137,1490572104
8504915387847469772,990137,1490572103
-9046747922976237187,990137,1490572134
6292412352099052124,990137,1490572143
8051546762199001102,990137,1490572151
8461302009526253184,985706,1490572119
-1836693568718844474,989448,1490572096
281009165559255602,990048,1490572096
3471704088366834635,990048,1490572112
2272263268760100828,990048,1490572105
4261761009407396474,990048,1490572142
6545319228822468827,990048,1490572099
3955486423218513284,990048,1490572097
-1251704120845057979,990048,1490572144
4541865519710896533,990048,1490572141
6330314124619844549,990048,1490572117
2897393376137065768,990048,1490572120
3286371011618942913,990048,1490572093
-2969942306767443423,990153,1490572123
-2680773230134280706,990153,1490572144
4199163562688469731,990153,1490572110
-4220048047747111823,990153,1490572096
-6741169921778306374,990153,1490572128
9047415981661699371,990153,1490572150
-1836177033156338827,990153,1490572115
-8446426080599923723,990153,1490572116
5090037807783358156,988577,1490572119
-6819112942188707305,990023,1490572097
7027748155251815183,990058,1490572143
852701391245305074,990058,1490572095
-8449421620104773919,990084,1490572132
1175048016953883757,990084,1490572132
1831087521481322527,988470,1490572143
-2931568609755859724,975415,1490572123
7506068844652006707,421459,1490572109
-4615940576649371272,989336,1490572129
7447398109190308516,989007,1490572096
96810013492625612,990110,1490572136
5753558510178869296,990110,1490572137
-670259266359655855,990110,1490572150
-1086675146289442017,990110,1490572136
-8470691991317246419,990116,1490572114
2239526076807533265,990116,1490572148
-6372302053946496127,990116,1490572138
-7799914542532438011,990116,1490572132
7447643384364502343,989704,1490572152
1089141164424022288,987209,1490572142
-1677710674998730614,982449,1490572117
-2648616863867634241,990102,1490572098
2933446294126599353,990102,1490572124
272639919370002119,990102,1490572123
7665647773834489455,990102,1490572109
-6872957343533360224,990102,1490572139
7028738967139040988,990102,1490572121
1155433237834075813,990102,1490572110
2349989040543805724,990102,1490572107
-7383043796452131216,990102,1490572105
1677397609597194934,990102,1490572135
-1693099053045668786,990102,1490572117
9054559377091828743,990102,1490572131
-2029614910451707293,990102,1490572114
-4167101451020947237,990102,1490572149
4544515433134648855,990102,1490572141
-8725438367452405334,990102,1490572101
8568921825231030222,990102,1490572125
-4904442534100741509,990102,1490572118
-5961878253654910827,990102,1490572118
5683189225827892320,990102,1490572150
-3935731485210364245,990102,1490572099
3806045381695757357,990102,1490572118
-6000681592119980149,990102,1490572130
6809241601139525195,990102,1490572111
8120941821261573799,990102,1490572124
-7663451295548975688,990102,1490572142
-4335537859749101950,990102,1490572113
8855792856637346058,990102,1490572103
337756840456978038,990102,1490572136
8851930907846679359,990102,1490572097
6645871762332144692,990102,1490572124
-1429128444998208660,990102,1490572109
7433776214984227161,990102,1490572149
6252963784240878297,990102,1490572111
1839577815173645392,990102,1490572116
-1406206161001791301,990102,1490572141
-1661948244668333048,990102,1490572105
8177378273517250122,990102,1490572128
6157719448487425163,990102,1490572140
1601277421113048755,990102,1490572152
7932482139784902664,990102,1490572145
-5286668753228451414,990102,1490572111
-1960318780486797424,990102,1490572114
-258801082545892492,990102,1490572103
1546382948058204938,990102,1490572116
-5634644294419780795,990102,1490572092
4719177255305658948,990102,1490572116
682419289001909091,990102,1490572113
7301507860429214017,989873,1490572135
-639653369207416871,985798,1490572125
6770575930819680633,981913,1490572141
-4813466658962874559,989879,1490572145
-7969257624116049823,989993,1490572100
3569967104506913618,974441,1490572130
-752711839643051623,974441,1490572149
-6406522895304662582,974441,1490572113
6979256787052340388,974441,1490572093
3336509640288575285,970196,1490572140
6008111258615361969,989378,1490572144
-6045058355684104619,988875,1490572118
6818445597272917930,951130,1490572144
1669558217071686976,989493,1490572130
-9114644644289445746,989493,1490572107
7692030808337975516,989493,1490572131
-2138095505626359642,988484,1490572117
7028738967139040988,988484,1490572132
-1737994633428671915,863393,1490572143
4484860875116239744,417075,1490572116
-1827704240483413316,989438,1490572151
-581232953593830456,990067,1490572117
8000130497747903387,990067,1490572115
4603990437986695124,990067,1490572151
7027748155251815183,990059,1490572120
946776984751657689,990059,1490572118
7107431760667063559,987758,1490572147
-8241772638989318975,987758,1490572105
6310331665320982143,887562,1490572124
-4912754169477421511,990039,1490572137
7646038305763149003,990039,1490572130
-5771888797921205740,990039,1490572129
1363932337715984742,990039,1490572106
8270203351897286668,990014,1490572146
3210471573658483425,990014,1490572107
-2337963204299761317,990014,1490572108
3593324721522615640,989346,1490572130
-3532048423629946202,988893,1490572112
7447643384364502343,989694,1490572123
5346138071319503778,988840,1490572145
-7614073693429010900,988476,1490572107
-2546402818409815449,988476,1490572132
-3919281215608006654,987894,1490572128
-5252573754555015918,989799,1490572099
-4880009180162389871,989499,1490572098
4809151894712042818,939411,1490572098
-3477338127030110424,939411,1490572149
2239526076807533265,990115,1490572119
960590276692056753,990115,1490572144
-6372302053946496127,990115,1490572130
-2127448029807256807,990115,1490572151
-2166154802491863751,990115,1490572114
3160748778101465060,990115,1490572129
946776984751657689,990063,1490572118
7027748155251815183,990061,1490572131
5330730424267621954,990078,1490572121
4162363408759105354,990078,1490572139
991669619161879376,990078,1490572114
-9118437437277039173,990078,1490572121
5496840501988228174,989978,1490572146
-6752016702808661955,989534,1490572112
7665647773834489455,990141,1490572109
-4624383992708187625,990141,1490572118
-3732045302735164366,990141,1490572106
6069158197263111741,990141,1490572137
-1750341381130636008,990141,1490572142
599144851509749263,990141,1490572132
-3067954574837484710,990141,1490572094
3344671941994470794,990141,1490572116
-4220048047747111823,990141,1490572154
1629007789715473338,990141,1490572145
7375283036211501778,990141,1490572108
5179963948221739779,990141,1490572116
-496530807916394273,990141,1490572131
6967677359554719695,990141,1490572125
6528098604380833321,990141,1490572132
2448038824146975369,990141,1490572105
-6330488506958684098,990141,1490572150
8675987177296083822,990141,1490572136
-3287448774303375293,990141,1490572139
8851930907846679359,990141,1490572105
-996447441812649418,990141,1490572096
5791994650563219212,990141,1490572113
3075506150664059151,990141,1490572121
3349325555229258988,990141,1490572096
1818006260484334562,990141,1490572138
1026666018206061963,990141,1490572153
7364803897846532935,990141,1490572141
5464915191286959632,989532,1490572107
-3867222805154075510,990069,1490572143
-7246195666991682651,989813,1490572104
5611231254495989615,989813,1490572151
7908785470839893497,990124,1490572143
-2127448029807256807,990124,1490572122
-5082772128560791590,990124,1490572126
7358489560652234490,990124,1490572150
4761018420649346622,980821,1490572126
3336509640288575285,967521,1490572128
6585324739138860061,904189,1490572113
8504915387847469772,990136,1490572099
8051546762199001102,990136,1490572152
-9046747922976237187,990136,1490572131
-1406716021033706051,990136,1490572100
-7943282051595649904,990136,1490572124
-312506635528556033,989321,1490572129
-312506635528556033,989575,1490572119
-6351181001545211698,985714,1490572121
-8449421620104773919,990083,1490572147
4162363408759105354,990083,1490572129
