862265537716274210,991343,1491059018
-7438514340102280420,991343,1491059033
-8649225276285749058,991343,1491059002
-1256432183507360082,992191,1491059025
-3980604267309151576,992191,1491059027
-6309203415279561012,990407,1491059016
-6872453955316737914,992418,1491059030
6294584085303437609,991918,1491059001
-6678774596031102084,992390,1491058994
1760154757936253016,992138,1491059049
-5510957199337412775,991656,1491059051
-1212312285332828866,992594,1491059001
-6682303499047589794,992594,1491059033
-6811365179243290360,992594,1491058994
-4875932672757378585,992594,1491059049
7566710249196346100,992594,1491059052
-7730165967940283582,992284,1491059014
619745919770562818,894122,1491059008
7175074984504633063,960578,1491059021
-3287429788488685965,992603,1491059034
-2502224822446614464,992603,1491059049
-998110780265200563,992603,1491059004
7566710249196346100,992603,1491059002
-2911977456324933916,992603,1491059050
1268644581585589231,992603,1491059026
1927271213725187161,992452,1491059018
1771249021269739101,992452,1491059046
2444692785586308086,992452,1491059021
398434412033469160,992452,1491059022
3492215418470978152,992201,1491059005
8601647324014239769,992201,1491059029
-865285519542700397,992201,1491059013
-1352823056493560273,992201,1491059024
-681220051990920962,992201,1491059041
-7844863091983940235,988973,1491059046
2610099799978679147,992710,1491059014
-8532214307032610585,992710,1491059004
-3011878722059081312,992710,1491059048
-5111324537882756102,992710,1491059020
-5422709384887914957,992710,1491059003
3738889333431518648,992710,1491059005
129433366599905211,992710,1491059020
-4329231818330298497,992710,1491059037
7215093810142490083,992710,1491059052
644224393391618952,992710,1491059033
-7529930241723093104,992710,1491059018
-3009545360532999586,992710,1491059051
3657509587532648260,992618,1491059037
154259847825326369,992618,1491059047
7137483840787607591,992618,1491059003
-8083824106767392089,992618,1491058998
-6703722579187271756,992618,1491059010
-7909551502989897847,992618,1491059002
9043507736353909580,992618,1491059033
-4864317835493149476,992618,1491058996
5837415442335568234,992618,1491058998
455876272807134169,992618,1491059049
1663110226135073345,992618,1491059018
-2187666384489948236,992618,1491059040
-1087205739025544595,992618,1491059025
-3984392105942487036,992618,1491059049
168783044391050599,992618,1491059034
5885972166350028665,991787,1491059038
-9029616143442083183,992448,1491059032
-8107618423449195506,992448,1491059045
294102900142496758,992448,1491058997
-580029240086986481,992448,1491059005
3875053522955175007,992448,1491059051
-267320762603265829,992484,1491059038
-547665633242309741,992484,1491059053
5005484137057160234,992647,1491059001
-8947687414418040394,992647,1491059018
7342413112407057021,992647,1491059030
1677954992861860398,991547,1491059042
289448058533231659,991547,1491059008
8853487199445685123,403634,1491058997
-2148688036420031874,992039,1491059021
-8862891478714634977,992039,1491059011
-8213944820908958195,992039,1491059032
3154298246367764081,992039,1491058995
-4917816362769350201,992039,1491058995
-1791679526803342460,992039,1491058996
-9026909741507842345,992039,1491059040
-8498072105850436224,992039,1491059048
-3784023482745931619,992039,1491059026
-9167136606671629030,992039,1491059044
1888315506646764949,992039,1491059046
-3280080251158320771,992039,1491059040
-5936590244336659552,992039,1491059000
846498742929914310,897069,1491059029
7808729275321152917,992183,1491059025
9194712847417218773,992320,1491059009
-6501076100256604905,992320,1491059038
-2514875867457378502,989599,1491059023
-746208233128299568,992642,1491059042
-3087734600178315598,992642,1491059025
-2170126040945192638,992642,1491059050
-4029296315687893915,992221,1491059034
-8238063675450204855,992221,1491059050
-4176270794752568444,992032,1491059009
7583378933579678313,992699,1491059033
3066526017968141514,992699,1491059003
-6376659095380371664,992699,1491059004
-1752504273257475255,992699,1491059034
-4094842069837266184,992699,1491059021
5438761260234914273,992699,1491059041
3431621266230576164,992699,1491059053
-2289503618693920859,992143,1491059027
-865285519542700397,992236,1491058995
-4332062200457464706,992236,1491059015
-1352823056493560273,992236,1491059017
-4264851807969376392,991486,1491059004
-9084919879379698720,992457,1491059024
-1964561895614246223,986789,1491058998
-5405463190772053779,986789,1491059023
5885972166350028665,991997,1491059038
-7169058711112897238,991997,1491059020
-7578370564846344101,991933,1491059002
-2119594305458852638,991937,1491059007
7082540854934782099,991299,1491059052
-6578119867157572644,992676,1491059010
-7565231665889772252,992676,1491059015
-6281473537543737486,992676,1491059039
5801669034849810455,992676,1491059026
7895650901507975950,992676,1491059049
-2440722218820680522,992676,1491059013
4037831530126936331,992676,1491059047
5851242262394432672,992676,1491059052
-2423529884317462049,992676,1491059008
8069897050932995921,992676,1491059029
-9139630274985182888,992676,1491059021
5723568261321288716,992601,1491059024
-4875932672757378585,992601,1491059014
7566710249196346100,992601,1491059040
7059307385049988735,992601,1491059053
-998110780265200563,992601,1491059040
-6872453955316737914,992410,1491059030
4228095377032315650,992596,1491059016
-6811365179243290360,992596,1491059008
-6682303499047589794,992596,1491059033
1196169969300465424,992160,1491059021
-7189132089980865775,992160,1491059014
4917508259361498408,992615,1491059038
-1967686670916097389,992615,1491059040
4397938846758857660,992615,1491059028
-2741047252289312076,992615,1491059030
-3775757309508992813,992615,1491059004
4647556646999280365,992615,1491059049
7854806899409038032,992345,1491058997
-951906662899469456,992345,1491059051
-8089187645403480465,991215,1491059032
3983887048079386805,991545,1491059046
-2925702874400487906,991545,1491059040
5050624905738931006,991545,1491059022
-447961339194536842,991545,1491059012
1957678283339152321,991999,1491059001
5505398351854578025,991955,1491059030
-2313833503975679541,983781,1491059039
3846837879970675274,992271,1491059031
-730072252569438616,992271,1491059038
-234615155294607934,992271,1491059032
-6872453955316737914,992456,1491059020
2973738631787006247,992624,1491059046
-5116633346299765449,992624,1491059036
-2791078442690149776,992624,1491059048
105543148454164751,992624,1491059011
-3782448105300751921,992624,1491059017
5837415442335568234,992624,1491058996
1735410198816789,992624,1491059036
7680858536436314563,992624,1491059051
-4864317835493149476,992624,1491058996
168783044391050599,992624,1491059034
-1087205739025544595,992624,1491059025
-6531452268828002888,992624,1491059001
9043507736353909580,992624,1491059030
455876272807134169,992624,1491059049
7975478713849607396,992624,1491059048
-7909551502989897847,992624,1491058997
8309613577580075462,992624,1491059013
-3984392105942487036,992624,1491059049
-6703722579187271756,992624,1491059004
1663110226135073345,992624,1491059018
7509700862003845720,992624,1491059037
3110695342106247703,992624,1491059002
7133706440132172299,992624,1491059035
-2550463404010415170,992624,1491059002
-4899360877959930861,992624,1491059046
-2187666384489948236,992624,1491059040
154259847825326369,992624,1491059013
-6732761165790428471,992624,1491059026
6835042057415882765,992624,1491059008
-3192986017360629807,992624,1491059048
1568035874713430517,992624,1491059002
-3737304539777233338,992624,1491059028
7990944516526260737,992624,1491059041
-4687470753707071907,992624,1491059020
-1594145084385686956,992624,1491059032
-1555734387232462246,992624,1491059039
-7663823597196607234,992624,1491059027
-3067128271854708123,992624,1491059000
-3182379826900217030,992624,1491059050
-1893101699074335935,992624,1491059000
-6778911444726072448,992624,1491059020
-7223352596484893795,992624,1491059050
2209343196026421725,992624,1491059023
3277807489010447631,992624,1491059006
-3723661236032009681,992624,1491059041
6172837995056424907,992624,1491059032
840797118601739360,992624,1491059035
9021367829693634179,992624,1491059014
2740523125999992609,992624,1491059037
-443947156903165369,992624,1491059040
-8387029020335630222,992624,1491059022
-5296465450119645947,992624,1491059007
-3029102964107248450,992624,1491059020
1110055026926233109,992624,1491059030
8766640044650983491,992624,1491059044
180945296147686972,992624,1491059005
447499457466257798,992624,1491059005
2382987756306947657,992624,1491059043
-7419439321318457704,992624,1491059022
7656364848604141661,992624,1491058997
-3996820477429195025,992624,1491059032
5751885496444241465,992624,1491059003
2374833571352574509,992624,1491059044
6382524603099051050,992624,1491059016
8211644334717852829,992624,1491059031
404998010547406554,992624,1491059011
8886274277520218471,992520,1491059054
-977466338513293719,992520,1491059014
-4637023408119050361,992520,1491059033
7950829741285212891,992520,1491059000
4288811243037136884,992520,1491059035
-7644987770521249195,992370,1491059053
9477495791652509,992370,1491059048
-2301098894915897332,987993,1491059018
-2761640173789695949,992575,1491059018
2813090952080037210,992575,1491059001
-1849418386599820867,992462,1491059032
-6136309872352493987,992581,1491059049
3033682139597762169,992581,1491059022
-289964571125026038,63454,1491059040
4546228902998557101,991683,1491058998
-8114010973313817391,991683,1491059052
-7124403267338566017,991683,1491059000
4926232499519660877,991644,1491059005
4365933459645860201,951665,1491059049
-8293377646171217006,951665,1491059041
-760164793646064134,992600,1491059040
-4979321271259642812,992600,1491059046
-9040149771968641816,992600,1491059016
-4186568563280054495,992600,1491059030
-8736395778939672852,992600,1491059016
-4185806839316708853,992600,1491059034
4199992803602601620,988542,1491059039
-6025068477918867179,988542,1491059008
-3109679730256101664,991247,1491059042
-4397558224389841283,992188,1491059038
4882402381138713892,992188,1491059018
-1884195104937130614,992188,1491058998
6671649369231769488,990230,1491059016
-1612385682281164943,988353,1491059038
3383954552326375540,991835,1491059000
-1283160587768682791,991835,1491059031
1997656763030155142,991835,1491058998
-4914490995595830510,991835,1491059025
-2301098894915897332,988310,1491059051
3392550170880762348,991941,1491059043
-8623932879921928171,991941,1491059027
-4658864932532365179,61299,1491058994
-7077222344699208212,990691,1491058998
-3513800605450046768,990691,1491059001
-6311863490325955764,990691,1491059021
-8975086858067144771,990691,1491059038
3104943909694471683,990691,1491059009
-1085095207154406337,990691,1491059022
-5676453571177139900,990691,1491059052
5726024091286856744,154535,1491059014
-7299540310221729435,992715,1491059026
2508016494892707585,992715,1491059010
2982583917735669052,992715,1491059018
2425371641234897969,992715,1491059008
7069432857065307818,992715,1491059018
6799096847733528838,992715,1491059038
1388337977011551342,992715,1491059005
8943382413186527327,992715,1491059003
-8444002352965489816,992715,1491059015
6501018871935094863,992715,1491059030
7215093810142490083,992715,1491059021
-366019336970927265,992715,1491059021
-8750368145074182583,992715,1491059010
-4804284312477667914,992715,1491059021
-7486862981010298698,992715,1491059030
4779342892544988451,992715,1491059023
-5056848570867261594,992715,1491059001
8896974661260922516,992715,1491059039
-6668823487743926842,992715,1491059035
3976180472714731643,992715,1491058999
-800912088675407545,992715,1491059015
-7406064848828395723,992715,1491058995
7812328731663544349,992715,1491059026
8204584228566044629,992715,1491058996
-1534534807348153442,992715,1491059012
-1588240681102157751,992715,1491059049
6043527331849259486,992715,1491059001
129433366599905211,992715,1491058998
8958801059999976022,992715,1491059041
-1892911129378997581,992715,1491059019
6093914142515020733,992715,1491059018
-6303785393187420096,992715,1491059027
622436810778636741,992715,1491059043
8084399909250890276,992715,1491059014
6547314715920126599,992715,1491059000
3485713080308011177,992715,1491059052
4972254707447977080,992715,1491059053
-6799843869243824481,992715,1491059034
3977410042695204218,992715,1491059042
-785495762332870327,992715,1491059010
-5976907412988273212,992715,1491059021
7516138208697592182,992715,1491059029
3914725066613986516,992715,1491059042
-3492880630576927297,992715,1491059009
4819370792483323792,992648,1491059032
-6334447867261980301,992648,1491059020
1979187442227101881,992648,1491059009
-5280559672616034505,992083,1491059024
-1994425751899361310,992577,1491059011
3182175024995972025,988588,1491059011
-4176270794752568444,992023,1491059026
8091432630945171318,990326,1491059021
-6713043705363474558,992607,1491059039
-782813860199624088,992576,1491058996
4926232499519660877,990530,1491059031
-4248183116496065625,991969,1491059047
-307395659177230092,982365,1491059045
-2200150392499331575,990987,1491059037
-3246102547672836203,990987,1491059018
4673953433968078133,990987,1491059002
-4205896878544377305,990987,1491059019
-6136309872352493987,992582,1491059007
-253087359418916232,992582,1491059041
6084347902917766008,992232,1491058997
-4332062200457464706,992232,1491059007
3667086554866414386,992232,1491059048
-5554013098218721898,992556,1491059028
-4886622948093238185,992585,1491059036
-253087359418916232,992585,1491059041
528984445385695,992585,1491059032
5984307041710964607,992610,1491059028
-1967686670916097389,992610,1491059047
4397938846758857660,992610,1491059036
4917508259361498408,992610,1491059047
9477495791652509,992655,1491059000
1715601445523309137,992655,1491059041
5759848997982540188,992655,1491059044
5007512863784092880,991612,1491059046
4673953433968078133,991211,1491059046
7509679127406722441,991890,1491059009
-8089187645403480465,991047,1491059051
3377222591470056222,992671,1491058998
-1787158047535779548,992671,1491059051
3976195954722578356,992671,1491059008
6520737930192446929,992671,1491059053
6616527084823965700,992671,1491059008
-2440722218820680522,992671,1491059038
-4877079672487417949,992671,1491059001
-9188034147713955686,992671,1491059027
8328795943140214809,992671,1491059027
-2301098894915897332,988308,1491059051
-963551026348557676,990094,1491059025
8984267638732983413,990094,1491059041
-4176270794752568444,992036,1491059001
942203317196944419,992036,1491059039
-2191215313620728355,990686,1491059041
-3246102547672836203,990686,1491059039
-4068172555291756610,338783,1491059035
8680000419867955093,992714,1491059008
1515212988934044471,992714,1491059005
5207711046179309466,992714,1491059044
-4329231818330298497,992714,1491059019
-4513367907315875232,992714,1491059005
5053443793435584867,992714,1491059050
1809834744584726556,992714,1491059047
2227592204189175997,992714,1491059021
-2797964180917925183,992685,1491059001
3214602355188924077,992685,1491059041
-3500661097847930956,992685,1491059046
-1262861078794803927,992685,1491059004
4797067345444423537,992685,1491059011
4037831530126936331,992685,1491059020
4790420459706293602,992685,1491059015
-4764413911745354222,992685,1491059025
7035023772951045969,992685,1491059042
-3840165922667357060,992685,1491059030
-2435333711363506758,992685,1491059027
4850973105576277816,992685,1491059010
-6281473537543737486,992685,1491059017
5801669034849810455,992685,1491058999
7895650901507975950,992685,1491059014
-8666529583169937401,992685,1491058996
-1429887057528756942,992685,1491059009
6257274905617141428,992685,1491059042
-5174046157360433353,992685,1491059042
3397965716931983856,992685,1491059035
5659037727526642728,992685,1491059017
2021382506394092220,992685,1491059050
2547000744374488572,992685,1491059016
5851242262394432672,992685,1491059025
-1869550107903596449,992685,1491059029
-5092393461986172015,992685,1491059051
-3279619884455707089,992685,1491059011
-6920804450781478107,992685,1491059039
4631587142971330902,992685,1491059020
8074289354918857517,992685,1491059015
-1749961902976110368,992685,1491059036
-4659727764266463266,992685,1491059036
-6793127282874112777,992685,1491059028
4349853369687057819,992685,1491059050
3780301364292868626,992685,1491059017
-5797608986032949238,992685,1491059047
3483036628313309337,992685,1491059031
-6680415825280855152,992685,1491059046
10074650177997661,992685,1491059022
-5561151353531336048,992685,1491059042
-2088635477328758371,992685,1491059046
7128598011356959297,992685,1491059027
3037135298652355615,992685,1491059041
-1394889278714286942,992685,1491059033
-1114991918662221779,992685,1491059034
-2133914279035907894,992685,1491059037
4166304046105378075,992685,1491059040
2180698314390499308,992685,1491059033
3339325340495531123,992685,1491059003
6634533205793221798,991942,1491059045
-148730865102102814,991983,1491059031
1396449853311331029,992504,1491059027
-6891797858524791206,992504,1491059053
-6061195902760558032,988983,1491058996
3214817542479982980,992313,1491058995
6355211125256407464,992555,1491058994
-504342423038673048,992306,1491059027
7082540854934782099,991322,1491059021
5723086339356064308,991322,1491059050
3667086554866414386,992223,1491059048
-2158317843204521026,992223,1491059046
3812064664362244360,992223,1491059032
4853273345711606565,992223,1491059008
-3628021309128450337,992223,1491059046
7080152459051024750,992223,1491058997
6665004947138988519,893384,1491059050
9152339044663149185,988325,1491059022
-7688330665389372807,988325,1491059052
6556160485196604949,988325,1491059036
-1250806149431205361,988325,1491059007
9079707991862524602,988325,1491059037
-1641414659534834842,988325,1491059045
-3714055232814445555,988325,1491059050
-2222427716052729043,988325,1491059005
-2145919168257458746,988325,1491059042
222300858929019416,988325,1491059050
-1244336999498728004,988325,1491059020
7268357018077173370,988325,1491059035
-1089518097536349460,988325,1491059039
6448345270171498315,988325,1491059001
6090214797068391268,988325,1491059034
6891173942710134982,988325,1491059025
-1866469985192254543,988325,1491059025
-2301098894915897332,988226,1491059034
8853487199445685123,346859,1491059050
-6762914779064635021,971588,1491059043
-4176270794752568444,992024,1491059046
-4332062200457464706,992229,1491059015
7678726063011466821,992295,1491059021
-5098397074423914902,992295,1491059012
-8238063675450204855,992295,1491059007
3642462666846961458,992295,1491059005
-5717424374256065435,992295,1491059047
-2936837102475404559,992295,1491059041
536172671535387886,984743,1491059040
8930140858976026562,992694,1491059003
-6885971935061147769,992694,1491059018
5724598256956439882,992694,1491059022
-2550554223028325156,992694,1491059026
5384153144442835206,992694,1491059028
2126405883145241964,901048,1491059029
9477495791652509,992441,1491059031
-1985589738413873395,946598,1491059011
-6447981056718597151,992623,1491059032
118368107515497213,992623,1491059050
6474827566522261376,992623,1491059045
-2667292916719825121,992623,1491059045
1160294549125420698,992623,1491059026
-5712461945865348993,992623,1491058997
2711285864678801278,992623,1491059005
8857803098193671030,992623,1491059031
-8736395778939672852,992623,1491059005
-3247920608975451305,992623,1491059040
-1560346055509222939,992623,1491059006
1499944960663508737,992623,1491059013
-9056029259241787144,992623,1491059013
191288707930328315,992623,1491059035
-8607843485800101443,992623,1491059022
-891924377976768613,992623,1491059001
4988152958798149922,992623,1491059015
8287142810994464399,992623,1491059033
827352079499371158,992623,1491059047
3435275017688883852,992623,1491059040
7471260013510280048,992623,1491059038
-4291508155077627952,992623,1491059035
-3305409266715191792,992623,1491059036
-8765182133273315066,992623,1491059030
-648355622138869742,992623,1491059040
-3216163083758403016,992623,1491059000
7026099157206006944,992623,1491059036
-7284771484244983958,992623,1491059039
3901658468827757256,992623,1491059039
6096187844066822043,992623,1491059024
6675912731271375570,992623,1491059051
-662998224833768141,992623,1491059005
6818550465819870107,992611,1491059029
1949377364007496921,992611,1491059014
1472082048239753880,992611,1491059010
-8736395778939672852,992611,1491059015
-891924377976768613,992611,1491059010
-9056029259241787144,992611,1491059019
-8607843485800101443,992611,1491059028
-33061565603251653,992611,1491059001
191288707930328315,992611,1491059040
8287142810994464399,992611,1491059038
8857803098193671030,992611,1491059033
-95375591892059616,992611,1491059012
1516785711154314347,992611,1491059020
6474827566522261376,992611,1491059045
8257042528032313710,992611,1491059053
-6447981056718597151,992611,1491059032
-2667292916719825121,992611,1491059045
-3025310702665054953,992108,1491059029
5600904147378783166,992146,1491059022
-1352823056493560273,992146,1491059049
2535892886457796637,991732,1491059038
-8280621604576971189,991732,1491059005
-7529930241723093104,992713,1491059018
-5187230952846023163,992713,1491059049
2093045233467637252,992713,1491059024
7215093810142490083,992713,1491059049
-4329231818330298497,992713,1491059032
129433366599905211,992713,1491059012
1515212988934044471,992713,1491059011
-4743910409081013955,992713,1491059024
7704354222418238474,992713,1491059033
-2065008997027381919,992713,1491059001
7378362006935909004,992713,1491059011
7011663982229742306,992713,1491059012
7757339400161333516,992713,1491058995
-1919006360788958007,992713,1491059034
-5025400961014715978,987770,1491059031
-5466189201251961827,928155,1491059024
-1352823056493560273,992317,1491059002
2142017927137760401,991202,1491059032
-253087359418916232,992588,1491059019
-9161969348808251026,992588,1491059040
5796947638834787577,992588,1491059043
536172671535387886,984754,1491059041
1462574244110427305,992264,1491059024
152236519262477044,991351,1491059052
-3097169954956393867,992347,1491059015
3214817542479982980,992347,1491059001
8975056643695658479,992347,1491059033
5145098485008992994,986916,1491059043
-5664699656978456918,986916,1491059043
1695009684097056547,992531,1491059004
-5556933870761451991,992531,1491059000
4673953433968078133,990877,1491059043
-7870747633705389526,939801,1491058997
-8313332460047244709,939801,1491059004
5860238532857813884,939801,1491059009
609771369531242991,972031,1491059039
-9029616143442083183,992433,1491059038
5759848997982540188,992662,1491059002
1715601445523309137,992662,1491059009
-3870691152707390579,992662,1491058996
8072809099715442624,992662,1491059041
-9188034147713955686,992675,1491059027
-4877079672487417949,992675,1491059001
-6281473537543737486,992675,1491059052
-2440722218820680522,992675,1491059021
4037831530126936331,992675,1491059047
-6578119867157572644,992675,1491059010
5851242262394432672,992675,1491059052
-7565231665889772252,992675,1491059015
7678726063011466821,992613,1491059048
7764086011969800092,992613,1491059026
797196138277017994,992613,1491059038
-9118711084077409477,992613,1491059054
19015997074159157,992613,1491059043
-3865688765073293007,992613,1491059002
-6642621862767033715,906498,1491059036
-4629285456231992494,992492,1491059040
7587453767838086676,974441,1491059036
2837054122621637178,986229,1491059030
5145513944938428560,992547,1491059027
7708815091953504342,992547,1491058996
7720517232164745035,59471,1491059024
-5089326658179617788,991843,1491059024
-3025310702665054953,992110,1491059029
-200721584379456500,992110,1491059010
8975056643695658479,992376,1491059033
5745697667133217184,972545,1491059018
7217197634220086590,992553,1491059035
355951850542507673,992553,1491059013
4501408635763381989,992476,1491059034
-2454926464653776677,992711,1491059008
-4899212030464694230,992711,1491058999
-6797336804858341877,992711,1491059041
6107907155792030851,992711,1491059010
-7819980143879601295,992711,1491059031
2443171455002378706,992711,1491059043
4438820680746987118,992711,1491059009
-236111788234553708,992711,1491059003
-2692486405459869033,992711,1491059020
-3271601747100257014,992711,1491059016
-5815903723635064842,992711,1491059048
-6204525563423600391,992711,1491059032
-6521426792183316941,992711,1491059018
8120047359399700051,992711,1491059006
-4858323963667810956,992711,1491059005
129433366599905211,992711,1491059037
-1875069529401486383,992711,1491059023
-7211320837206404848,992711,1491059033
8422901200186092494,992711,1491059007
-4681128910220767642,992711,1491059021
-8326988465708677230,992711,1491058999
-7201809246770669742,992711,1491058995
-4329231818330298497,992711,1491059044
2871287537584449030,992711,1491059024
-7189025637117641646,992711,1491059006
-5422709384887914957,992711,1491059050
-5111324537882756102,992711,1491059049
8206567478481053876,992711,1491059038
2652747551443745060,992711,1491059048
-548306017836903774,992711,1491059003
1750604351415149280,992711,1491059054
6075323919329870525,992711,1491059019
3698701241120702059,992711,1491059049
3673684864408599010,992711,1491059033
4719706043521762606,992711,1491059022
-5600821762301812331,992711,1491059000
-5718732436005421354,982724,1491059026
-8114010973313817391,992631,1491059052
596382625781431679,992631,1491059001
531774272773435705,991347,1491058999
2257674565866613500,901323,1491058993
-951906662899469456,992348,1491059051
2145828946829683713,992257,1491059048
-1557480300808701172,893973,1491058996
6032098808469725994,992149,1491059027
-148730865102102814,992149,1491059000
1927271213725187161,992149,1491059028
3804193739035874215,992149,1491059016
-2866000159540548796,992267,1491059005
3312040741249335004,990785,1491059047
-2182282206164603135,972937,1491059035
5286634596833038656,991500,1491059039
7082540854934782099,991252,1491059028
7005208334577410388,947539,1491059037
-9042277214357549520,992673,1491059012
5040645000525161518,992673,1491059054
-8085635871927110407,992673,1491059028
8686807898610302170,992673,1491059024
-4479083921086118725,992673,1491059033
-7070082059735041391,992673,1491059045
750689659418186008,992673,1491059005
-6885971935061147769,992673,1491059043
-1761166384036965018,992673,1491059050
9056489836467702891,992673,1491059032
4069300786389285686,992673,1491059028
2166258931324452003,992673,1491059036
1806362571448942185,992673,1491059047
-8398167930142239721,992673,1491059031
-4904333726179311369,992673,1491059038
1727950367894741086,992673,1491059038
1815691178059093741,992673,1491059018
-6853369843217330211,992673,1491059028
-8951605937317877865,992673,1491059024
-6190905161594658256,992673,1491059040
8231470848613379832,992673,1491059000
-4409775563674482906,992673,1491059040
-2237065289365075245,992673,1491059032
-5304189733758979094,992395,1491059035
-9103616507110995811,992047,1491059050
-5413198774582748515,992047,1491059024
-547665633242309741,992490,1491059007
-518776362834166136,991209,1491059003
-6136309872352493987,992580,1491059054
255278379967178505,992580,1491059003
3033682139597762169,992580,1491059022
-7055467059235716968,983774,1491059025
4673953433968078133,991233,1491059041
8431523632843946032,991233,1491059052
7217197634220086590,992538,1491059042
8024766234666126541,992468,1491059045
-7644987770521249195,992468,1491059053
5849329547080849634,992707,1491059009
-4100525161154875357,972415,1491059044
5932297853379776710,414227,1491059032
8209922375069832547,992031,1491059046
6739684191243378630,986208,1491059034
-7017354001841701241,991861,1491059009
-1042871174723054925,990474,1491059026
3804193739035874215,991971,1491059005
1760154757936253016,991971,1491059049
3869339183799207016,990882,1491059020
-1012730413869001247,987503,1491059032
-2596144964846711917,989430,1491059046
3153061201390807369,989430,1491059016
5779837431095894117,990840,1491059006
-1776768092473129344,992562,1491059049
-5315347622012043012,992562,1491059028
-9040149771968641816,992562,1491059037
-4186568563280054495,992562,1491059046
-6136309872352493987,992584,1491059040
3033682139597762169,992584,1491059019
-4886622948093238185,992584,1491059036
8072809099715442624,992663,1491059023
-2911977456324933916,992663,1491059022
5786207051713222640,992663,1491059033
3417818488553946194,992663,1491059010
797196138277017994,992165,1491059026
1574178131869669808,992165,1491058995
5286634596833038656,992165,1491059039
-1328557216139511971,992165,1491059028
-1302420445255264947,992165,1491059004
6980038830199093372,992165,1491059050
3882581962017772016,992165,1491059042
28885750942480463,990246,1491059014
-2943693249624958342,977288,1491059030
-1720787149619392736,985487,1491059007
-6267255821642095628,992362,1491059045
4504477372322279879,992362,1491059052
105543148454164751,992362,1491059030
3657509587532648260,992362,1491059042
-7400862914808062254,992362,1491059040
3820478849113746821,992362,1491059022
4644652029923889783,992362,1491059032
-6798830094541411522,992362,1491059005
7898556060489708251,978998,1491059015
-5718732436005421354,980667,1491059011
-5628227098751219120,992666,1491059041
2754744472581318597,992666,1491059022
4338026168767332792,992666,1491059050
-7879610808889557889,992666,1491059019
-8753109109428976546,992666,1491059007
8899272423969364203,992666,1491059013
-7655730374392866891,992666,1491059027
3346046044982675920,992666,1491059013
4531438132051885940,992666,1491059024
-280846545697298630,992666,1491059001
-3018809090476705274,992666,1491059024
-4858323963667810956,992666,1491059048
7069432857065307818,992666,1491059029
-4094842069837266184,992666,1491059001
6542325869181781750,992666,1491058995
-8124772716350810937,992666,1491059046
-236111788234553708,992666,1491059008
6236830535779535072,992666,1491059010
-6847636436869144511,992666,1491059049
2112865536662923639,992666,1491059052
-2686258947678294297,992666,1491058997
-5815903723635064842,992666,1491059048
2887103137650547274,992666,1491058996
-7818848400080528368,992666,1491059042
4774668444063759998,992666,1491059044
-2322517937930621892,992666,1491059045
8422901200186092494,992666,1491059042
6454437235340933535,992666,1491059045
-6891797858524791206,992666,1491059018
3361307394158697420,992666,1491059037
7808694332014626674,992666,1491059038
-8666081214873958016,992666,1491059034
2043873630491995580,992666,1491059041
2384192070998292769,872514,1491059029
-9161237849555014103,991566,1491059008
-1032173737626587495,991566,1491059019
5280225318278304816,991566,1491059006
3718978858313530529,991566,1491059005
-8382853814321728037,991566,1491059012
7990944516526260737,991566,1491059020
-746208233128299568,991566,1491059011
-5317255921548955147,991566,1491059052
-2686258947678294297,991566,1491059049
9162940667623819258,991566,1491059035
272522406025279992,981937,1491059043
8627797048332548263,345163,1491059052
-8656452413964365935,992355,1491058995
-331811337425622685,992355,1491059027
-4934847989797534234,992355,1491059017
2248430109588888313,992355,1491059014
-6993757098463806694,992355,1491059005
-7688330665389372807,992355,1491059052
1737311600180325144,992355,1491059035
4068193190205480983,992355,1491059030
1487496886928596188,992355,1491058996
-917374097516970546,992561,1491059021
6553115654290099695,992561,1491059007
-3246102547672836203,990875,1491059031
536172671535387886,984510,1491058994
-686495818786345491,949007,1491059031
-1492218596002380484,992124,1491059008
8033513950627992071,989545,1491059000
5562552393116934341,992312,1491059036
-9045447552535546296,991722,1491059018
-6128021804250182898,991722,1491059001
8324246455109912560,992398,1491059015
-2616040292167642558,992398,1491059037
-802187663401585107,991975,1491059004
-2357223052646428572,991662,1491059045
5052780963007763201,991662,1491059002
-2963656309871977110,991662,1491059050
2524203801467439516,991662,1491059046
-2117230442213093158,991662,1491059050
4278792392929943778,991662,1491058998
-4445973779109922380,991662,1491059052
8514982144193694509,988984,1491059010
5655165760992826980,992586,1491059005
-253087359418916232,992586,1491059026
-1023792517326324520,992522,1491059007
-4094842069837266184,992522,1491059042
-6546534265309045264,992522,1491059027
3066526017968141514,992522,1491059040
3589800805596494066,989057,1491059047
8656429763632666830,991392,1491059047
-8737553264869457094,991392,1491059000
8984267638732983413,991392,1491059021
-7084614422441211345,991392,1491059006
7949778265891663917,991392,1491059006
3199699274099291502,875950,1491059039
-3246102547672836203,990738,1491059039
1432256973671197042,992181,1491059031
5436869321468806866,992181,1491059004
-2329646921362008249,992677,1491059048
-9139630274985182888,992677,1491059021
5851242262394432672,992677,1491059040
7895650901507975950,992677,1491059029
-2423529884317462049,992677,1491058998
4037831530126936331,992677,1491059031
5801669034849810455,992677,1491059005
3214602355188924077,992677,1491059044
-6281473537543737486,992677,1491059017
7035023772951045969,992677,1491059042
-1429887057528756942,992677,1491059009
-3500661097847930956,992677,1491059046
-3656383376212281239,950621,1491059033
5984039157718508083,992656,1491059024
588475239882104065,992656,1491059045
-7697809482129525889,992656,1491059000
-8753109109428976546,992656,1491059007
-2686258947678294297,992656,1491059004
3140050524302190748,992656,1491059012
8597702913455592930,992656,1491059023
-6320199187242203765,992656,1491059017
-6813654042205929000,992650,1491059041
-35002365405778038,992650,1491059040
6025139701281768083,992650,1491059055
-5304189733758979094,992650,1491059047
5129567224193945727,992650,1491058998
7510686976653869944,992144,1491059049
5600904147378783166,992144,1491059022
-6872453955316737914,992475,1491059015
-4691421247773990,992475,1491059010
-4970583969576389178,345806,1491059054
7914790884840418549,991931,1491059019
-6083512536977455575,991931,1491059011
-2183148679545331226,991778,1491059039
-8623932879921928171,991778,1491059026
3869339183799207016,991778,1491059028
-1935103578401305963,991870,1491059042
7099178130026466026,416934,1491059012
-652185889607670304,992534,1491059048
-1090614497725255343,992534,1491059010
5455747098574655192,992534,1491059045
3589800805596494066,991793,1491059025
-1866469985192254543,992217,1491059024
-8223574110559622603,992217,1491059031
-3651024228664917247,992217,1491059003
-5722069769328025509,992217,1491059020
-1244336999498728004,992217,1491059020
497452760056490256,992217,1491059037
222300858929019416,992217,1491059042
2835681285354843043,992217,1491059019
-8376767436972791642,992217,1491059036
6508849138149782215,992217,1491059047
-2289503618693920859,992217,1491059046
3875238351983807290,992217,1491059020
-4984548422270061920,992217,1491059018
-656330159941115505,992217,1491059017
-7857991983681639882,992217,1491059003
9151430954556345230,992217,1491059026
-3726323278814914262,992217,1491059013
-1894041692326241899,992217,1491059050
9212693543067563744,992217,1491059033
-6403201370617408270,992217,1491059015
1572024025366030642,992217,1491059003
-7707397153975254096,992217,1491059053
-7084614422441211345,992217,1491059026
-2786936254799784311,992217,1491058998
-8694238227451560566,992217,1491059009
5984307041710964607,992612,1491059014
4917508259361498408,992612,1491059047
4397938846758857660,992612,1491059036
-1967686670916097389,992612,1491059047
2715063529161860962,992099,1491059030
7837885102084229186,992099,1491059038
8853487199445685123,347216,1491059018
3483036628313309337,992681,1491059031
-3565587654573776127,992681,1491059009
5851242262394432672,992681,1491059018
7787297768975671961,992681,1491059029
5787391562892338266,992449,1491059003
6508849138149782215,992139,1491059008
-4826300790884493433,992139,1491059047
163994056766274895,992139,1491059029
9212693543067563744,992139,1491059033
-3714055232814445555,992139,1491059011
455980342668079381,992139,1491059036
7206054795415608571,992139,1491059053
-6139990926947723331,992139,1491058999
2515428495158423588,992139,1491059017
-3009528463513455291,992139,1491059017
-4948520391462728663,988454,1491059022
8662751083734392431,988454,1491059049
-6752358935513296855,988454,1491059045
7175074984504633063,988454,1491059009
3812474365923704612,988454,1491059012
4788200499453032527,988454,1491059024
-8365078883111899988,988454,1491059045
-2596144964846711917,988454,1491059049
-4718861436586343027,988454,1491059032
838199523521748331,988454,1491059028
-1352823056493560273,991988,1491058998
-3594801908500011973,989370,1491059033
-4176270794752568444,991980,1491059017
-475419904877982131,992400,1491059052
-7478475879285744876,992709,1491058999
-6214149361181675653,992709,1491059054
-8666081214873958016,992709,1491059034
6454437235340933535,992709,1491059045
7716673353139527610,992709,1491059027
-4168156402560185725,992709,1491059003
3804710301120815371,992709,1491058999
-5672055724663412058,992709,1491058997
-2322517937930621892,992709,1491059045
4774668444063759998,992709,1491059044
3520873111086554487,992709,1491059052
6200416112294731579,992709,1491059002
-4858323963667810956,992709,1491059037
-7201809246770669742,992709,1491059027
8422901200186092494,992709,1491059042
-8124772716350810937,992709,1491059040
2043873630491995580,992709,1491059041
3084291103198378511,992709,1491059043
3205131291042739580,992709,1491059045
6967589037867580319,992709,1491059002
2112865536662923639,992709,1491059052
-5931515543942370379,992709,1491059044
-3018809090476705274,992709,1491059008
2871287537584449030,992709,1491059037
2537748794212455169,992709,1491059037
6236830535779535072,992709,1491059007
4438820680746987118,992709,1491059014
-3692510039838658141,992709,1491059022
9053313669548502294,992709,1491059050
4016814915539430347,992709,1491059027
-4899212030464694230,992709,1491059000
-8724607269535039578,992709,1491059043
-686368992966261890,992709,1491059023
-7099940317723570799,992709,1491059028
4205832780067130884,992709,1491059039
7635914992605229268,992709,1491059050
-2000748854248697026,992709,1491059045
1022688375288492728,992709,1491059036
-7357596435794829723,992709,1491059046
3818262855627940482,992709,1491059032
-371612981685403695,992709,1491059010
-7089018557265613721,992709,1491059022
6127146575328037957,992709,1491059009
2374772467775171812,992709,1491059035
3225700560570387413,992709,1491059049
3985686601262479325,992709,1491059013
-3020783197348147254,992709,1491059022
-4202289380272907691,992709,1491059032
8358617431290747279,992709,1491059012
7782616638986049788,992709,1491059011
6481775248081102422,992709,1491059038
1083436065379482319,992709,1491059004
2834387197777683217,992709,1491059006
-4551511501272916748,992709,1491059041
5797584059872089200,992709,1491059016
-8902796869050579295,992709,1491059023
2056417494000477912,992709,1491059050
-8715641078857842924,976329,1491059004
-4176270794752568444,992029,1491059031
-8280621604576971189,991724,1491059021
2535892886457796637,991724,1491059038
-1815632771072892290,991934,1491059014
-3197393643860440468,991934,1491059009
5211401043068522144,991934,1491059007
-7697809482129525889,991934,1491059039
5782081867345283752,989111,1491059043
-1752504273257475255,992703,1491059023
-7345946230937177395,992703,1491059042
-4094842069837266184,992703,1491059014
-2917411275909251417,992703,1491059012
-4858323963667810956,992703,1491059054
-8089187645403480465,991070,1491059051
-7246680608560590071,101127,1491059038
-22564965930329153,991521,1491059001
-1352823056493560273,992155,1491059034
-865285519542700397,992155,1491059013
8853487199445685123,347219,1491059007
7953761749185419962,415973,1491059043
-9064420526589734602,988823,1491059050
-1641685800287854266,989513,1491059050
-7621896709052764219,992363,1491059004
229324804370503088,992363,1491059018
-164750306632093722,992010,1491059006
-3312538457644765599,992010,1491059037
-3114022793980391822,911440,1491059003
-7189132089980865775,911440,1491059014
1170163465233070667,937521,1491059037
6952644525992510505,987577,1491059008
-2611174414178618693,409826,1491059041
-4637023408119050361,992496,1491059033
-977466338513293719,992496,1491059014
4624936513768806265,992359,1491058994
-4046674287106410946,880391,1491059018
-3870691152707390579,992661,1491059012
8072809099715442624,992661,1491059045
5759848997982540188,992661,1491059006
-5039453139788687525,952643,1491059047
-7794593373980614139,926190,1491059048
-4516299197618239884,975211,1491059012
-6025068477918867179,990913,1491059011
2184738339026245531,992551,1491059008
3240569094473802720,990070,1491059014
9477495791652509,990070,1491059016
5524382682199823226,990070,1491059035
-550492996009335472,990383,1491059005
6364415845040478890,990383,1491059029
-3406967397803409533,990383,1491059034
1389333748455204529,990383,1491059035
-4673900466793583987,990383,1491059013
328192080483194602,990383,1491059028
-586954616662557303,990383,1491059054
-2301098894915897332,988315,1491059004
7059307385049988735,992605,1491059053
-4875932672757378585,992605,1491058995
-998110780265200563,992605,1491059040
7566710249196346100,992605,1491059024
5561481629187926793,888591,1491059012
-2866480437829963638,403597,1491059007
-4516299197618239884,975182,1491059013
8012428020386146110,945144,1491059021
8641779809267895760,991986,1491059008
-2082522502419262762,992570,1491059020
9477495791652509,992570,1491059023
-1249796377770228533,992570,1491059054
-1787370816679773330,992653,1491059048
6025139701281768083,992653,1491059028
-5304189733758979094,992653,1491059037
9141079725695416843,992653,1491059023
-1871080777123687639,992653,1491059050
-6994896696056271208,992653,1491059002
5169933990378227217,991395,1491059003
4282292305386441704,991395,1491059008
4231003569140224783,991395,1491059017
-7875979030758513790,991416,1491059008
4686541463538582258,992467,1491059027
-7338225316904798038,992467,1491059047
-9148164591123044098,992467,1491059039
-1799401074518307971,992467,1491059024
-9029616143442083183,992460,1491059019
-8382853814321728037,992460,1491059046
8354132066647586140,992269,1491059028
1007399655385309386,875062,1491059013
-8089187645403480465,991112,1491059039
-6546534265309045264,992688,1491059014
3066526017968141514,992688,1491059022
-1752504273257475255,992688,1491059049
-4094842069837266184,992688,1491059030
7620001838198901222,991216,1491059025
-3802253252499489359,991216,1491059052
-3087701027158459294,991216,1491059040
1677954992861860398,992311,1491059018
-9148479010283516615,992311,1491059019
7877349027081166547,992311,1491058996
1102451208866380928,952024,1491059043
-1352823056493560273,992258,1491059012
-8623932879921928171,992080,1491059019
-7859378478177231505,991417,1491059011
-7356318801442109077,957476,1491059022
-7859378478177231505,990301,1491059001
3389410984224645317,990301,1491059001
-1283160587768682791,990301,1491059033
4921287539374013095,990301,1491059016
-1752504273257475255,992700,1491059041
3066526017968141514,992700,1491059008
-4094842069837266184,992700,1491059021
7583378933579678313,992700,1491059033
1593089290476848514,989385,1491059039
9043507736353909580,990369,1491059033
-6839244183009827276,990369,1491059026
8984267638732983413,990369,1491059004
7055145468265970689,990369,1491059018
-7084614422441211345,990369,1491059005
-1848066143352167408,990369,1491059043
-5258658466404298756,990369,1491059044
-7164216296255898054,990369,1491059004
-6501076100256604905,990369,1491059000
7949778265891663917,990369,1491059006
1022183409959321307,990369,1491058996
-5514935864128923414,990369,1491059029
4352592369976852308,990369,1491059001
-5373339749419551240,990369,1491059044
-5189589952997757473,990369,1491059053
-5513659766874053420,990369,1491059026
-8126730430607315656,990369,1491059009
2794317144031906551,990369,1491059004
-5821053478056339762,990369,1491059046
485156643799885194,990369,1491059001
2268945001961553315,990369,1491059001
-5112826250229330531,990369,1491058997
7340039443462725966,990369,1491059010
-2133914279035907894,990369,1491059031
-913251466029983599,990369,1491059034
-8386210988091095720,990369,1491059016
-1256432183507360082,992239,1491059016
-504342423038673048,992239,1491059041
-613523713989712880,992239,1491059047
7720385139656080479,992674,1491059028
6563791260659812614,992674,1491059053
1888315506646764949,992674,1491059047
-6476705951192303990,992674,1491059029
-380726230169518052,992674,1491059026
1660369055422863763,992674,1491059027
3976195954722578356,992674,1491059008
-1701988083550397270,992674,1491059044
-5994046825215712970,992674,1491059030
3377222591470056222,992674,1491058998
-6722128425278878738,992674,1491059015
2982583917735669052,992674,1491059031
725439702420897704,992674,1491058995
-2440722218820680522,992674,1491059038
6616527084823965700,992674,1491059007
-3934383591840144241,992602,1491059000
-6713043705363474558,992602,1491059052
-746208233128299568,992602,1491059048
-3087734600178315598,992602,1491059025
7723006394176800985,992602,1491059016
6718138149390820578,992572,1491059008
-5315347622012043012,992572,1491059004
-1776768092473129344,992572,1491058999
-9040149771968641816,992572,1491059029
-4186568563280054495,992572,1491059038
-7733124316574362382,992712,1491059037
2871287537584449030,992712,1491059021
-4681128910220767642,992712,1491059015
3698701241120702059,992712,1491059049
6314251330070252380,992712,1491059014
-5304189733758979094,992712,1491059030
2560981020382640361,992712,1491059034
5240761755167348689,992712,1491058995
-5422709384887914957,992712,1491059050
-2498923187856301874,992712,1491059036
-1875069529401486383,992712,1491059019
-8902796869050579295,992712,1491058999
516636701718117304,992712,1491059052
-5111324537882756102,992712,1491059049
-8326988465708677230,992712,1491058995
-9162198574872425129,992712,1491059023
-4448174806180365387,992712,1491059052
-4858323963667810956,992712,1491058998
-6713321311639010591,992712,1491058997
129433366599905211,992712,1491059028
-4329231818330298497,992712,1491059042
-2357714696559592209,992712,1491059047
-7629898566607469095,992712,1491059036
5843367964053808696,992712,1491059001
678317055330261974,992712,1491059025
-6738052564140529099,992712,1491059017
7215093810142490083,992712,1491059052
-2580285944782870626,992712,1491059022
9124716628930722031,992712,1491059048
-3142688663481022576,992712,1491059020
1747203125924288499,992712,1491059046
-5283138972197111874,992712,1491059001
6930770801871335760,992712,1491059026
-8666529583169937401,992712,1491059022
5216413750165341619,992712,1491059019
4865442271701153903,992712,1491059015
-4715849321002460460,992712,1491059007
2710724019496206652,992712,1491059025
4719706043521762606,992712,1491059012
-1332047119893920793,992712,1491059019
-7194913484462109430,992712,1491059054
-3982115608863786223,992712,1491059037
-6013688087471196962,992712,1491059025
6059885122680698223,992712,1491059043
7510686976653869944,992131,1491059049
-2114124369612919761,976643,1491058998
-4875932672757378585,992598,1491059049
7566710249196346100,992598,1491059052
-2113494458285868311,991451,1491059030
-6362239693689045764,992088,1491059018
-2117230442213093158,992088,1491059049
872204144868909403,992088,1491059022
-6056191689416577556,992088,1491059017
8611007781610424859,992088,1491059003
6536380817073263854,992088,1491059049
731822293421897325,992088,1491059002
4722518499413679973,992088,1491059024
-6159601449090219966,992088,1491059045
-6006055135813963296,992088,1491059041
-5514935864128923414,992088,1491059009
783679409447319919,992088,1491059002
3312040741249335004,992088,1491059044
-3255878788685246445,992088,1491059004
-1873138691079786562,992088,1491059034
-7092358751862246485,992088,1491059047
-1090843996011121072,992088,1491059044
5072736483684153887,992088,1491059049
4471300749779337156,992088,1491059026
-1060899376367149328,992088,1491059001
8682885416160068128,992088,1491059045
-8503178757940861537,992088,1491059049
7695238757650641849,992088,1491059048
-331811337425622685,992088,1491059043
138551847001655819,992088,1491059035
-8326988465708677230,992506,1491059000
-7211501160821401960,992506,1491059011
8605548411053938064,992506,1491059046
3635450656706421983,992506,1491059050
7583378933579678313,992705,1491059012
5438761260234914273,992705,1491059038
-5039453139788687525,992705,1491059044
3431621266230576164,992705,1491059053
-6501076100256604905,992705,1491059026
-1752504273257475255,992705,1491059028
-4094842069837266184,992705,1491059017
-7345946230937177395,992705,1491059043
5421211678848649445,992705,1491059013
-8341293328047488755,852010,1491059028
-5554013098218721898,992557,1491059009
4017355344900811976,992557,1491059025
6575249368162469180,985495,1491059038
-7055467059235716968,983728,1491059044
5851242262394432672,992682,1491059003
3803069086923343682,992682,1491059024
-164513720938820083,992682,1491059037
4673953433968078133,990928,1491059010
-3246102547672836203,990928,1491059023
-7438514340102280420,990928,1491059033
3641013970928519422,904041,1491059038
1321319266540377696,885853,1491059036
3066526017968141514,992695,1491059040
-6546534265309045264,992695,1491059024
-4094842069837266184,992695,1491059035
3711724382017984874,980186,1491059016
-1789791668295779622,960089,1491059030
4673953433968078133,991201,1491059053
-808400754247405539,991201,1491059020
-2383935593519997897,992407,1491059029
4938473605996172384,992407,1491059019
528984445385695,992587,1491059032
-253087359418916232,992587,1491059031
8080198593603501896,992587,1491059051
-3307342766093325669,990299,1491059046
-5494791543081369327,992565,1491059025
-8623932879921928171,991981,1491059035
8063636528709112221,992625,1491059012
3116225860692319391,991826,1491059054
-6083512536977455575,991826,1491059053
-9029616143442083183,992428,1491059038
-504342423038673048,992245,1491059041
8189502934726045330,344114,1491059034
-3168525629882883232,989630,1491059039
-2113494458285868311,991356,1491059047
-4576801872889498147,992566,1491059044
5988196015457921464,992566,1491059033
1457295652895267235,992566,1491059006
-2761640173789695949,992566,1491059054
8135921418589140232,992566,1491059041
4704705008204210286,992566,1491059048
5431652621445416593,992566,1491059028
5988196015457921464,992568,1491059040
-2761640173789695949,992568,1491059054
-2913930231402447583,989605,1491059009
-2744437520132332717,992455,1491059012
-3509862498106960434,992502,1491059014
3033682139597762169,992583,1491059007
-6136309872352493987,992583,1491059012
4492270202011014489,991905,1491059015
1747229957234037125,992383,1491059019
-7264192164497899780,992383,1491059051
-3005681330165861200,992278,1491059012
-5387711884954055820,985240,1491058998
8611007781610424859,990029,1491059010
-3509862498106960434,992497,1491059030
3895347430037345910,992692,1491059032
-5250134162488657564,992692,1491059045
-5611671081497627350,992692,1491059019
7206054795415608571,992692,1491058997
-7215521147465354218,992692,1491059001
7059307385049988735,992692,1491059022
6840339949269359417,992692,1491059019
1398175734700188393,992692,1491059024
3084877538452709714,992692,1491059031
3408392188062348191,992692,1491059050
-6256436307337781764,992692,1491059010
-343987888644852611,992692,1491059023
7311091841567295408,992692,1491059045
-3283398098690174347,992692,1491059015
-2911977456324933916,992692,1491059035
-4094842069837266184,992692,1491059046
-6546534265309045264,992692,1491059027
5269066762617305000,992692,1491059030
-7616665929800409939,992692,1491059031
-8477458157827046083,992692,1491058999
6176486533013822657,992692,1491059030
-5542102347132230362,992692,1491059014
8188223021636016232,992692,1491059051
-7991204590516925511,992692,1491059001
6050788394577924605,992692,1491059033
-1023792517326324520,992692,1491059007
6026678029176736416,992692,1491059053
-4460616490527180893,992692,1491059040
-5799110589173962938,992692,1491059034
-2088069144592115458,992692,1491059033
5219976506987645535,991758,1491059051
-8824898318779906824,992659,1491059018
-8662619701353555201,992659,1491059040
5759848997982540188,992659,1491059019
-3870691152707390579,992659,1491059022
8072809099715442624,992659,1491059045
-4062525634580136870,992659,1491059019
-3508307637292172241,992659,1491058999
-2060280840080966165,992659,1491059049
7795321727051498954,992659,1491059047
4918915030629989705,992659,1491059006
4381883763482841267,992310,1491059003
-6798830094541411522,992310,1491059002
1927271213725187161,992310,1491059020
1771249021269739101,992310,1491059046
-1732391395772711655,992310,1491059012
-4198216439485806604,992310,1491059029
-9029920438592482041,991741,1491059032
2438318405278489922,950744,1491059011
-6061195902760558032,984718,1491059053
-1658076676735921329,984703,1491059041
4926232499519660877,984703,1491059016
-4185806839316708853,992609,1491059015
-3043138303568628599,992609,1491059054
9137114130068113906,992609,1491059009
-9056029259241787144,992609,1491059032
1472082048239753880,992609,1491059021
191288707930328315,992609,1491059048
-33061565603251653,992609,1491059009
8646705118771390088,992609,1491058996
-8607843485800101443,992609,1491059033
8287142810994464399,992609,1491059039
-891924377976768613,992609,1491059010
2670461132900473738,341152,1491059009
-8114010973313817391,992630,1491059031
-6365776085228856405,908896,1491059003
-7017354001841701241,991877,1491058995
6818550465819870107,991877,1491059050
-2012273973300327892,990965,1491059047
-8089187645403480465,991329,1491059004
8063636528709112221,992628,1491059007
4546228902998557101,992628,1491059015
-5284533012364909471,989184,1491059049
4158560182963823437,989184,1491059038
-7828314886204267584,989184,1491059035
6433106678624965281,989184,1491059041
-6056191689416577556,989184,1491059048
-2698872453119422049,989184,1491059037
8544812193409517560,989184,1491059049
-7519520584955434317,989184,1491059038
-8385081914506067149,989184,1491058996
371869746469943617,989184,1491059014
-2913930231402447583,992025,1491059009
-4002794897007263374,992025,1491059017
-5789950025948574029,992025,1491059052
-2913930231402447583,992148,1491059053
-1121272183397594727,992148,1491059025
-2761640173789695949,992571,1491059029
4451603644897540136,992571,1491059034
-1752284792841044074,992571,1491059012
-344771192214584645,992571,1491059043
-8589917376492898336,992182,1491059029
8578249453700709113,937170,1491059014
-4691421247773990,992480,1491058998
-6872453955316737914,992480,1491059006
-2332216835835676762,992480,1491059012
6942682178475846310,992679,1491059031
-1846089818570845188,992679,1491059031
-6885971935061147769,992679,1491059028
1309991546184260157,992679,1491059009
5776583537728810097,992679,1491059054
-237712668337797652,992684,1491059041
-5929785334158746457,992684,1491059043
-164513720938820083,992684,1491059037
-7162505181116789768,992684,1491059033
1046927912043123200,992684,1491059028
-8127208327352344160,992684,1491059047
4691124392153689738,992684,1491059008
3803069086923343682,992684,1491059024
-69670122336985943,992684,1491059053
3084877538452709714,992684,1491059044
-6256436307337781764,992684,1491059018
-343987888644852611,992684,1491059026
-4094842069837266184,992684,1491059048
3408392188062348191,992684,1491059051
-8814592640802573885,992684,1491059009
-4930014995877796042,992684,1491059002
-2911977456324933916,992684,1491059036
-371612981685403695,992684,1491059015
6840339949269359417,992684,1491059019
6210986720834017058,992684,1491059034
-3283398098690174347,992684,1491059015
3895347430037345910,992684,1491059032
6143281045106912892,992684,1491059010
-5654518508478887633,992684,1491059012
-454619646730728458,992684,1491059033
1398175734700188393,992684,1491059024
-5554013098218721898,992559,1491059048
6944409089557494575,992559,1491059009
8641779809267895760,991953,1491059009
1170163465233070667,983811,1491059004
3589800805596494066,991378,1491059047
4230674604515503333,924044,1491059021
-2761640173789695949,992567,1491059038
-5537981190957519179,992626,1491059008
-6125587453291348757,992626,1491058996
-2993807019220864801,992626,1491059047
-4586996608866307219,992626,1491059007
3200085001852927492,992626,1491059000
8872073288318099415,992626,1491059002
3487394487503566682,992626,1491059044
3327720199291433699,992626,1491058998
8063636528709112221,992626,1491059012
-7641215884474169765,992626,1491058996
-808400754247405539,990458,1491059020
6855429014120570115,901493,1491059053
7953761749185419962,886875,1491059044
-6546534265309045264,992696,1491059021
3066526017968141514,992696,1491059028
-4094842069837266184,992696,1491059033
-3463395492736240533,992595,1491059023
6283440186713946167,992595,1491059006
-486746522519184364,992595,1491059012
2537660539856418644,992595,1491059036
-6811365179243290360,992595,1491059017
4228095377032315650,992595,1491059016
-7215019973617854957,992595,1491059037
7217197634220086590,992544,1491059039
355951850542507673,992544,1491059013
6946801678227695830,992544,1491059036
7720517232164745035,59472,1491059030
-1952158715455237748,968892,1491058998
-123497349516550523,968892,1491059028
6597932073092250003,968892,1491058996
3194393273969078044,968892,1491059026
2658276842039513710,968892,1491059036
-603605531849372006,968892,1491059031
8385877093176812517,968892,1491059028
3381167272828620669,968892,1491059029
-5897459645926275527,968892,1491059032
-7302583221551438015,968892,1491059017
-2133914279035907894,968892,1491059010
-913251466029983599,968892,1491059027
-6872453955316737914,992442,1491059025
1252052349314633402,913422,1491059034
7808729275321152917,992206,1491059024
4980709345385399070,985873,1491059017
-3069904726166437483,991670,1491058996
-109227765728656731,920880,1491059047
-3351191992239481057,992702,1491059034
-6501076100256604905,992702,1491059048
3851503470652580526,960620,1491059015
-6467925338938171104,978870,1491059021
-3069904726166437483,990974,1491059039
-7631140960785214015,992620,1491059051
4647556646999280365,992620,1491059015
-8083824106767392089,992620,1491059036
4917508259361498408,992620,1491059007
-22564965930329153,991675,1491059001
-4198216439485806604,992315,1491059019
-4115455223590223350,989303,1491059023
3734560667735357267,882805,1491059014
-148730865102102814,991932,1491059031
-746208233128299568,992635,1491059054
-7597217111483565133,992283,1491059013
-2113494458285868311,991442,1491059016
-2271877428460408121,991552,1491059014
-7190236715714019868,992364,1491059026
-769818900898238066,992364,1491059008
-4084537238955892890,968383,1491059005
1427281343075681607,986986,1491059043
5145098485008992994,986986,1491059043
87135573647356048,68401,1491058998
-3060876732213717005,68401,1491059036
-8862891478714634977,964075,1491059027
9477495791652509,992391,1491059034
-7499238334603603104,992163,1491059029
9162940667623819258,992641,1491059035
-746208233128299568,992641,1491058995
5005484137057160234,992641,1491059001
4819370792483323792,992641,1491059032
8853487199445685123,346880,1491059050
-3513800605450046768,992289,1491059014
-3787764021761307850,992706,1491059040
9141767416002427674,989145,1491059003
3635450656706421983,992593,1491059006
48875442049178423,992593,1491059007
-6811365179243290360,992593,1491059031
-486746522519184364,992593,1491059018
6283440186713946167,992593,1491059006
-4978224632865919812,420305,1491058999
-8914993211479883757,992510,1491059006
1395995526294616655,992510,1491059002
8538914811687503402,992510,1491059010
1608998120636817849,992510,1491059009
-9040149771968641816,992510,1491059037
-5315347622012043012,992510,1491059029
-1776768092473129344,992510,1491059049
-4186568563280054495,992510,1491059046
-771384072043977453,992608,1491059051
7566710249196346100,992608,1491058999
-6423356676487743385,992704,1491059032
7802582153012552216,992704,1491059012
1526571981819768007,992194,1491058998
-6731879360709859552,975858,1491059045
7342413112407057021,992638,1491059024
7440430500788856674,992638,1491059023
-7588032287809781053,992638,1491059051
-148730865102102814,991825,1491059023
1927271213725187161,991825,1491059028
-7875658803272976719,992660,1491059033
-2113494458285868311,991100,1491059039
-9040149771968641816,992592,1491059024
-4186568563280054495,992592,1491059036
-4979321271259642812,992592,1491059050
6907505814022012924,130967,1491059030
5782081867345283752,988357,1491059043
-9103616507110995811,989853,1491059008
-4251642613383228873,986702,1491059020
7217197634220086590,992558,1491059000
-917374097516970546,992558,1491059028
3067337336346310562,992558,1491059040
5815725079465810087,992614,1491059032
-1967686670916097389,992614,1491059028
-2741047252289312076,992614,1491059030
4647556646999280365,992614,1491059049
4397938846758857660,992614,1491059014
4917508259361498408,992614,1491059018
-8083824106767392089,992614,1491059036
-5013799776701442523,992701,1491059009
-4115455223590223350,992701,1491059027
-8446985412049333068,992701,1491059006
5384153144442835206,992701,1491059028
-2550554223028325156,992701,1491059026
-6302505735471980756,992701,1491059008
-2821796105922249568,992701,1491059044
8048167146289549691,992701,1491059019
1641344941438622229,992701,1491059044
-3091807994952839497,992701,1491059043
1767648069181876748,992701,1491059035
-3859200853914687316,992701,1491059036
1695208823885998602,992701,1491059036
-1474600596306885401,992701,1491059038
-7311400227877226030,992701,1491059052
-4477478722460195108,992701,1491059044
-238376983716108379,992701,1491059054
-7701279582869397246,992701,1491059045
-2535552165555243650,992701,1491059053
1805426802383367186,992701,1491059019
2919443601064750557,992701,1491059047
60277856287252495,992701,1491059051
-4992699369888625717,992701,1491059007
5094623505106571676,992701,1491059013
7865827369884581651,992701,1491059026
8431523632843946032,991315,1491059052
4480913968964040525,991315,1491058997
-3069904726166437483,991315,1491059029
3635450656706421983,992591,1491059041
-6811365179243290360,992591,1491059036
-4205896878544377305,992687,1491059019
8077968179094970793,992687,1491059023
-1628809175165652078,992687,1491059006
7678726063011466821,992687,1491059048
-9118711084077409477,992687,1491059053
-3246102547672836203,992687,1491059002
3372218738804592316,992687,1491059014
-4199185770887533652,992687,1491059040
3810226372931314238,992687,1491059055
-8280621604576971189,992687,1491059029
-4145078129851421595,992687,1491059033
-4780659909857737021,992687,1491059033
-4321810996634279399,946908,1491059053
1285971893051148625,343634,1491059002
8349141063450668668,343634,1491059019
-1352823056493560273,992162,1491059044
-3307342766093325669,990399,1491059046
4673953433968078133,992298,1491058996
-7380165316849350428,992298,1491059041
-228374228023536607,992298,1491059052
-1811544315257926757,992298,1491059035
-963551026348557676,990085,1491059025
-5280559672616034505,992085,1491059024
-2301098894915897332,988312,1491059024
-4004954044697866876,992179,1491059001
-1641685800287854266,989211,1491059047
-6950834996881268615,992574,1491059038
-6713043705363474558,992604,1491058996
-9045447552535546296,990487,1491059018
8571023691463196198,990487,1491059053
8898222069339224935,990487,1491059026
-6779669704147442028,990487,1491059039
-475419904877982131,992393,1491059014
7082540854934782099,991081,1491059052
289448058533231659,991723,1491059008
1677954992861860398,991723,1491059042
-700834450317125710,992135,1491059052
398434412033469160,992321,1491059022
1771249021269739101,992321,1491059043
1927271213725187161,992321,1491059015
6985340085614984408,992321,1491059039
-7707397153975254096,992321,1491058999
2444692785586308086,992321,1491059020
-794146504674296269,992321,1491059000
2547000744374488572,992321,1491059024
-3726323278814914262,992321,1491059041
764665335672058040,992321,1491059007
-5875723389141176004,992321,1491059031
-7302583221551438015,992321,1491059010
-4186568563280054495,992606,1491059022
-9040149771968641816,992606,1491059006
1533320639445195613,992606,1491059027
-4185806839316708853,992606,1491059034
5634046066161169363,992606,1491059032
-311370458867611856,992606,1491059053
-1099929783695576822,992606,1491059047
8287142810994464399,992606,1491059044
-5712461945865348993,992606,1491059008
-1352823056493560273,992123,1491059049
8605548411053938064,992545,1491058999
3635450656706421983,992545,1491059050
-2012273973300327892,991006,1491059047
-3056349078340373130,911203,1491058998
6914266164553993683,963894,1491059020
-1256432183507360082,992170,1491059025
2048647472451109478,992690,1491059046
8189502934726045330,344111,1491059034
-62730475761334823,970800,1491059035
63300808186150960,934229,1491059046
-7818678269515623773,992268,1491059045
-504342423038673048,992297,1491059030
5061172231363992923,343238,1491059050
6853321168785250370,989618,1491059053
-7213477521797448589,991615,1491059033
-200721584379456500,992112,1491059010
-8365078883111899988,992200,1491059038
8745103333742934619,992200,1491059031
-7175411836364542614,992200,1491058996
5496475438494099773,992200,1491059051
5169933990378227217,992200,1491059011
3796876649174044019,992200,1491059020
1534881832044334778,992200,1491059020
-9161969348808251026,992589,1491059040
5796947638834787577,992589,1491059043
8072809099715442624,992664,1491059036
-577547348146880085,992664,1491059027
5786207051713222640,992664,1491059033
6355211125256407464,992548,1491058994
-5554013098218721898,992548,1491059048
9166337628071593789,342746,1491059031
-7937290299096787997,991485,1491058997
2401829089528404421,992652,1491059019
6025139701281768083,992652,1491059043
-5304189733758979094,992652,1491059047
-1787370816679773330,992652,1491059049
-6061195902760558032,988891,1491059053
6612412759112686994,988895,1491059044
-1133800864620565855,988895,1491059035
7760462119398087453,988895,1491059001
-519617280179057474,988895,1491059048
-8224479135023320059,988895,1491059039
-4219386785816115424,988895,1491059017
-6714448874726348489,988895,1491059015
1461391512469643590,988895,1491059044
-3376040526242997999,988895,1491059029
3230890578718657110,988895,1491059051
-3632470287822016766,988895,1491059051
-4921637936888374542,988895,1491059052
7606024884536560630,988895,1491058997
3154298246367764081,991935,1491059035
-1681737205664662540,991935,1491059043
-3220368292063079678,991935,1491059015
3889078358555650969,991935,1491059031
-2923520540436101458,991935,1491059043
1256828217469979388,991935,1491059002
5932297853379776710,991935,1491059035
5058265564641165969,991935,1491059050
6850637592337447348,910046,1491059048
5759848997982540188,992658,1491059044
8193255695733955775,992658,1491059003
-8824898318779906824,992658,1491059030
-3870691152707390579,992658,1491059022
2918674333838618652,992658,1491059011
-8662619701353555201,992658,1491059040
-3087734600178315598,992645,1491059016
-746208233128299568,992645,1491059023
-8290133244692301005,992077,1491059010
-7423191373214150124,990837,1491059048
2183125167613733201,990837,1491059030
-4176347463514172815,990486,1491059034
7440430500788856674,992651,1491059023
7033396341347381842,992651,1491059007
7342413112407057021,992651,1491058998
-7588032287809781053,992651,1491059035
-6813654042205929000,992651,1491059041
-35002365405778038,992651,1491059040
7708815091953504342,992552,1491058996
-998110780265200563,991567,1491059024
7566710249196346100,991567,1491059013
-2502224822446614464,991567,1491059049
-9161237849555014103,991567,1491059008
-3287429788488685965,991567,1491059034
2109097682549121093,992667,1491059053
-2376986423912552317,992667,1491059034
-8280511466514261564,992667,1491059013
5634046066161169363,992667,1491059020
-662998224833768141,992667,1491059005
3423020141598338266,992667,1491059003
-3216163083758403016,992667,1491059000
6096187844066822043,992667,1491059024
6675912731271375570,992667,1491059051
872580003279317492,992667,1491059005
8287142810994464399,992667,1491059023
-4291508155077627952,992667,1491059035
-6143788026947364161,992667,1491059034
-3632487448028308107,992667,1491058998
6373274304313796536,992667,1491059045
6501839476983476003,992667,1491059046
-6519371037837431042,992667,1491059041
3784695079532304455,992667,1491059035
-7770954000905969282,992667,1491059044
-648355622138869742,992667,1491059040
-8765182133273315066,992667,1491059030
3620801461998666733,992667,1491059016
5203814888885044413,992667,1491059037
-3305409266715191792,992667,1491059036
6861738644270672183,992667,1491059018
-887263440096166455,992667,1491059049
-8384647840146059322,992667,1491059052
176247644874533595,992667,1491059051
8308401787981280590,992667,1491059011
2593590663817979317,992667,1491059011
4059880747885747402,992667,1491059049
5391235993941511946,992667,1491059010
191288707930328315,992667,1491059013
7471260013510280048,992667,1491059038
-4477478722460195108,992667,1491059037
3435275017688883852,992667,1491059037
-9053064709775219711,992667,1491059052
5804541229906899963,992667,1491059023
3901658468827757256,992667,1491059039
6947776988111474088,992667,1491058996
-759595832030174750,992667,1491059028
4814809502676829908,992667,1491059007
827352079499371158,992667,1491059037
441451120253414683,992667,1491059019
4988152958798149922,992667,1491058997
809805775362539358,992667,1491059002
-2816633386036483315,992667,1491059045
-3313108738788230704,992667,1491059009
-1373013036651948412,992667,1491059042
-5893436008595984220,992667,1491059039
7026099157206006944,992667,1491059034
-946683927434504685,992667,1491059002
-8607843485800101443,992667,1491059001
1481426327659095253,992667,1491059028
-226910003325004686,992667,1491059026
-501152473279385736,992667,1491059023
8334239972264982929,992667,1491059054
8189238640376072083,992667,1491059033
-2518515078331751242,992667,1491059002
1089876150020125548,992667,1491059028
-5265361087092013290,992667,1491059026
-4926429737675394584,992667,1491059016
2669735812745064254,992667,1491059033
8027876310265975489,992667,1491059008
-8446985412049333068,992667,1491059017
845579969557662254,992667,1491059010
-6981298755151600121,992667,1491059026
-4670485303635553237,992667,1491059046
-1455230491285688210,992667,1491058997
-6666588376343816874,992667,1491059046
-7330700345469263412,992667,1491059033
-7583388279940247616,992667,1491059044
5225322142698863493,992667,1491059023
-4134634780704172421,992667,1491059030
7207286690642129442,992667,1491059027
-5212145322109425308,992667,1491059030
6716528653498087171,992667,1491059000
-8710113837588518178,992667,1491059017
-4203734812887488379,992667,1491059013
7282357808348244976,992667,1491059046
-7070082059735041391,992667,1491059045
7035865858764600086,992667,1491059039
-6885971935061147769,992667,1491059043
-178008567130058803,992667,1491059049
2338780342134504617,992667,1491059010
7321381079084231609,992667,1491059049
3567688753625781720,992667,1491059004
3765819820070839561,992667,1491059016
-7840260899545914034,992667,1491059033
-8085635871927110407,992667,1491059028
-4479083921086118725,992667,1491059032
-7198966609772287075,992667,1491059023
2853217448913345559,992667,1491059021
220144877900696920,992667,1491059051
5821969166869432491,992667,1491059030
-6838897187198985699,992667,1491059040
5040645000525161518,992667,1491059054
7776991204419496024,992667,1491059031
4873632702401407712,992667,1491059000
-5806302420260122877,992667,1491059037
4808815058963582647,992667,1491059043
-9033367041763855807,992667,1491059025
7778232786377120937,992667,1491059036
4659061452868748333,992667,1491058999
-316454590364607107,992667,1491059041
-6473418902553685387,992667,1491059008
3094277027234641641,992667,1491059043
2049245256084951945,992667,1491058999
-3188617808790559219,992667,1491059015
-9140531178202727873,992667,1491059003
-5943235413989317381,992667,1491059012
-6730091572611016856,992667,1491059031
5436869321468806866,992145,1491059004
-2362817103937246828,992145,1491059032
1082637217865693957,992145,1491059054
2559505827220152794,992145,1491059030
5520866709171868572,992579,1491059014
-6136309872352493987,992579,1491059054
4231003569140224783,992665,1491059015
3871746122175312919,992665,1491059011
-9134587190065768476,992665,1491058996
5669195198142081885,992665,1491059019
8209245120089016943,992665,1491059018
927472294976565864,992665,1491059007
8213545746913747593,992665,1491059023
3207061447182994484,992665,1491059031
4084814436172289110,992665,1491059010
-7868736165561768709,946008,1491059047
7794072035287144241,991568,1491059007
-6128021804250182898,991568,1491059051
-6521426792183316941,991568,1491058997
-2133914279035907894,991568,1491059000
1444996866893654329,991568,1491059020
3728948140116611827,342751,1491059011
-3069904726166437483,990250,1491059048
9183961057776419213,990250,1491059035
-1935103578401305963,991759,1491059042
6952644525992510505,987494,1491059008
87135573647356048,68697,1491059001
229324804370503088,992357,1491059018
8510680873644740439,992453,1491059007
-4934847989797534234,992453,1491059055
-2240213962846551570,992453,1491059025
1933399477051057782,992453,1491059030
-8851498464367440334,992453,1491059022
-8083824106767392089,992622,1491059010
4917508259361498408,992622,1491058998
-9147866882655147851,992672,1491059005
-1745139154151414345,992424,1491059054
-492818962680747383,992424,1491058996
-1099929783695576822,992424,1491059047
-4186568563280054495,992424,1491059013
1533320639445195613,992424,1491059022
-9040149771968641816,992424,1491058998
9137114130068113906,992424,1491059040
-4185806839316708853,992424,1491059029
8646705118771390088,992424,1491059004
8287142810994464399,992424,1491059044
-3043138303568628599,992424,1491059054
-9056029259241787144,992424,1491059032
-4514672433860422035,992424,1491059016
191288707930328315,992424,1491059048
-6080287265882512775,992424,1491059045
-8607843485800101443,992424,1491059033
5489663306066146849,992537,1491059030
4791650870065307535,992537,1491059044
2982583917735669052,992537,1491059030
6501018871935094863,992537,1491059036
-6668823487743926842,992537,1491059042
129433366599905211,992537,1491059006
-7486862981010298698,992537,1491059036
-4329231818330298497,992537,1491059023
7215093810142490083,992537,1491059024
1515212988934044471,992537,1491059009
3976180472714731643,992537,1491059002
-1588240681102157751,992537,1491059052
6799096847733528838,992537,1491059041
8896974661260922516,992537,1491059039
3516023667421765441,992537,1491059048
622436810778636741,992537,1491059055
5207711046179309466,992537,1491059044
-4125929474671732838,978053,1491059029
-7859378478177231505,991428,1491059004
3351985254432158609,991428,1491059045
5496475438494099773,991428,1491059039
-7298833524327497609,991428,1491059048
3154298246367764081,991428,1491059048
-6159601449090219966,991428,1491059046
2288771690531314111,991428,1491059039
-2148688036420031874,991428,1491059029
6597932073092250003,991428,1491059000
-475419904877982131,992389,1491059024
4365933459645860201,992532,1491059054
-5556933870761451991,992532,1491059000
-652185889607670304,992532,1491059028
7217197634220086590,992532,1491059042
1994757970101758879,992129,1491059054
-1883768066948127168,987131,1491059001
-7781440343230671971,987131,1491059044
-3227472340931807864,160432,1491059030
-7055467059235716968,983768,1491059017
7082540854934782099,991311,1491059041
-289964571125026038,63448,1491058999
-2113494458285868311,991406,1491058996
7238765068376412399,992265,1491059048
-3312538457644765599,992212,1491059034
-3513800605450046768,992212,1491059014
-8089187645403480465,991353,1491059024
-7345946230937177395,992708,1491059035
5489663306066146849,992708,1491059011
-5948815703327253689,992708,1491059016
-1752504273257475255,992708,1491059010
-6501076100256604905,992708,1491059012
-4858323963667810956,992708,1491059054
-4094842069837266184,992708,1491059007
3346046044982675920,992708,1491059013
-280846545697298630,992708,1491059001
-1366155347023776285,991701,1491059051
8765081973387783427,992294,1491059010
8852989668001053318,992294,1491059031
-6707523005731276450,992294,1491059000
531774272773435705,991232,1491058999
8832087030810717396,134720,1491059049
6558934563998189259,975842,1491059024
6671649369231769488,975842,1491059013
-2222218198892211635,975842,1491059039
3579374323184451861,975842,1491059052
-214652961957733475,975842,1491059052
-3535036715778719878,975842,1491059028
3862311537093921812,975842,1491059046
3619316611473878403,975842,1491059047
740721675678775681,975842,1491059028
1216640098311532270,975842,1491059044
6574990059708169898,975842,1491059004
7378856697145437305,975842,1491059038
534686454310784424,975842,1491059053
-3051204897583873641,975842,1491059014
5416723617137526646,975842,1491059037
6341675111808509236,975842,1491059053
8083191934612501333,975842,1491059026
-7672892684080778878,975842,1491059047
5512424071186520674,975842,1491059014
-6234900049044424141,975842,1491059050
3833290263012165801,975842,1491059017
3834329770908841165,975842,1491059051
-1090843996011121072,975842,1491059030
-7529681748809635528,975842,1491059025
6374286764761455469,975842,1491059025
6136429386012153374,975842,1491058998
-5142856006781239591,975842,1491059035
-6948068051989336450,975842,1491059032
2171188814748990852,975842,1491059018
368187459689272437,975842,1491059054
-4619772707299588102,975842,1491059054
6136130660652947340,975842,1491059033
-595671432079108897,975842,1491059029
-3572803184780444554,975842,1491059015
-3262999353202428813,975842,1491059042
3759891563974083452,975842,1491059015
8549799901568346198,975842,1491059017
3162011176489524730,975842,1491059035
-7009467202562038006,975842,1491059046
-4317451957964797709,975842,1491059012
-1340697723915097806,975842,1491059034
4826295693568719204,975842,1491059031
836605976085044593,975842,1491059023
-8125652684881794257,975842,1491059051
-515243080082083392,975842,1491059035
-3057008785397583587,975842,1491059043
8281117474112658507,975842,1491059049
4845427966860079035,975842,1491059043
-5215207844252677846,975842,1491059042
-8780441053325114524,975842,1491059004
-2768177854025699629,975842,1491059029
5146238130098613210,975842,1491059026
3138640984471314061,975842,1491059021
-7706480236095451000,975842,1491059012
-7535188594576182095,975842,1491059005
4261934251580633630,975842,1491059011
-7945551975821293931,975842,1491059026
-3880286659214174897,975842,1491059052
-6656822915467787421,975842,1491059038
-522924517939191697,975842,1491059031
5035453770143753994,975842,1491059009
2774406825224344067,975842,1491059040
4958594378168394490,975842,1491059050
3303216494800036801,975842,1491059054
-4176270794752568444,991944,1491059055
-1030167517557846234,992617,1491059035
-3465566991742909089,992617,1491059041
828080366903241911,992670,1491059011
5786207051713222640,992670,1491058999
-8826860184530755932,992670,1491059027
7061252384324969332,992670,1491059010
3417818488553946194,992670,1491059001
8538914811687503402,992512,1491059028
1427281343075681607,987168,1491059043
1755704942197354990,992668,1491058998
-380726230169518052,992668,1491059026
1957678283339152321,992141,1491059001
4673953433968078133,991196,1491059053
6084347902917766008,992152,1491058997
