-217660357616048556,995019,1491527253
-182785249658681263,994813,1491527282
-1711896027734324215,994739,1491527277
2999209032569777615,994739,1491527273
7127065576287241346,994739,1491527260
1230055231429114957,994739,1491527240
-7484328494890199641,994739,1491527256
-3883716189431920079,994739,1491527246
-2786684251244403350,994739,1491527290
-3150781385152400553,994739,1491527241
6212176104517911971,994739,1491527291
1920474248483506491,994739,1491527245
-3436689157380184520,994739,1491527280
5016363553306660503,994739,1491527292
6712186187761659420,343846,1491527245
2024395063970199193,995025,1491527252
3290597011720659769,995025,1491527296
1049068519870794677,994284,1491527254
9071418811547716247,995087,1491527258
1587603126698648617,995087,1491527261
8050650187732295241,995087,1491527275
-2273959663460225388,995087,1491527250
1319792839437276848,995087,1491527268
-1719067377416077731,995087,1491527263
3779716663568259189,995087,1491527289
1928128660824802294,995087,1491527295
-3384403938556134543,995087,1491527246
5197259328216987703,995087,1491527296
6504791011426055903,994623,1491527259
-7812544430542866472,994768,1491527260
8641356840928453831,994768,1491527237
-6755231191315172967,994768,1491527272
-2340763096164241174,995075,1491527237
1805382320095773023,995075,1491527260
-1360993019456265206,995075,1491527246
1515704066130384997,995075,1491527246
-8224557647549544369,995075,1491527288
6308995191725382827,995075,1491527237
-2273959663460225388,995075,1491527285
-4746332999044741274,995075,1491527292
-3900939614677440860,995075,1491527257
-3583857205944227050,995075,1491527285
-1960253027722993339,995075,1491527273
7490336073749940160,995075,1491527295
5428542948615296512,995075,1491527275
-5177079983793393169,994912,1491527279
-8638618866576253506,995003,1491527269
1358612665200522906,995003,1491527259
-8732844873833120890,995003,1491527249
7542557693616153118,995003,1491527267
456644815603681428,995003,1491527259
7153770901425129879,995003,1491527255
-8380222288107696536,995003,1491527296
-7307173422031732529,994972,1491527240
2989291175744381461,994972,1491527251
3033320769740617168,994972,1491527287
-182785249658681263,993815,1491527266
8691331246721206932,994862,1491527245
2082031414659599765,885096,1491527282
-5298897547891901550,984743,1491527274
-2940838712093268362,995017,1491527262
2316453732582780902,994970,1491527268
5523180140772995337,994172,1491527255
-4620157373610850306,995045,1491527282
-5815041060116483590,995045,1491527287
4879669187661513395,995045,1491527294
-953489908054726126,995045,1491527268
-622945226998957821,995045,1491527265
-3850803721704279260,995045,1491527271
-763380430851472645,994844,1491527250
-4448483247675745048,994844,1491527253
-3153734827749645279,994902,1491527250
-5263243576020005003,995099,1491527273
3520039964626470434,995099,1491527297
-9201990596967945083,995099,1491527253
9174463963284935615,995099,1491527244
-2993030060311376626,995099,1491527276
3731959752207261909,995099,1491527271
894494864100058044,995099,1491527260
-6168113876797971409,995099,1491527296
6723581936903981464,995099,1491527245
-2032716038189674658,995099,1491527288
9089902677939175142,995099,1491527239
1841098299555661640,995099,1491527256
-2845811043611573476,995099,1491527279
6137181833871752502,995099,1491527251
6910272561810342721,995099,1491527257
1431034241529775748,995099,1491527293
8691331246721206932,995099,1491527288
-3728930714976268727,995099,1491527292
4966957884557719325,995099,1491527289
-5477398954104827357,995099,1491527284
-2440902508943664160,995099,1491527294
6046764044545195352,995099,1491527263
6814009403333187570,995099,1491527290
1289413615061664724,995099,1491527248
1832225813366876321,995099,1491527280
-2088566242099148298,995099,1491527293
2421506100930532599,183984,1491527295
57527832380535841,985873,1491527246
1097659470948429628,995095,1491527277
-7565431112553502480,995095,1491527282
-4528689260544066614,995095,1491527249
4253235558019804482,995095,1491527286
4243640226372074922,995095,1491527292
-7893267271767486791,995095,1491527265
-1663614647675926385,995095,1491527272
6041887323383367092,995095,1491527268
-9201990596967945083,995095,1491527281
-8930409891734402610,995095,1491527266
1656720282805360874,995095,1491527266
894494864100058044,995095,1491527290
9089902677939175142,995095,1491527275
-8584533913877800984,995095,1491527259
5586516476192381130,995095,1491527242
6723581936903981464,995095,1491527290
-5577992610091385574,995095,1491527285
4943689316232829312,995095,1491527265
-2802640115489047673,972031,1491527277
1728722392208460201,972031,1491527242
-7269386923825823318,994778,1491527282
-3080211809840378850,994778,1491527277
-8366092217379927866,994778,1491527243
-6742625820328253856,994935,1491527295
-6684833782117219879,993513,1491527296
-763380430851472645,994838,1491527250
-2936343201727846031,994730,1491527248
3743463952126131261,995031,1491527249
3351889461522707231,995031,1491527293
-3524202877288766151,995031,1491527249
-6586839024531206401,995031,1491527270
4567463803826994656,994987,1491527282
8241584457086611608,994987,1491527286
-2592559221614979847,994987,1491527290
2522280111035380210,994987,1491527242
2844416698131723948,994987,1491527262
9216180223064021260,994987,1491527256
-9056461694620627690,994250,1491527249
1049068519870794677,994250,1491527245
-941847479857301308,994119,1491527265
8241584457086611608,995002,1491527266
2522280111035380210,995002,1491527242
-909382868900352425,993801,1491527257
7627918042943782957,993619,1491527237
3569924420052479015,993619,1491527296
2637783607057662346,993809,1491527245
2637783607057662346,993803,1491527272
4802424316021292087,994120,1491527253
-1360993019456265206,995078,1491527269
-2340763096164241174,995078,1491527266
-3900939614677440860,995078,1491527284
6308995191725382827,995078,1491527258
1805382320095773023,995078,1491527281
-2273959663460225388,995078,1491527296
-1790981739772561526,995043,1491527295
-953489908054726126,995043,1491527285
-4387125532578197838,995055,1491527274
4376167329393703534,995055,1491527282
8193896035885764454,995055,1491527259
1009292381466542430,995055,1491527275
-6699442053570704665,995055,1491527245
-7774273593398730488,995055,1491527250
6808480597292127048,995055,1491527258
-8316341177279689338,995055,1491527272
5375166228963121481,118854,1491527273
1592849955558765367,118854,1491527270
-1254210950536271777,118854,1491527262
-862242915403502889,118854,1491527286
-7719961226032485053,994843,1491527295
2631579135952627607,994936,1491527241
615145704893314428,994936,1491527250
4144937583498417445,994936,1491527289
-8042141869681909584,994936,1491527283
-9121104949379413282,994721,1491527293
-9056461694620627690,994721,1491527262
1564947956995645129,994721,1491527265
2089732817858209413,994581,1491527262
-4438146449430571150,994581,1491527260
-8312289038424980781,994722,1491527260
-7269386923825823318,994722,1491527287
3033320769740617168,994722,1491527280
-2342996754817024186,994722,1491527296
3743463952126131261,995036,1491527262
-3524202877288766151,995036,1491527255
1587603126698648617,995101,1491527271
4943689316232829312,995101,1491527257
6723581936903981464,995101,1491527278
9174463963284935615,995101,1491527274
4570107870387751273,995101,1491527237
-8584533913877800984,995101,1491527251
9089902677939175142,995101,1491527266
-1663614647675926385,995101,1491527238
6041887323383367092,995101,1491527238
894494864100058044,995101,1491527277
-8593557258803694793,995101,1491527256
3731959752207261909,995101,1491527282
6910272561810342721,995101,1491527268
-9201990596967945083,995101,1491527262
1841098299555661640,995101,1491527263
6137181833871752502,995101,1491527254
-2845811043611573476,995101,1491527279
1431034241529775748,995101,1491527293
-2032716038189674658,995101,1491527288
-6168113876797971409,995101,1491527296
-1854383247776235405,995101,1491527251
-2993030060311376626,995101,1491527276
6046764044545195352,995101,1491527297
-4989550644267110063,994999,1491527280
5868978769109105520,994999,1491527276
-6742625820328253856,994938,1491527295
3844752254777041435,994938,1491527283
-5884019393900655893,994938,1491527242
7423266954243512623,994938,1491527275
-2230386851744132411,995104,1491527279
1115799317522909469,995104,1491527271
4985071666404511846,995104,1491527247
4663975918826741512,995104,1491527275
1466638376831443546,995104,1491527251
3518852299817127208,995104,1491527265
-2326568302339118521,995104,1491527247
941214510336729340,995104,1491527257
-436482619906890023,995104,1491527284
-8577591255603274608,995104,1491527280
-4219803359288353451,995104,1491527238
6554040576227125467,995104,1491527260
-5441035410362610627,995104,1491527286
-4174630514975983250,995104,1491527278
8334291190828506175,995104,1491527239
-2625967681736592875,995104,1491527246
1576385726198718161,995104,1491527243
-7612112197444511360,995104,1491527269
-928337990139766167,995104,1491527269
6009386698332511770,995104,1491527290
-514594331122232031,995104,1491527292
6252708917452705144,995104,1491527245
438049680474221796,995104,1491527267
-4573227401093876036,995104,1491527275
8223835094195168233,995104,1491527248
-3865398298299421861,995104,1491527281
-3728930714976268727,995104,1491527239
7766782007411760912,995104,1491527264
-7128494838089501352,995104,1491527258
988363379064478348,995104,1491527271
-1128874742006464099,995104,1491527293
-2294774357651868913,995104,1491527247
-5712522693663585633,995104,1491527282
-2088566242099148298,995104,1491527240
-5954187307483703235,995104,1491527244
1077174727749473032,995104,1491527275
-2672931802098365827,995104,1491527254
-5032008407625869757,995104,1491527281
2222802678908522103,995104,1491527253
-3837915633220578002,995104,1491527272
522964553547399358,995104,1491527265
-5106740183655982518,995104,1491527265
8053343732638679334,995104,1491527252
7470199889855411120,995104,1491527270
3473865847933112221,995104,1491527277
-344529098793603063,995104,1491527257
-7431136982328504819,995104,1491527261
-4279991299278071797,995104,1491527241
-8299204112018320224,995104,1491527250
8110630844011020130,995104,1491527283
-6897797999923186380,995104,1491527242
-3080211809840378850,995104,1491527271
-3270097579667422875,995104,1491527282
-2017664538885780113,995104,1491527297
5553385310042493329,995104,1491527253
-5593465676490696401,995104,1491527246
7307748255865683990,995104,1491527279
-3372426115771679478,995104,1491527256
6024204953526578281,995104,1491527278
-2744308562993269074,995104,1491527260
3100632802349908875,995104,1491527273
4716121437666172172,995104,1491527242
3937173454158939903,995104,1491527264
7511707655792401919,995104,1491527291
-5477398954104827357,995104,1491527247
5825995547424498701,995104,1491527289
7718115170345248346,995104,1491527258
-9126098718027736025,995104,1491527293
4840940699893922511,995104,1491527279
8870254288974454071,995104,1491527262
-3199758626535360362,995104,1491527289
4660205543512005594,995104,1491527280
-6686756909382544147,995104,1491527255
4642892904955528040,995104,1491527242
6814009403333187570,995104,1491527253
6285750097745650534,995104,1491527286
5790273623493617913,995104,1491527278
-3459272137326541607,995104,1491527274
252060171612296562,995104,1491527258
8163626291726147287,995104,1491527244
2042077767561602858,995104,1491527279
329178401392648415,995104,1491527280
-8136212917221015078,995104,1491527261
-5634346818825254013,995104,1491527249
-6573564660346588523,995104,1491527287
-8495794995102070413,995104,1491527289
-843739149799956613,995104,1491527264
5163046121875541237,995104,1491527262
-501039272716422202,995104,1491527262
-2879827487453599795,995104,1491527267
-6977448219978399043,995104,1491527258
-8689283100694508673,995104,1491527240
6851954776677624863,995104,1491527249
4889717208289117280,995104,1491527281
-1917600902945761204,995104,1491527293
-3375594144488310883,995104,1491527240
7791008850377216948,995104,1491527295
-6634990837120549615,995104,1491527273
5586831296267679397,995104,1491527286
2156548218125548521,995104,1491527296
1509613428576687392,995104,1491527273
-2117082800919172730,995104,1491527272
-7946981569518944594,995104,1491527250
-2758385083559425406,995104,1491527278
-3501153117125768937,995104,1491527248
2488307153564889315,995104,1491527282
-1338941928610638849,995104,1491527266
-7422464851516085360,995104,1491527276
2113328423115094146,995104,1491527250
-4658232390916712231,995104,1491527285
-2762737212816727007,995104,1491527269
5451266075377115578,995104,1491527282
839462423064062464,995104,1491527259
-1033544416842578527,995104,1491527265
1376794050942079405,995104,1491527267
7523875838182146998,995104,1491527249
748750062432562669,995104,1491527282
5214135616607290429,995104,1491527255
5373093612029475408,995104,1491527266
6872410629768474564,995104,1491527251
-709304382045928687,995104,1491527258
-8987957176974142535,995104,1491527283
-4028144745477550305,995104,1491527264
-5124842972057634257,995104,1491527262
-2762781982369621671,995104,1491527293
-7743777418441420399,995104,1491527290
5715585251607522271,995104,1491527239
-3928994232883760711,995104,1491527262
-2706533481936632501,995104,1491527289
-5212883525602392819,995104,1491527263
-2169626304719398746,995104,1491527290
-7712530236912407534,995104,1491527293
4382621992375831609,995104,1491527278
2838055740735889462,995104,1491527276
222938561336935570,995104,1491527250
8292001148188790567,995104,1491527276
-7297537522125837939,995104,1491527295
-7458332977018065277,995104,1491527254
-1583896624945498252,995104,1491527254
7859193966574363257,995104,1491527261
-811396602334287316,995104,1491527273
-7043465183030074108,995104,1491527270
2078265340159050809,995104,1491527283
-5749364418605850240,995104,1491527254
-6703470180540144064,995104,1491527259
8697467192464565044,995104,1491527282
-8864839235559886340,995104,1491527257
-1165186660425508145,995104,1491527269
-4361997550468234718,995104,1491527247
-7304770628941659396,995104,1491527241
-4862056451553880858,995104,1491527245
-4411283077459814383,994854,1491527254
7173332306769513110,994592,1491527290
2309706519133148489,995010,1491527273
-1633435599862551894,995010,1491527254
-7595983752594593850,913462,1491527256
-3729985688122011067,994504,1491527244
-6965260922016269890,994973,1491527270
-2952451225291940813,994973,1491527253
-8312289038424980781,994973,1491527274
-1156989788175158312,994973,1491527240
2560728767345380421,994973,1491527269
-683547917680214310,995047,1491527242
-7937553155165873287,972937,1491527295
5444855343927099496,972937,1491527240
6028205485791077820,972937,1491527266
6119531322453701633,193928,1491527253
4716115434082035825,994270,1491527292
-3441078954275596396,980382,1491527285
-7307173422031732529,993989,1491527277
-2031206370032044284,993989,1491527293
7579763648739857369,993989,1491527267
834886741647645435,993989,1491527243
-456116280110140325,994863,1491527265
-4275887268775567070,993841,1491527290
5486275625262086093,995106,1491527245
5634651182709270544,995106,1491527274
-4913351390655176301,995106,1491527256
3412387052824526286,995106,1491527237
7791008850377216948,995106,1491527295
-2762781982369621671,995106,1491527293
-3459272137326541607,995106,1491527272
1509613428576687392,995106,1491527273
5790273623493617913,995106,1491527274
-3199758626535360362,995106,1491527269
-811396602334287316,995106,1491527273
5005654671786098491,995106,1491527251
-5353596627369976739,995106,1491527270
748750062432562669,995106,1491527282
-971059796536461348,995106,1491527284
6814009403333187570,995106,1491527243
-4257427804609544965,995106,1491527293
5701054294664542012,995106,1491527292
8440740909912471403,995106,1491527283
-8908301876791466946,995106,1491527282
8518021947204869139,995106,1491527263
2562445608543035544,995106,1491527282
-2271815815779481969,995106,1491527249
7017474826257480740,995106,1491527245
4073059432715078843,995106,1491527271
-5976847405174450852,995106,1491527284
7041770258004902524,995106,1491527267
6903546391397924931,995106,1491527289
1482456092762698766,995106,1491527263
-2733575614434785716,995106,1491527277
1289742082870812668,995106,1491527261
7869774467502751548,995106,1491527285
4592354970477562847,995106,1491527270
4609186229130562661,995106,1491527272
1202899160566798639,940150,1491527294
3018746866955718906,994084,1491527253
9070555150705371650,910699,1491527297
6769692899858662689,994761,1491527248
6504791011426055903,994626,1491527238
-6578058186735977244,974965,1491527240
-4162553095468677888,949839,1491527274
-7719961226032485053,994860,1491527267
7302814557664743291,994860,1491527281
-182785249658681263,994872,1491527254
5982581983790223689,994914,1491527261
-2326568302339118521,994914,1491527255
-4155933535563843519,993779,1491527249
5628314740833643411,993779,1491527241
2766642083500157546,932550,1491527247
-942834863093407512,974441,1491527274
2192988710817898248,974441,1491527251
-4275887268775567070,993759,1491527291
5803015483530701290,995098,1491527252
1121488464562861011,995098,1491527273
-5353596627369976739,995098,1491527266
-3199758626535360362,995098,1491527256
7183022587813203819,995098,1491527269
5990496573484472806,995098,1491527279
-811396602334287316,995098,1491527263
-2762781982369621671,995098,1491527259
4073059432715078843,995098,1491527271
7408877940375233206,995098,1491527288
4592354970477562847,995098,1491527270
-2733575614434785716,995098,1491527276
665408268404555642,995098,1491527258
8440740909912471403,995098,1491527283
1289742082870812668,995098,1491527261
-5825105977211910483,995098,1491527274
6814009403333187570,995098,1491527238
2993784300990176782,995098,1491527237
-7011687446899181155,995098,1491527266
1601025050307381912,995098,1491527291
-5749364418605850240,995098,1491527243
-5254765808589999823,995098,1491527246
-6377563867829426471,995098,1491527245
8839242919858898697,995098,1491527254
3003447500140441691,995098,1491527290
8330818278656079969,995098,1491527264
4811091857905151547,995098,1491527254
8505315733495175763,995098,1491527258
9118615573092922064,995098,1491527274
5740472837099872750,995098,1491527237
1730947304110888494,995098,1491527289
8075982027412865050,995098,1491527272
-504067007699433827,995098,1491527288
-3733426846573927085,995098,1491527269
-1575298436531855729,995098,1491527238
837424271377342441,995098,1491527272
8814679967394770514,995098,1491527240
7576199410120054531,995098,1491527295
-4739054036357843829,995098,1491527258
4072966409772351590,995098,1491527247
-9085716414011210994,995098,1491527249
-4326447295948902177,995098,1491527280
-9154130256793051380,995098,1491527288
1580756654691248369,995098,1491527286
4259853902476113563,995098,1491527276
4446023945315318296,995098,1491527265
8261358065697366097,995098,1491527267
3806618410043982480,994685,1491527280
1436535342167501148,994695,1491527288
6504791011426055903,994428,1491527290
-1720488061887377055,925965,1491527281
-2101011220020769051,994792,1491527262
7766020605534526937,994792,1491527282
-5576471864019794826,343744,1491527282
4716115434082035825,994272,1491527272
6469088168964222913,991760,1491527287
4570617882354759896,991760,1491527264
5093947290437291731,155048,1491527282
5893076415928066643,995091,1491527265
-1719067377416077731,995091,1491527253
-8972644635669727029,995091,1491527266
-5136666657999749371,995091,1491527259
-3384403938556134543,995091,1491527245
3779716663568259189,995091,1491527282
1928128660824802294,995091,1491527288
5983908032486558220,995091,1491527296
4403648713028266903,995091,1491527258
1319792839437276848,995091,1491527257
357446499908113946,995091,1491527257
-2273959663460225388,995091,1491527239
5197259328216987703,995091,1491527296
-3558088880318889800,995091,1491527258
1546562545967903359,995091,1491527259
1844448937499014933,995091,1491527263
-604717081501158656,995091,1491527256
4041162000300301399,995091,1491527279
-3503388648624495848,995091,1491527265
-7883834792715652205,995091,1491527271
-5183970298548149014,995091,1491527244
-6250771628291101919,995091,1491527264
5105153295459404442,995091,1491527240
-5916237068809397636,995091,1491527267
-5714657275359863090,995081,1491527256
575396725809528434,995081,1491527244
-8224557647549544369,995081,1491527245
-2273959663460225388,995081,1491527263
3779716663568259189,995081,1491527294
1319792839437276848,995081,1491527271
9071418811547716247,995081,1491527259
8050650187732295241,995081,1491527275
-2743709260639537523,994708,1491527293
8722592493454828034,994775,1491527244
-7719961226032485053,994775,1491527248
-5036535118000251046,993293,1491527239
140089191581264871,993930,1491527240
3810771775897483334,995022,1491527258
-2031206370032044284,995022,1491527262
5868978769109105520,995022,1491527258
2024395063970199193,995022,1491527252
310722284937386662,995022,1491527297
-4014877400195966086,995022,1491527283
7222663919160141988,995022,1491527260
1868271204491088390,994814,1491527280
5829498277785520545,991835,1491527271
-7719961226032485053,994851,1491527238
-3562323389739425208,994619,1491527247
-7269386923825823318,994988,1491527275
-167036401423638365,939150,1491527256
-941847479857301308,994152,1491527291
9031697760863422877,898961,1491527293
5628314740833643411,993990,1491527241
-159219660272980557,992246,1491527284
-2743709260639537523,994718,1491527278
-5177079983793393169,994917,1491527279
-2014964405951481105,994910,1491527285
5982581983790223689,994905,1491527273
-5945536986375093624,994070,1491527266
-7237629262841998744,994070,1491527237
-3436689157380184520,995034,1491527251
-4417211193500046984,995034,1491527284
-2786684251244403350,995034,1491527248
3743463952126131261,995034,1491527268
-6088896844351270950,995034,1491527290
-243914459570474655,995034,1491527257
-3524202877288766151,995034,1491527255
-8042141869681909584,995034,1491527267
1572422459640236035,995034,1491527284
-1383210472054849589,995034,1491527247
5348421484863571529,995034,1491527263
8144858556538981181,995034,1491527268
-6420780983562006437,995034,1491527249
-8746045258320052500,344643,1491527251
-5340033740962688090,994823,1491527249
8825940669990222295,994823,1491527265
4716115434082035825,994264,1491527254
3743463952126131261,995021,1491527278
3167573895681644608,994477,1491527274
-2743709260639537523,994714,1491527274
-9121104949379413282,994749,1491527293
-7177350939643999282,995068,1491527270
-8316341177279689338,995068,1491527260
2366847796354801222,995068,1491527247
8626037218577024835,995068,1491527247
6308995191725382827,995068,1491527280
-3900939614677440860,995068,1491527293
-8802898538697490355,994610,1491527289
-7719961226032485053,994809,1491527290
-1790981739772561526,995035,1491527295
-953489908054726126,995035,1491527285
-4620157373610850306,995035,1491527282
-5815041060116483590,995035,1491527287
4879669187661513395,995035,1491527294
5520725144718192626,986277,1491527257
-5263243576020005003,986277,1491527245
5469471584711248101,986277,1491527293
-4052602833247961947,986277,1491527260
-109629670088899450,986277,1491527250
5586516476192381130,995097,1491527242
-6211503702072568313,995097,1491527257
-5577992610091385574,995097,1491527285
-8930409891734402610,995097,1491527266
1656720282805360874,995097,1491527266
-2236291110203577456,995097,1491527266
4243640226372074922,995097,1491527246
6041887323383367092,995097,1491527252
894494864100058044,995097,1491527290
4943689316232829312,995097,1491527265
6723581936903981464,995097,1491527290
-1663614647675926385,995097,1491527248
9089902677939175142,995097,1491527275
-8584533913877800984,995097,1491527259
6910272561810342721,995097,1491527272
-9201990596967945083,995097,1491527266
3731959752207261909,995097,1491527282
6137181833871752502,995097,1491527254
2907366556661509755,995097,1491527255
-2924068577572798592,995097,1491527259
9174463963284935615,995097,1491527274
-623053629406812192,993462,1491527273
2989291175744381461,994977,1491527251
3556240185578016350,994942,1491527257
-7307173422031732529,994942,1491527286
-5701377733083924354,995089,1491527277
-6173438586491388232,995089,1491527290
-3503388648624495848,995089,1491527258
-4826556449368616785,995089,1491527255
5197259328216987703,995089,1491527283
6041887323383367092,995089,1491527290
-1663614647675926385,995089,1491527294
3971584870513336951,995089,1491527247
2395408364187725309,995089,1491527285
304806004993013669,995089,1491527272
6090580443886693828,995089,1491527273
-5726529694512498343,995089,1491527291
3810771775897483334,994035,1491527254
2997205976208137799,411038,1491527291
-2073561069397168356,994486,1491527284
-2786684251244403350,994486,1491527296
-7719961226032485053,994855,1491527281
1982207903601627809,994826,1491527249
8825940669990222295,994826,1491527250
2244824512663931189,994826,1491527281
2646867085274179047,905917,1491527247
1085341283395226258,994727,1491527257
-8771057327081755346,994944,1491527276
2174485167255889289,994944,1491527283
6643358518398498598,994944,1491527238
5523180140772995337,994146,1491527255
-7269386923825823318,994982,1491527287
-941847479857301308,994140,1491527295
-5107719232530971229,994747,1491527291
-2743709260639537523,994712,1491527283
6730221348076675101,994723,1491527259
-7720507832760408593,994723,1491527252
7688700267599434811,994723,1491527254
-5746953749268216355,994723,1491527262
-5107719232530971229,994764,1491527291
-2743709260639537523,994720,1491527265
5266032545289606415,994720,1491527276
2648241675005678370,994099,1491527296
8160011515732896260,994017,1491527283
-5732510357475507789,994980,1491527257
2120368673976430895,994980,1491527264
5326234940227309442,994980,1491527246
-1532818259617217693,994980,1491527269
-1000443308762183557,994980,1491527263
-3557853421391454037,994980,1491527279
9070555150705371650,910771,1491527271
-2936343201727846031,994700,1491527294
6327752721893096083,995059,1491527254
-6275807884315369469,995059,1491527245
-5431940597687465823,995059,1491527281
-1372355068745819207,995059,1491527271
7132599388940205060,995059,1491527247
7919255503999332305,995059,1491527294
8404307215099279152,994919,1491527248
3743463952126131261,995030,1491527277
4570107870387751273,994454,1491527266
-8603511501546561732,993769,1491527294
-1710552974428658794,417191,1491527278
-2101011220020769051,994554,1491527252
-4387125532578197838,994554,1491527297
1085341283395226258,994974,1491527259
2089732817858209413,994591,1491527284
-5576471864019794826,343743,1491527284
-7117808059661086229,991349,1491527257
304806004993013669,995093,1491527248
6090580443886693828,995093,1491527248
1263881602860180223,995093,1491527239
-6969763683122819660,995093,1491527251
4128705858549235912,995093,1491527274
-7893267271767486791,995093,1491527286
-1663614647675926385,995093,1491527287
-7565431112553502480,995093,1491527296
6041887323383367092,995093,1491527279
1097659470948429628,995093,1491527277
-4528689260544066614,995093,1491527249
4243640226372074922,995093,1491527292
4253235558019804482,995093,1491527286
-7465068699811737508,885098,1491527274
7766020605534526937,993906,1491527265
8404307215099279152,994908,1491527248
-4562302633154931953,994062,1491527266
3399120134426738719,995044,1491527260
-3850803721704279260,995044,1491527271
-5815041060116483590,995044,1491527245
4879669187661513395,995044,1491527278
-953489908054726126,995044,1491527253
1307477034336056418,995044,1491527286
4016662324986805592,995044,1491527288
1436535342167501148,994658,1491527288
-3802393644234935631,995027,1491527291
-4772533563635582469,995027,1491527272
-8593557258803694793,995027,1491527237
-6458509136205899526,995027,1491527289
-4417211193500046984,995027,1491527284
6486415603794617030,995027,1491527246
-4851833852038101142,994867,1491527257
2120368673976430895,994861,1491527277
-5732510357475507789,994861,1491527277
-1821373115890145176,939236,1491527242
-5875703774092366262,995050,1491527275
7251843147065522837,995050,1491527241
7132599388940205060,995050,1491527278
231180087587288282,995050,1491527251
-2093187676805129123,994906,1491527296
1547510061870630029,994906,1491527260
-1706562106550254937,995085,1491527241
-705556575993751077,995085,1491527296
-1688665889408262552,995085,1491527251
-9119487564780619603,994922,1491527294
-4568751564664671068,994922,1491527260
-4754533678238219304,995051,1491527245
4016662324986805592,995051,1491527288
-953489908054726126,995051,1491527247
4879669187661513395,995051,1491527259
-5875703774092366262,995051,1491527275
7132599388940205060,995051,1491527278
7251843147065522837,995051,1491527241
8233938157052779298,994889,1491527239
6137181833871752502,995100,1491527242
-4175291367629576874,995100,1491527274
1832225813366876321,995100,1491527260
4966957884557719325,995100,1491527259
810085302623962720,995100,1491527294
-1442749864092066023,995100,1491527295
-2440902508943664160,995100,1491527281
-6543580806940787355,995100,1491527280
-1105977432603411187,995100,1491527245
2635349709292175640,995100,1491527268
1431034241529775748,995100,1491527281
837424271377342441,995100,1491527256
6046764044545195352,995100,1491527243
6910272561810342721,995100,1491527243
4642892904955528040,995100,1491527290
-2789472484971638073,995100,1491527294
-6168113876797971409,995100,1491527261
7718115170345248346,995100,1491527294
3593011752937919639,995100,1491527261
-2032716038189674658,995100,1491527248
-2088566242099148298,995100,1491527283
-5477398954104827357,995100,1491527278
6554040576227125467,995100,1491527286
-2845811043611573476,995100,1491527260
6814009403333187570,995100,1491527284
-3728930714976268727,995100,1491527289
8004376607000367608,995100,1491527239
-5106740183655982518,995100,1491527297
-3804344626683937531,995100,1491527270
-2824623024889291880,995100,1491527266
4223037489708929584,995100,1491527296
4716121437666172172,995100,1491527292
-8189392139520486756,995100,1491527294
162104203420503618,995100,1491527282
7862867606719660907,995100,1491527264
5553385310042493329,995100,1491527285
-942167641711223506,995100,1491527293
-2704587787270439090,995100,1491527276
-2092755817109909319,995100,1491527253
2254702336394718661,995100,1491527263
-7431136982328504819,995100,1491527294
6889214849067261374,995100,1491527264
-2230386851744132411,995100,1491527282
-4014877400195966086,994940,1491527292
9183900263122281042,995082,1491527293
-1960253027722993339,995082,1491527243
4032176267235440774,995082,1491527297
5428542948615296512,995082,1491527242
4136119969354912553,995082,1491527280
7490336073749940160,995082,1491527247
-5033743298384300067,995082,1491527244
-3583857205944227050,995082,1491527253
-3900939614677440860,995082,1491527245
-8003509140747158020,995082,1491527240
575396725809528434,995082,1491527263
-8224557647549544369,995082,1491527262
-2273959663460225388,995082,1491527268
6327752721893096083,995082,1491527271
3779716663568259189,995082,1491527294
-5714657275359863090,995082,1491527256
9071418811547716247,995082,1491527259
-6954277507380316060,341574,1491527274
-4955521911832057488,995056,1491527264
2822381948314251807,995056,1491527239
-1547188519254914979,995064,1491527251
3186038169276708416,995064,1491527247
6808480597292127048,995064,1491527281
3085998834805970890,995064,1491527295
8193896035885764454,995064,1491527277
-7774273593398730488,995064,1491527261
-6699442053570704665,995064,1491527256
4376167329393703534,995064,1491527291
1009292381466542430,995064,1491527275
5212249118068500858,995064,1491527293
-6954277507380316060,342065,1491527260
-2254229078488011252,994532,1491527291
4866086085194491030,994532,1491527288
3224198608280700978,995090,1491527288
2170711633962161542,995090,1491527260
3779716663568259189,995090,1491527240
5197259328216987703,995090,1491527292
-3503388648624495848,995090,1491527265
-5701377733083924354,995090,1491527277
-6173438586491388232,995090,1491527290
7017474826257480740,994981,1491527268
2422214510508715715,994981,1491527267
-1993215319256960701,994981,1491527294
1148175229811402087,180659,1491527254
4325671315817397835,994346,1491527246
4716115434082035825,994274,1491527276
2316453732582780902,994965,1491527268
-2936343201727846031,994741,1491527291
-856162639066172111,951914,1491527269
3351889461522707231,994371,1491527254
-6586839024531206401,994371,1491527270
-2340763096164241174,995076,1491527262
1805382320095773023,995076,1491527281
6308995191725382827,995076,1491527255
-2273959663460225388,995076,1491527296
-1360993019456265206,995076,1491527257
1515704066130384997,995076,1491527254
-3900939614677440860,995076,1491527280
-8224557647549544369,995076,1491527288
6769692899858662689,994042,1491527248
7490336073749940160,995079,1491527295
-3583857205944227050,995079,1491527285
-1960253027722993339,995079,1491527273
-5033743298384300067,995079,1491527258
-3900939614677440860,995079,1491527257
-2273959663460225388,995079,1491527278
-8224557647549544369,995079,1491527269
4136119969354912553,995079,1491527280
9183900263122281042,995079,1491527293
8481290098134194783,995079,1491527279
4032176267235440774,995079,1491527297
575396725809528434,995079,1491527263
5428542948615296512,995079,1491527242
4567463803826994656,994998,1491527242
9216180223064021260,994998,1491527256
-2592559221614979847,994998,1491527274
2844416698131723948,994998,1491527262
-4263641277656628361,994998,1491527276
-7699794197496685123,994998,1491527248
6504222847888641610,994998,1491527281
-1372355068745819207,995042,1491527257
7132599388940205060,995042,1491527242
7919255503999332305,995042,1491527294
-308303905204541043,995042,1491527258
-8609309733798274955,995070,1491527281
-6434804735252782437,995070,1491527259
5170073260612565180,994310,1491527281
2244824512663931189,993875,1491527243
2172805950786863692,988823,1491527266
-4155933535563843519,992194,1491527247
615145704893314428,994880,1491527251
9070555150705371650,910736,1491527277
-7832102213640147144,135155,1491527287
-5649091316338503121,993466,1491527248
-2743709260639537523,994703,1491527293
7910940964336995334,994717,1491527249
3026829560670409618,994717,1491527240
-5732510357475507789,994960,1491527277
2120368673976430895,994960,1491527277
4993213333386898137,994960,1491527239
-395064361133522958,994960,1491527295
-7043954250060414403,994960,1491527295
-7609532368253707852,994960,1491527246
-3372426115771679478,994960,1491527257
-3361955765820783325,994960,1491527288
4324813925895778629,994960,1491527287
-4605240936221564083,994960,1491527263
4075755339723108014,994613,1491527245
-7482484243799136095,994948,1491527287
1317526462751174360,994996,1491527280
2121651735500725033,994892,1491527248
7919255503999332305,995062,1491527288
-308303905204541043,995062,1491527254
-7774273593398730488,995062,1491527293
4376167329393703534,995062,1491527296
-4564961411780942324,994947,1491527280
-5239121561129862784,994950,1491527260
1768612781697474565,994659,1491527273
-7262920669856572955,991500,1491527282
2117823533182339399,995066,1491527240
-7774273593398730488,995066,1491527293
7919255503999332305,995066,1491527238
4376167329393703534,995066,1491527296
8193896035885764454,995066,1491527277
3085998834805970890,995066,1491527295
-6699442053570704665,995066,1491527256
6808480597292127048,995066,1491527281
9070555150705371650,910774,1491527246
2082031414659599765,994222,1491527274
5136977510819295045,994222,1491527283
-2993110039874722975,994131,1491527237
6504791011426055903,994624,1491527278
-5669317194682242679,87929,1491527280
-2940838712093268362,994966,1491527262
4388390000384799069,992177,1491527279
-231783200521784042,992177,1491527250
3513948484287563184,992177,1491527293
1658119168903339360,992177,1491527293
4854913227159187015,992177,1491527275
3614046589556595161,992177,1491527260
-4413089884715944084,992177,1491527273
8230308465950775636,992177,1491527249
6889214849067261374,995105,1491527264
-5604124209296327426,995105,1491527272
3817439310399446622,995105,1491527264
-8189392139520486756,995105,1491527294
3679644102982241629,995105,1491527280
-2704587787270439090,995105,1491527276
-2092755817109909319,995105,1491527253
4716121437666172172,995105,1491527292
-5351506149677187383,995105,1491527246
162104203420503618,995105,1491527282
1427550994084673284,995105,1491527243
-3728930714976268727,995105,1491527283
-2789472484971638073,995105,1491527276
-3388099126229387967,995105,1491527252
-942167641711223506,995105,1491527293
-2824623024889291880,995105,1491527261
-1442749864092066023,995105,1491527241
3593011752937919639,995105,1491527247
7862867606719660907,995105,1491527264
-2088566242099148298,995105,1491527273
-7431136982328504819,995105,1491527294
4223037489708929584,995105,1491527296
5553385310042493329,995105,1491527285
-5106740183655982518,995105,1491527296
4642892904955528040,995105,1491527272
-6168113876797971409,995105,1491527246
-3804344626683937531,995105,1491527270
522964553547399358,995105,1491527292
-2845811043611573476,995105,1491527252
1431034241529775748,995105,1491527242
8741420338115339521,995105,1491527265
6814009403333187570,995105,1491527277
-6897797999923186380,995105,1491527257
-5477398954104827357,995105,1491527268
7718115170345248346,995105,1491527279
-5521885247528568215,995105,1491527246
6554040576227125467,995105,1491527276
6340155141050142824,995105,1491527263
7499989366624883230,995105,1491527290
3289304203822973359,995105,1491527244
-3225843488486552176,995105,1491527242
-2230386851744132411,995105,1491527282
7720166631610408644,995105,1491527239
3553893069199975298,995105,1491527276
-4573227401093876036,995105,1491527275
-2625967681736592875,995105,1491527246
-3199758626535360362,995105,1491527289
-1884379680352998139,995105,1491527251
8163626291726147287,995105,1491527276
-5441035410362610627,995105,1491527286
5781999768903735929,995105,1491527283
-69619278119851128,995105,1491527292
6009386698332511770,995105,1491527290
-7128494838089501352,995105,1491527258
-3176480267234471758,995105,1491527273
5070656235376690186,995105,1491527254
7758826952312636302,995105,1491527276
-7612112197444511360,995105,1491527269
-436482619906890023,995105,1491527284
-928337990139766167,995105,1491527269
988363379064478348,995105,1491527271
2222802678908522103,995105,1491527253
-5032008407625869757,995105,1491527281
7511707655792401919,995105,1491527291
-6132982716657874481,995105,1491527295
8934267427669495830,995105,1491527292
-912390746078617428,995105,1491527241
7766782007411760912,995105,1491527265
-3270097579667422875,995105,1491527282
5863951301439037166,995105,1491527273
-6253590331435379523,995105,1491527281
-4174630514975983250,995105,1491527278
-7182588822502455713,995105,1491527238
-8299204112018320224,995105,1491527250
4840940699893922511,995105,1491527279
-4860166725155299053,995105,1491527283
-4044865221599377895,995105,1491527286
-2017664538885780113,995105,1491527297
-4219803359288353451,995105,1491527238
-9126098718027736025,995105,1491527293
7470199889855411120,995105,1491527271
3712918512301799160,995105,1491527276
-2874555169934215480,995105,1491527278
4939675832590971391,995105,1491527288
-3865398298299421861,995105,1491527281
1576385726198718161,995105,1491527244
-9102573369747594506,995105,1491527296
3937173454158939903,995105,1491527265
7302814557664743291,994865,1491527281
5953568155514560248,994041,1491527259
3556240185578016350,994041,1491527281
-124121510806525363,986789,1491527295
-6832916607187065406,986789,1491527259
-622945226998957821,994951,1491527261
-1158284471532872118,994951,1491527271
5649061221867835443,994951,1491527286
-5585211364375410106,994951,1491527257
-8980646839302358096,994951,1491527239
8955113338508149349,994819,1491527296
-941847479857301308,994150,1491527295
-7269386923825823318,994983,1491527259
2981950477591012882,994983,1491527293
-2592559221614979847,994983,1491527290
-6287444104173944156,994983,1491527274
8241584457086611608,994983,1491527286
4567463803826994656,994983,1491527282
-5263243576020005003,995007,1491527259
-6109253388489707093,995007,1491527283
-663446625745377300,995007,1491527240
4570107870387751273,891293,1491527266
1049068519870794677,993266,1491527293
5197259328216987703,995092,1491527276
2395408364187725309,995092,1491527285
-6173438586491388232,995092,1491527248
6090580443886693828,995092,1491527273
304806004993013669,995092,1491527272
6041887323383367092,995092,1491527290
-1663614647675926385,995092,1491527294
-7893267271767486791,995092,1491527286
-6969763683122819660,995092,1491527252
4128705858549235912,995092,1491527274
1263881602860180223,995092,1491527239
-7565431112553502480,995092,1491527296
-1449801718903166750,995054,1491527263
2013673792703806537,995054,1491527285
7132599388940205060,995054,1491527265
231180087587288282,995054,1491527245
-4955521911832057488,995054,1491527264
-1372355068745819207,995054,1491527271
-6275807884315369469,995054,1491527245
-9094744760695479695,995054,1491527244
9070555150705371650,910753,1491527274
8756467242316828775,994773,1491527289
6134721920181943535,994773,1491527286
6808480597292127048,995069,1491527243
1009292381466542430,995069,1491527245
4376167329393703534,995069,1491527248
-8316341177279689338,995069,1491527272
-7177350939643999282,995069,1491527278
2366847796354801222,995069,1491527247
4073845602750987432,995069,1491527290
4033632591293921928,991233,1491527280
1230055231429114957,991233,1491527287
7127065576287241346,991233,1491527262
2999209032569777615,991233,1491527274
-6132300042196146612,994894,1491527265
-197272659216820516,994894,1491527242
-5557655173252694808,994894,1491527290
-5149701759197293628,994894,1491527263
-8306731614033439985,994894,1491527286
6903546391397924931,994894,1491527241
4966957884557719325,995103,1491527288
-2032716038189674658,995103,1491527273
-2743709260639537523,995103,1491527242
1832225813366876321,995103,1491527280
6046764044545195352,995103,1491527262
1841098299555661640,995103,1491527243
-2993030060311376626,995103,1491527242
-6168113876797971409,995103,1491527275
-2440902508943664160,995103,1491527294
6910272561810342721,995103,1491527254
-2088566242099148298,995103,1491527293
1431034241529775748,995103,1491527291
-2845811043611573476,995103,1491527268
3731959752207261909,995103,1491527239
-5477398954104827357,995103,1491527284
6814009403333187570,995103,1491527290
-3728930714976268727,995103,1491527292
-1105977432603411187,995103,1491527248
837424271377342441,995103,1491527259
6137181833871752502,995103,1491527243
810085302623962720,995103,1491527294
-4175291367629576874,995103,1491527274
-4228445273955040313,995103,1491527283
-1442749864092066023,995103,1491527295
-2789472484971638073,995103,1491527294
-5298897547891901550,990691,1491527248
-4993529465516949313,994247,1491527246
8641356840928453831,994640,1491527254
8626037218577024835,995074,1491527247
6308995191725382827,995074,1491527280
-3900939614677440860,995074,1491527293
-2340763096164241174,995074,1491527275
-1360993019456265206,995074,1491527269
1732504503943255475,930016,1491527291
6162672378511835708,994297,1491527263
-7269386923825823318,994992,1491527265
-5431940597687465823,995063,1491527260
4936405432990538560,995063,1491527253
2533873878142880715,994946,1491527292
-4564961411780942324,994991,1491527261
-5968459635038404601,994991,1491527255
-182785249658681263,994468,1491527273
-3660337440616242486,994815,1491527259
-8802898538697490355,994612,1491527280
5868978769109105520,995008,1491527276
2331618287939304408,994866,1491527282
-8945307722069656051,994866,1491527269
-5285083581251637469,994866,1491527267
1202899160566798639,940162,1491527294
-7719961226032485053,994859,1491527260
-4251407879587870225,994847,1491527286
-5014836127724433581,914521,1491527294
1768612781697474565,994609,1491527273
