4283559542215308594,996844,1491940782
7215398626830516739,996342,1491940786
-5024010289872078506,996820,1491940800
-8279558993011290985,996820,1491940778
-7315811510712071009,996820,1491940790
3888694423179972012,996820,1491940774
-9003715157100164400,996525,1491940798
-1353356084768624404,996525,1491940776
-5064705808093429482,996242,1491940816
-2015107414998249114,413343,1491940791
-1982874722174765380,991875,1491940799
-1603287862746465637,985344,1491940801
5402204836839949879,994228,1491940802
-7900126209118734704,19563,1491940774
-4535563397072334952,983072,1491940784
5865756557012453384,996695,1491940763
8886482810475563557,996695,1491940803
6943637954733753548,996695,1491940765
-4827650299356566557,996695,1491940776
6676218144675081497,996695,1491940781
-3218852584036454289,996695,1491940780
-7776607718928971519,996695,1491940810
2505204936376072917,996695,1491940761
1753582700221155238,996695,1491940774
-1060852468121700141,996695,1491940784
5806717741150632514,996695,1491940810
6667895674628150127,996695,1491940781
-8754821021982381933,996695,1491940808
1327064807783090700,996695,1491940762
-8795150420075763541,996695,1491940816
3410952770313476710,996695,1491940791
3259793826657541755,996695,1491940793
-963505370142583621,996706,1491940817
8143076190265828649,996406,1491940787
-6816907632779028669,996406,1491940772
112390956601295458,996406,1491940800
5103582946702038013,996406,1491940774
-7948762723296127774,996406,1491940814
-4027937122351318848,996406,1491940777
3318651927892825927,996406,1491940820
-4354361031886735732,996406,1491940819
256842182696429653,996406,1491940818
6026099132269868945,996233,1491940809
4578584910386667680,996233,1491940765
-119587240544758117,996488,1491940809
-4202467607698637202,996920,1491940773
-4211755677063978276,996938,1491940786
7215398626830516739,996302,1491940784
-8088666534670402834,996302,1491940806
8124866441126599240,996302,1491940807
-8424391228629626323,996302,1491940808
-1168564526630983309,996302,1491940808
7798244369992762115,996302,1491940797
9089888545442374422,996302,1491940811
-3864234712735290012,988086,1491940765
-4898267614440855085,996400,1491940767
1163287430736450973,996400,1491940803
-1506071013727233029,421282,1491940773
7407900733494751609,965421,1491940792
-4599858618667872656,996834,1491940787
-8778762421450950824,996479,1491940779
-4184109606493767047,996479,1491940814
7733274013748913994,996479,1491940800
-3010162822208561897,996479,1491940777
-7653246101601618086,996479,1491940793
4737980397215409990,996479,1491940788
3329424305819200776,996479,1491940762
-4338684970736385547,996479,1491940819
2854910047848206105,996479,1491940767
-3549303924371535271,996479,1491940810
-5807283342512792710,996479,1491940768
-1188336730457216601,996630,1491940820
6183495418283134043,996630,1491940765
-5208581755681626849,996630,1491940779
468370147480821927,996630,1491940814
-5089187759747888995,996630,1491940797
-8904737265477539617,994017,1491940820
-7933724170052792863,994376,1491940803
652473550598283127,926333,1491940762
-4782877658327097987,996079,1491940795
1120181300476545112,996079,1491940800
1979045107561330174,996477,1491940796
8659673853453191350,996685,1491940798
8953464930043438230,996553,1491940811
4609684669575333969,345163,1491940793
1625949607153846775,941903,1491940762
8837427177463286343,996585,1491940772
8728251394668698421,873578,1491940771
8662633875192868456,993759,1491940811
3721394711692554319,927007,1491940815
-7430955696284099405,908896,1491940786
-825219393838563313,993815,1491940815
7407900733494751609,988699,1491940765
-8337365385304242462,997041,1491940775
-6736806409635675660,997041,1491940814
4566922314204086338,997041,1491940791
7212467224930947928,997041,1491940794
7653412619350245031,997041,1491940768
-594424960429450576,997041,1491940821
7672551732090066559,996735,1491940793
-8526972829902163339,995605,1491940810
-7942381070462074647,996918,1491940815
3605051664779345543,996918,1491940807
-6469154756658277587,996918,1491940803
-709011458528653905,996918,1491940818
-8558125594149739030,996918,1491940805
5441597409807125773,995467,1491940762
-8295477321480842833,886237,1491940809
-5111607884816065082,993513,1491940801
5417527197367745670,996271,1491940767
3511414415733611669,996271,1491940809
7497987706442827762,995193,1491940798
434366121166669889,995193,1491940791
3562829698355519163,995193,1491940798
4213413241775284088,996344,1491940810
8303633779896078670,996813,1491940789
6371776367381220368,996684,1491940805
967249315786910660,996684,1491940774
-2390112147224095492,996830,1491940797
8983908669299088906,996830,1491940811
-1425956723960854839,996830,1491940813
7743501718940327869,996830,1491940811
-5247672667862294711,996830,1491940770
-8510456723961889224,996830,1491940803
4724190935240513334,996830,1491940767
2985287133108157437,996830,1491940798
2939189623805432820,996830,1491940786
-8306447067551021975,996830,1491940788
-3180955226601325253,996830,1491940815
8392367611325344431,996830,1491940815
-5190749355353553225,996830,1491940817
746183355994359386,996830,1491940810
-7887942554424542553,996830,1491940819
-7060076473794864911,996830,1491940802
-3801361381521044244,996830,1491940808
8157697748011945297,996830,1491940790
2338309713553535747,996830,1491940817
744190395325038141,996830,1491940820
-8120010471940896466,996830,1491940810
-4556393135585871689,996830,1491940805
-2935369353385695746,996808,1491940796
-3157114937204793676,996808,1491940769
-6714132085159300773,996808,1491940820
4371119047969130876,996808,1491940774
6858166146154454117,996808,1491940813
-3414341162160727194,996808,1491940818
9154079934952886830,996808,1491940806
-1867273565888169780,996808,1491940776
-1064246462258993926,996808,1491940763
8132706966001819413,996808,1491940815
5763433501528766640,996808,1491940775
2878390985410129525,997038,1491940789
6636657894321216686,997038,1491940767
-6571324065897635987,997038,1491940807
7850234622395775164,997038,1491940808
453797292529145214,997038,1491940810
873925782880244234,997038,1491940801
-6291296552629541504,997038,1491940801
8434832205714664629,997038,1491940771
3029110064150131162,997038,1491940766
-125537404290006015,997038,1491940812
-174951697921359138,997038,1491940793
-8138643298367338880,997038,1491940795
-8337365385304242462,997038,1491940792
6959513236414324550,997038,1491940768
-7514497494628132921,997038,1491940817
-4480922937683120018,997038,1491940819
-5185349824866368245,997038,1491940807
4672613711375329819,997038,1491940789
3324211840455959480,997038,1491940767
1513806183583132743,997038,1491940818
-3034339848904422806,996548,1491940814
1782662499577308657,996752,1491940820
9000410525732170361,996725,1491940816
6371776367381220368,996725,1491940818
2688946088877138766,343008,1491940803
-3453981391266974636,996494,1491940809
-3453981391266974636,996496,1491940821
6527705823924090347,996875,1491940799
-5071011049276949909,996875,1491940779
-1871461170589801442,343381,1491940776
8953464930043438230,996547,1491940820
9166311977351691018,987707,1491940763
1529096564553283078,974441,1491940785
-6168600089850176437,974441,1491940812
2634334812278153613,974441,1491940763
-99897822988175742,996862,1491940784
2921231561570556058,996862,1491940771
-3160463196874524731,996862,1491940789
2055256865057236405,996862,1491940771
-8479662595819384400,996862,1491940793
-246719090330926224,997052,1491940762
9076522785237092741,997052,1491940773
8225005746872647191,997052,1491940782
-3472992409161303718,997052,1491940781
6268848443994129280,997052,1491940818
-7939847280305628693,997052,1491940762
-6251424056628658552,997052,1491940789
-4291141982291344712,997052,1491940821
6272600288721067278,997052,1491940816
-7828308561438806425,997052,1491940781
8120424532969914772,997052,1491940814
7442133383456520531,997052,1491940802
-6196874870296758779,997052,1491940819
-9166218955457154994,997052,1491940807
1661657741350422643,997052,1491940814
2407151069166841615,996744,1491940796
6992064019419978904,996638,1491940796
1630755867713713203,996910,1491940798
-6710728578410412433,996910,1491940807
7570451738601643750,996910,1491940799
1915877762600782089,996910,1491940807
-2178297594596946173,996910,1491940763
-963505370142583621,996693,1491940817
9223368634831467642,996660,1491940815
-8598217144866364343,996660,1491940786
-591117381141588784,965598,1491940773
-4206231251665392771,928506,1491940816
8503340989791934901,989653,1491940816
-8526972829902163339,989653,1491940810
8437636852047827151,132571,1491940785
900853570032460388,996424,1491940772
-7760823732835354747,993928,1491940779
-6137252038580100741,993928,1491940798
4611981941421833942,996991,1491940765
2939189623805432820,996991,1491940764
8392367611325344431,996991,1491940803
-1897887411750557561,996991,1491940777
2370612760224120090,996991,1491940774
-6779374627544385065,996991,1491940791
-7211977378103254116,996991,1491940811
6521225630540550775,996991,1491940768
7917161254993854399,996991,1491940819
-3547117375117744386,996991,1491940772
-6235664024115104438,996786,1491940809
7155289953350244198,996786,1491940784
-3409839274677624,930172,1491940774
-1142676948943623002,930172,1491940771
4337001673241567259,996070,1491940764
-3027019300305137398,987416,1491940810
-440825329083152805,996540,1491940794
-5118400376384785693,996540,1491940770
5441354239297468095,996540,1491940781
2073862563212614081,996540,1491940809
-2989707950795893405,996540,1491940800
4148124763688699552,996540,1491940785
-622319929567489608,996540,1491940805
-4245451654045901657,996540,1491940779
5441597409807125773,994671,1491940800
8765001772140193934,149942,1491940815
3278107650436662892,996741,1491940791
-1940536811666773891,996741,1491940801
1049583370217871036,996741,1491940810
-1166917521970118255,996741,1491940811
-4106409545380176440,996741,1491940799
1866480856545906964,994688,1491940808
-8598217144866364343,996663,1491940800
-7933724170052792863,994733,1491940774
4337001673241567259,996072,1491940764
2467434435911324736,996901,1491940770
3055798071242923135,996901,1491940770
4601586329436547410,996901,1491940813
-4473726474526441701,997003,1491940815
4103699446670700056,997003,1491940770
2212111183275448427,997003,1491940819
-3815730766356766944,997003,1491940764
5046934207926660737,997003,1491940814
-8164738555002345426,997003,1491940810
7431385866704634828,997003,1491940763
1192522293755925733,997003,1491940820
-3610866421507414339,997003,1491940809
2930181830608982262,997003,1491940816
-7406104497776209250,996870,1491940780
-3160463196874524731,996870,1491940783
1217805281427451149,996941,1491940780
-1650095073931144227,996941,1491940794
4868487307698078833,996712,1491940797
-99897822988175742,996712,1491940782
8194694905275009404,996712,1491940782
-3034339848904422806,996712,1491940814
2407151069166841615,996712,1491940796
-3206291355865220671,996712,1491940800
-3929849999494394680,996712,1491940814
-1431978553558026719,996363,1491940818
5949357377390341749,996900,1491940795
2467434435911324736,996900,1491940775
-1982874722174765380,927842,1491940815
5265912400558536781,995365,1491940771
-5250967718930193003,995365,1491940820
6049813083810611806,995490,1491940802
9000410525732170361,996765,1491940816
-5024010289872078506,996765,1491940806
-2624099398431910944,147671,1491940764
98654555309809447,193914,1491940820
8367391661406292910,193914,1491940789
-7837672902629196087,971963,1491940807
-2971417678215782260,996907,1491940775
-2515411799582454763,996907,1491940796
-252672507212363961,996907,1491940809
-54877244552733710,990986,1491940764
3393674091741976538,996053,1491940819
-1813095027784401053,996678,1491940771
3073256796514803682,996536,1491940793
6891726674272050573,994222,1491940820
9038288895555507338,994222,1491940772
8953464930043438230,996554,1491940820
1538280798357469493,979561,1491940809
514012577490843461,152221,1491940802
-7933724170052792863,994516,1491940762
-3062597578970791696,989630,1491940814
8953464930043438230,996555,1491940803
6142638299568472269,996555,1491940813
-1425818976189797191,996802,1491940773
716584165303995052,996802,1491940773
-1166917521970118255,996802,1491940787
1049583370217871036,996802,1491940791
-8029822130730631112,996802,1491940808
3761662912879597512,996802,1491940817
2074472884233859523,996802,1491940804
-7837672902629196087,971359,1491940811
-3048381049952020631,996966,1491940776
671734530458764201,996966,1491940810
-1963443354872735899,996966,1491940781
2203960147596293687,996966,1491940802
-1066186441410039945,996966,1491940778
4619909934058070211,996966,1491940788
8090371705366301610,996966,1491940801
3712661878903047399,996966,1491940810
2372391913617918141,996966,1491940801
9129359925034773722,996966,1491940807
4724190935240513334,996966,1491940816
-7453534719909460053,996966,1491940813
-5068127486554543006,996966,1491940780
5318581170196048498,996966,1491940814
7977701828776441074,996966,1491940803
-6154024917831267539,996966,1491940796
-40525679517866431,990046,1491940808
-5330896161222425185,995360,1491940794
1519543768138437984,996217,1491940774
2670633942520573412,996217,1491940787
1912325915446550595,996217,1491940763
917962864231925356,996217,1491940769
-3071111369866891706,996217,1491940785
8076615997867283590,996217,1491940796
-7494049002065555244,996607,1491940781
5924902468708206206,996936,1491940790
7879218641764750091,996936,1491940792
-6469154756658277587,996936,1491940767
-8558125594149739030,996936,1491940799
-1650095073931144227,996936,1491940820
-35705404897025267,996936,1491940812
-442773567600792390,996936,1491940817
5702840939220491775,996936,1491940764
3449107246402534480,996951,1491940781
-1296187016512266311,996951,1491940794
-4082734771277440277,996951,1491940817
-8210533147225370498,996951,1491940811
-6402592331758424398,996951,1491940807
-7172048000631287068,996951,1491940810
-720608179796180578,996951,1491940803
9000410525732170361,996767,1491940762
6371776367381220368,996767,1491940815
-2672607704366621473,996767,1491940822
-7173087843760290190,997064,1491940820
6692276686284282463,997064,1491940786
1855265534980678954,997064,1491940802
3962132046513281714,997064,1491940774
-5490504606651498002,997064,1491940814
-2471128499625543700,997064,1491940813
7523450164666878187,997064,1491940774
7945060160765018873,997064,1491940813
-323036769710569653,997064,1491940783
-4291141982291344712,997064,1491940772
7898716798290204668,997064,1491940804
1910685355457463749,997064,1491940815
-3423576776269253160,997064,1491940817
-8522848633010341374,997064,1491940790
4188304287780138511,997064,1491940787
1562986097063953839,997064,1491940780
5669109258654848282,997064,1491940813
836459678233958830,997064,1491940766
6872348829654538090,997064,1491940816
6422247523584246343,997064,1491940806
-9164314380700169468,997064,1491940789
7075711886516385886,997064,1491940781
-4300755320842178047,997064,1491940816
-5251397302437106528,996807,1491940786
-4806984816031351767,996807,1491940762
-213968710311903408,996807,1491940801
-994543045159167794,996807,1491940777
8601079953624423549,996807,1491940812
-5621169059637527265,996807,1491940797
-4815914409129188271,996807,1491940769
-4302557333021943156,996807,1491940820
-2139692423693888904,996807,1491940784
-3067537583298528311,996807,1491940808
1493248224257765141,996807,1491940808
5500221571198766113,996807,1491940778
-1127001333514426891,996807,1491940817
2012802950274280465,996807,1491940787
-1425818976189797191,996807,1491940775
6799927338257160035,996807,1491940770
3889021693674119257,418013,1491940801
-5064705808093429482,996254,1491940784
-5432112451515120140,996183,1491940787
-2989707950795893405,923922,1491940762
-2330125130517172306,996929,1491940804
-3896259046429788110,996929,1491940770
2242696034749295081,996929,1491940775
4619909934058070211,996929,1491940790
2372391913617918141,996929,1491940803
-1963443354872735899,996929,1491940782
8090371705366301610,996929,1491940803
2203960147596293687,996929,1491940802
3712661878903047399,996929,1491940810
-4118203532056968013,996270,1491940778
4853092692686679374,111288,1491940789
-6004279666477155855,345970,1491940765
2467434435911324736,996904,1491940787
2921231561570556058,996851,1491940811
-1999766050270388706,996828,1491940794
-4599858618667872656,996828,1491940797
1662651374154552384,996828,1491940765
2020132781731906311,996828,1491940763
7544847725383747239,996682,1491940780
7388036041095366022,996460,1491940767
2504981265956803725,996460,1491940769
8885646007201782781,996460,1491940818
7233465496400358298,996449,1491940811
6241094618628039022,996449,1491940800
3187437360699434983,996449,1491940784
2930181830608982262,997017,1491940816
-4630101172686024689,997017,1491940777
587798445567821457,997017,1491940784
-3610866421507414339,997017,1491940809
-5917445500242687928,997017,1491940812
5514099397064103485,997017,1491940809
1192522293755925733,997017,1491940820
-8164738555002345426,997017,1491940798
-1296187016512266311,997017,1491940771
-1763786645085929975,997017,1491940779
-6695912544235188521,997017,1491940804
-7112061874355892633,997017,1491940795
6266859337920502410,997017,1491940787
-286277029793374342,997017,1491940821
-70025548354188927,997017,1491940791
6484053045419134498,997017,1491940821
2011537686747751797,997017,1491940812
-812218113274726212,997017,1491940789
3753431949979788377,997017,1491940766
-6485776792426074521,997017,1491940775
-8271695387106206351,997017,1491940789
3147726622744559155,997017,1491940806
-5445166343140862050,996849,1491940791
5618130342450158162,996849,1491940767
-5542874156796830552,996849,1491940806
-6607683261428235733,996849,1491940815
-3176985571593619910,931555,1491940804
7656936367162782319,996772,1491940817
1221702309490836807,996772,1491940767
-60300618631847657,996772,1491940804
5016480375845878156,996772,1491940780
8369313684914297067,996772,1491940812
-8913163357040910275,996772,1491940789
4642152393571795464,996772,1491940814
6371776367381220368,996798,1491940801
-512101441252341676,990996,1491940805
3505351827995146170,993875,1491940790
2830282164359206524,994565,1491940761
3511414415733611669,996175,1491940809
5417527197367745670,996175,1491940767
-1813095027784401053,996175,1491940813
3252986954299030640,996175,1491940782
6656526040163324353,996841,1491940764
-7523292372674455366,996948,1491940779
-1147764416130740184,996948,1491940812
6860266580176634028,996948,1491940820
-1650095073931144227,996948,1491940775
3209414494427012095,996948,1491940807
-4487928465821243291,996948,1491940821
1827880792081579734,996948,1491940804
7248039484137474316,996534,1491940775
-111764560340465984,997047,1491940782
3206530874512704871,997047,1491940799
1417217644773204275,997047,1491940821
7153636079030379878,997047,1491940776
4458042410013140994,997047,1491940801
6039569423546035721,997047,1491940771
-5860821320593063972,996887,1491940812
-6607683261428235733,996887,1491940799
8308030523207718855,996887,1491940787
-5204377244915975272,996887,1491940817
-5509295619968252755,995298,1491940807
-2805932682564674560,997045,1491940805
8546015757831374262,997045,1491940770
-915198932044409515,997045,1491940796
-594424960429450576,997045,1491940821
4566922314204086338,997045,1491940788
3206530874512704871,997045,1491940811
5943009687652057203,997045,1491940807
4148124763688699552,997045,1491940807
-1194700563499179618,997045,1491940785
-111764560340465984,997045,1491940806
-5682256506097543461,997045,1491940809
-1557846834828030224,997045,1491940818
4925165900588101742,997045,1491940800
5920421137699730676,997045,1491940773
395316258436690380,997045,1491940802
-7775493062318528946,996837,1491940800
-5296112341467914059,994054,1491940796
-4451862893379902000,995239,1491940813
-5381296741320933235,995239,1491940794
7738179284716265066,174238,1491940771
-4079667620443139386,997059,1491940810
9193659046851390557,996447,1491940775
-5111607884816065082,993069,1491940796
-2139692423693888904,340121,1491940782
5502279520430577306,191121,1491940788
1730254181769000968,996595,1491940773
8791309726842645639,996595,1491940801
-7668959687537664508,996595,1491940792
8937850373753701097,996595,1491940771
1874400857044332205,996595,1491940816
3212830818445700135,996613,1491940772
-7310920110611349653,996896,1491940814
910181699580258180,996896,1491940802
-7876683066495677435,996896,1491940793
308632218547420972,996896,1491940799
1244106056200999250,996896,1491940767
868322727321313407,996896,1491940790
1386501917498972353,996896,1491940784
979770301189899042,996896,1491940808
946784551793309602,996896,1491940764
8934208128014275604,996896,1491940795
3297644707142453558,996896,1491940792
2691859624905336087,996896,1491940818
-4174385568024945149,996896,1491940769
-8630049932097062725,996896,1491940769
3824897103533428055,996896,1491940814
-4803260216920772692,996896,1491940763
-6802040085368462862,996896,1491940822
-7287433797082079114,996896,1491940806
7672551732090066559,996743,1491940784
-190932921679977579,112018,1491940803
-6291296552629541504,997044,1491940775
-7514497494628132921,997044,1491940817
-3509909281880063,997044,1491940763
-125537404290006015,997044,1491940794
6959513236414324550,997044,1491940766
-174951697921359138,997044,1491940782
-8337365385304242462,997044,1491940788
-915198932044409515,997044,1491940763
7212467224930947928,997044,1491940806
1458700961921033557,997044,1491940782
-4784961162103787226,996570,1491940823
8659673853453191350,996688,1491940798
8955842587782011242,342219,1491940795
6208558783180379043,342219,1491940767
1436984406649667803,936892,1491940770
-668083194964769419,996448,1491940767
906789162899984360,995034,1491940820
-3133089645689328381,983559,1491940817
-5330896161222425185,994953,1491940794
3259334678763270449,996963,1491940766
-9014961221687292980,996963,1491940803
8998137639291087740,996963,1491940784
9039352883696115967,996963,1491940801
1429443974930718648,996963,1491940785
4619909934058070211,996963,1491940803
2372391913617918141,996963,1491940816
1325374451916358512,996963,1491940784
-1154155119596208901,996697,1491940774
-8356181387451450458,996697,1491940800
-9192572290709245268,996697,1491940768
8854920735523614035,996697,1491940810
-726700652284612169,996697,1491940784
-963505370142583621,996720,1491940804
1731773941874174707,924010,1491940797
-706442324306202974,990301,1491940782
8015329319994656975,411038,1491940768
6059178658843559305,411038,1491940808
8538315662558798929,996876,1491940793
-5924378190772997859,996876,1491940808
-5104091916088500177,996876,1491940791
-5255640758412791133,996885,1491940781
-7315811510712071009,996885,1491940776
6077277713971361897,996885,1491940813
3888694423179972012,996885,1491940769
717569641928090688,996885,1491940766
-9049383757132041010,996885,1491940818
5055566442310748539,996885,1491940774
-8708276897108607144,996885,1491940768
-1731088915498228941,996885,1491940787
940024587818296893,996885,1491940816
3618047010845348979,996885,1491940794
1758724171232162095,996885,1491940789
7031990441595436078,996885,1491940766
6016735775327262300,996885,1491940805
-1510522165853362260,996885,1491940775
-5882005398156308405,996885,1491940808
-7635645634619611149,996885,1491940783
-1610609023797648662,996885,1491940809
5946565460596493021,996885,1491940773
8703607235655244551,996885,1491940811
-3920246630842905885,996885,1491940775
-2391336543874888189,996913,1491940812
6503069522580081561,996913,1491940788
6860266580176634028,996913,1491940773
1827880792081579734,996913,1491940804
-4487928465821243291,996913,1491940821
-1650095073931144227,996913,1491940772
-8402621733292593131,996913,1491940770
3577238833292819693,996913,1491940797
7499880259922737999,996913,1491940764
3209414494427012095,996913,1491940807
-606534115332119215,996913,1491940810
-7044628222301116966,996913,1491940778
8236716541579183204,996913,1491940796
-3245052158054755245,996913,1491940808
-8576994934372861337,996913,1491940766
4683395318983990108,996913,1491940822
6750922099457596250,996913,1491940808
5840091560124517962,996913,1491940767
-2900474582356918542,996913,1491940816
-8575200543125958215,996913,1491940790
9067512980459862297,996913,1491940809
-6747502619075926523,996913,1491940767
-4259743830341003798,996913,1491940819
8769464135332833252,996913,1491940800
-6357121139563370247,996913,1491940772
-7947865169063896475,996913,1491940766
-3379605269384041365,996913,1491940797
610123206260905722,996913,1491940767
7635799910844030674,996913,1491940808
2466096576324438539,996913,1491940763
3309280026326099887,996913,1491940772
1785640778856381417,995664,1491940785
-6129546416454444563,925990,1491940819
-5560693390041748787,938401,1491940772
7664199501629419452,938401,1491940816
1999517930560395912,124591,1491940805
7306414694382138106,403117,1491940802
8269628801270761089,973035,1491940819
1979045107561330174,996510,1491940765
7373844087849989294,996510,1491940775
2854910047848206105,996510,1491940785
175270640513757480,996510,1491940764
1774385558593828799,996510,1491940819
-923852675899085777,996510,1491940815
-5104091916088500177,996880,1491940788
-6673842578930899365,996880,1491940778
-5924378190772997859,996880,1491940787
-7560655239383547019,996880,1491940768
5945495457642914345,996880,1491940767
-8279558993011290985,996880,1491940778
-8248004896494045793,996880,1491940803
-4211755677063978276,996880,1491940814
-2779989817730775778,996880,1491940790
-3717733008913308829,996880,1491940813
6332427530115170180,996880,1491940791
8851900226388655228,997055,1491940803
-7828308561438806425,997055,1491940774
-7348030278111972026,997055,1491940792
2582938014767221196,997055,1491940810
8120424532969914772,997055,1491940810
7442133383456520531,997055,1491940802
6272600288721067278,997055,1491940807
6268848443994129280,997055,1491940786
5140301851326098237,997055,1491940821
-8516511354244593326,997055,1491940781
-4291141982291344712,997055,1491940808
-8863629698782730933,997055,1491940776
-5781435457302943416,997055,1491940784
-6736806409635675660,997055,1491940808
8912518294944745683,997055,1491940803
187443930067015699,997055,1491940813
3831472462173780369,997055,1491940792
-7346983660958334842,997055,1491940787
-3154955198510251841,997055,1491940819
5920421137699730676,997055,1491940807
6248710381200537177,994749,1491940818
-5677433738659450659,996347,1491940780
-3887702512641051982,996347,1491940807
-9147079404837661574,996776,1491940789
3253652518601255708,996776,1491940806
-5251397302437106528,996776,1491940786
-4302557333021943156,996776,1491940820
-7560655239383547019,996888,1491940789
1892670515558045190,996888,1491940816
8437636852047827151,132573,1491940773
-3787440729268671619,930294,1491940804
5331256230247177388,342279,1491940814
-6747502619075926523,996956,1491940767
9039352883696115967,996956,1491940819
9177750393600581459,996956,1491940811
-4004278265261416951,993677,1491940772
5142336834688638866,994789,1491940780
7348429945956136295,972937,1491940780
-5476727139367349029,972937,1491940823
3962539473015843336,996252,1491940766
-3979292817505416459,996252,1491940798
4283559542215308594,996252,1491940782
-6453784729065065340,996252,1491940775
-4719210184793855300,996252,1491940806
-8521930367788534475,996252,1491940787
361530154511944979,996252,1491940816
5310305631310856523,996252,1491940790
2641200461440468344,996252,1491940804
5453829520365310160,996252,1491940821
754440614557047404,996252,1491940778
3306551520874984473,996252,1491940807
8671171584650856263,996252,1491940785
-1064246462258993926,996252,1491940804
-953451931643134381,996722,1491940770
-6393505068529582068,996722,1491940768
-963505370142583621,996722,1491940775
-3320035827049628063,996722,1491940778
339923669605495245,996722,1491940819
7470829296144811453,996740,1491940764
1221702309490836807,996740,1491940801
6361074894899049234,996482,1491940776
-612049497343502176,996979,1491940784
2349990651442390992,996979,1491940779
6943637954733753548,996478,1491940769
-2929346837945083687,996478,1491940768
8886482810475563557,996478,1491940803
5142336834688638866,994955,1491940780
2962313797958687751,994955,1491940821
-3280424787599578461,408625,1491940803
-668083194964769419,996434,1491940810
-6891346042039625631,996434,1491940774
1785640778856381417,996434,1491940785
4950909802530265910,996855,1491940811
-5531793104417790468,996850,1491940781
7836628320724235091,996850,1491940801
-2932140494692414717,996850,1491940788
6393676750355681412,996850,1491940820
9039352883696115967,996957,1491940819
2843300037713079415,996957,1491940776
-8325285277066527425,996925,1491940807
-442773567600792390,996925,1491940817
-8558125594149739030,996925,1491940776
-35705404897025267,996925,1491940812
-1650095073931144227,996925,1491940810
7385748397899340554,996925,1491940778
-7205602546265621414,996925,1491940791
-4132101341092306324,996925,1491940789
7499880259922737999,996925,1491940785
5013229834739728517,996925,1491940804
5269030791010420232,996924,1491940788
4766553350991864229,903805,1491940803
-6129546416454444563,925992,1491940819
1440535140217897766,996668,1491940786
-721926351356095672,996234,1491940804
5191841365827366717,996234,1491940793
4907028438493309251,996234,1491940784
8142689576335252493,402495,1491940815
6252182772692374756,926253,1491940805
4537427798191673098,996815,1491940818
-1999766050270388706,996815,1491940815
1662651374154552384,996815,1491940776
-4599858618667872656,996815,1491940797
-5682256506097543461,996815,1491940814
-5256136861410411467,996502,1491940800
1069755446069036143,996502,1491940774
3252986954299030640,996502,1491940782
-4988748147196119301,996502,1491940773
-910472170442678206,996502,1491940818
-4031827628295943646,996502,1491940815
1753098849746614414,996502,1491940786
-4132756268556684518,996226,1491940770
5496655017914717503,996970,1491940789
994689583435142525,996970,1491940780
-7021346023052652057,986668,1491940776
-2492051698146865484,996462,1491940814
-3787440729268671619,930165,1491940809
-1789387784513751705,995404,1491940791
-638752995315227513,996843,1491940791
-7272864008725134689,996843,1491940781
-7775493062318528946,996843,1491940776
2486587625581419536,996843,1491940813
4933971795274919668,996843,1491940772
7332195178154349948,996843,1491940781
2489828334217232458,996843,1491940790
-8872620414664710388,996843,1491940817
-7231583714456902183,996843,1491940773
4461918545425410810,996843,1491940815
-172099010502663037,995550,1491940772
-7209394708825934297,996353,1491940787
-2791731086224406517,996353,1491940817
5402204836839949879,994218,1491940809
-5550806184179122310,934811,1491940779
-5024010289872078506,996777,1491940806
-3160463196874524731,996726,1491940775
3361985435952022195,996726,1491940810
4619726298547529058,994891,1491940793
-6343628631662346558,994891,1491940785
-6102298247164121038,996912,1491940812
-4805767186825395558,996912,1491940779
-8672914132595374717,996912,1491940813
-3876556196616503848,996912,1491940815
692500064813353272,996912,1491940804
-7462150649508877547,996912,1491940770
8359948741920861251,996912,1491940767
188039730727280063,996912,1491940822
-3119105407035507668,995160,1491940812
5140301851326098237,997065,1491940769
6738947699493726162,997065,1491940805
3962132046513281714,997065,1491940775
-6902089923817025541,997065,1491940817
395316258436690380,997065,1491940775
4902309900662162397,997065,1491940809
-5955299840159016403,997065,1491940791
4422890126988757573,997065,1491940796
5946077704190703304,997065,1491940806
-4291141982291344712,997065,1491940785
801522336162884913,997065,1491940773
6692276686284282463,997065,1491940796
8565599013681083620,997065,1491940799
7945060160765018873,997065,1491940824
-2471128499625543700,997065,1491940817
8474066354677295705,997065,1491940771
7333594968677105521,997065,1491940815
-5490504606651498002,997065,1491940814
-5256593710506984781,997065,1491940785
-8351755078080467470,997065,1491940817
-4139682447466037242,997065,1491940823
6402955876306500061,997065,1491940816
8997579223824923662,997065,1491940821
-7299157716897035855,997065,1491940793
-533840680361766786,996256,1491940791
-1651831075589490112,988470,1491940795
3765012192455695083,994486,1491940777
-3062597578970791696,989749,1491940779
-7805255586653188294,996809,1491940765
5663265771329687005,996809,1491940805
3761662912879597512,996809,1491940817
1049583370217871036,996809,1491940786
-1166917521970118255,996809,1491940778
-8029822130730631112,996809,1491940804
2074472884233859523,996809,1491940803
-5165441951996060417,996809,1491940796
-1413844119147518638,996809,1491940765
927919961285225128,996809,1491940796
5505177304289155667,996809,1491940798
-1695579708435799126,996809,1491940778
-1678480088920700202,996809,1491940804
2754990208321330750,996809,1491940821
4156654917803743447,997011,1491940822
8629301598773310689,997011,1491940784
-7172048000631287068,997011,1491940792
-2805932682564674560,997011,1491940819
-5029198678759266485,997011,1491940820
-3184760231350272619,997011,1491940778
-3573492451038483806,997011,1491940775
-4082734771277440277,997011,1491940791
-1389167178037712199,997011,1491940798
8650991903416830150,997011,1491940800
8799612383193923013,997011,1491940782
-8210533147225370498,997011,1491940785
-6402592331758424398,997011,1491940787
5870095402990237943,997011,1491940769
-6150912496638230465,997011,1491940805
3482095768195566853,997011,1491940791
2956467008678740404,997011,1491940784
7442133383456520531,997011,1491940819
-3815730766356766944,997011,1491940806
-6923656634241276087,997011,1491940807
7385748397899340554,996937,1491940769
-35705404897025267,996937,1491940774
-1650095073931144227,996937,1491940801
1217805281427451149,996937,1491940780
-3618063895368283377,996796,1491940814
-3738527244587623675,934108,1491940781
-7918789017568380793,424724,1491940786
6301105385972666862,343507,1491940819
5044288076593075126,343507,1491940802
-1857172719497702125,967683,1491940763
235871699506142599,996283,1491940774
-7876683066495677435,996283,1491940793
9119338550604271887,996283,1491940771
-8066116973150638295,996283,1491940821
1386501917498972353,996283,1491940785
910181699580258180,996283,1491940802
5500221571198766113,996283,1491940768
1244106056200999250,996283,1491940767
-7310920110611349653,996283,1491940814
-4070801068350839878,996283,1491940770
-8963423755339459233,996283,1491940779
-6343628631662346558,996283,1491940786
3309280026326099887,996283,1491940785
-8377437825023150482,996362,1491940796
-5118400376384785693,994541,1491940778
-4784961162103787226,996605,1491940787
1979045107561330174,996635,1491940796
7948977517658953219,997034,1491940817
-2509122250068484124,997034,1491940821
4904848530716933670,997034,1491940777
-60300618631847657,996755,1491940821
1221702309490836807,996755,1491940791
-5204377244915975272,996895,1491940773
2467434435911324736,996895,1491940808
145615408409265743,996895,1491940770
8053238340710118005,996732,1491940781
933147856805301539,996732,1491940814
-6716674058536128860,417698,1491940802
-4451862893379902000,995245,1491940793
-5800378516352109321,996282,1491940803
988047602541029222,991604,1491940767
3212830818445700135,996611,1491940765
-4962144899015380074,996611,1491940791
-3865540224937241778,421126,1491940778
-6008319132209170473,997001,1491940765
-4849432230337060112,997001,1491940802
-3457771320223550760,997001,1491940779
-5750336194214039550,997001,1491940790
-7001254808030190733,997001,1491940801
3262074676939844041,997001,1491940767
2845991995098990930,997001,1491940811
9036055382126210606,997001,1491940775
-2528533911462476222,985691,1491940816
-1065887668235245369,991209,1491940764
-4206231251665392771,987757,1491940820
-5509434878171467125,997007,1491940790
-5750336194214039550,997007,1491940768
-6402592331758424398,997007,1491940812
3449107246402534480,997007,1491940781
-8210533147225370498,997007,1491940812
-4082734771277440277,997007,1491940817
5581482334171494185,996818,1491940788
-1127001333514426891,996818,1491940816
2012802950274280465,996818,1491940787
4763437708544886506,996818,1491940775
-4227895264046058408,996818,1491940766
-4815914409129188271,996818,1491940788
4540119614941485838,996818,1491940819
-1972072677646512141,994587,1491940790
7241563102911601790,994587,1491940776
1274347895621877639,996261,1491940821
4488396564094235951,996261,1491940777
3237158250807700883,996261,1491940800
-4027937122351318848,996724,1491940822
5573190173539065015,996724,1491940800
-2285553407353628516,996724,1491940800
-7072249967450272175,996724,1491940797
1407508075809145222,996724,1491940774
-9154606790048077054,996724,1491940782
-8768194479077786142,996724,1491940780
589757197541991512,996724,1491940815
-6742454608611879117,996724,1491940779
-904090086045494135,996724,1491940780
-706442324306202974,974615,1491940780
2374716933094434664,996656,1491940800
5502279520430577306,191132,1491940784
-990565718091538695,996708,1491940818
8880189331141748380,102035,1491940774
9000410525732170361,996787,1491940796
6371776367381220368,996787,1491940818
7904448754908880097,996787,1491940801
1630755867713713203,996890,1491940798
9168611402648487364,990250,1491940780
3289890605962489919,996792,1491940768
2365495166287952107,996846,1491940815
3530157197294503828,415389,1491940794
-7933724170052792863,994059,1491940803
-6105672374620305188,996780,1491940811
9091455260204145624,995334,1491940779
-2645946584155726771,996804,1491940812
6371776367381220368,996804,1491940771
2467434435911324736,996883,1491940808
5894153061839662172,996883,1491940783
-5381296741320933235,996922,1491940791
-252672507212363961,996922,1491940773
-2615574060019502682,996922,1491940780
-4202467607698637202,996922,1491940780
-2340426880423252182,996922,1491940778
4027545580718454454,996922,1491940814
3409354296961195524,995234,1491940808
6103976660142131651,995234,1491940764
-4574958925301066124,995234,1491940782
-1652593169888437551,995234,1491940790
-3354996189798196308,995234,1491940772
-1161023401612871172,995234,1491940776
-6449573816491218049,995234,1491940819
7853579722652087129,995234,1491940791
1783654665768466925,995234,1491940791
6759185677148866353,996898,1491940823
-8622598619822221885,996898,1491940792
5949357377390341749,996898,1491940788
-2971417678215782260,996898,1491940799
-4784961162103787226,996588,1491940808
-2215434456088798133,915773,1491940783
-2942296363478442518,996299,1491940801
-1813095027784401053,996459,1491940813
-3318567936294521898,996459,1491940776
3073256796514803682,996550,1491940784
-3354996189798196308,996550,1491940789
5865756557012453384,996698,1491940773
1221702309490836807,996775,1491940786
-60300618631847657,996775,1491940817
-5296112341467914059,996337,1491940780
3029110064150131162,997032,1491940799
-4738188812665293688,997032,1491940798
-2942296363478442518,996397,1491940779
5653280356469171049,996485,1491940786
-2988103899029446871,345887,1491940773
8844313708504331951,995000,1491940796
-1813095027784401053,996714,1491940768
-4608408636402740372,996714,1491940768
7672551732090066559,996714,1491940819
4233709888438933655,994454,1491940796
-153462997095255267,994454,1491940789
6343398799467115360,938552,1491940773
6248710381200537177,994721,1491940822
-1789387784513751705,995481,1491940783
339923669605495245,996766,1491940818
363216025115697681,996766,1491940807
-4845850179588563841,996766,1491940817
6027562918178295752,996766,1491940810
-190932921679977579,111967,1491940784
-8659514009671651585,891581,1491940797
988047602541029222,991593,1491940797
4213413241775284088,996405,1491940771
5917577963498914291,996181,1491940800
-1791312674370122236,996987,1491940781
7172883292677068299,952579,1491940803
-4608408636402740372,996747,1491940767
-3034339848904422806,996747,1491940794
2407151069166841615,996747,1491940776
-3157114937204793676,996747,1491940772
2467434435911324736,996892,1491940797
-827715958576472292,994411,1491940806
4694676922994053862,988454,1491940814
-1429531927358419209,988454,1491940806
-5197267530328255936,996899,1491940803
-1539258846144435881,996899,1491940801
-2152065290505371178,996899,1491940794
2411896530293094540,996899,1491940810
-2942296363478442518,996404,1491940767
6343398799467115360,938594,1491940773
1221702309490836807,996759,1491940801
-60300618631847657,996759,1491940821
-7933724170052792863,994603,1491940789
3889021693674119257,413535,1491940801
5702600124298076469,138272,1491940818
563757926366892977,996986,1491940770
-1296187016512266311,996986,1491940814
-5750336194214039550,996986,1491940781
3855861077627431267,996986,1491940808
1198380038997110351,996986,1491940787
7989751864163349089,996986,1491940799
8269628801270761089,995589,1491940817
-2424735940126764222,995859,1491940783
-882471109311859720,997069,1491940774
-8558125594149739030,996928,1491940765
-6469154756658277587,996928,1491940803
6493656522964948098,996386,1491940770
-7933724170052792863,994605,1491940783
3073256796514803682,995985,1491940795
3530157197294503828,971760,1491940774
4724190935240513334,996969,1491940806
-8306447067551021975,996969,1491940823
5485057666614506055,996969,1491940782
9129359925034773722,996969,1491940779
-3577737551730164774,996969,1491940780
-5879398010075176708,996969,1491940819
-2390112147224095492,996969,1491940819
1078219588714869163,996969,1491940814
-3707902458477211627,996969,1491940821
-7060076473794864911,996969,1491940808
6926817629039514737,996969,1491940815
-5247672667862294711,996969,1491940794
4598606509253869318,996674,1491940787
-6271462604525033765,996674,1491940800
-3016695996847600730,996674,1491940807
1175566578203772202,27667,1491940823
2203960147596293687,996968,1491940767
-7453534719909460053,996968,1491940813
2372391913617918141,996968,1491940789
8090371705366301610,996968,1491940774
7977701828776441074,996968,1491940803
3712661878903047399,996968,1491940787
9129359925034773722,996968,1491940807
5485057666614506055,996968,1491940803
4724190935240513334,996968,1491940816
-4008353092057861600,996968,1491940782
-8306447067551021975,996968,1491940823
-6129546416454444563,925963,1491940787
-8598217144866364343,996651,1491940821
8970457781972232217,997028,1491940812
853165330790350158,997028,1491940792
5570987072856044043,997028,1491940778
-6137485256449125789,997028,1491940809
-6754301211195999533,997028,1491940813
3831472462173780369,997028,1491940768
-1904299752624425587,997028,1491940789
4613977575238800683,997028,1491940788
3520775569765912421,997028,1491940793
3847730335617942756,997028,1491940815
-7894753085822255955,997028,1491940809
5598803459361704905,997028,1491940778
-4787398918839025047,997028,1491940775
4092141515258047234,997028,1491940791
-3824261817071608694,997028,1491940814
-8820491702234249610,997028,1491940789
4728629630088275602,997028,1491940796
-5955299840159016403,997028,1491940816
1784872123822297291,997028,1491940823
-3430696784642300871,997028,1491940790
-4974352412324510139,997028,1491940776
3029110064150131162,997028,1491940817
7337420138052266845,997028,1491940781
-2538508103233198667,997028,1491940816
-2172117247108493296,997028,1491940818
5514099397064103485,997028,1491940816
-6753553747388234970,997028,1491940814
-7532957570903101312,997028,1491940805
-8706649164640132258,997028,1491940805
7049066579347293140,997028,1491940812
6961671883170251842,997028,1491940771
1094276942676527681,997028,1491940802
797797208831027494,997028,1491940784
-5312483713118980931,997028,1491940791
-6587856741436377221,997028,1491940817
5087049020124162460,997028,1491940807
-4191851698287272251,997028,1491940799
-7809172367020557832,997028,1491940792
-3440102963270606275,997028,1491940810
-4471345708380254912,997028,1491940779
-3381213591877003421,997028,1491940778
-7108806713619670540,997028,1491940769
-3534692827909781536,997028,1491940814
7666474050992354331,997028,1491940769
5312812687778331182,997028,1491940814
7766703861970016305,997028,1491940768
-4738188812665293688,997028,1491940812
-6712674829238384526,997028,1491940788
-2061721138948612171,997028,1491940787
1295771352112693272,997028,1491940807
-6178777478197263142,997028,1491940776
-2561247276432054893,997028,1491940784
-3866167893071987885,997028,1491940803
-2473698301815895110,997028,1491940797
5048112258535400453,997028,1491940791
460988799563586031,997028,1491940814
-529863178435318663,997028,1491940807
395316258436690380,997028,1491940816
-111764560340465984,997048,1491940806
3206530874512704871,997048,1491940801
6049813083810611806,995493,1491940790
187432388257649270,996686,1491940802
-1498406193168541076,996686,1491940784
5763433501528766640,996686,1491940766
6886628154978314389,992039,1491940820
-1074919899399308887,996213,1491940802
6026099132269868945,996213,1491940779
4578584910386667680,996213,1491940778
-7729014773970196088,996213,1491940811
8375213570794596797,996213,1491940825
-632438786715135706,996213,1491940785
7851691768711444558,996213,1491940802
2272653523513592740,996800,1491940766
4633302901493251708,996800,1491940771
4651172214539450243,996800,1491940788
-3635232337691932456,996800,1491940775
-6453784729065065340,996800,1491940775
3962539473015843336,996800,1491940766
988047602541029222,991603,1491940797
3441493360008774431,996839,1491940795
284644061081181240,996839,1491940787
7366930623383145574,996839,1491940783
3490587631707086972,996839,1491940775
5186625672304893070,996839,1491940820
2280938251721353013,996839,1491940823
-2583508356419072842,997062,1491940815
1562986097063953839,997062,1491940780
3751252443740993645,997062,1491940765
1021771895320335558,997062,1491940816
-839718783335604013,997062,1491940800
5669109258654848282,997062,1491940813
7075711886516385886,997062,1491940781
6941131967151218616,997062,1491940809
2052153100727012769,997062,1491940793
-4853739269580432536,997062,1491940800
506679403632501515,997062,1491940798
-6374628941884898440,997062,1491940822
4755035446128934221,997062,1491940805
-3621677460109195176,997062,1491940824
7925312596028833346,997062,1491940812
4954216583007597394,997062,1491940823
-3757465643807889054,997062,1491940787
-4608951455343191941,997062,1491940779
-4253005031950525681,997062,1491940787
5920421137699730676,997062,1491940785
-5768876390899136307,997062,1491940808
-4535563397072334952,982987,1491940784
2743278374068564038,996325,1491940767
2125833131802499266,410170,1491940785
1221702309490836807,996773,1491940777
-60300618631847657,996773,1491940809
-1334554749588006591,996773,1491940821
7883889227995518519,996751,1491940791
-8592996983650771976,996751,1491940807
-6708503268858083699,996751,1491940797
-5246963685601344009,996751,1491940815
856164363439631936,996751,1491940784
5290718865670385071,996751,1491940810
-6469154756658277587,996935,1491940774
-8558125594149739030,996935,1491940805
5924902468708206206,996935,1491940799
-1650095073931144227,996935,1491940820
2743278374068564038,996304,1491940809
7248988255673266641,996304,1491940803
3746938578323159299,899618,1491940816
2897663535230611989,899618,1491940775
8297512488374691863,918024,1491940803
-7020526680314651537,992209,1491940769
-3540058269540324154,910385,1491940812
-5175444815142329958,910385,1491940823
-4725429895231038127,910385,1491940806
-1081834741120955812,996838,1491940784
1815654080189476662,996838,1491940814
-709011458528653905,996838,1491940821
6534108727523614955,997049,1491940817
-768171963234929687,997049,1491940780
-3472992409161303718,997049,1491940821
2309976036747961413,997049,1491940782
-6251424056628658552,997049,1491940806
-1842853924163391465,997049,1491940778
8225005746872647191,997049,1491940795
-7828308561438806425,997049,1491940788
8120424532969914772,997049,1491940815
-4291141982291344712,997049,1491940821
6272600288721067278,997049,1491940816
6268848443994129280,997049,1491940818
-915198932044409515,997013,1491940823
-174951697921359138,997013,1491940767
-8337365385304242462,997013,1491940783
-6736806409635675660,997013,1491940819
-352682063578710847,997013,1491940792
7653412619350245031,997013,1491940776
-4852113638947673900,992806,1491940783
-2097447647728654077,996379,1491940793
-4329520405398483342,996379,1491940792
2921231561570556058,996861,1491940810
-3453981391266974636,996191,1491940785
-3117342669665238567,187908,1491940774
3073256796514803682,996324,1491940795
-2270441489927878088,961307,1491940771
-2015107414998249114,414605,1491940784
-2645946584155726771,996738,1491940766
-9196773596621186099,996738,1491940785
-7942381070462074647,995387,1491940815
-4514052898780807752,991826,1491940789
9091455260204145624,995216,1491940803
-8971947864812069696,996869,1491940820
6371776367381220368,996801,1491940796
-2645946584155726771,996801,1491940819
-4885439179542199129,996916,1491940791
3504672960569978949,996994,1491940815
-5186382173032403583,996994,1491940807
-4492015453962699518,991545,1491940764
8927653446350027882,996330,1491940769
-6784374736596957591,996330,1491940768
-1895675851701177677,996842,1491940769
2946345102519547738,996842,1491940796
1056582265459387291,996842,1491940822
-6013778939770531464,996842,1491940819
8891018992376300132,993832,1491940819
-1603287862746465637,985351,1491940786
8437636852047827151,132574,1491940785
-6616235855997807783,996742,1491940807
7598708244713404822,996742,1491940801
-5791025169399018732,996848,1491940821
-659224267871214797,996848,1491940769
5404507624639383348,996848,1491940818
-1940459496967302419,996848,1491940797
8575367569382675510,996848,1491940813
-4445948741680039681,996848,1491940800
7537698186124496017,996491,1491940767
3237158250807700883,996491,1491940776
5856157164610007304,976518,1491940816
-1130952968164300141,993553,1491940771
2015209234833836016,993553,1491940805
-6576085503832019765,993553,1491940777
6989743150319550908,996278,1491940812
-1982874722174765380,996278,1491940785
5623326587606295427,996278,1491940816
4103699446670700056,997012,1491940780
5046934207926660737,997012,1491940824
-8164738555002345426,997012,1491940815
7431385866704634828,997012,1491940767
-3815730766356766944,997012,1491940768
-4585950112805166773,997012,1491940775
1192522293755925733,997012,1491940824
-8052930706310068053,997012,1491940781
-8319121641403729366,997012,1491940793
3424617697870735867,997012,1491940775
2212111183275448427,997012,1491940819
2210375807781352640,996497,1491940812
-5256136861410411467,996486,1491940797
7492434165419926574,996486,1491940793
-2699334631472419972,996486,1491940813
-4460161578293452056,996486,1491940806
-6522442080400542653,996486,1491940805
5800677926383667418,996366,1491940791
5438157642076560157,996284,1491940801
-5875881305655644807,996466,1491940798
-3453981391266974636,996466,1491940821
6986816022855645987,993329,1491940778
6148828535723351289,993329,1491940812
6148828535723351289,993455,1491940812
7155289953350244198,996779,1491940784
183686197042753827,996779,1491940779
-7261184699653971177,996779,1491940820
-2877924087490990071,996779,1491940805
-6342915890973213783,996779,1491940804
-8448030835373690490,996779,1491940813
9000410525732170361,996779,1491940824
-2154026292205343905,996779,1491940775
6608922916021979553,996779,1491940795
-4768726955641894470,996745,1491940791
-6684026553574551803,996745,1491940820
-7581988059829915835,996745,1491940809
-6974690819256099889,996745,1491940792
8165871767499437576,996745,1491940810
2038709425906250377,996745,1491940820
7172469481104375342,996745,1491940812
-738235635999694770,996745,1491940822
-4227895264046058408,996745,1491940805
1383469753541537683,996745,1491940783
-889792317591175844,996745,1491940775
-8694119141535755353,951665,1491940771
3736349705699461942,937739,1491940795
-3453981391266974636,996452,1491940768
-6647789606319292125,996452,1491940764
6864962786580782352,993466,1491940791
5524557282625772162,993466,1491940791
2569740449980784006,996110,1491940780
39405165722360462,996781,1491940817
2015209234833836016,996781,1491940805
550596760541369217,996781,1491940815
5501308317638136671,996781,1491940766
3847010468955674243,996781,1491940825
1285000074732068807,996781,1491940797
5990755529266973434,996781,1491940818
6691129037509912578,996781,1491940781
3767399545827126576,996781,1491940821
-4227895264046058408,996781,1491940777
-7070348305292570983,996781,1491940798
6316903159836071030,996781,1491940802
6064699539161031046,996781,1491940824
-4492015453962699518,996781,1491940802
-8159481974775001073,996995,1491940811
7917161254993854399,996995,1491940819
-7211977378103254116,996995,1491940811
2809368916975459345,996995,1491940789
8392367611325344431,996995,1491940776
-6730211350317233730,996995,1491940789
-242991449637360526,996995,1491940820
982267952675877368,996995,1491940785
-1389167178037712199,996995,1491940825
2626018890460893822,996995,1491940815
-1384979526231272602,996995,1491940805
-5186382173032403583,996995,1491940807
1103565337090376363,996995,1491940814
7307035002329967465,996947,1491940794
7665902634477418929,996947,1491940814
7989751864163349089,996947,1491940799
-382244234980986833,996947,1491940772
3855861077627431267,996947,1491940808
4649798938440606104,996947,1491940813
-5750336194214039550,996947,1491940775
-7216353841048368789,996947,1491940770
-4120231720171433244,996947,1491940776
-2072403863754764910,996947,1491940807
-5617365778695229351,996947,1491940801
-6402592331758424398,996947,1491940812
-6974690819256099889,996947,1491940823
7523450164666878187,996947,1491940823
7409803645068459626,996947,1491940783
-5869093221136075327,895117,1491940789
3361985435952022195,996902,1491940785
5298044569410264128,996902,1491940804
-6469154756658277587,996902,1491940825
-720608179796180578,996990,1491940803
-1389167178037712199,996990,1491940825
8650991903416830150,996990,1491940823
-7172048000631287068,996990,1491940810
-6402592331758424398,996990,1491940798
-4082734771277440277,996990,1491940800
-8210533147225370498,996990,1491940793
8799612383193923013,996990,1491940782
8054883027800736384,996990,1491940808
-3184760231350272619,996990,1491940778
6043884883813770126,996990,1491940778
-5029198678759266485,996990,1491940820
5616546767057864020,996852,1491940781
5453829520365310160,996852,1491940821
-4251738423320442522,996852,1491940787
-72330329125657150,996852,1491940774
-8278204960117091088,996852,1491940782
8876367596945988762,996852,1491940794
-2220427615140242924,996852,1491940768
-2297269452406709668,996852,1491940784
-1516670617547275513,996852,1491940806
9091455260204145624,995207,1491940803
-4574958925301066124,414670,1491940766
-5064705808093429482,996274,1491940816
-6227177010013759350,997026,1491940786
-2155134893759712986,997026,1491940773
2569292977655101820,997026,1491940802
2394667205898578485,997026,1491940803
-87975905427073947,997026,1491940789
-5794135896179141164,997026,1491940787
-2658478512978730313,997026,1491940767
-6925072296208508158,997026,1491940807
-1322504643468910886,997026,1491940785
3439267375701918150,997026,1491940804
-4787398918839025047,997026,1491940814
-3503704152629511964,997026,1491940769
6484053045419134498,997026,1491940784
4613977575238800683,997026,1491940825
3101245661068536694,997026,1491940795
-5459413242424334094,997026,1491940772
414274994993895148,997026,1491940779
1074835250315653226,997026,1491940815
-7894753085822255955,997026,1491940812
-3824261817071608694,997026,1491940814
853165330790350158,997026,1491940792
-1904299752624425587,997026,1491940789
4092141515258047234,997026,1491940791
-8815852773342441388,997026,1491940772
-2267558499689248575,997026,1491940800
3029110064150131162,997026,1491940817
-6761423025509552642,997026,1491940790
-5955299840159016403,997026,1491940817
1784872123822297291,997026,1491940823
8254259072956721169,997026,1491940777
2002329267328989047,997026,1491940777
5534948857474891325,995508,1491940815
8269628801270761089,995267,1491940771
-5486003192258384027,996675,1491940796
-1652593169888437551,996675,1491940789
-4725429895231038127,996675,1491940788
-9047981012878490640,996675,1491940772
-3400083232560834884,996675,1491940771
-1689114589137054602,996675,1491940792
-5592530059140549854,996675,1491940792
-7961883043121280105,996675,1491940803
8754723895848696719,996675,1491940811
-7642882448097641750,996675,1491940811
7157120859886886932,996675,1491940800
982267952675877368,996675,1491940798
6907823653769388535,979867,1491940796
-3154247933765184188,993095,1491940775
2050615591178722010,996354,1491940807
-2528533911462476222,994436,1491940790
-430227553621348752,996420,1491940825
2139442633892316462,996420,1491940798
-5401203033496095618,996420,1491940785
-4858804188739403401,996420,1491940788
-5573378501379599586,996043,1491940804
187432388257649270,996703,1491940795
-6235664024115104438,996762,1491940819
3794886196408713482,996812,1491940772
-1731462933973193147,996812,1491940786
-2693828690068816969,996812,1491940795
-9147079404837661574,996812,1491940822
2074472884233859523,996812,1491940796
6436737549673274008,996812,1491940785
-5064705808093429482,996239,1491940766
2828008806289666276,905886,1491940803
5917577963498914291,996179,1491940800
-5247672667862294711,996977,1491940794
-2390112147224095492,996977,1491940819
2939189623805432820,996977,1491940806
4724190935240513334,996977,1491940783
-8306447067551021975,996977,1491940802
8983908669299088906,996977,1491940820
-7060076473794864911,996977,1491940808
2985287133108157437,996977,1491940798
746183355994359386,996977,1491940810
-1425956723960854839,996977,1491940813
-1065887668235245369,908502,1491940785
7672551732090066559,996729,1491940819
8254081375654191783,995453,1491940767
-5531533233160672107,993486,1491940784
-252672507212363961,996919,1491940790
-4202467607698637202,996919,1491940780
3350300408328907131,996428,1491940813
4766553350991864229,936427,1491940803
-1530336137811819940,932519,1491940772
-6393505068529582068,996710,1491940809
-963505370142583621,996710,1491940784
-953451931643134381,996710,1491940770
6371776367381220368,996797,1491940810
2151725990232214067,988817,1491940773
7714522549733413096,995998,1491940816
3225511847859809314,995998,1491940767
4578584910386667680,996098,1491940788
-1074919899399308887,996098,1491940802
2435486716922636299,996098,1491940793
-2528533911462476222,954095,1491940820
-2761966962059383749,997071,1491940820
-7425094248109325576,997071,1491940803
5086645289247686717,997071,1491940801
6501117991294077584,997071,1491940820
8741566278856489359,997071,1491940790
-1232681451199211432,997071,1491940808
2072350389657102667,997071,1491940792
-1143487010194518567,997071,1491940786
-6596309342904999573,997071,1491940820
-6468944095944488724,997071,1491940815
3982106904074050211,997071,1491940825
5916840486999425115,997071,1491940820
-5004029916730995234,997071,1491940813
3299031474148067267,997071,1491940805
-8989492856255896280,997071,1491940777
-5130035534358126108,997071,1491940823
-3639764453404037702,997071,1491940784
2525734213186690674,997071,1491940807
1458700961921033557,997071,1491940776
8747631090315877111,997071,1491940823
6089992909028120538,997071,1491940810
-8158674728430053907,151432,1491940764
4477654274034923649,344773,1491940780
-1329023388508234967,996507,1491940770
-3707902458477211627,996980,1491940778
-1789387784513751705,995432,1491940791
1325374451916358512,996964,1491940784
4537427798191673098,996964,1491940770
-9014961221687292980,996964,1491940786
9039352883696115967,996964,1491940793
-1828731106429954733,996964,1491940776
8998137639291087740,996964,1491940768
1429443974930718648,996964,1491940778
2372391913617918141,996964,1491940816
4619909934058070211,996964,1491940803
2242696034749295081,996964,1491940795
6052898908268029412,996964,1491940797
-1963443354872735899,996964,1491940785
-5748748641215911837,996964,1491940789
5128554676998355214,996964,1491940781
-8716213327582515160,996964,1491940816
8629301598773310689,996964,1491940800
2984971194348475579,996964,1491940793
-3896259046429788110,996964,1491940817
-8029822130730631112,996785,1491940793
2074472884233859523,996785,1491940799
-1731462933973193147,996785,1491940786
-9147079404837661574,996785,1491940822
-2693828690068816969,996785,1491940795
-4260339309735956067,22285,1491940796
-1186459074410016900,342071,1491940766
3361985435952022195,996874,1491940810
-2971417678215782260,996874,1491940799
2256969725911158352,940557,1491940792
5182605511149266066,995110,1491940793
-5118400376384785693,996474,1491940778
8480283298479351980,996474,1491940779
-3201282827807716366,996474,1491940813
-5772449870994741629,996569,1491940783
-9003715157100164400,996569,1491940795
1904368897874776700,996569,1491940767
6917803780000357567,996569,1491940824
-5934337076577255132,996569,1491940814
1417033832991587121,997016,1491940823
7409803645068459626,997016,1491940774
3482095768195566853,997016,1491940791
-8696920527558284117,997016,1491940791
8862437276412015225,997016,1491940791
-3815730766356766944,997016,1491940806
4533090347863841665,997016,1491940817
-242287838892469809,997016,1491940824
-8968053746110084730,997016,1491940803
5584907393785831514,997016,1491940778
-8210533147225370498,997016,1491940772
2171190407900401637,997016,1491940807
2962100259697355126,997016,1491940780
2006419963833786699,997016,1491940825
4103699446670700056,997016,1491940780
-8164738555002345426,997016,1491940815
-8537802663631098091,997016,1491940817
582417021025203138,997016,1491940790
5046934207926660737,997016,1491940824
2986731514830140638,997016,1491940776
4011581344767983627,997016,1491940818
-2822743771335233153,997016,1491940790
7431385866704634828,997016,1491940767
-8012707034043362673,997016,1491940817
4423796003203077023,997016,1491940786
5077876298702011242,997016,1491940821
-5256136861410411467,996577,1491940801
2374716933094434664,996577,1491940795
-3354996189798196308,996577,1491940782
-5267610650140451942,996822,1491940803
1662651374154552384,996822,1491940816
-1999766050270388706,996822,1491940815
9091455260204145624,995293,1491940782
-7078890084989087783,991835,1491940783
8758689500791250779,909446,1491940788
-2942296363478442518,996235,1491940805
6213231003658918366,996475,1491940801
-6020358516458595659,996475,1491940809
-119587240544758117,996484,1491940809
8453449628557822241,996829,1491940781
339923669605495245,996829,1491940770
4324368242316789842,996829,1491940794
3217117530134624332,996829,1491940783
8659673853453191350,996694,1491940773
4578584910386667680,996097,1491940798
7851691768711444558,996097,1491940779
-4738188812665293688,996975,1491940789
3517724895016557668,996975,1491940822
3029110064150131162,996975,1491940788
9143813069934631447,996975,1491940819
-6291296552629541504,996975,1491940825
4008153391703453809,996975,1491940815
7212467224930947928,996975,1491940821
7653412619350245031,996975,1491940803
2072331829588629525,996975,1491940788
-2155134893759712986,996975,1491940811
6201716579606941913,996975,1491940820
2525983436218106968,996926,1491940783
7751720663522075170,996926,1491940789
-4724635229965097561,996926,1491940771
7274183155331458066,996926,1491940824
817718160540596487,996926,1491940802
-6761423025509552642,996926,1491940809
-1063990235775691798,996926,1491940792
-3357515992378985182,996926,1491940775
-6716674058536128860,345012,1491940802
2517248425918627437,995336,1491940777
481642854840092070,419091,1491940802
-8379864560643116003,196014,1491940768
-963505370142583621,996717,1491940790
-6393505068529582068,996717,1491940809
108011772616629771,996859,1491940791
-3414341162160727194,996859,1491940818
9154079934952886830,996859,1491940806
-7513612956713590007,996859,1491940794
6351253555973860814,996859,1491940824
-5071011049276949909,996859,1491940824
2504104345345578148,996859,1491940819
5903350083227091547,996859,1491940803
6858166146154454117,996859,1491940799
-6607683261428235733,996859,1491940815
-5860821320593063972,996859,1491940823
-3989452686141520115,996859,1491940775
-5445166343140862050,996859,1491940795
6527705823924090347,996859,1491940799
-8361520852486338898,996859,1491940813
4651172214539450243,996082,1491940793
-8526972829902163339,995640,1491940782
8955842587782011242,342214,1491940797
-3062597578970791696,992397,1491940814
-2542100651337333920,893246,1491940776
-8479662595819384400,996868,1491940793
4699241193714449775,996868,1491940798
-3160463196874524731,996868,1491940786
-7406104497776209250,996868,1491940780
8538315662558798929,996868,1491940809
5917577963498914291,996187,1491940774
-1373307609200783237,937442,1491940766
990690397702567726,996753,1491940773
3079573956473803340,996753,1491940796
-4126239999627466556,996323,1491940767
-2942296363478442518,996323,1491940805
-3218852584036454289,996269,1491940817
-6417462967257124532,996269,1491940822
-4118203532056968013,996269,1491940786
6148828535723351289,993518,1491940792
3931867924375089912,68479,1491940795
-6496065622205694712,889159,1491940815
4578584910386667680,996030,1491940817
-242991449637360526,996996,1491940815
-7211977378103254116,996996,1491940787
-6730211350317233730,996996,1491940782
2809368916975459345,996996,1491940773
982267952675877368,996996,1491940782
8392367611325344431,996996,1491940766
2626018890460893822,996996,1491940815
7917161254993854399,996996,1491940772
7114119423742744830,996996,1491940823
6481005833163498154,996996,1491940799
-1384979526231272602,996996,1491940805
4190189691274913844,996996,1491940813
-5724205617692691018,996996,1491940797
-2394512991314999516,996996,1491940790
-2911309644991019902,996996,1491940818
4649798938440606104,996996,1491940791
-5750336194214039550,996996,1491940790
-3720640589330225003,996996,1491940767
8237157903231006521,996996,1491940799
5500221571198766113,996996,1491940770
-5541458737306138340,996996,1491940812
1250038544128646257,996996,1491940789
-614640493255061222,996996,1491940811
671734530458764201,996996,1491940816
1488980483442153412,996996,1491940822
-152279228623435979,996996,1491940808
-7919245434919737224,996996,1491940821
-2618406625924125540,996996,1491940788
-1301383520433890338,996996,1491940778
-7591944281111518995,996996,1491940821
7409803645068459626,996996,1491940790
-9221963458658140393,994739,1491940776
3289890605962489919,996905,1491940768
2795399686292603519,996905,1491940777
-1155533965189995658,996357,1491940801
-6833030225742802889,995176,1491940802
-172099010502663037,995176,1491940768
434366121166669889,995176,1491940791
3138634606517817963,995176,1491940807
7497987706442827762,995176,1491940798
-7351621716450288409,986789,1491940787
-5204377244915975272,996872,1491940791
-2547967775665466168,997024,1491940770
-2658478512978730313,997024,1491940798
-8271695387106206351,997024,1491940770
2394667205898578485,997024,1491940817
6484053045419134498,997024,1491940796
-3503704152629511964,997024,1491940777
-6925072296208508158,997024,1491940815
3439267375701918150,997024,1491940809
414274994993895148,997024,1491940784
-5794135896179141164,997024,1491940787
-4787398918839025047,997024,1491940814
4613977575238800683,997024,1491940825
487343385372584030,996723,1491940783
7470829296144811453,996723,1491940821
6604683318423990900,996723,1491940803
-1793622903658163399,996983,1491940796
744190395325038141,996983,1491940819
-8120010471940896466,996983,1491940810
-3180955226601325253,996983,1491940809
-954209668248365047,996983,1491940783
2995655800680092732,996983,1491940822
-2232542244009481675,996983,1491940775
7743501718940327869,996983,1491940799
-3801361381521044244,996983,1491940808
-1425956723960854839,996983,1491940799
-4556393135585871689,996983,1491940805
-8510456723961889224,996983,1491940795
-7887942554424542553,996983,1491940816
-2390112147224095492,996983,1491940776
6295595438462589776,996983,1491940786
2985287133108157437,996983,1491940790
8157697748011945297,996983,1491940790
-8306447067551021975,996983,1491940782
2338309713553535747,996983,1491940817
-412943567328860972,996983,1491940775
-5403560578031919034,996983,1491940768
-7060076473794864911,996983,1491940800
8283858100733096240,996983,1491940806
-5190749355353553225,996983,1491940812
99451231769822799,996983,1491940797
942525986101118126,996983,1491940793
-2131162571273577734,996983,1491940824
-5523356783263082214,996983,1491940794
-3573492451038483806,996983,1491940817
1367381859741370964,996983,1491940814
-2665780308715750748,996983,1491940781
746183355994359386,996983,1491940806
4247834204632495189,996983,1491940800
2939189623805432820,996983,1491940777
8983908669299088906,996983,1491940795
6795911585094215651,996983,1491940785
8392367611325344431,996983,1491940811
6781112895465115149,996983,1491940786
-3768039487801764913,996983,1491940796
-8254697691629609936,996983,1491940777
-4247178424047111054,996983,1491940811
-1791312674370122236,996983,1491940781
-308542639927877623,996983,1491940772
-7021432161681572649,996983,1491940766
772928451014696070,996983,1491940778
2003693709754657948,996983,1491940782
7442133383456520531,996983,1491940780
5451475587300825776,996983,1491940789
3794886196408713482,996983,1491940802
8256639426171860283,996983,1491940770
359216253798266693,996983,1491940803
-2643431717831629086,996983,1491940801
-531994508886192722,996983,1491940778
-7333960788331178224,996983,1491940804
4129342706492242120,996983,1491940780
5234947555315133255,996983,1491940795
-2384397681215938597,996983,1491940811
2583599843590308178,996983,1491940809
-3786957613977964100,996983,1491940773
-6804849493360490746,996983,1491940822
-610658217863975296,996983,1491940767
-5231318068184206049,996983,1491940788
-8858649888339976395,996983,1491940783
-1723044790939564782,996983,1491940797
-4276000966145471630,996983,1491940819
5384820878530506643,996983,1491940797
-8326485183608310392,996983,1491940782
-2940141114644637487,996983,1491940778
-110769168309191911,946908,1491940791
8502952541062767332,901048,1491940786
2448347639081808080,990088,1491940779
-5677433738659450659,996212,1491940769
-337499547448647904,996212,1491940818
4213413241775284088,996212,1491940810
1866480856545906964,992482,1491940773
3254755050736309614,996665,1491940793
5330000796880068009,985505,1491940790
7523559963483362915,994254,1491940820
3455453136644973947,717465,1491940778
-3393358895356193543,996945,1491940808
-3048381049952020631,996945,1491940788
-7625168538283820536,996945,1491940818
-5770703810142401508,996945,1491940826
-8716213327582515160,996945,1491940816
-486458194180509281,996945,1491940825
2691859624905336087,996945,1491940818
7390793928039134834,996945,1491940812
-3896259046429788110,996945,1491940817
3899456703527996226,996945,1491940813
2242696034749295081,996945,1491940795
4619909934058070211,996945,1491940800
2372391913617918141,996945,1491940808
-1963443354872735899,996945,1491940785
-1776097001255933450,996945,1491940812
-5246963685601344009,996945,1491940804
5980694525317267378,996945,1491940805
3080332302660246916,996945,1491940814
5500221571198766113,996945,1491940784
1604548834278866765,996945,1491940814
5309523450859489279,996945,1491940799
-336130232524710221,996945,1491940810
17227866253046001,996945,1491940769
5012345334668155486,996945,1491940794
-2645946584155726771,996803,1491940795
2921231561570556058,996867,1491940784
529276658237787943,996867,1491940777
-1857518509182112490,996903,1491940776
-6753253333400360360,996903,1491940791
4948469597000398534,996903,1491940817
-3217168859921755461,996903,1491940813
2825081703962490974,996903,1491940781
-6249499355451966824,996884,1491940780
-4866595686817111946,996884,1491940803
1493248224257765141,996884,1491940807
3667537577330495197,996884,1491940791
-6607683261428235733,996884,1491940793
1552765192071576737,996884,1491940777
-5204377244915975272,996884,1491940817
-9059471669302736374,996884,1491940822
1800272593444870586,996884,1491940808
-5045399067093728070,996884,1491940809
3914851191555012774,996884,1491940795
-5365181569764706606,996884,1491940783
6542825401997209237,996884,1491940768
1215631318654171117,996884,1491940789
-2027904911768196280,996884,1491940821
-941734817315178390,996884,1491940813
5667365992132003584,996884,1491940822
-2054379699670284983,996884,1491940800
1458700961921033557,996884,1491940809
8359948741920861251,996884,1491940826
3506144090106320627,996884,1491940788
2452380093508135433,996884,1491940769
-206717060733523123,996884,1491940800
-2271740374961080846,996789,1491940786
3767200625849525608,996789,1491940787
-6076230026832330505,996789,1491940767
8891280467022232653,996789,1491940780
-1980531420392638398,996789,1491940807
5759307805074005742,996789,1491940770
-9096930433017075660,996789,1491940775
4950909802530265910,996789,1491940807
-251470493038144507,996789,1491940802
-5719799609993959757,996789,1491940815
8359504120434380911,996789,1491940787
3594095813332906434,996789,1491940826
6586316882599654480,996789,1491940770
-4194995276531052645,996789,1491940786
5433786533198829040,996789,1491940785
-5246963685601344009,996789,1491940821
-662866162923247563,996789,1491940786
2668406073830792379,996789,1491940811
908259678896447171,996789,1491940771
4909696570620136334,996789,1491940797
-3599972504987470519,996789,1491940783
7041951466849776673,996789,1491940814
-7621657307691036730,996789,1491940817
-1704961048692119188,996789,1491940810
5202710013102513153,996789,1491940802
402061530312325037,996789,1491940776
-1855422951810361743,996789,1491940768
4764516082464277172,996789,1491940803
2280938251721353013,996789,1491940802
-336130232524710221,996789,1491940794
5435222155896901177,996789,1491940820
8993952159434487138,996789,1491940823
3309280026326099887,996789,1491940800
-5621169059637527265,996789,1491940812
6692276686284282463,996606,1491940808
187443930067015699,931836,1491940777
-111764560340465984,997021,1491940771
3206530874512704871,997021,1491940794
9126093354339002453,997021,1491940821
-1934513599483315321,997021,1491940821
4458042410013140994,997021,1491940801
1417217644773204275,997021,1491940818
-6251424056628658552,997021,1491940819
-768171963234929687,997021,1491940787
2309976036747961413,997021,1491940782
-3472992409161303718,997021,1491940821
8120424532969914772,997021,1491940815
6272600288721067278,997021,1491940826
4730442650201012095,997021,1491940819
-1842853924163391465,997021,1491940778
384582046556169588,997021,1491940781
-3154955198510251841,997060,1491940819
-6736806409635675660,997060,1491940805
6318407950342157990,997060,1491940786
-8863629698782730933,997060,1491940770
-5781435457302943416,997060,1491940782
2798611300561584554,997060,1491940793
5903427949979332504,997060,1491940822
-8112165718496039575,997060,1491940821
-1667769480846298129,997060,1491940808
3353247211188885285,997060,1491940803
-6564399844771689269,997060,1491940800
5592166824981401443,997060,1491940800
-2954835223190807190,997060,1491940776
7400089245963214731,997060,1491940779
7798244369992762115,997060,1491940784
1861959562865460103,997072,1491940815
94882147902641140,997072,1491940816
933147856805301539,996733,1491940814
-2916594756250401804,996733,1491940810
-8138903044610002682,996733,1491940801
-8526972829902163339,995685,1491940775
-1166917521970118255,996806,1491940811
1049583370217871036,996806,1491940810
716584165303995052,996806,1491940787
-8029822130730631112,996806,1491940808
5653280356469171049,996490,1491940775
-9105119849031902039,923482,1491940768
7407900733494751609,973274,1491940779
269685179753854045,993484,1491940782
4881112352807394137,996932,1491940822
-1899785226557649939,996932,1491940807
3201727365166809818,996932,1491940771
7855679632232857017,996932,1491940801
-1150143396921248916,996932,1491940807
2946345102519547738,996932,1491940796
1056582265459387291,996932,1491940822
9039352883696115967,996932,1491940814
2843300037713079415,996932,1491940773
1429443974930718648,996932,1491940785
-5246963685601344009,996932,1491940804
2372391913617918141,996932,1491940825
-4665512004044564925,996932,1491940815
7753655272014741022,996932,1491940783
-4233914472567988813,996932,1491940786
-9014961221687292980,996932,1491940803
8998137639291087740,996932,1491940784
524962602651744129,996932,1491940786
-6154024917831267539,996932,1491940806
5441597409807125773,995119,1491940775
4233709888438933655,993619,1491940779
-7127523914659616799,993619,1491940803
-153462997095255267,993619,1491940811
-2285553407353628516,993619,1491940801
-4720620716803828520,995702,1491940767
-7523292372674455366,996946,1491940824
-1650095073931144227,996946,1491940783
-1147764416130740184,996946,1491940812
6860266580176634028,996946,1491940820
-5677433738659450659,996346,1491940780
-4315197726771818742,931256,1491940762
-4451862893379902000,994814,1491940776
8987159823504507657,997050,1491940774
8912518294944745683,997050,1491940798
-8225902686123225253,997050,1491940769
-8112165718496039575,997050,1491940801
-7346983660958334842,997050,1491940787
-8516511354244593326,997050,1491940771
5140301851326098237,997050,1491940803
-7105483154890914723,997050,1491940813
1957023245328516533,997050,1491940780
-4291141982291344712,997050,1491940798
1425012052741258484,997050,1491940800
395316258436690380,997050,1491940783
-1166594709462050016,997050,1491940769
832173796647485447,997050,1491940821
4902309900662162397,997050,1491940809
3131594208424507907,997050,1491940810
-4139682447466037242,997050,1491940825
-6902089923817025541,997050,1491940817
-39486618341573864,997050,1491940797
4256745130531796874,997050,1491940783
-699113960746698763,997050,1491940781
7793071838161411387,997050,1491940815
587798445567821457,994407,1491940761
-5875881305655644807,996503,1491940798
-3914828216962911734,996503,1491940788
4494560493741305065,996503,1491940817
-3091951467617009284,996503,1491940788
-7473143872020902641,996503,1491940810
440306301031031558,996503,1491940771
-3176985571593619910,931557,1491940798
5859015966471540524,907326,1491940816
-4738188812665293688,997030,1491940812
3029110064150131162,997030,1491940807
-1188336730457216601,996632,1491940820
-5217423751932176593,996746,1491940797
2407151069166841615,996746,1491940822
-7293923460382114868,996746,1491940815
3744532347131172396,996746,1491940786
-7363783716763484926,996581,1491940777
3562829698355519163,995697,1491940798
4578584910386667680,995697,1491940818
9193659046851390557,948639,1491940778
5514099397064103485,997023,1491940790
-286277029793374342,997023,1491940821
1538280798357469493,997023,1491940810
1438981261793817309,997023,1491940814
-7838174624996671867,997023,1491940793
-70025548354188927,997023,1491940791
-6485776792426074521,997023,1491940774
-3827503290137396585,997023,1491940796
-4352832352383291620,997023,1491940799
-812218113274726212,997023,1491940789
1192522293755925733,997023,1491940806
2464235383736141510,997023,1491940767
2011537686747751797,997023,1491940812
-7112061874355892633,997023,1491940795
-8164738555002345426,997023,1491940785
3147726622744559155,997023,1491940806
-2183039804707445841,997023,1491940825
-1763786645085929975,997023,1491940774
4390297385478992239,997023,1491940810
-6695912544235188521,997023,1491940801
-8271695387106206351,997023,1491940789
6484053045419134498,997023,1491940821
4330586108802352810,997023,1491940773
8692449153029665487,997023,1491940816
-2318120284693375413,997023,1491940802
1855812596883189372,997023,1491940793
978402511412861748,997023,1491940817
5868937207548806812,997023,1491940808
6642859694946554016,997023,1491940809
9200142600048353747,997023,1491940823
-7826672744111388238,997023,1491940807
-3300044435307237620,997023,1491940775
3439267375701918150,997023,1491940819
8742329127240680164,997023,1491940789
254339852621180294,997023,1491940813
-8131889747413960891,997023,1491940804
2798539708094186971,993826,1491940790
-2330293326598743245,993826,1491940801
8927653446350027882,996336,1491940769
-6784374736596957591,996336,1491940768
-4126239999627466556,996336,1491940767
-3708381174887999920,997035,1491940782
8434832205714664629,997035,1491940796
-174951697921359138,997035,1491940803
6959513236414324550,997035,1491940776
-6291296552629541504,997035,1491940806
3029110064150131162,997035,1491940771
-125537404290006015,997035,1491940815
-6571324065897635987,997035,1491940807
453797292529145214,997035,1491940811
-8337365385304242462,997035,1491940792
3889021693674119257,874792,1491940783
-2270044650149153439,996731,1491940810
7579025270036927844,996731,1491940792
-8010739942995326078,996731,1491940806
-6916751298233477393,996731,1491940774
-3210040837092153758,996731,1491940776
-3320035827049628063,996731,1491940777
-4796529712988450241,996731,1491940815
3982724014709161505,996731,1491940770
-7626333087900614539,996731,1491940821
9002744217229575517,996731,1491940796
-8337184938578040591,996731,1491940790
-6750172770840508831,996731,1491940816
8053238340710118005,996731,1491940786
8811477528823263606,996731,1491940825
462104525503449842,996731,1491940793
1299246759097960810,996731,1491940815
4067538654983929039,996731,1491940823
6120835631861008674,996731,1491940798
6071228159361556424,996731,1491940802
-426168163233355650,996731,1491940780
-6081172557620762053,996731,1491940812
-1808327304436404724,996731,1491940810
458987965971005577,996731,1491940804
-726700652284612169,996731,1491940815
444252004317867040,996731,1491940787
-1507859497268448502,996731,1491940791
-6603768439162910655,996731,1491940781
7915581578789751151,996731,1491940813
-2291046390167032002,996731,1491940767
-6271462604525033765,996676,1491940800
5758753737303699189,996769,1491940808
5426543484156112918,996769,1491940803
-2978878414897595602,996769,1491940812
-6235664024115104438,996769,1491940820
2952981015021078251,996769,1491940821
-6964774672001392171,996769,1491940817
-337499547448647904,996306,1491940818
8254081375654191783,990939,1491940767
4950909802530265910,990939,1491940823
-5550806184179122310,934767,1491940779
-1891424206607919231,996701,1491940825
-726700652284612169,996701,1491940784
-4839539284074166016,996719,1491940809
9071069847142465612,996719,1491940816
6213231003658918366,996719,1491940801
-7586105256911864963,996719,1491940812
-8097691720459276580,996719,1491940796
-6684026553574551803,996719,1491940820
-7581988059829915835,996719,1491940809
-3361447009402934663,996719,1491940826
7853579722652087129,978543,1491940784
-3787440729268671619,929504,1491940815
-3911578492771213569,907042,1491940775
2078899364872635041,907042,1491940795
-4388106870653187166,996444,1491940781
-2710729199260910476,996444,1491940783
-7651224352552292730,996444,1491940779
-7933724170052792863,994608,1491940795
7470829296144811453,996758,1491940811
3353250990274107205,997022,1491940768
8773765701543786442,997022,1491940822
7639345696141675267,997022,1491940781
5846787258673948992,997022,1491940817
-1516683398898497350,997022,1491940802
-3027019300305137398,997022,1491940798
3671358607936360439,997022,1491940808
-3097305637988981373,996768,1491940814
363216025115697681,996768,1491940797
6027562918178295752,996768,1491940810
5694870880177016410,996768,1491940820
-4302557333021943156,996768,1491940824
-8809603305868245018,996768,1491940778
-3540058269540324154,995282,1491940812
-4690671602248962625,972801,1491940775
-1130952968164300141,987209,1491940794
-533840680361766786,996232,1491940791
6447692528286390187,996955,1491940824
994689583435142525,996955,1491940783
-7020526680314651537,995403,1491940769
7935285511216031793,136645,1491940763
-4263582662297651442,996988,1491940774
2735819452729168634,996988,1491940787
9070403743212389820,989879,1491940821
-7933724170052792863,994710,1491940779
4922147779718906815,995395,1491940820
-485713097379014396,997014,1491940811
-6150912496638230465,997014,1491940799
3624909247044781102,997014,1491940799
-4632928842063600476,997014,1491940771
-6402592331758424398,997014,1491940779
2347310159245447944,997014,1491940815
-3769836857316967048,997014,1491940799
-7351748646241034309,997014,1491940813
-5563881047490051371,997014,1491940816
6353994427892274603,997014,1491940816
8528910087340541156,997014,1491940770
3143998860183411317,997014,1491940806
1458700961921033557,997014,1491940792
-2608254375397902024,997014,1491940782
2438539856814593890,995505,1491940813
-7309972302420090960,995505,1491940791
1369925798278270412,995505,1491940824
900853570032460388,996415,1491940767
-6444620623403231604,996415,1491940774
8323615085501795486,997037,1491940798
-2155134893759712986,997037,1491940811
-6885519897958455740,997037,1491940817
-3393358895356193543,997037,1491940811
6201716579606941913,997037,1491940820
1688771647276590635,997037,1491940789
-446566713325217743,997037,1491940802
2072331829588629525,997037,1491940788
4008153391703453809,997037,1491940815
9143813069934631447,997037,1491940818
-5011116380716064835,997037,1491940816
8414259910768359231,997037,1491940812
-6291296552629541504,997037,1491940825
6118606915779548608,997037,1491940796
-5516836688839139632,997037,1491940798
7293547993874046491,997037,1491940773
-1676991726431720595,997037,1491940811
-174951697921359138,997037,1491940816
-3708381174887999920,997037,1491940792
3029110064150131162,997037,1491940781
2052153100727012769,997037,1491940804
4136735484637690803,997037,1491940781
6959513236414324550,997037,1491940779
-971113731416833097,997037,1491940812
-3899765243941029300,997037,1491940823
5980694525317267378,997037,1491940786
1566268076523753822,997037,1491940818
262154865613481695,997037,1491940803
2330935869600158995,997037,1491940824
4909696570620136334,997037,1491940784
-6515904042776779589,997037,1491940811
6941131967151218616,997037,1491940816
4069048282925403084,997037,1491940816
-623345314509156092,997037,1491940780
4543450597474587011,997037,1491940773
-6559405547939222360,997037,1491940814
8105684626447944919,997037,1491940772
-659186985469873244,997037,1491940817
-125537404290006015,997037,1491940815
4997404222349131426,997037,1491940781
8077352837342636727,997037,1491940786
2980261897375669441,997037,1491940785
2353240084763705273,997037,1491940776
-3230085340475537341,997037,1491940815
2084872981206881027,997037,1491940773
-7281303134947763777,997037,1491940772
-2290498292038038209,997037,1491940777
-3666803159349835017,997037,1491940804
8101725017807767628,997037,1491940798
2559199955202461357,997037,1491940817
1478700088427229516,997037,1491940824
-683588905654876381,997037,1491940808
7442028149158335153,997037,1491940783
-6708503268858083699,996908,1491940795
856164363439631936,996908,1491940784
-2971417678215782260,996908,1491940792
5949357377390341749,996908,1491940783
2349990651442390992,996908,1491940785
-6102298247164121038,996908,1491940812
-252672507212363961,996908,1491940823
-612049497343502176,996908,1491940784
5949357377390341749,996914,1491940776
-252672507212363961,996914,1491940809
-4202467607698637202,996914,1491940767
-4738323037547595472,161115,1491940766
7307035002329967465,996333,1491940806
-4473726474526441701,997009,1491940791
-4233914472567988813,997009,1491940786
-6672733646461994129,997009,1491940816
2011537686747751797,997009,1491940779
-6695912544235188521,997009,1491940788
6484053045419134498,997009,1491940816
-8271695387106206351,997009,1491940781
3439267375701918150,997009,1491940819
-5356660729869909486,997009,1491940824
-4385578062897733203,997009,1491940795
7639345696141675267,997009,1491940781
8420768719396835728,997009,1491940775
2394667205898578485,997009,1491940817
-2547967775665466168,997009,1491940770
1163287430736450973,996501,1491940779
1163287430736450973,996646,1491940809
-496982334642403403,996291,1491940769
-2645946584155726771,996291,1491940819
6371776367381220368,996291,1491940777
