-5051065113280714856,992617,1491061678
-5363244157033264919,992617,1491061673
2287576765006190043,992617,1491061644
6765980625863145389,992617,1491061649
-1244378890195468659,992617,1491061648
8964235803127393597,992617,1491061681
-8983842209284554912,992617,1491061692
1309293429451964871,992617,1491061646
8486183253468317496,992152,1491061692
2953983695506359772,992365,1491061687
2805263082550304547,992365,1491061683
3773217039236171864,992496,1491061658
4440105569612789709,992496,1491061671
4439356806570050362,992496,1491061686
1087932507276290379,992496,1491061677
5592471206101446427,992496,1491061658
-2261142693566124650,992668,1491061678
-6348079783767608500,992668,1491061663
1356428780183325814,992668,1491061689
-7478475879285744876,992668,1491061650
-5215177705322656696,992668,1491061663
2817389170225157472,992668,1491061687
-3173578130988635479,992668,1491061669
-9219633115704604621,992668,1491061690
2288771252218415423,992668,1491061680
-1028543837749782848,992668,1491061690
3164367658014134955,992668,1491061658
-2281381051328850984,992668,1491061690
8754372742843647776,975842,1491061678
-3129748609709411750,975842,1491061684
4549463635578200167,975842,1491061668
-4358829407833148811,975842,1491061656
-758021511047962063,975842,1491061651
7253620165095573627,975842,1491061669
-2532834908842147017,975842,1491061666
2630306800036392120,975842,1491061671
6456146645278984265,975842,1491061637
-852118174837981902,975842,1491061674
7619459448914924394,975842,1491061642
4579807942382258366,975842,1491061641
5101422785184664611,975842,1491061637
-3779123779851408366,975842,1491061646
-2315104724908123203,975842,1491061687
3028372983818959027,975842,1491061670
-3015380836241922153,975842,1491061653
5640006049837783036,975842,1491061675
3282922174505202110,975842,1491061639
8405800279332586851,975842,1491061660
-8686627371167825309,975842,1491061636
7987422472202052171,975842,1491061661
1764081916952217205,975842,1491061680
-6211421353558514650,975842,1491061651
-4372529064167560368,975842,1491061646
-2181892478211597196,975842,1491061679
-7026505706259196633,975842,1491061638
67940685607590142,975842,1491061693
8937026184791282243,975842,1491061670
-1459201805293053919,975842,1491061677
-6441601686814519338,975842,1491061675
-8577829843722528098,975842,1491061681
7541028145234956033,992590,1491061664
2303483722718721302,992708,1491061664
7190798479847810401,992708,1491061659
-1779296192191280678,992708,1491061667
2563715458151922620,992708,1491061667
-7003330422000958333,989624,1491061653
-2968347378851525177,992367,1491061685
3369275881450696291,928267,1491061676
-4140368502686066687,928267,1491061664
-8579511575751559081,991326,1491061653
3804193739035874215,991232,1491061664
-7454892527359582410,880877,1491061636
7872121097263026393,969865,1491061689
2339917978762893790,987987,1491061681
3796556668838231605,913696,1491061680
-3097483275566602044,989321,1491061655
1275955418157587199,400549,1491061670
7653162827744820045,992670,1491061670
-5215177705322656696,992670,1491061674
-1514044712007413890,992670,1491061639
-2261142693566124650,992670,1491061678
8980635343729149220,992670,1491061640
-7478475879285744876,992670,1491061650
1356428780183325814,992670,1491061689
7495365893710474545,992363,1491061650
4071191062333081239,992363,1491061647
-3094591784608651280,991879,1491061661
-8626199829088785871,992512,1491061681
-371353001058969032,992512,1491061672
1271904534985139703,991343,1491061635
3194779124892899123,991343,1491061692
-1898158193332866003,992141,1491061662
-6104333994321439646,992141,1491061693
2873601167121866136,992147,1491061677
7942471031565702975,992147,1491061690
-1149669087437393165,992147,1491061685
8199156787685057188,992431,1491061647
8944642408757789295,992431,1491061691
-5275788394489123450,992431,1491061673
8318242600641816824,992431,1491061650
1766560351408095709,992431,1491061635
6045264183007712359,992431,1491061663
5490549824843852323,992431,1491061665
8011766690625751385,992431,1491061653
5428576176647498416,992431,1491061649
4421265734926117920,992431,1491061664
-3170066020825546292,992431,1491061635
3810158696644175430,992431,1491061651
6964447712997596211,992431,1491061684
6798851381724824006,992431,1491061689
8782404529472284025,992431,1491061647
2063258611585076925,992431,1491061644
-8316947769432982229,992431,1491061674
878532048455142396,992431,1491061637
-4088426212702877478,992431,1491061693
5523800130412189469,992431,1491061684
7802250811620371072,992431,1491061685
7985359296683830321,992431,1491061647
-903299116122914440,992431,1491061693
6125931585910396853,992431,1491061686
-4302745684720784633,992431,1491061646
-6138583588351023059,992431,1491061686
2381503806737127117,992431,1491061678
-6689265130281983965,992431,1491061688
5866822351151208405,992431,1491061671
1799397994333241518,992431,1491061692
-9205280991571684422,992452,1491061655
-1710502887688010916,992452,1491061654
8862272378792230646,992452,1491061674
2504259335017428889,992191,1491061673
1890435461242024994,992201,1491061658
9078405662097186238,992201,1491061686
-2502005043902659609,992201,1491061651
-3877452991259822578,992201,1491061647
-7915490424791012643,992201,1491061641
-5082275109793120940,992201,1491061675
-6954291999438146525,992647,1491061673
7417264832119384207,992647,1491061644
-6823832286057446751,992647,1491061672
-8448440092391811624,992647,1491061669
-5187497082494293297,990407,1491061658
-8360433301104755086,990407,1491061637
-4943033302008524057,986497,1491061677
-3995180035089386292,992603,1491061689
3034575670143756377,992603,1491061653
-4558719643929139261,992603,1491061662
-6034499067862707341,992603,1491061693
897240374249254481,992603,1491061643
-7303576051763564933,992603,1491061687
349050276501846021,992603,1491061686
-2983086162401555580,992603,1491061686
-226948709535318974,992603,1491061686
3649731011353146880,992603,1491061680
688984690838302622,992353,1491061651
-8804420949851977753,990203,1491061644
-5054064798072865554,992594,1491061667
-7258382581160748598,992594,1491061636
-3018790408777033607,992594,1491061669
6708699866457645694,992448,1491061680
-8153872102357508574,992448,1491061641
-5305156482899978569,992484,1491061641
-5275247558254011923,992484,1491061665
-5815577777886884891,992484,1491061642
7656447401493721651,992484,1491061647
4975981309005616342,990030,1491061641
5438088916580952209,992039,1491061668
-2149169858387015893,992039,1491061672
1229466379516838796,992039,1491061636
-9039176494823134844,992039,1491061672
4356564858445825427,992039,1491061682
-1650019669112218803,992039,1491061693
3633572487712115618,992039,1491061675
-3225792191696343124,992244,1491061686
683223610007851588,992320,1491061681
-1366319833206147905,992320,1491061665
-4324739695498670617,992320,1491061662
-3754256691333058945,992320,1491061635
-8699413293234590454,992044,1491061660
8108320792382435674,988973,1491061648
1121154054712528036,991361,1491061676
-298817860549696243,992032,1491061684
5923924803536416127,992221,1491061691
-1760717243799300186,992221,1491061639
-3664033457142114196,992642,1491061666
-2002250894006578294,992642,1491061680
-6930523258149489431,992642,1491061667
7417264832119384207,992642,1491061684
-4309562355885624935,991727,1491061651
7190798479847810401,992699,1491061683
8508914936021264527,992699,1491061636
4661846725621383085,992710,1491061644
-6593865523390938340,992710,1491061680
9207606239977111007,992710,1491061687
1182232246423944748,992710,1491061686
-3654433835779057199,992710,1491061651
-1331312541837063871,992710,1491061689
-1353600758374682492,992710,1491061673
5260827586166144224,992710,1491061680
7125134434030035319,992710,1491061693
1230015845852491177,992710,1491061667
719852568886101199,873729,1491061641
-5667362093084788190,992457,1491061655
5844460029639557041,992457,1491061648
7474955446689044232,991933,1491061638
-8070283020244310811,990649,1491061678
8480384790420249872,972082,1491061658
-2252398581915185101,992618,1491061672
4752671148982207203,992618,1491061678
-8292366121990162229,992618,1491061653
3964396621698611371,992618,1491061651
5231923526404910340,992618,1491061647
9116051455549102796,992618,1491061689
-4852827871118323985,992618,1491061690
2102803883483846756,992618,1491061652
-6722804089013390631,992618,1491061666
-6059019863844321447,992618,1491061660
3508020750782011446,992618,1491061644
4248842091760664389,992618,1491061682
-9191308055112709604,992618,1491061687
-5162252059285274601,992618,1491061649
6735831252805960599,992618,1491061685
2981502847228210169,992618,1491061691
7314345252983808110,992618,1491061674
-3437470771283059762,992618,1491061643
-6846047080450459930,992624,1491061660
2981502847228210169,992624,1491061691
6735831252805960599,992624,1491061684
-5162252059285274601,992624,1491061649
-5914676843630478936,992624,1491061679
-5503763609948176632,992624,1491061693
4248842091760664389,992624,1491061682
-3437470771283059762,992624,1491061643
-1568013621555069039,992624,1491061686
9116051455549102796,992624,1491061668
-6381646816370053555,992624,1491061621
-4852827871118323985,992624,1491061670
-6059019863844321447,992624,1491061649
7314345252983808110,992624,1491061674
4528362387537074233,992624,1491061689
9029456055227040474,992624,1491061677
-9191308055112709604,992624,1491061687
-6722804089013390631,992624,1491061650
-2222892819278948202,992624,1491061680
609254625941863422,992624,1491061681
786600519572490973,992624,1491061636
7263679474228505995,992624,1491061675
5777384374397804233,992624,1491061687
-7438870457514309620,992624,1491061688
-6360236873436207499,992624,1491061658
-8431161931341030970,992624,1491061645
7233560119552791196,992624,1491061684
5640912653696315929,992624,1491061659
-4545395851775693442,992624,1491061656
-1679327322068302334,992624,1491061665
-5222668209836495829,992624,1491061642
7291555778463226375,992624,1491061647
-2085566794844568882,992624,1491061634
2600016083824477046,992624,1491061664
-4562363207008814826,992624,1491061682
3889564482880812775,992624,1491061669
4078063049978126669,992624,1491061661
5876275196601370096,992624,1491061683
1520897304757013064,992624,1491061675
-3835618521072193476,992624,1491061684
1719603389184975945,992624,1491061685
4926470383939263691,992624,1491061682
-1122471255366959124,992624,1491061673
-4127753472553334379,992624,1491061675
-246152150819984495,992624,1491061681
-7599249396211166474,992624,1491061692
-17059903993557448,992624,1491061635
1935044124116032599,992624,1491061687
251000581649019713,992624,1491061672
-3508418222511342596,992624,1491061684
-5810938884465332454,992624,1491061680
-2529527678828078812,992624,1491061683
7358573762244082967,992624,1491061663
-3649981755797055889,992624,1491061643
-4921854373670870280,992624,1491061679
-562176263655717144,992624,1491061660
7326482220949689713,992624,1491061639
-7313600239489365656,992624,1491061688
-7189657432946577211,992624,1491061654
8591813821005347192,992719,1491061673
-7483114462377937767,992719,1491061641
6888224653285445002,992719,1491061652
-8008292885272199615,992719,1491061660
2394303591907623029,992719,1491061643
901884118084156559,992719,1491061673
5959280298605006441,992719,1491061684
-255592198971418334,992719,1491061689
1511195047617834915,992719,1491061677
-129244386341476897,992719,1491061654
-5631094257553734172,992719,1491061672
-7962738024458258883,992719,1491061683
5020529590406935132,992719,1491061686
6483251494707326200,992719,1491061661
-2933026117053384109,992719,1491061691
-5284585162755368141,992719,1491061639
8715878136107806467,992719,1491061690
2666147887124002232,992719,1491061636
-4066814516941380190,992719,1491061637
8369041993279184154,992719,1491061677
1589836525724615237,992719,1491061685
-9122012843036101258,992719,1491061666
-7756550175533007023,992719,1491061673
5620297488957991456,992719,1491061658
3826642160194164022,992719,1491061647
-1708015354553456677,992719,1491061653
3921262040004931833,992719,1491061643
8848718443360963261,992719,1491061686
1968520867506584125,992719,1491061659
2063191171431907466,992719,1491061641
7762155002737002097,992719,1491061683
4963031569559645011,992719,1491061636
1128830147972811918,992719,1491061660
-8941026962872353308,992719,1491061651
3319005471862785155,992719,1491061635
-5177513282801632811,992719,1491061691
5295060146926250772,992719,1491061652
-8315536496608727995,992719,1491061681
-7466054026672835538,992719,1491061677
6684248669991486771,992719,1491061684
-7936077004273483487,992719,1491061683
-2758086757117688621,992719,1491061681
3887864708084916568,992719,1491061673
-2994813435278822086,992719,1491061666
-6210773945287629584,992719,1491061679
-2936000711276736449,992719,1491061674
5034721997190381040,992719,1491061638
-8541663740131130829,992719,1491061676
-4451118709099281316,992719,1491061673
989836956673843624,992719,1491061639
4550703584272273536,992719,1491061669
-7486148612373410740,992719,1491061665
-5852681089307109037,992719,1491061643
-2523892338601966893,992719,1491061643
-8811030633531825608,992719,1491061676
1011239387253587516,992719,1491061686
-5045027497114868980,992719,1491061659
-548578279901572825,992719,1491061673
4671996664444733944,992719,1491061645
5559281143735967472,992719,1491061672
-4079443196665165716,992719,1491061670
8855554086211404019,992719,1491061648
-3576778389033889263,992719,1491061689
6215326857392356094,992719,1491061677
-7700964765719724000,992719,1491061673
7581945218190163021,992719,1491061637
1511752999445165856,992719,1491061654
-4566328321715326206,992719,1491061638
-1905009738795109557,992719,1491061641
1316918982343130600,992719,1491061644
-5053819276229327822,986789,1491061639
-2325750339637265595,986789,1491061662
4039233230075592512,986789,1491061687
-3611122751287808998,991955,1491061651
-4074883805726384966,988300,1491061646
4501207925367529741,990605,1491061657
-3454127960222810373,992718,1491061691
978863136691249750,992718,1491061640
7168676829119007594,992718,1491061652
5260827586166144224,992718,1491061645
-2759893901673890696,992718,1491061693
2969085006175275049,992718,1491061693
2645660342454770731,992718,1491061683
8068792399868382233,992718,1491061684
-818999908980792947,992718,1491061688
5190413118261498531,992718,1491061667
-5276851075720345397,992718,1491061641
-7731053967488502616,992718,1491061663
1763562834911538478,992718,1491061651
1513165739061710911,992718,1491061637
-3152221687612701944,992718,1491061662
-4550293259707778816,992718,1491061664
4937592139704917621,992718,1491061675
5959497736012322607,992718,1491061689
3639076882214638894,992718,1491061649
-1674973171751108142,992718,1491061645
-2393682879616788867,992718,1491061688
5156899025240828557,992718,1491061650
-1331312541837063871,992718,1491061660
-4258538928000701599,992718,1491061659
1877356089800106635,992718,1491061637
9191197722312852733,992718,1491061681
-7739140845575160203,992718,1491061677
1670387863433345118,992718,1491061658
-2398681383179005709,992718,1491061660
3296721547908120478,992718,1491061645
-5611831387649040676,992718,1491061685
-1742618581920995836,992718,1491061655
1540032548466884435,992718,1491061669
410121427711872244,992718,1491061637
2343603691293711288,992718,1491061637
-4457232200129521673,992718,1491061687
8616755438739229731,992718,1491061639
1717810306044028158,992718,1491061661
-6246559146540857044,992718,1491061678
150477281593378892,992718,1491061679
5430586697110161539,992718,1491061635
-4856538203282055056,992718,1491061669
6985801660513945330,992718,1491061684
355293149395827672,992718,1491061678
-6543107381389100313,992718,1491061679
6258102498210339373,992718,1491061684
8178360879305682052,992718,1491061650
-1297361554862227445,992718,1491061643
-836834495652590151,992718,1491061658
3110946786353749893,992718,1491061659
-7438791389416451294,992718,1491061644
1787722863353456072,992718,1491061643
-1419424087730746008,992718,1491061658
-6392834061039579421,992718,1491061661
7353815870759583666,992718,1491061654
5003445734076593700,992718,1491061658
4040365337484026845,992718,1491061669
3215719593614405480,992718,1491061648
8591813821005347192,992718,1491061687
-4666993573644115031,992718,1491061685
-2993904825503947948,992718,1491061683
-8362100601776344885,992718,1491061692
-8679363472855759731,992718,1491061689
67940685607590142,992143,1491061684
3483463980838863590,425906,1491061652
-8093880007257252864,992596,1491061670
5008389869062204144,992596,1491061646
8835376225175225135,992596,1491061672
-5054064798072865554,992596,1491061672
4900506661885297261,992596,1491061653
1241751847024004464,991532,1491061683
2311284649003752428,992676,1491061648
4544876885521698239,992676,1491061639
-4958287177241892301,992676,1491061675
2507737281219051765,992676,1491061655
-2074306977700236754,992676,1491061688
173202951186900593,992676,1491061667
-5215177705322656696,992676,1491061640
-4777459543181907207,992676,1491061670
-3700048173065926211,992676,1491061681
-4507654843193544249,992676,1491061690
8756802496550993550,992676,1491061681
4285620191465496745,992676,1491061689
5157798862094788247,992160,1491061675
-1493207783115257155,992160,1491061638
4239455833133858202,992160,1491061687
6864533836780647248,992160,1491061676
1898887570969620614,992520,1491061674
2853907392530710157,992520,1491061639
1087932507276290379,992520,1491061677
4754531573158440685,992520,1491061661
4439356806570050362,992520,1491061660
-1132417013834579964,992520,1491061684
-1288882125953461329,992520,1491061690
5592471206101446427,992520,1491061658
3973376119984480244,992271,1491061674
120458736215141845,988829,1491061659
426042776613407952,992125,1491061652
-7804721136587868153,963128,1491061674
6846702642590082693,193660,1491061651
-8333370972399165645,991545,1491061653
5754447039253347330,991545,1491061657
2094538468205466077,991545,1491061636
-645588302447084051,991545,1491061648
-4294541218797466617,991545,1491061645
-382509088339142989,991545,1491061688
1785952133267152312,991545,1491061654
8398527562003744170,991545,1491061664
8966708153342604994,991545,1491061676
-1411135458801743207,992615,1491061691
-1244378890195468659,992615,1491061686
7728339916887647451,992615,1491061674
3971869092984166185,992615,1491061672
6765980625863145389,992615,1491061661
-988403785919032526,992615,1491061682
-3214910519692021005,992615,1491061663
4160909778529048290,992615,1491061690
-8637065259601536983,992615,1491061663
8964235803127393597,992615,1491061685
2287576765006190043,992615,1491061644
-35067100545948096,992615,1491061676
-5051065113280714856,992615,1491061678
-6059019863844321447,992615,1491061692
5230436599231062378,992615,1491061640
-8699413293234590454,992045,1491061660
-6374253960474647678,956740,1491061673
3508949474281405899,986922,1491061682
-485180082526830321,990460,1491061692
-2465650777291045893,984211,1491061688
7360792569997926636,992601,1491061660
751581214427983879,992601,1491061637
2474282605820822511,992601,1491061652
2708111162599971658,992601,1491061665
-3018790408777033607,992601,1491061668
-7794478815041272253,992581,1491061658
1069902301083456884,992581,1491061679
-8983842209284554912,991683,1491061686
-3554218229031904321,991683,1491061688
-8723682552768941090,991683,1491061636
-8759231813817584656,991683,1491061691
1204534392110654116,991683,1491061663
-4067222302877002903,991683,1491061694
2853907392530710157,992370,1491061645
-6957774650146912948,992370,1491061663
1903676056394339675,992370,1491061637
4660127316683947197,992370,1491061688
467097935830097259,992370,1491061652
1816418642701723773,959826,1491061653
4396267255394047204,992721,1491061646
5824875356990247654,992721,1491061693
-5679847256339292484,992721,1491061655
8015199895601904521,992721,1491061641
-5650148286970448336,992721,1491061657
5020529590406935132,992721,1491061639
9100298837228485918,992721,1491061650
2840374007949682425,992721,1491061670
-1766859025464526453,992721,1491061664
5355178022728423832,988925,1491061653
-2733932333467328112,992188,1491061643
-7843322024951054258,992188,1491061670
455271360066029749,992188,1491061669
6422244611422065030,992361,1491061667
-371353001058969032,992600,1491061645
641572853506760277,992600,1491061681
-6034499067862707341,992600,1491061693
-7303576051763564933,992600,1491061687
3175996518141063505,992600,1491061672
-4590208354419069441,991835,1491061662
2653215614671303158,991835,1491061689
-6178148511684703303,991835,1491061643
56361983585039372,991835,1491061658
-5618333354152542269,991835,1491061646
-3854411983676860414,992577,1491061661
3866186200769877107,92731,1491061675
7474955446689044232,991941,1491061648
-8090121887895289113,992230,1491061663
-6468434265233438276,984945,1491061651
-398516012985258814,992023,1491061636
5963927801994339650,951665,1491061651
1241513013146689534,966293,1491061674
-7483114462377937767,992715,1491061657
-9158138172046061061,992715,1491061677
6641992031428786705,992715,1491061659
7270124395296131879,992715,1491061643
9207606239977111007,992715,1491061643
3712387614401225416,992715,1491061664
-1353600758374682492,992715,1491061668
-6142674632699617382,992715,1491061677
-5609595654072305369,992715,1491061648
1619663171840064808,992715,1491061682
-822296725814585329,992715,1491061683
5023512385973282802,992715,1491061659
-3991466332618969008,992715,1491061639
-7629560958011088911,992715,1491061647
5923924803536416127,986663,1491061679
7723616772053070322,986663,1491061674
5672219171550518321,986663,1491061639
6215266511617292159,990693,1491061645
-5305156482899978569,992486,1491061654
1678691856551852803,992486,1491061685
-1966237530661814993,415015,1491061667
-1185732906906263096,990691,1491061654
-3520605873288037433,990691,1491061652
5381622362264943672,990691,1491061688
-3060341453561852741,990691,1491061681
-4751535729516509613,990691,1491061683
8421345211027626669,990691,1491061644
3804395909045513879,988542,1491061646
1069902301083456884,992582,1491061659
6421612780492594953,992036,1491061680
7474955446689044232,992036,1491061684
6950291311120944023,171766,1491061678
-8804420949851977753,989183,1491061675
-1717236690156328273,991867,1491061651
-1898158193332866003,991920,1491061678
-6745955188788873149,991901,1491061634
1069902301083456884,992585,1491061654
-2741047252289312076,992556,1491061688
4660127316683947197,992451,1491061688
-3942870748013767071,992196,1491061673
-1817203202860493770,992102,1491061691
-1592717842219904795,942255,1491061675
-8381994888001910373,992685,1491061673
-2831261991677122758,992685,1491061670
-174059708305096728,992685,1491061661
1195278826048019375,992685,1491061669
4602676631728251448,992685,1491061653
-6230208053716389292,992685,1491061675
-3700048173065926211,992685,1491061677
-2074306977700236754,992685,1491061644
-619690952968637532,992685,1491061654
8756802496550993550,992685,1491061673
4754916511274857435,992685,1491061669
-668624570165296292,992685,1491061663
-4777459543181907207,992685,1491061660
4285620191465496745,992685,1491061685
-8913952550412355156,992685,1491061642
-2247522203339566320,992685,1491061684
1103075069700689051,992685,1491061684
-8791362880872956691,992685,1491061672
-6199673494283684863,992685,1491061665
1045850250652726253,992685,1491061644
-4637431172370959337,992685,1491061689
781353513434400611,992685,1491061671
-6307620608110113461,992685,1491061647
-7010326296423870546,992685,1491061691
8577981747270879021,992685,1491061668
2063258611585076925,992685,1491061666
-8938323150171415871,992685,1491061650
232470769977611337,992685,1491061644
-2367834812013468153,992685,1491061659
268120192220729116,992685,1491061694
-4952806059596371707,992685,1491061656
7961616987333863081,992685,1491061672
7910868507225905261,992685,1491061670
2183786412445320604,992685,1491061679
2709623146427277879,992685,1491061659
-3240961954357843350,992685,1491061661
-8388540896792355873,992685,1491061659
-6238278409670867728,992685,1491061681
597302228886509898,992685,1491061681
2823488615585428766,992685,1491061660
-3136619296474261594,992685,1491061679
8401900083981901471,992685,1491061672
-2802801963052275642,992685,1491061645
-2284991647289597826,992685,1491061662
7711756339340519492,992685,1491061653
687216790712579873,992685,1491061641
-2844528214343973705,992685,1491061694
-7190767822929051726,992685,1491061639
8876513301366480799,992685,1491061649
3881221787424818695,992685,1491061666
-8396005837643215337,992685,1491061663
-8464262425448142649,992685,1491061675
-4929610509455724559,992685,1491061657
1706983623892098956,992685,1491061648
-836834495652590151,992716,1491061657
9090095861402166790,992716,1491061640
4906031268880956932,992716,1491061680
-7438791389416451294,992716,1491061644
6016908329054661088,992716,1491061653
1670387863433345118,992716,1491061659
-2393682879616788867,992716,1491061656
-2385365201284420522,992716,1491061667
8591813821005347192,992716,1491061687
7204609362030396935,992716,1491061652
1631264060197175989,992716,1491061669
5959280298605006441,992716,1491061684
-6266141014073108280,992716,1491061690
5020529590406935132,992716,1491061686
1589836525724615237,992716,1491061685
-8915618542091305452,992716,1491061663
-943175017580394086,992716,1491061665
901884118084156559,992716,1491061643
7843302154345797450,992716,1491061682
1452257894955044461,992716,1491061644
1511195047617834915,992716,1491061676
-6853657300640870052,930023,1491061637
355951850542507673,991612,1491061667
-2568991083098374001,990094,1491061659
5112421838672824751,992655,1491061688
8443139729174467969,992655,1491061650
-5460624533059354670,992655,1491061687
4836143235141973983,992714,1491061682
-1353600758374682492,992714,1491061652
-1898158193332866003,992034,1491061678
1898887570969620614,992223,1491061674
1323567682313243013,992223,1491061689
3011623031508473725,992223,1491061684
4925937824156527222,992223,1491061685
-3628021309128450337,992223,1491061677
4012855633453914915,992223,1491061670
1066021006420079251,992223,1491061667
3727011784205062374,992504,1491061681
-2260935181171378172,992671,1491061687
-7650459727448557508,992671,1491061693
6257274905617141428,992671,1491061690
7032806239794414334,992671,1491061669
-9219633115704604621,992671,1491061676
-5215177705322656696,992671,1491061650
4544876885521698239,992671,1491061655
-6460368397454043703,992671,1491061664
-4673468791409429574,992671,1491061667
-4958287177241892301,992671,1491061691
5156358547107195309,992610,1491061678
122755963474196930,992610,1491061658
7728339916887647451,992610,1491061687
8259025532341451145,992610,1491061679
-3214910519692021005,992610,1491061679
-8637065259601536983,992610,1491061668
-5821405629816765569,992610,1491061668
3971869092984166185,992610,1491061682
-5236641450561750417,902834,1491061655
7212511252548401340,902834,1491061662
3045411980313668112,983047,1491061643
4806819559467730168,981755,1491061691
-1898158193332866003,991942,1491061641
1896908669846694066,991942,1491061673
7985387923355228617,991942,1491061635
2318397116372896237,992313,1491061669
9122104598531203656,984740,1491061676
5588327224032062924,992555,1491061651
4806819559467730168,981711,1491061676
-1389261686233543973,992180,1491061652
8566751791639229338,417427,1491061637
3773217039236171864,992514,1491061680
4440105569612789709,992514,1491061671
3190524414542458256,992514,1491061652
-7820742612266167721,347152,1491061639
-19790997414761965,992447,1491061663
-6374253960474647678,956738,1491061635
-8113309620484049546,992623,1491061652
-2226834606551948363,992623,1491061667
2479699988859714147,992623,1491061654
3180147386326763895,992623,1491061675
1445639822775966390,992623,1491061666
-6861205424578874457,992623,1491061666
6969487109079725487,992623,1491061666
3487943530621325914,992623,1491061680
2318560203481581327,992623,1491061668
1127463424337300941,992623,1491061685
3439881966628140539,992623,1491061675
-5504486799208553295,992623,1491061690
4628407835920887423,992623,1491061679
1462341681142221760,992623,1491061692
-7964502796258261000,992623,1491061674
3933233553799885642,992623,1491061661
-1905286258533068771,992623,1491061639
-5365615853247172616,992623,1491061642
1051632834862205487,992623,1491061670
-5887424933798901736,992623,1491061660
7824848580613140319,992623,1491061668
6605530287979112880,992623,1491061641
-2327242775500505709,992623,1491061664
5343437126817063778,992623,1491061681
322601843844686357,992623,1491061661
8796693823503936530,992623,1491061677
2728750154569274326,992623,1491061642
4061316374096505268,992623,1491061682
-142071975161110422,992623,1491061692
9079702804148749683,992623,1491061683
1925402188373275803,992623,1491061654
-3230071748298015625,992623,1491061678
-6858983964625342349,992623,1491061676
5140608862934857019,992623,1491061647
2488791811012144796,992623,1491061679
3396314766581371140,992623,1491061680
1664149368160619346,992623,1491061664
-1781940440934601892,992623,1491061690
6650075107142305370,992623,1491061678
-4488960620367034889,992623,1491061675
2312161471690661174,992623,1491061658
4417634393608352456,992623,1491061679
7410869561179359458,991115,1491061675
1170163465233070667,882227,1491061684
-6081337631492125867,901048,1491061667
4944175182683613135,992108,1491061648
-1817203202860493770,992108,1491061645
5580260209164496909,931959,1491061661
-4521887574220275920,992295,1491061676
-300710677504988721,992295,1491061656
-231608405203588404,992295,1491061649
-689358935241411413,992295,1491061686
1759426112336567284,992295,1491061688
-1955554846338985046,992295,1491061691
-4110304157029558677,992694,1491061639
3890946011688502429,992713,1491061657
7125134434030035319,992713,1491061693
1230015845852491177,992713,1491061667
5939067754710600908,992713,1491061674
2002564730425898422,992713,1491061683
6472807926346440623,992713,1491061691
1182232246423944748,992713,1491061660
5260827586166144224,992713,1491061680
9207606239977111007,992713,1491061660
2396920886473653891,992713,1491061660
-222341217207275392,992713,1491061694
-1331312541837063871,992713,1491061670
7168676829119007594,992713,1491061660
-2225075414682597173,992713,1491061663
2943897435240785437,992713,1491061655
-3421473941302101063,992713,1491061643
-7724162831669827401,992713,1491061643
-1719785760206920155,988325,1491061660
-102524791098148984,988325,1491061642
5433380226918468880,988325,1491061671
8165226000338067783,988325,1491061667
-3520605873288037433,988325,1491061650
4421265734926117920,988325,1491061689
990348040511300103,988325,1491061640
-4844491019218757680,988325,1491061652
1619412008378006865,988325,1491061675
5182367301906437635,988325,1491061669
3878641472890753474,988325,1491061668
-759216218222999779,988325,1491061641
4028701076100281029,988325,1491061694
-8685069100161323423,991732,1491061672
-2479233382523025755,991732,1491061654
1707669979737722974,992613,1491061674
6864533836780647248,992613,1491061676
4065055670157930403,992613,1491061676
1388879988950761506,992613,1491061643
-5704108386284848264,991782,1491061661
-4895396664647551803,992611,1491061683
2896032515249053971,992611,1491061648
-5364789888621717085,992611,1491061660
-6861205424578874457,992611,1491061690
5360577243752008656,992611,1491061641
1445639822775966390,992611,1491061684
1267501824366933606,992611,1491061667
4628407835920887423,992611,1491061689
-8391578593892617793,992611,1491061641
3439881966628140539,992611,1491061684
-226948709535318974,992611,1491061636
-5365615853247172616,992611,1491061649
3180147386326763895,992611,1491061680
1528547925350470718,992611,1491061637
-1257246997701733952,992611,1491061656
2919670861753337680,992611,1491061666
-7952052477316868923,992611,1491061666
1462341681142221760,992611,1491061692
-8090121887895289113,992226,1491061689
219726953536950356,992226,1491061682
-6329981207686374760,992662,1491061651
-5215177705322656696,992662,1491061693
3722733790649575502,992347,1491061661
2953983695506359772,992347,1491061656
8633984317233786060,992588,1491061658
-3269432914981511364,991351,1491061669
-1817203202860493770,992110,1491061637
-6256635156186438917,972031,1491061640
-9219633115704604621,992675,1491061638
-6460368397454043703,992675,1491061664
-4958287177241892301,992675,1491061691
4544876885521698239,992675,1491061655
-5215177705322656696,992675,1491061645
-4777459543181907207,992675,1491061670
-2074306977700236754,992675,1491061688
2507737281219051765,992675,1491061655
6395163310866916262,986916,1491061690
-8360433301104755086,990342,1491061637
2953983695506359772,992376,1491061648
-2600471261783343737,992492,1491061688
-1484541467728414060,343240,1491061682
-789749281125599330,991350,1491061675
5991956655287616205,992711,1491061686
5947202668567790946,992711,1491061648
-7303287648540014454,992711,1491061649
1314527411198416517,992711,1491061682
487127970657880461,992711,1491061655
-1520414070678883687,992711,1491061661
-8828714343837054701,992711,1491061643
-8204626115878933923,992711,1491061664
8030801853722077570,992711,1491061671
-1621373884775617699,992711,1491061641
8558737493815034271,992711,1491061663
-5386153978384241591,992711,1491061665
1242941852633162173,992711,1491061685
9207606239977111007,992711,1491061691
-707328515432209705,992711,1491061667
4576807246801722001,992711,1491061653
2311205522026433260,992711,1491061668
2133182468528389595,992711,1491061660
-2500097514048567336,992711,1491061639
1842927751420838875,992711,1491061680
7604657638917552256,992711,1491061686
-8447852086703600962,974441,1491061640
7872121097263026393,970344,1491061684
8237405638736398886,935250,1491061679
-5971218192432535971,992185,1491061684
1342297289413867405,972545,1491061652
8385945819758265206,891003,1491061667
5588327224032062924,992553,1491061666
6765980625863145389,992553,1491061672
1030664663783221229,992553,1491061639
-435711467580868576,338998,1491061691
688984690838302622,992476,1491061651
67940685607590142,992476,1491061690
9146333323767409255,340002,1491061678
2458418000954035743,989591,1491061669
2615758910456880096,992267,1491061640
1161971485756691968,992267,1491061656
2504259335017428889,992267,1491061655
-2556834559058534741,992296,1491061634
-8960471669109859669,992296,1491061671
2195836970345994188,992631,1491061654
-5828730030473897946,992631,1491061677
4562990663092345407,992631,1491061651
1170163465233070667,882332,1491061677
7842703852131515964,919707,1491061687
965527069033048088,346343,1491061687
-659306863096770226,992149,1491061662
-1579863229543941407,992149,1491061651
2211538144470160604,972937,1491061637
5687678536375141303,991500,1491061637
5355178022728423832,990876,1491061654
-7997710921642967087,957014,1491061654
2153953112456996777,948984,1491061687
-1557480300808701172,893973,1491061657
2873601167121866136,992151,1491061677
-5089978617978722898,902515,1491061667
4301301379768427050,992673,1491061671
-376703355994673724,992673,1491061691
4520570952175910442,992673,1491061639
-4992398782658562189,992673,1491061661
-1454298297516855614,992673,1491061654
7875229594933321937,992673,1491061678
6127374881408649332,992673,1491061675
-1677478176638597713,992673,1491061673
8351097872822369564,992673,1491061690
4866796400047930554,992673,1491061666
-5106860246573762908,992673,1491061661
-6971999834336266973,992673,1491061643
2736343462058735048,992673,1491061684
-8798401409044443607,992673,1491061669
-1479570304021237815,992673,1491061685
7913238216448590992,992673,1491061654
7066434669169678636,992673,1491061666
-7480921687631137008,992673,1491061673
2366255902892943841,992673,1491061657
9195079976634671252,992673,1491061685
-7175608899522088005,992673,1491061650
-4607414012452683838,992673,1491061680
3320159432978741389,992673,1491061685
2497780431223350036,992673,1491061690
-3225578359278892778,992673,1491061674
-8365717175021708940,992673,1491061666
-1282667857320228290,992673,1491061679
-5947861157356480395,992673,1491061678
-7157419363220630730,992673,1491061694
-8647728539217376839,992673,1491061653
-5415942104685085869,992673,1491061691
-3803738476970579933,936847,1491061691
-3153165633358890104,155251,1491061666
-2600471261783343737,992500,1491061687
-5275247558254011923,992490,1491061665
6085790421099892374,992395,1491061678
5521474563975952654,992395,1491061677
-2630373723337427694,991233,1491061694
7564322818970500827,991233,1491061644
-5385140070803224468,987152,1491061685
-4362612651915186152,992047,1491061678
-5749061452809113289,992523,1491061673
2699216293000946743,992434,1491061677
-6423274742252857682,992468,1491061646
-1705768781934739559,342835,1491061647
1164603924320899743,909352,1491061655
2458418000954035743,992580,1491061656
1069902301083456884,992580,1491061687
7064947855713986329,986208,1491061661
-1105895461207650401,986208,1491061646
-2875381210943897869,989430,1491061693
921084431036120005,979998,1491061670
-5305156482899978569,992423,1491061687
-1149669087437393165,992156,1491061680
-6613858544743370946,992156,1491061657
-5096677344818471041,990474,1491061689
-8678483361428832405,990474,1491061660
-6773757153392575610,936880,1491061686
3391338387117024006,975316,1491061688
6060160107197072289,992663,1491061639
4504153336588500507,992663,1491061656
1879934774558000319,992663,1491061660
-5215177705322656696,992663,1491061682
1868520837485926652,992165,1491061669
-716058291306758899,992165,1491061677
7915749908494396200,992165,1491061645
2081887757121554107,992165,1491061660
-1557945742515205619,992165,1491061663
6753667679106825421,992165,1491061642
-6885458169073672325,992362,1491061659
897001408658898513,992362,1491061656
-1726919786677096511,992362,1491061643
-7692444893986104688,992362,1491061682
-8030998500377892405,992362,1491061680
2828003579968130015,992362,1491061693
1069902301083456884,992584,1491061671
-1717236690156328273,991227,1491061654
-6872156211282589607,991566,1491061667
-2466394183352396767,991566,1491061642
7417264832119384207,991566,1491061674
-584161678379141279,991566,1491061686
4417364183873253860,991566,1491061673
-5049440723233916422,991566,1491061636
-5762955178097422304,991566,1491061670
-5749061452809113289,992526,1491061673
-6998936457010136190,991348,1491061689
2339917978762893790,988041,1491061641
-5305156482899978569,992479,1491061667
-5237930638835441338,992479,1491061645
-6916859965398557343,345163,1491061641
-3570941179357810751,992666,1491061687
2352179704845269476,992666,1491061693
-1779296192191280678,992666,1491061667
-8759231813817584656,992666,1491061661
-3912486289049066489,992666,1491061691
-3476930593478584074,992666,1491061634
-9187465181323351251,992666,1491061641
1711204749594361463,992666,1491061682
5947202668567790946,992666,1491061673
2563715458151922620,992666,1491061667
2303483722718721302,992666,1491061649
4938031043541883806,992666,1491061673
7190798479847810401,992666,1491061650
-7303287648540014454,992666,1491061657
1314527411198416517,992666,1491061685
1570973170851912369,992666,1491061639
-3807694439278065531,992666,1491061690
7725891953051142051,992666,1491061663
2266300244147455768,992666,1491061651
780602822111381531,992666,1491061660
87219846489011945,992666,1491061678
4751107111001406014,992666,1491061672
-1621373884775617699,992666,1491061646
-619690952968637532,992666,1491061688
3624321496175916228,991397,1491061650
-1099622361258302437,414241,1491061684
716509664195036576,414241,1491061650
3061265682264786590,414241,1491061641
5755144606176664387,992561,1491061634
4264024341254611530,991466,1491061674
-330796795394782060,992127,1491061674
7659184901509022534,992398,1491061679
1005025780982408656,992398,1491061671
-317662112466976040,992398,1491061641
1365263046490019611,992398,1491061688
-5930462933450412324,992398,1491061673
1789427802550771029,992168,1491061676
-1557751764160927597,880571,1491061674
-6745955188788873149,991870,1491061634
2953983695506359772,992312,1491061691
5538214592922687364,991844,1491061655
8758110534640775888,991722,1491061686
5047303521624434345,991662,1491061689
-2405194390612304869,991662,1491061679
-1329964426449027297,991662,1491061683
-2556675452854736400,991662,1491061649
999846643734571825,991662,1491061684
7754707591576510288,992475,1491061694
2566745681403443436,992355,1491061652
-3080182549301626594,992355,1491061689
-1719785760206920155,992355,1491061663
6279669393477423973,992355,1491061671
-2568991083098374001,991392,1491061659
-9058597801088954396,991392,1491061667
-5451234273214567517,991392,1491061638
-7640435003083045103,991392,1491061685
1984585613402474882,991392,1491061644
-689358935241411413,992656,1491061649
-1736222262107113843,992656,1491061665
-6655764401088830071,992656,1491061650
-4184976885749195660,992656,1491061675
-8059150123103468447,992656,1491061672
-5305156482899978569,992487,1491061649
3295608177371644035,991851,1491061642
-1705768781934739559,342820,1491061647
6207527051815010385,992522,1491061645
268120192220729116,992522,1491061636
-9205280991571684422,992466,1491061636
-6423274742252857682,992466,1491061656
-7405475095390526993,992650,1491061687
5273701584978183252,992650,1491061672
100011419836938974,992650,1491061647
-5952795525413055777,992650,1491061657
-5202901441960475707,992650,1491061666
-713215821259926417,992650,1491061675
-1340157983973373902,992650,1491061693
-5197536532338232083,992650,1491061689
-7154475187311216751,992650,1491061675
-7537243307014110829,992650,1491061643
1069902301083456884,992586,1491061639
8633984317233786060,992586,1491061662
-1790934981108722004,992586,1491061642
7706504413257777378,992217,1491061655
-7472065214107269474,992217,1491061679
4423409981048307549,992217,1491061670
4675426607847840289,992217,1491061651
-708514277503180476,992217,1491061681
1445460723288119966,992217,1491061678
-7207221945535796726,992217,1491061680
-759216218222999779,992217,1491061641
-779173914860589591,992217,1491061673
-4844491019218757680,992217,1491061652
898149932204861036,992217,1491061671
-7828006232596936344,992217,1491061663
-3520605873288037433,992217,1491061647
7910868507225905261,992217,1491061642
4028701076100281029,992217,1491061694
1619412008378006865,992217,1491061675
2063258611585076925,992217,1491061682
-6363070340230327313,992217,1491061654
7985359296683830321,992217,1491061683
-2315549532169494703,992217,1491061648
-6238278409670867728,992217,1491061655
-2284991647289597826,992217,1491061683
-6216365915113320325,992217,1491061666
2813456665537995267,992217,1491061681
18934630437045747,992217,1491061693
375785181620188183,992217,1491061684
6438027474977131808,992217,1491061682
4844759162981448258,992217,1491061691
-5904787952679535529,992217,1491061647
-6466206603355548994,992217,1491061660
-7810313407730292014,992217,1491061677
8165226000338067783,992217,1491061663
-2831261991677122758,992677,1491061690
173202951186900593,992677,1491061635
8756802496550993550,992677,1491061681
-8913952550412355156,992677,1491061649
-4777459543181907207,992677,1491061666
-2074306977700236754,992677,1491061650
-8791362880872956691,992677,1491061677
4285620191465496745,992677,1491061689
-3700048173065926211,992677,1491061680
-5215177705322656696,992677,1491061636
-7010326296423870546,992677,1491061691
7325800699226100342,992677,1491061695
1103075069700689051,992677,1491061684
-1717236690156328273,991778,1491061645
7474955446689044232,991778,1491061658
1078719773415477126,992534,1491061660
6015373104892116571,992534,1491061690
-1351032176731867343,992534,1491061688
-8804420949851977753,989370,1491061663
8465592641409813529,991829,1491061649
-2922399360931064026,105046,1491061678
7881398678596716016,992681,1491061670
-4858514846155342745,992681,1491061694
268120192220729116,992681,1491061694
781353513434400611,992681,1491061646
-1817203202860493770,992103,1491061691
-7513091241771652020,992709,1491061661
87219846489011945,992709,1491061678
2303483722718721302,992709,1491061636
-4596745493923968383,992709,1491061671
2563715458151922620,992709,1491061652
-3193356649641456934,992709,1491061664
8782404529472284025,992709,1491061673
7190798479847810401,992709,1491061640
-2871164876214949519,992709,1491061674
-3807694439278065531,992709,1491061690
-1621373884775617699,992709,1491061646
1241014622764677220,992709,1491061661
-6082944597832702423,992709,1491061665
2285652832336839598,992709,1491061673
8565843519741299002,992709,1491061665
5793624762002838994,992709,1491061689
-1520414070678883687,992709,1491061662
-4217366266911544332,992709,1491061671
-6010338186216894655,992709,1491061689
2796224958582911233,992709,1491061643
-5002539478515151151,992709,1491061660
572292811929793329,992709,1491061676
1757330385318175788,992709,1491061658
-4193419995473326122,988179,1491061671
829212725380338941,988179,1491061643
7728339916887647451,992612,1491061687
-3214910519692021005,992612,1491061679
3971869092984166185,992612,1491061682
-8637065259601536983,992612,1491061668
-988403785919032526,992612,1491061682
4160909778529048290,992612,1491061690
-1411135458801743207,992612,1491061691
5256759489643423701,991988,1491061682
-164589930464641770,970418,1491061691
8967825985407249706,992139,1491061647
2823488615585428766,992139,1491061648
-8224832636982582322,992139,1491061678
8165226000338067783,992139,1491061663
-6466206603355548994,992139,1491061660
18934630437045747,992139,1491061693
-2592184143197081261,992139,1491061641
4028701076100281029,992139,1491061688
-3520605873288037433,992139,1491061638
2063258611585076925,992139,1491061655
683223610007851588,992139,1491061641
7985359296683830321,992139,1491061660
-5451234273214567517,992139,1491061644
1782506862259472005,992139,1491061642
2775541038646871579,992139,1491061679
2381503806737127117,992139,1491061686
627625908875962011,992139,1491061692
-3193356649641456934,989035,1491061686
-435711467580868576,339171,1491061691
-2309475359611795299,988454,1491061689
5132219086757991081,988454,1491061675
-3232434155989824366,988454,1491061645
7959027955730908959,988454,1491061693
5256759489643423701,988454,1491061681
-5808390362881753252,988454,1491061662
-9213324578276134477,988454,1491061657
7853663898503282854,991934,1491061642
-5111746064521192019,991934,1491061685
-8278384235795225514,991934,1491061682
-7618531838573343265,986756,1491061656
-191264227568138288,990376,1491061664
-8685069100161323423,991724,1491061672
-8775889129215954142,983775,1491061663
7190798479847810401,992703,1491061670
2303483722718721302,992703,1491061664
-4596745493923968383,992703,1491061681
-8715641078857842924,976329,1491061664
-3854411983676860414,992578,1491061661
-4371345765804071888,992359,1491061653
-71324979258038856,992359,1491061674
-6942164325969463957,992359,1491061669
711881702818976163,992359,1491061646
-2887612840252620054,985017,1491061684
-5697753092368255894,992570,1491061637
-342243033753853960,992570,1491061651
-5373622592897400413,992570,1491061685
5202703350776003943,992570,1491061639
2933636204644680902,990070,1491061683
2176590327498989320,990070,1491061693
4806819559467730168,981688,1491061691
5521474563975952654,992657,1491061674
6085790421099892374,992657,1491061669
5112421838672824751,992657,1491061688
4806819559467730168,981776,1491061687
-5460624533059354670,992661,1491061661
6322837551043208031,992661,1491061695
-5215177705322656696,992661,1491061693
-8090121887895289113,992227,1491061689
-6884956337974901076,990041,1491061690
4975981309005616342,895706,1491061678
4953758632406851278,991708,1491061682
4900506661885297261,992605,1491061649
-8688707288703927903,992116,1491061650
-6605787366529816382,990383,1491061670
-7154475187311216751,992653,1491061667
-8573576834717870389,992653,1491061689
-4140218296487926414,992653,1491061658
-8787762364863020183,992653,1491061637
7328637253771395565,992653,1491061688
-5661280424795087919,992653,1491061687
9144875183931347297,992653,1491061678
2381503806737127117,992653,1491061656
3975500749272551172,992653,1491061661
-8248494900582525020,992653,1491061682
-713215821259926417,992653,1491061652
-8547948189692603848,992653,1491061690
-1340157983973373902,992653,1491061688
6085790421099892374,992653,1491061683
-4812692452832169747,992653,1491061693
-648059536525433792,992653,1491061688
3889564482880812775,992653,1491061681
-7005299990453532216,992653,1491061644
-1816207817497757232,992653,1491061644
5521474563975952654,992653,1491061676
-6096688831996098918,992653,1491061655
2384673252555932075,992653,1491061673
-473161850572211526,992653,1491061650
-6916467829304576571,992653,1491061669
-2166608333173342758,992653,1491061644
-6205776325617106121,992653,1491061659
251000581649019713,909090,1491061669
3924071141602893319,990812,1491061675
1031809128867279554,992688,1491061636
6053240288630286119,992688,1491061643
-5221722314572886059,991216,1491061639
-245999837914815507,992237,1491061668
8228659621836651264,986176,1491061684
5199393003691402124,991395,1491061693
-8008292885272199615,991395,1491061681
-7608211497662730578,991395,1491061661
3633572487712115618,992050,1491061674
7399676271715526800,992050,1491061649
6077045420900890527,992374,1491061645
-2875381210943897869,986304,1491061693
6053240288630286119,992700,1491061643
7190798479847810401,992700,1491061683
6421155745917598248,991989,1491061690
6757490961592132902,992346,1491061690
1568245704685109777,992720,1491061662
-2187946063607016161,992720,1491061643
-5650148286970448336,992720,1491061691
-5078867359589444778,992720,1491061638
5020529590406935132,992720,1491061658
9002879833944057257,992720,1491061683
-5679847256339292484,992720,1491061658
5824875356990247654,992720,1491061693
5480903347134183268,992720,1491061689
4396267255394047204,992720,1491061646
4963031569559645011,992720,1491061684
-1002514464094345374,992720,1491061665
-8030998500377892405,992460,1491061679
-5667362093084788190,992460,1491061638
4031813058527145489,992460,1491061675
-6423274742252857682,992460,1491061672
4365892213792316846,992467,1491061653
-4287918272114617825,992467,1491061678
6503434986514838863,879891,1491061692
-298817860549696243,992062,1491061654
-7709247137078822495,992712,1491061638
-1306314750059578914,992712,1491061649
-5386153978384241591,992712,1491061665
-5381001094025144820,992712,1491061677
9207606239977111007,992712,1491061691
-1331312541837063871,992712,1491061690
7758489181303286363,992712,1491061658
-1353600758374682492,992712,1491061673
2311205522026433260,992712,1491061670
-5831411018361635744,992712,1491061678
4675080331019465491,992712,1491061647
1182232246423944748,992712,1491061686
-6593865523390938340,992712,1491061680
-603239864516434214,992712,1491061649
-1795756454296527064,937018,1491061662
-4966292344316313743,990907,1491061636
-6930523258149489431,992602,1491061681
-5828730030473897946,992602,1491061636
7417264832119384207,992602,1491061689
-2002250894006578294,992602,1491061681
-3664033457142114196,992602,1491061666
6503434986514838863,879761,1491061686
8096385034290639931,990301,1491061670
-9190648813577840664,990301,1491061638
5353946918750489955,990851,1491061667
-8775889129215954142,983548,1491061663
1348665042203507541,992080,1491061646
1356428780183325814,992674,1491061636
2817389170225157472,992674,1491061687
-2281381051328850984,992674,1491061690
3164367658014134955,992674,1491061658
-4344899381364311832,992674,1491061694
-1028543837749782848,992674,1491061690
2288771252218415423,992674,1491061680
4269881354906051848,992674,1491061636
-3173578130988635479,992674,1491061669
-9219633115704604621,992674,1491061690
-5215177705322656696,992674,1491061660
3462406830230752657,992674,1491061674
-7650459727448557508,992674,1491061693
-5893667787357176080,992674,1491061666
7032806239794414334,992674,1491061669
8818524800562571314,992674,1491061648
6257274905617141428,992674,1491061690
2953983695506359772,992368,1491061665
2450053091436019215,992088,1491061657
-7256415857844694086,992088,1491061692
-2482991026087086314,992088,1491061654
487127970657880461,992088,1491061677
-8973954902581446160,992088,1491061694
6573697372899917000,992088,1491061682
-2750987946974173400,992088,1491061672
-7258382581160748598,992598,1491061636
-5054064798072865554,992598,1491061637
-3018790408777033607,992598,1491061669
936226526654883570,992598,1491061637
2474282605820822511,992598,1491061652
-1817203202860493770,992104,1491061666
2615758910456880096,992239,1491061640
1567807061911212053,992239,1491061670
4904519628676805181,992506,1491061674
5936891027347397388,992330,1491061647
1551615396393117863,990141,1491061659
6207527051815010385,992695,1491061639
1031809128867279554,992695,1491061646
-5305156482899978569,992469,1491061687
-2741047252289312076,992557,1491061673
6748727182617317299,989385,1491061676
-6686841671232446216,989385,1491061684
-9058597801088954396,990369,1491061642
-4115053457790821248,990369,1491061669
-168806080597658649,990369,1491061664
-6584357553467325192,990369,1491061686
1619412008378006865,990369,1491061671
18934630437045747,990369,1491061683
1984585613402474882,990369,1491061639
-7775786462312500764,990369,1491061690
-9046312683830239948,990369,1491061683
-7640435003083045103,990369,1491061671
995595136584975365,990369,1491061659
5811235607996977967,990369,1491061649
6798851381724824006,990369,1491061689
6595393217114337957,990369,1491061675
5490549824843852323,990369,1491061665
-5275788394489123450,990369,1491061673
3973443389927332719,990369,1491061671
4541729804966542567,990369,1491061669
-7745541699313161121,990369,1491061659
-6175668393697997474,990369,1491061638
1539475071366566484,990369,1491061644
-1413082576014560171,990369,1491061673
7190798479847810401,992705,1491061673
5006920482358171311,992705,1491061642
-5966263259505434397,992705,1491061663
-2187946063607016161,992705,1491061643
7942471031565702975,992159,1491061677
-628847786355805050,992159,1491061657
2466472189749319927,992241,1491061649
4944175182683613135,992076,1491061682
6779913132215764786,992682,1491061691
-3872616825898317092,992682,1491061656
781353513434400611,992682,1491061641
268120192220729116,992682,1491061683
-2313833503975679541,992682,1491061684
7591188347819658666,992682,1491061690
-7134370631359639165,992587,1491061651
1069902301083456884,992587,1491061646
8633984317233786060,992587,1491061662
-1769721806054958719,898047,1491061657
1608340440928216119,343846,1491061680
-6769211679081133207,992692,1491061648
2915902355814638000,992692,1491061675
7280301314332602568,992692,1491061670
268120192220729116,992692,1491061637
8622145818479185072,992692,1491061649
322640378553195633,992692,1491061645
3418149672180480364,992692,1491061690
-4538755554223425686,976008,1491061643
394047259968276590,991826,1491061690
-8483280988317095189,991826,1491061639
-7093211208126281678,991826,1491061692
2975854680472826140,947246,1491061639
-7804721136587868153,982255,1491061669
-5704108386284848264,991694,1491061674
3895302266881256070,989630,1491061679
7263679474228505995,992625,1491061646
-6073905535366095807,992568,1491061682
2372563546352241394,992568,1491061692
3239066913992500546,992568,1491061681
-5697753092368255894,992568,1491061650
2766352892459145401,992565,1491061650
1069902301083456884,992583,1491061665
8465592641409813529,990954,1491061648
-164589930464641770,881300,1491061691
1934352508032392782,992310,1491061694
467097935830097259,992310,1491061642
-659306863096770226,992310,1491061662
-3227823850989757505,992310,1491061674
1734940186664816180,992310,1491061671
-6971999834336266973,992310,1491061671
-1898158193332866003,992053,1491061672
2339917978762893790,988028,1491061661
2621679327969369336,981202,1491061634
2896032515249053971,992609,1491061674
-7303576051763564933,992609,1491061656
4003310056975734200,992609,1491061639
-446850126101304367,992609,1491061638
5360577243752008656,992609,1491061651
1528547925350470718,992609,1491061642
1445639822775966390,992609,1491061688
-226948709535318974,992609,1491061641
-4895396664647551803,992609,1491061683
4628407835920887423,992609,1491061689
3439881966628140539,992609,1491061684
-5365615853247172616,992609,1491061649
2013760249182825810,992383,1491061647
2372563546352241394,992566,1491061692
-6073905535366095807,992566,1491061679
3239066913992500546,992566,1491061681
-5697753092368255894,992566,1491061650
7629128197340370882,992566,1491061695
3910409750200061924,992566,1491061660
-640423455656710003,992566,1491061681
4071968389912760998,875101,1491061651
5131063095006842834,992278,1491061675
-4544841796667434839,989184,1491061638
-740768496028765003,989184,1491061669
-2600471261783343737,992497,1491061672
6873025144229182784,992505,1491061646
7591188347819658666,992684,1491061690
1056126589811776547,992684,1491061684
-8710867652384700081,992684,1491061678
268120192220729116,992684,1491061667
-2313833503975679541,992684,1491061684
-5284585162755368141,992684,1491061641
4975981309005616342,992684,1491061650
-8133549678604715406,992684,1491061669
-7608211497662730578,992684,1491061672
2915902355814638000,992684,1491061675
-6450923141152158681,992684,1491061672
-1907578667301187415,992684,1491061679
7972730596538275467,992684,1491061681
-3918731675351535810,992684,1491061658
-5089978617978722898,902485,1491061666
5580260209164496909,929008,1491061661
-9106822971282840056,992659,1491061670
-5460624533059354670,992659,1491061673
3428479281202024116,992659,1491061644
8875232353674243105,992659,1491061686
7275235135837283591,990186,1491061672
-6063573972034300635,989836,1491061693
-5305156482899978569,992458,1491061679
3153018650139176582,984703,1491061672
6171205400831228674,951001,1491061662
6765980625863145389,992626,1491061636
-1244378890195468659,992626,1491061640
8964235803127393597,992626,1491061676
-7652746543158386678,992626,1491061686
-5527013163989633907,992626,1491061645
8405963445597148886,992626,1491061651
7263679474228505995,992626,1491061651
-8983842209284554912,992626,1491061689
-3554218229031904321,992626,1491061689
-9099261669927714910,992626,1491061686
1725410049493479790,992626,1491061672
-5111746064521192019,992626,1491061682
3889564482880812775,992626,1491061677
8730457383184794842,992626,1491061672
603209681316700741,992626,1491061663
1102847365178988836,992626,1491061673
1935044124116032599,992626,1491061681
-5994457964284790476,992626,1491061684
-5828730030473897946,992630,1491061671
8688086974157304335,992630,1491061653
7417264832119384207,992630,1491061694
-6930523258149489431,992630,1491061685
-73076413603523605,991479,1491061647
4944175182683613135,992065,1491061689
6421155745917598248,992256,1491061648
-3482727735861414113,992256,1491061639
7942471031565702975,992157,1491061688
-628847786355805050,992157,1491061657
3508949474281405899,986912,1491061650
355951850542507673,991613,1491061666
-3251262492602764449,992073,1491061649
8009489189122451487,992073,1491061664
7474955446689044232,992073,1491061674
-8153872102357508574,992182,1491061653
-7977408222887339039,990458,1491061688
4975981309005616342,990037,1491061643
7754707591576510288,992480,1491061678
1444474704792965443,992480,1491061674
-6853445199232283055,992571,1491061675
-5373622592897400413,992571,1491061685
-342243033753853960,992571,1491061650
3417749126765136018,992571,1491061636
6045209688885634144,992571,1491061693
5202703350776003943,992571,1491061639
2504259335017428889,992571,1491061662
-3401790510223671859,968892,1491061677
-7008719540347658763,968892,1491061669
-493985140692503209,968892,1491061665
7686256471005770383,968892,1491061693
-8759231813817584656,968892,1491061666
7607413061789851156,968892,1491061677
-9099261669927714910,968892,1491061636
8405800279332586851,968892,1491061682
9081478506084156036,968892,1491061682
8731649388278219648,968892,1491061657
-5821405629816765569,992292,1491061654
-5971218192432535971,992178,1491061684
4764849963582195215,992247,1491061643
4806819559467730168,981770,1491061682
-2741047252289312076,992559,1491061689
-4255788478165760419,992559,1491061676
1031809128867279554,992696,1491061642
-4437442505471546980,992696,1491061640
9122104598531203656,988182,1491061673
-5747278030843044189,424993,1491061679
3970788452131827440,992679,1491061643
7913238216448590992,992679,1491061641
-7175608899522088005,992679,1491061650
-6799949851252893489,992679,1491061686
1267501824366933606,992679,1491061647
-8798401409044443607,992679,1491061639
-5598702275459068660,992679,1491061682
-605996381473866300,992679,1491061679
8003264313768343958,990974,1491061675
-4309562355885624935,991670,1491061651
6014458055781885614,992394,1491061660
3929922644153329442,992394,1491061691
-9099286854950700601,992595,1491061688
5812836095338407564,992595,1491061689
6896815772062004141,992595,1491061676
-5812799442807384806,992595,1491061650
-5054064798072865554,992595,1491061672
-8731175554534623558,992595,1491061648
8835376225175225135,992595,1491061673
-6722804089013390631,992620,1491061694
-6059019863844321447,992620,1491061691
3964396621698611371,992620,1491061681
2102803883483846756,992620,1491061683
4160909778529048290,992620,1491061663
-3214910519692021005,992620,1491061645
9116051455549102796,992620,1491061636
-8292366121990162229,992620,1491061655
-73076413603523605,991523,1491061647
-7241127929339123859,992215,1491061659
-8170511096044235700,992315,1491061681
-797696034314469160,992315,1491061677
-4887943859448044467,992726,1491061658
6558934563998189259,992726,1491061681
5936891027347397388,992303,1491061668
2953983695506359772,992379,1491061638
-5828730030473897946,992635,1491061644
7417264832119384207,992635,1491061694
-6930523258149489431,992635,1491061685
9099845232636261835,992635,1491061672
-1817203202860493770,992107,1491061677
-8694476712910503798,992364,1491061668
-2478075393672336594,974667,1491061649
3796556668838231605,913642,1491061690
4417364183873253860,992641,1491061673
-6823832286057446751,992641,1491061686
7417264832119384207,992641,1491061648
-8448440092391811624,992641,1491061695
-6954291999438146525,992641,1491061673
7474955446689044232,991860,1491061670
9122104598531203656,988125,1491061649
-3360280825552714998,991598,1491061664
6896815772062004141,992593,1491061676
-9099286854950700601,992593,1491061688
-5812799442807384806,992593,1491061650
-9044590277263314824,992510,1491061642
-8626199829088785871,992510,1491061659
-8300102277713783118,992510,1491061686
2142412995835417294,992510,1491061695
-5237930638835441338,992481,1491061641
-5305156482899978569,992481,1491061658
4587622523667111056,992255,1491061650
7716673353139527610,992391,1491061683
-4371345765804071888,992391,1491061692
-5004987531470469543,992608,1491061634
5156358547107195309,992608,1491061677
-3214910519692021005,992608,1491061695
122755963474196930,992608,1491061658
-4127834857101535861,343089,1491061638
7398528220425959599,992704,1491061660
-4989196294125265037,992704,1491061638
-5996381669782782907,992704,1491061691
-298817860549696243,975858,1491061684
-789749281125599330,991342,1491061686
4132527613396039258,422113,1491061637
6497089536298950085,992638,1491061642
-8448440092391811624,992638,1491061669
7417264832119384207,992638,1491061636
-6954291999438146525,992638,1491061656
-6823832286057446751,992638,1491061668
-4556678230709981845,992638,1491061662
3745882375923449927,992638,1491061661
3866186200769877107,92691,1491061651
-371353001058969032,992592,1491061667
-4107155551339257682,342840,1491061659
-5749514206217648082,992717,1491061643
-4650460628300993429,992717,1491061671
2840374007949682425,992717,1491061670
2599943502725030450,992717,1491061673
1568245704685109777,992717,1491061671
8486183253468317496,992164,1491061669
-988403785919032526,992614,1491061672
7728339916887647451,992614,1491061654
-8637065259601536983,992614,1491061655
3971869092984166185,992614,1491061661
-1411135458801743207,992614,1491061635
4160909778529048290,992614,1491061681
-3214910519692021005,992614,1491061650
-6059019863844321447,992614,1491061692
-6722804089013390631,992614,1491061694
2102803883483846756,992614,1491061683
3964396621698611371,992614,1491061681
120458736215141845,988687,1491061659
-5305156482899978569,992477,1491061683
1324704317808986159,930323,1491061654
-6990501095213925943,992194,1491061661
-7400249545362045853,992194,1491061676
-8626199829088785871,992498,1491061695
5923924803536416127,992298,1491061669
7723616772053070322,992298,1491061673
5672219171550518321,992298,1491061639
-7021553753740651239,992298,1491061671
4631052316776044308,992701,1491061677
-4260842787313049112,992701,1491061655
3175996518141063505,992701,1491061672
-3605304071747611301,992701,1491061683
-3136189834419950074,992701,1491061650
-7001294620956989918,992701,1491061688
-5468271977586567302,992701,1491061688
9195079976634671252,992701,1491061680
6167255029989399703,992701,1491061648
4089700419456698657,992701,1491061673
-681220051990920962,992701,1491061669
-4205001852387058643,992701,1491061684
-1795312302012579207,992701,1491061642
-541839834879532335,992701,1491061685
-2779629989750462970,992701,1491061665
3182926131245427136,992701,1491061675
8618183711230341527,992701,1491061679
-5996381669782782907,992701,1491061691
-1215651224119425719,992701,1491061689
-4989196294125265037,992701,1491061677
5761780198333005516,992701,1491061667
-2253689696746034929,992701,1491061681
-771211222906724151,992701,1491061636
-5738499162416035155,992701,1491061651
-2675811740890711583,992701,1491061662
-6087704658110265933,992558,1491061634
-2741047252289312076,992558,1491061654
1030664663783221229,992558,1491061639
6765980625863145389,992558,1491061672
-9082564639838089563,991375,1491061672
7365548761005693221,992218,1491061680
7564322818970500827,991315,1491061645
-484747664940259391,992591,1491061658
4904519628676805181,992591,1491061659
4944175182683613135,992123,1491061640
9005038949785604599,990773,1491061687
-5667362093084788190,992459,1491061655
8486183253468317496,992162,1491061692
-8688707288703927903,992114,1491061650
-3015380836241922153,990487,1491061644
5204305408650839724,990487,1491061670
-8973954902581446160,990487,1491061685
6003110038514708960,990487,1491061664
458745765196737108,990487,1491061642
1115816070519430370,992321,1491061674
-1710502887688010916,992321,1491061651
-541839834879532335,992321,1491061671
-6205984524552505480,992321,1491061652
-8029421338158598431,992321,1491061667
-2615745867466686979,992321,1491061675
8862272378792230646,992321,1491061674
6279669393477423973,992321,1491061654
-3778277723297515207,992321,1491061659
-544584843190724468,992321,1491061639
-1719785760206920155,992321,1491061691
3898941723824541088,992321,1491061670
-6238278409670867728,992321,1491061687
7964373048651140122,992321,1491061687
8250032511703740512,992321,1491061667
8661999866079688537,992321,1491061672
-9018951888722388314,992321,1491061694
-34840030904682087,992321,1491061658
7909752648020629098,992687,1491061643
-880623935141592369,992687,1491061670
4239455833133858202,992687,1491061671
6864533836780647248,992687,1491061663
3220997217780760623,992687,1491061645
953356900146836078,992687,1491061648
-6984746136596260517,992687,1491061693
-8426284615106781133,992687,1491061645
-1838146922790572356,992687,1491061638
-2304856212938755699,992687,1491061667
-5749061452809113289,992529,1491061666
4944175182683613135,992069,1491061689
-6557999768396639311,992606,1491061669
-226948709535318974,992606,1491061686
-2983086162401555580,992606,1491061686
2040059342047673983,992606,1491061673
-6034499067862707341,992606,1491061647
-7303576051763564933,992606,1491061669
3649731011353146880,992606,1491061679
349050276501846021,992606,1491061686
641572853506760277,992606,1491061636
4904519628676805181,992545,1491061674
8154459610367528243,992545,1491061685
-4239948872582405460,339810,1491061678
4458616048185714833,992690,1491061653
3796556668838231605,913638,1491061692
-458369601688098936,988394,1491061681
-32047511803830253,988923,1491061691
6864682510019208037,983257,1491061692
-6423274742252857682,992463,1491061672
-1181661899094188619,991615,1491061658
3924071141602893319,988548,1491061675
3073430255402658865,988548,1491061647
-6883119544204128156,985436,1491061670
8633984317233786060,992589,1491061649
-7040116870850527891,992589,1491061644
7541028145234956033,992589,1491061664
-8638602004333521092,992200,1491061661
4356564858445825427,992200,1491061638
-4997454919560594444,992200,1491061669
-2469262654159489226,992200,1491061696
-1175102352499127626,992200,1491061674
2656642168887189489,992200,1491061666
-3590890002990415905,992200,1491061669
-6329981207686374760,992664,1491061645
-5215177705322656696,992664,1491061689
6060160107197072289,992664,1491061639
4504153336588500507,992664,1491061657
4507094603351550367,992652,1491061677
-5202901441960475707,992652,1491061646
-8759231813817584656,992652,1491061687
-713215821259926417,992652,1491061662
-7154475187311216751,992652,1491061675
-1340157983973373902,992652,1491061693
9144875183931347297,992652,1491061680
6085790421099892374,992652,1491061685
-8248494900582525020,992652,1491061684
2863527807477833209,992652,1491061634
-8573576834717870389,992652,1491061689
1935044124116032599,992652,1491061643
3975500749272551172,992652,1491061661
-3141684197086105772,992066,1491061646
-3257670199515449782,992066,1491061690
-6572570648011066345,992667,1491061691
-8798993035230732813,992667,1491061639
4504841932101511628,992667,1491061642
6605530287979112880,992667,1491061638
7604243335119017566,992667,1491061658
2211377069278367531,992667,1491061641
2488791811012144796,992667,1491061679
7542007974726111607,992667,1491061668
2312161471690661174,992667,1491061658
-142071975161110422,992667,1491061692
-5915448975731445328,992667,1491061656
6650075107142305370,992667,1491061678
-6858983964625342349,992667,1491061676
-3230071748298015625,992667,1491061678
3396314766581371140,992667,1491061680
1219549791733914074,992667,1491061639
5343437126817063778,992667,1491061681
2026501738817971928,992667,1491061685
1462341681142221760,992667,1491061662
2728750154569274326,992667,1491061642
-5887424933798901736,992667,1491061651
5140608862934857019,992667,1491061647
4417634393608352456,992667,1491061679
7083133723902177389,992667,1491061667
-774789464934111089,992667,1491061675
3439881966628140539,992667,1491061637
4628407835920887423,992667,1491061649
1033309966017861725,992667,1491061690
-1781940440934601892,992667,1491061690
8455899415863441689,992667,1491061693
4080706413068034894,992667,1491061674
-7964502796258261000,992667,1491061649
3933233553799885642,992667,1491061640
4482438589101441184,992667,1491061654
-4488960620367034889,992667,1491061675
8796693823503936530,992667,1491061677
-7654503082019385140,992667,1491061693
2011280389792228439,992667,1491061638
7775700393280507412,992667,1491061677
-7565991008109333744,992667,1491061687
-3227823850989757505,992667,1491061645
-1612487092897974260,992667,1491061693
7780977321616867897,992667,1491061653
1925402188373275803,992667,1491061654
9079702804148749683,992667,1491061683
1051632834862205487,992667,1491061659
-8318542946589837017,992667,1491061647
-5504486799208553295,992667,1491061660
-7966530292524301769,992667,1491061639
-3888206869990487547,992667,1491061644
8072137801179577169,992667,1491061670
322601843844686357,992667,1491061662
-297649779587935752,992667,1491061688
-2327242775500505709,992667,1491061662
-8020794129779071887,992667,1491061636
-7692444893986104688,992667,1491061681
3780515845777066521,992667,1491061663
-8581008419465249093,992667,1491061649
597302228886509898,992667,1491061661
4629101307524557951,992667,1491061683
7824848580613140319,992667,1491061663
-8607296453286639495,992667,1491061676
1321020245573250945,992667,1491061651
-1806782193583536900,992667,1491061675
-8119008836685583665,992667,1491061635
3299346158016450136,992667,1491061691
227460472399431094,992667,1491061643
3604385348299532389,992667,1491061662
-447719169764839441,992667,1491061689
-6971999834336266973,992667,1491061658
-2626091765632415844,992667,1491061641
-2127333726729370,992667,1491061693
3180147386326763895,992667,1491061692
-5000824677551209851,992667,1491061681
6455887514980288015,992667,1491061660
-8798401409044443607,992667,1491061669
5008885890184317095,992667,1491061685
925110535274506629,992667,1491061637
-3718748843320908287,992667,1491061678
1189520005818022680,992667,1491061695
855755594216459772,992667,1491061654
5778060556919468178,992667,1491061644
7875229594933321937,992667,1491061692
-5432153674284431255,992667,1491061651
6421258895057347643,992667,1491061680
-3357220911158358274,992667,1491061681
-4027945768898227952,992667,1491061659
-2148548148568537830,992667,1491061693
-7640888332259896810,992667,1491061685
1267520650811905221,992667,1491061681
77584833267709487,992667,1491061652
1572658529795383702,992667,1491061662
-2401410692998547819,992667,1491061638
-7217008347227445926,992667,1491061639
-5896927573227036345,992667,1491061640
-2672090360722887549,992667,1491061685
7419701308372923950,992667,1491061673
4085144898114269788,992667,1491061673
-3289801645898630519,992667,1491061649
748746823809175879,992667,1491061654
-1677188986479485897,992667,1491061636
6743041317625930140,992667,1491061636
2395976711222750157,992667,1491061687
-898793881717281531,992667,1491061680
-6750845325015974102,992667,1491061640
-8640184690338724706,992667,1491061654
-6955699793715028247,992667,1491061656
-6074254342354172424,992667,1491061682
-3814143707513442383,992667,1491061681
-3962972633434251587,992667,1491061680
4109784260502691363,992667,1491061658
6228589572195180042,992667,1491061676
7327021393855605214,992667,1491061695
2399656721839343322,992667,1491061661
6579889234460006403,992667,1491061677
-6585622499628066268,992667,1491061662
4880625328193835952,992667,1491061652
4357411572447617936,992667,1491061687
4674603225922461876,992667,1491061691
625179866217893308,992667,1491061654
4367171531451820384,992667,1491061671
-8005923913519560554,992667,1491061658
7997365327527041608,992667,1491061679
712463894637913412,992667,1491061677
2535079866251210539,992667,1491061638
-767847530148489831,992667,1491061667
7726637650476196046,992667,1491061669
-7607972360099606362,992667,1491061636
-8373916788413067422,992667,1491061670
6147390041244283168,992667,1491061638
-3260123206282884402,992667,1491061674
4062067809845868148,992667,1491061645
-1952659132270109318,992667,1491061679
2379233780538667048,992667,1491061681
-2087769591465226590,992667,1491061650
-2650916852847605287,992667,1491061635
4814030563999737102,992667,1491061682
3699308643948343988,992667,1491061669
-4079266586234575832,992667,1491061663
-2036338907041504087,992667,1491061680
5638973559392823045,992667,1491061692
3636061769853290266,992667,1491061657
5058127210864212590,992667,1491061674
3337431336127555682,992667,1491061691
3508949474281405899,986913,1491061682
4031813058527145489,992444,1491061671
2149697745090857614,991935,1491061637
-5661220024603365868,991935,1491061670
-1205981842108582661,991935,1491061672
1216225293032379889,991935,1491061647
8768369699020876425,991935,1491061655
-1550546149794009130,991935,1491061686
2339917978762893790,987016,1491061680
-6063573972034300635,989840,1491061693
-435711467580868576,339315,1491061644
838112773080750269,992723,1491061652
-5996381669782782907,992723,1491061685
-2220831445050680226,992723,1491061667
6898536153040174482,992723,1491061645
8680938083561937620,992723,1491061696
1364761046808481275,992723,1491061685
-6664384203451845991,992723,1491061691
2194133072280275543,992723,1491061679
8662477907232543736,987418,1491061634
-1042871174723054925,992658,1491061651
5112421838672824751,992658,1491061644
-5460624533059354670,992658,1491061686
4435433890511090217,992658,1491061688
-9200132223581603354,992658,1491061686
3428479281202024116,992658,1491061644
-5394445681153890707,992658,1491061637
1404312121377648329,988895,1491061666
8772693587050683610,988895,1491061636
2063258611585076925,988895,1491061660
8558737493815034271,988895,1491061689
-6238278409670867728,988895,1491061640
-6785307457078448550,988895,1491061695
-635947620052455309,988895,1491061638
1539475071366566484,988895,1491061641
7311914870555174041,988895,1491061693
-2006757078650382399,991568,1491061640
8772693587050683610,991568,1491061660
3533173183096707865,991568,1491061685
8489571076062261856,991568,1491061662
2063258611585076925,991568,1491061637
-5711200891320107088,991568,1491061643
8771435069904382731,933944,1491061656
6279669393477423973,990837,1491061693
1069902301083456884,992579,1491061687
8874087976949727973,992579,1491061677
2658885424069643526,992077,1491061693
-1993307668883032260,990486,1491061672
-6930523258149489431,992645,1491061643
-2002250894006578294,992645,1491061652
7417264832119384207,992645,1491061678
-3396519205660999848,988455,1491061637
1226533635178945079,137093,1491061665
1226533635178945079,137092,1491061665
-2647973614008001752,992665,1491061673
-1028935024845746310,992665,1491061691
-4877166245626753522,992665,1491061656
2513172034468588149,992665,1491061665
-6238278409670867728,992665,1491061662
1003138358948448236,992665,1491061672
6158732648502185104,992665,1491061683
-228148785034669437,992665,1491061656
-4175468866746597485,992665,1491061665
7872121097263026393,969831,1491061689
780602822111381531,981240,1491061684
6912339076247190927,990250,1491061692
3745882375923449927,992651,1491061661
-6823832286057446751,992651,1491061655
-4556678230709981845,992651,1491061662
-6954291999438146525,992651,1491061635
100011419836938974,992651,1491061647
5273701584978183252,992651,1491061672
-5202901441960475707,992651,1491061666
-713215821259926417,992651,1491061675
-1484541467728414060,343233,1491061682
6421155745917598248,992105,1491061690
-5289879743646288369,990969,1491061651
7359227132576731814,992145,1491061654
-5544876182576590150,992145,1491061658
-2466394183352396767,991567,1491061648
-5049440723233916422,991567,1491061636
-4558719643929139261,991567,1491061663
6499390333617995176,992453,1491061652
2566745681403443436,992453,1491061652
6816113691967592790,992453,1491061635
6279669393477423973,992453,1491061684
-2478075393672336594,962354,1491061667
2953983695506359772,992344,1491061691
4160909778529048290,992622,1491061652
2102803883483846756,992622,1491061668
3964396621698611371,992622,1491061662
-6059019863844321447,992622,1491061671
-3214910519692021005,992622,1491061635
-6722804089013390631,992622,1491061673
9116051455549102796,992622,1491061696
-8292366121990162229,992622,1491061655
4752671148982207203,992622,1491061678
-2252398581915185101,992622,1491061672
3727011784205062374,992532,1491061642
-8738924522600905131,992424,1491061688
349050276501846021,992424,1491061682
2040059342047673983,992424,1491061657
3649731011353146880,992424,1491061674
-2983086162401555580,992424,1491061667
-6034499067862707341,992424,1491061635
5150656345377812778,992424,1491061682
-226948709535318974,992424,1491061662
4003310056975734200,992424,1491061639
5943650005760426197,992424,1491061678
1445639822775966390,992424,1491061688
1528547925350470718,992424,1491061642
-446850126101304367,992424,1491061638
2896032515249053971,992424,1491061677
7495365893710474545,992357,1491061647
4071191062333081239,992357,1491061647
-6885458169073672325,992357,1491061659
426042776613407952,992129,1491061652
4155477824116358553,992129,1491061648
-5017494422679127338,992129,1491061672
-7046174061401931966,992129,1491061690
8175394117107680432,992129,1491061638
6192109993521881503,992129,1491061694
-7948362026457619799,992537,1491061683
-222341217207275392,992537,1491061683
-247876701623609474,992537,1491061683
1877356089800106635,992537,1491061653
-7739140845575160203,992537,1491061694
-4550293259707778816,992537,1491061678
-1512778742033392272,992537,1491061640
5260827586166144224,992537,1491061653
-7728028050181702683,992537,1491061643
9207606239977111007,992537,1491061647
7168676829119007594,992537,1491061657
4937592139704917621,992537,1491061680
-1331312541837063871,992537,1491061663
8178360879305682052,992537,1491061669
-2393682879616788867,992537,1491061688
2969085006175275049,992537,1491061693
3153018650139176582,991977,1491061672
-5271808610572187881,991977,1491061678
8758110534640775888,992294,1491061686
7985359296683830321,992294,1491061665
3608264352367120861,992265,1491061643
-797696034314469160,992265,1491061677
2149697745090857614,992265,1491061648
5936891027347397388,992265,1491061668
7064947855713986329,986167,1491061661
-3431838108242705113,988463,1491061644
-8764226258670337896,401066,1491061643
6163796610101410043,401066,1491061692
8480384790420249872,991428,1491061654
5538214592922687364,991428,1491061663
-3482727735861414113,991428,1491061690
-4368093344903908923,991428,1491061662
84020405717611835,991428,1491061688
-9082564639838089563,991353,1491061672
