5265406084422467430,992305,1491042803
-2363378882745394873,988651,1491042842
-5534738181377404870,338630,1491042825
-4022839670944444696,992353,1491042841
-1905967490108940997,992353,1491042798
1403428609150098465,992353,1491042819
-5033426548673878632,992353,1491042846
1335447280099552319,991656,1491042843
6583162738422816325,992138,1491042829
7353111833346135252,992191,1491042803
29207564309910293,992191,1491042841
-8496967476871552500,991547,1491042795
5730356497295467515,991343,1491042835
7087831764260692947,991343,1491042847
982273135717365298,910133,1491042837
1801882922600312630,910133,1491042844
8506339584273857572,992594,1491042852
-2705159909196547505,992594,1491042840
4468777222712059247,992594,1491042803
-1924518037652799248,992594,1491042813
8011043978001840813,992594,1491042846
7942214166236293063,992448,1491042830
-1551446939154558478,992448,1491042839
-52770064478338213,992452,1491042850
5993450332111789099,992072,1491042797
-903563700182093986,73678,1491042826
-3124225137984215899,962350,1491042831
-95390278695939012,972820,1491042808
-4425844462900463684,992039,1491042851
2479954435200931036,992039,1491042833
-7105707040807629755,992039,1491042836
8100750268659964515,992039,1491042819
-6199923526359052423,992039,1491042827
-3425666917470265630,992039,1491042799
-2065598440449648179,992039,1491042812
-74763080798107363,992039,1491042842
9111893715449330369,992039,1491042809
2562566530393887387,992039,1491042847
4821546255368607554,992039,1491042839
515348257313588310,992039,1491042805
-4749008958299082040,992039,1491042824
-8456075613858476931,992039,1491042810
2630014977135717831,992039,1491042800
-754315118613194154,992039,1491042846
-4507480842517605742,992039,1491042810
-715921468786949483,992039,1491042850
1515529166303804723,992039,1491042801
919560741131710137,992039,1491042847
3595986661171635793,992039,1491042812
-4305648373729164812,992039,1491042794
-89799711693858776,992039,1491042809
568988407300909429,992603,1491042836
1093939088531943755,992603,1491042837
6105328554611202444,992603,1491042834
4070305980156225909,992603,1491042841
5114678715497823974,992603,1491042818
9122165994773405075,992603,1491042797
5372786398715930670,992603,1491042839
3491205901689510703,992603,1491042814
-4598897004964873285,992603,1491042813
-6839214723496485996,992603,1491042847
-3995180035089386292,992603,1491042844
3713236930873364447,992603,1491042795
1349527958974084894,992147,1491042817
-8270141209030447328,990407,1491042829
5698013845251949926,987758,1491042820
3779843779291268089,992647,1491042819
910610340252251282,992647,1491042836
-879008820757803173,992647,1491042815
3622454529666511884,992647,1491042821
5162757771845623802,992647,1491042830
8526977061979723765,991727,1491042811
-6651587240202845758,991611,1491042834
-1111623693990255591,927849,1491042843
8603867737655660260,988973,1491042828
-2042966025378082641,992284,1491042847
-206832935676604766,992284,1491042824
1126493286113749779,992284,1491042813
8677138328055522604,992284,1491042845
-3550446637337257002,992284,1491042817
-9123284337755778836,992284,1491042818
9217226573325310242,992618,1491042807
2955048967556837849,992618,1491042839
-1563259243638039422,992618,1491042852
-313321164994224306,992618,1491042828
-8341183246730947019,992618,1491042808
3085747960476347116,992618,1491042845
-3851738531333610660,992618,1491042852
692297812329979026,992618,1491042811
-2688813017251660924,992618,1491042823
-7393907138826593273,992618,1491042823
6760929939246512516,992618,1491042803
-4028722521628207646,992618,1491042838
-2416235191563021863,992618,1491042840
-6092747772416675799,992618,1491042820
670512873426877061,992618,1491042827
-7370641495681274500,992618,1491042837
-2421511702756054920,992618,1491042812
-4112815879776945068,992618,1491042852
-5074973983752127349,992618,1491042834
-6725321171325281819,992618,1491042848
-5692098183583882926,992618,1491042838
4525571597863693081,992618,1491042820
-8922461815859867929,992618,1491042852
5875091132795932547,992618,1491042816
-2852386832094116529,992618,1491042849
-3936151474724261261,992618,1491042799
-5304068378418407406,992618,1491042848
-2264357647451189687,992618,1491042827
1530775141540105723,992618,1491042824
-5646755096631505801,343770,1491042798
-3989595562889726504,992334,1491042842
1227756364485808091,967824,1491042818
-6509483326178123101,992457,1491042848
-3274791390377784573,992457,1491042831
1715828553431798291,992457,1491042822
2994929455992438711,992032,1491042831
5942573268304434764,992642,1491042843
3512937099382036648,992642,1491042810
-879008820757803173,992642,1491042850
3779843779291268089,992642,1491042848
-4867985130923578509,992642,1491042852
-4028722521628207646,992624,1491042830
-2646214880327475952,992624,1491042832
-5221659369198519816,992624,1491042850
7346413454094201036,992624,1491042852
692297812329979026,992624,1491042800
3085747960476347116,992624,1491042809
-2917311620968644174,992624,1491042848
1530775141540105723,992624,1491042824
3248876606552317931,992624,1491042853
-7370641495681274500,992624,1491042837
-5305518983431151857,992624,1491042800
5875091132795932547,992624,1491042816
6143470081822160405,992624,1491042848
-7393907138826593273,992624,1491042815
-4112815879776945068,992624,1491042852
4525571597863693081,992624,1491042819
-2416235191563021863,992624,1491042837
-3851738531333610660,992624,1491042835
-2421511702756054920,992624,1491042812
-8922461815859867929,992624,1491042852
-2852386832094116529,992624,1491042849
1792782658872063752,992624,1491042806
-6862023878189458892,992624,1491042851
3244140875114558439,992624,1491042819
-6725321171325281819,992624,1491042848
-4714159378739621619,992624,1491042798
-8997966465309187554,992624,1491042845
-2264357647451189687,992624,1491042827
-2515640831581380388,992624,1491042845
-3358203616116356321,992624,1491042843
3945858192985087046,992624,1491042853
-5692098183583882926,992624,1491042838
-6204078193131788710,992624,1491042826
-5074973983752127349,992624,1491042834
670512873426877061,992624,1491042826
-839865768015748693,992624,1491042809
-6092747772416675799,992624,1491042817
-4798857449951300728,992624,1491042818
-47402312630661698,992624,1491042805
8538052083027976071,992624,1491042852
5630210328371103835,992624,1491042829
614821030600526204,992624,1491042836
-1324935667342613276,992624,1491042802
5101066466772865257,992624,1491042821
-2688813017251660924,992624,1491042815
7751491815986908119,992624,1491042817
-8392714311619710674,992624,1491042807
-3936151474724261261,992624,1491042799
-7058943007194346846,992624,1491042809
-2792138610232814059,992624,1491042849
4684039406749093243,992624,1491042839
2298398520982449958,992624,1491042821
8691642812929260351,992624,1491042849
-5119748553289560450,992624,1491042830
4740149930992374286,992624,1491042830
4851487249794726057,992624,1491042814
-5304068378418407406,992624,1491042848
4021420499114238,992624,1491042830
-5871934178406912313,992624,1491042812
-6618816058742057113,992624,1491042850
-3511576855380516630,992624,1491042824
-2332744142475874738,992624,1491042824
-4408590058508055808,992624,1491042814
-3434318485328625671,992624,1491042817
4041662299829107523,992624,1491042827
3512839818333840599,992624,1491042838
-3481282813481694641,992624,1491042843
7388249511789969117,992624,1491042812
994018023998879184,992624,1491042826
7743767905870575626,992624,1491042802
-967149477915409227,992624,1491042800
7247511805596890819,992624,1491042799
5210274755257322040,992624,1491042809
4599057649719813035,992624,1491042853
46046055069245095,992624,1491042842
7197624359948293400,992624,1491042796
8396932285297049377,992624,1491042801
161331269090710773,992624,1491042818
-7563602388914167580,992624,1491042803
-4437392843834651352,992624,1491042826
5886790593995024405,992624,1491042846
5016088067261686816,992624,1491042803
-3516016676653608522,992624,1491042822
-1800956247020702122,992624,1491042820
5843405774260835789,992624,1491042810
5386102030319980148,992624,1491042815
7363562089940125099,992624,1491042835
4682900097966087587,992624,1491042822
-2527090103622559088,992624,1491042834
-7789596216768906705,992624,1491042810
-1089877184809263734,992624,1491042803
5246294862161643260,992624,1491042808
8008274823522954782,992624,1491042852
-5238715104571200966,992624,1491042844
-3360294888667367971,992624,1491042809
-1534932394351314975,992624,1491042838
736253257904146942,992624,1491042845
8090466533728583708,992624,1491042813
-8439440065638071408,992624,1491042812
-1255979092564258448,992624,1491042825
-7555530626896246162,992624,1491042851
7316446260676944506,992624,1491042826
-8006138004268714978,992624,1491042813
-8876254983233167544,992624,1491042814
5797413750594824689,992624,1491042825
2577107829314822563,992624,1491042805
-7032578043964100458,992624,1491042829
-403154619153819433,992624,1491042837
6574343364526015657,992624,1491042849
-5714773963875088707,992624,1491042836
-4123430568037793008,992624,1491042832
-1254449325907924706,992624,1491042809
-3652112749311118493,992624,1491042841
-6548121014153343830,992624,1491042831
-4760815469716634711,992624,1491042821
6359017540614023769,992624,1491042823
5566414899610619148,992624,1491042836
-7003403666125856590,992624,1491042834
3936086064282702666,992624,1491042844
4629759448867771743,992624,1491042797
2357123296658428319,992624,1491042835
-3277963850258834386,992624,1491042818
-8519410675145693782,992624,1491042816
-7904439445534428488,992624,1491042825
9060743916881573991,992624,1491042841
7060005314443159035,992370,1491042824
1382750367246582480,992370,1491042805
6535498423788901658,992370,1491042831
-1785962790708409630,986921,1491042813
804409603873197367,991746,1491042830
2675814679954240667,406730,1491042822
-9104942863739350149,992322,1491042804
-8444698962262427356,992143,1491042831
-8677231823573875152,992143,1491042801
-4049702539288780079,992143,1491042808
-7794400207777017309,992143,1491042806
1331100829717239137,992633,1491042840
5471183605615357766,992410,1491042798
2479954435200931036,972127,1491042840
-397844301380661530,991641,1491042800
1397705594470233507,991641,1491042832
2232625261512454886,991545,1491042840
7327064477482104031,992221,1491042824
-7316836201182548488,992221,1491042805
-1642130889416835720,992221,1491042807
6401572267261327333,983612,1491042805
5692125604998291313,992435,1491042829
-6584496483387166669,992271,1491042818
-7208078527093386070,992271,1491042817
-6910021031396429619,992160,1491042828
3050533377936220971,992160,1491042845
-269769358858057406,992160,1491042846
-5381155051370848843,992160,1491042800
2995374722676603770,992160,1491042834
-4180180478471409999,992160,1491042851
4468777222712059247,992596,1491042813
8506339584273857572,992596,1491042852
1610979414370461126,992596,1491042850
4987165786704577764,966524,1491042839
-1658510041091402648,992345,1491042802
-1644004935339106342,992405,1491042850
2336626788333078484,992520,1491042828
8049752582324928896,992520,1491042844
8544031718209362642,992520,1491042811
-8548754779894306581,992520,1491042808
7257261702527123354,992520,1491042853
-8520862897531379368,992520,1491042841
5874475693912398013,992520,1491042822
1615022794676340932,992520,1491042831
4360561313993872138,992615,1491042817
-2267235892439164522,992615,1491042808
-6839214723496485996,992615,1491042825
-1647188386780578027,992615,1491042852
7021060976405770331,992615,1491042808
-2717310215505383836,992615,1491042798
-280593553628255247,992615,1491042850
-2346711781154772340,992615,1491042825
-7945291222573776525,992615,1491042795
1530775141540105723,992615,1491042831
8011043978001840813,992601,1491042796
2913278331729342553,992601,1491042808
-2609572407195008287,992601,1491042852
-8031834892383023162,992601,1491042826
6010204709298014420,992601,1491042822
9122165994773405075,992601,1491042851
-1924518037652799248,992601,1491042797
4283395290900256141,992601,1491042843
5900261811166991450,992601,1491042825
5114678715497823974,992601,1491042846
1610979414370461126,992601,1491042810
-7416474123374992404,992581,1491042817
819183577509589879,992581,1491042840
-182966268155360783,992581,1491042847
-5534738181377404870,338629,1491042834
8498320348836545450,991225,1491042840
7765248536284185117,992125,1491042812
396990911678933549,992301,1491042795
3524842677678552024,992301,1491042838
-1943618196663641882,992301,1491042824
3837700813136984257,180055,1491042851
-8849793583101284536,990460,1491042845
666686421657129070,990317,1491042826
7950629819371875093,963128,1491042798
-3021649873597391316,922486,1491042811
2782923787941958490,992575,1491042837
6304049742739714601,992575,1491042822
8154858526992963894,992575,1491042797
-3883833119027130760,992575,1491042832
164382459875438732,992575,1491042802
-2732192117226103465,992575,1491042837
-5763136840870085262,992575,1491042836
-1896879185596521582,992575,1491042797
-8554665924817035958,992575,1491042800
6816272577982580725,992575,1491042846
-2496929123898517574,992575,1491042820
-5496833461977286765,992575,1491042831
-6379645718028034110,992575,1491042828
-5298616007061919603,992575,1491042798
-1600110862120303179,992575,1491042827
-7382914079913929304,992575,1491042821
4777880959402194318,992575,1491042829
-6816911943660820799,992575,1491042813
7440962877136060103,992575,1491042796
-8653131240176337228,992575,1491042830
1221860374014768626,992462,1491042839
-7712129657097831673,992462,1491042847
-3645034552588902177,884068,1491042800
1615314728282805077,992188,1491042800
8526977061979723765,992188,1491042796
4916465197516395375,992188,1491042795
4036622891837207089,992188,1491042838
8460718285028032111,992188,1491042844
-4644015483137047672,992188,1491042814
7337666992336402210,992188,1491042795
-7316836201182548488,992188,1491042805
5221321510899746643,991247,1491042827
3229536791010083617,892917,1491042845
7747985437379396589,938401,1491042809
4682871667809933969,987177,1491042800
6473646146616372639,987177,1491042809
3348611060776221437,987993,1491042806
-100458029717810261,992600,1491042802
2593259800940613939,992600,1491042838
644347290822138730,992600,1491042819
7247635367859424517,992600,1491042837
-6228465531439667796,992600,1491042800
6058840880680542275,991835,1491042803
3138071040967061222,987516,1491042834
2093289316832845572,992413,1491042853
-8270141209030447328,988588,1491042849
5950015307829949402,991683,1491042800
-4671699753503150591,991683,1491042819
-5023208062599739759,991683,1491042823
2939210117231698199,991683,1491042830
8663988222693005787,991683,1491042812
1960787451814829585,991683,1491042816
-5208320799545712985,991683,1491042832
-166312201000145763,991683,1491042833
-2912923714838197479,992577,1491042798
1400988758952057641,992577,1491042839
-6379645718028034110,992577,1491042800
4850634296611259564,992577,1491042834
3366872922970313307,991553,1491042847
7470004691630917500,992230,1491042823
2172521644620819651,992230,1491042840
-1591068632820885761,991354,1491042838
-4635709644272142463,992648,1491042836
8719543899100448519,992648,1491042838
3472667582626807577,992648,1491042816
-588036365525105984,992648,1491042851
-9073808177069223027,992648,1491042832
8035673020665331782,992648,1491042817
-3269786372303803196,992648,1491042823
6042035878159965566,992648,1491042823
3616715665645499712,992648,1491042833
-9216433654585132383,992648,1491042822
5224568915985184919,951665,1491042845
-7513673310449903451,975006,1491042852
-6736891496291368383,990691,1491042852
-7712129657097831673,990691,1491042842
1244719244166109769,990691,1491042811
-8165893174629889400,990691,1491042842
-614771300353727484,990691,1491042830
2894715787189349503,990691,1491042828
-2728261501236379003,990691,1491042844
-3117850380256909528,990691,1491042795
870304726432733555,990691,1491042843
-6961441370337751381,990691,1491042821
-2629973109386208481,990691,1491042801
-8159559826432467984,945351,1491042838
-4942193836653024642,966480,1491042815
-2912923714838197479,992576,1491042817
-6379645718028034110,992576,1491042812
-7266616658967602890,992585,1491042841
-4326690927174781186,992585,1491042807
-518125464024432116,992585,1491042845
-1551470500633641727,992585,1491042810
4475655626855945838,992585,1491042851
739223024959943994,992585,1491042847
793737784900361365,970093,1491042827
-7824116474467814381,992486,1491042819
-7644824032579761544,992486,1491042802
5331325985547509017,422855,1491042844
819183577509589879,992582,1491042804
-1551470500633641727,992582,1491042811
-4326690927174781186,992582,1491042807
-7266616658967602890,992582,1491042841
-3038193134798581673,992556,1491042836
994273396586054435,991901,1491042816
1055413155467202868,912289,1491042844
-2657539965544998129,875782,1491042841
7238267446279613510,991251,1491042814
-455037492267377843,939411,1491042840
-2924390883173558547,945201,1491042849
-5566035463496597603,902589,1491042851
2093289316832845572,992403,1491042853
1631568536754329939,992275,1491042797
-8636945195270996810,415001,1491042804
-6651587240202845758,991612,1491042834
6583162738422816325,992232,1491042811
1820086308124241381,992232,1491042847
6246476583470072490,992232,1491042850
-5030140995800242933,992036,1491042834
-1150339127407790508,992036,1491042844
3524842677678552024,992279,1491042833
5265406084422467430,992279,1491042803
6990419074374644790,992610,1491042830
-2717310215505383836,992610,1491042837
3540647406119702927,992610,1491042853
-6839214723496485996,992610,1491042840
6645462503264997258,992610,1491042824
-6956485222386524710,899761,1491042823
1743288075994994293,991047,1491042823
-8703081935793984977,992655,1491042828
1087270743989193641,992655,1491042804
5861285047246814310,992655,1491042832
-253213578369507859,992655,1491042796
-7168587686839594103,992655,1491042834
-2753078342642264310,992655,1491042796
-5729236889352497408,992655,1491042796
-7361242501132763240,992655,1491042850
6542645033882492429,992655,1491042827
4234869412542748186,992655,1491042844
-7931984904271465496,344259,1491042796
-5566035463496597603,902607,1491042843
-6057347105161443457,990455,1491042812
7657843295170514683,990455,1491042835
6161163418362083996,992313,1491042839
3292336890349454054,992504,1491042798
5740145472713202398,992504,1491042830
9101033323599281075,992504,1491042845
8945281890757750636,992504,1491042822
7851715923379004822,992504,1491042838
-4526544421879453714,992306,1491042846
-7724803123824828926,992306,1491042803
-1443901679053915400,980197,1491042803
3138071040967061222,990686,1491042826
-7597517450014272577,992349,1491042833
-8707539945944270471,992349,1491042798
5609530637909107224,992349,1491042817
3443851027298974169,992349,1491042834
-5859423780957387910,959633,1491042839
8346896615635210496,991153,1491042818
-8720550557119621242,992514,1491042812
6305682381231684040,992514,1491042834
-350587706234399757,992514,1491042822
1662268266714816687,992514,1491042835
-4119739603465078661,992514,1491042853
4519451942874891749,992514,1491042811
-4434995724667201261,992295,1491042852
-1991653070820391933,992295,1491042796
-4357749390409953772,992295,1491042852
-5747812482998659626,992295,1491042819
-8814052156317968212,992295,1491042807
2617518283120025402,992295,1491042839
4106105569865849327,992295,1491042828
7159722829999047218,992295,1491042839
-4180180478471409999,992295,1491042810
-6157143404117480750,992555,1491042826
-1477224698640008542,992223,1491042844
1820086308124241381,992223,1491042847
6583162738422816325,992223,1491042805
-6683982009609550597,992223,1491042850
-4873582872194226652,992223,1491042805
-7156536968011285346,992223,1491042811
-6584496483387166669,992223,1491042818
7692107821470814092,992623,1491042831
-7498541112464820851,992623,1491042851
8318677205800913580,992623,1491042849
-4760758165418850525,990052,1491042829
4200079044251624228,991789,1491042827
8675467088693810483,991732,1491042822
-51533756702419827,992611,1491042841
8391901996403830950,992588,1491042829
-3596041949544868520,992588,1491042811
5793411737085490741,992588,1491042819
-2505906969794183779,992588,1491042816
-3978820238374057359,992588,1491042805
2694601083897952507,992588,1491042836
6457291142774605198,992588,1491042811
-4025281833534370273,992588,1491042809
6602508025538767863,992588,1491042803
-7328142728462985338,992588,1491042841
-3671637343682540850,992441,1491042829
3408829389935729912,992441,1491042803
-4119739603465078661,992441,1491042834
5968948884058509011,992286,1491042847
3598277099644912863,990703,1491042831
-6061783093368981993,990703,1491042850
3138071040967061222,990703,1491042847
-1969075797506961077,992137,1491042803
2495660312894244239,992137,1491042799
-1905967490108940997,992137,1491042802
1233825222583943878,992264,1491042832
-7769713752308087362,992264,1491042813
3018293730127434665,992264,1491042831
3524842677678552024,992293,1491042843
5242100424818495656,992613,1491042822
-2579888902199384393,992613,1491042807
3973246224919006235,992238,1491042798
-7769713752308087362,992238,1491042837
-6102062839800386568,992238,1491042840
6161163418362083996,992347,1491042846
-2130637173863347147,823590,1491042841
-8548754779894306581,992531,1491042807
5106598210684401900,992531,1491042803
-5841879084622067536,992531,1491042813
6760781843925148346,992531,1491042853
368367013318500414,992531,1491042809
8234929624251469433,992531,1491042818
-9062754367261293174,992531,1491042832
-1568630309902296600,992531,1491042810
4298632289158523876,992531,1491042844
6537297986229407305,992531,1491042808
-8772488741399549322,992531,1491042847
3013960447979695724,992531,1491042804
-5833482066890633771,992531,1491042835
3184596240758128085,992531,1491042800
-7011804036141724579,992531,1491042844
4081187376926786473,992531,1491042808
2166605030860387746,992531,1491042795
-3752243519048564289,992531,1491042811
3606508294066228644,992531,1491042827
6322990818940116056,992226,1491042796
8148256159253640455,992492,1491042837
1575126098977199379,992492,1491042845
1221860374014768626,992492,1491042839
-933195511823258921,992492,1491042846
-8927655827492674084,992492,1491042821
-4333918088423729057,992492,1491042822
-1551446939154558478,992492,1491042827
7722623078661434776,992492,1491042796
-8737634982670109245,992492,1491042842
-4052953716574902254,992433,1491042814
-880812060700939220,992547,1491042795
-343587856519484149,992547,1491042830
-6961080575567384102,985379,1491042838
7087831764260692947,991350,1491042845
7492538573150477239,992553,1491042819
-3851358143067099836,992553,1491042813
1419473376416219416,992553,1491042827
-1226513732321455944,992553,1491042820
-166312201000145763,992631,1491042833
-8739603960060427960,992631,1491042808
1960787451814829585,992631,1491042814
-5687365694904138780,992631,1491042828
-7712129657097831673,992631,1491042847
-3617888746047988619,992631,1491042820
-4725856986302215436,992631,1491042808
-2267235892439164522,992631,1491042848
5609530637909107224,992329,1491042817
3443851027298974169,992329,1491042834
3853027080179711257,992476,1491042811
-7104252762634517211,992476,1491042819
8424978635453165468,992476,1491042825
-7124038921984282032,992476,1491042795
1403428609150098465,992476,1491042819
-5033426548673878632,992476,1491042846
8917587082320475492,992476,1491042819
5222597245692150139,992476,1491042822
-3617888746047988619,992476,1491042800
-7585901941224454519,992476,1491042829
2955672221209533462,992476,1491042810
-4049702539288780079,992476,1491042808
-3854220215487206956,992476,1491042831
-8119008836685583665,992476,1491042815
-2284991647289597826,992476,1491042828
-6809198452221348359,992476,1491042813
-6569275360711433183,992476,1491042846
8753141061119562634,992476,1491042845
1405274350352769097,992476,1491042840
-7364141088294264250,156484,1491042817
2655611127919528141,992185,1491042814
6604722954025786651,992185,1491042834
5133426706569609904,991347,1491042843
1582011233091895435,946902,1491042843
5085955588021492286,989743,1491042838
-8828796835385948045,985619,1491042795
-2357863520922113523,972937,1491042852
3524842677678552024,992257,1491042849
7793808913304315688,343059,1491042848
7107504671073127098,992149,1491042800
-6972069039907012659,992149,1491042823
-2791428911758747675,992149,1491042842
-1073788280755258957,992149,1491042818
8447679389041785576,992267,1491042812
-106063427889950144,992267,1491042818
666686421657129070,992267,1491042827
-4258146772596517119,989203,1491042374
5133426706569609904,989203,1491042852
7603099049630271867,913934,1491042830
3318111761092338765,423318,1491042805
3028535353857250663,987707,1491042805
-1642130889416835720,991209,1491042808
1123838476297802083,992395,1491042798
-8187116005264720312,992395,1491042807
8042497244344628285,992395,1491042816
7209143801528016696,992395,1491042824
7372023407471407513,992395,1491042821
1087270743989193641,992395,1491042817
5861285047246814310,992395,1491042833
-8020369311240106306,992395,1491042820
5224810512784549412,341693,1491042851
1382750367246582480,992468,1491042831
-8895188758007909040,992468,1491042807
-3835973692043374469,992468,1491042826
7479048581523679607,992468,1491042834
3028535353857250663,986675,1491042805
-880812060700939220,992538,1491042800
5033070036450917291,991808,1491042843
819183577509589879,992580,1491042840
-6102062839800386568,992031,1491042833
994273396586054435,992031,1491042809
-1905967490108940997,992031,1491042802
-1969075797506961077,992031,1491042803
-2703339147875783618,992562,1491042834
-7210587899545680273,992562,1491042823
6628458049713109048,989492,1491042823
6583162738422816325,991971,1491042837
-2300253212744076920,992523,1491042814
5615718425860046707,992523,1491042830
439879639631178200,992523,1491042806
-4119739603465078661,992523,1491042813
-7550684448025022366,992523,1491042841
-4430870182544701448,992523,1491042825
-5549771754938954166,992523,1491042843
7237859837691985421,992523,1491042852
-9010798878304791096,992523,1491042846
-1113865894285516375,992523,1491042841
-4085417279423668729,990246,1491042838
-2124277984248888921,930637,1491042812
1352433389491099114,992156,1491042819
-2429047962404051002,992156,1491042804
697570230096617529,992156,1491042813
1397705594470233507,991369,1491042805
-8280850299253122107,992197,1491042807
7922136323903831745,992197,1491042806
4494702224207500887,992197,1491042835
-4401277060180079255,990737,1491042824
819183577509589879,992584,1491042829
-494961252403120986,988127,1491042848
2051534531564134194,992165,1491042836
2534744508325181261,992165,1491042846
49654929241942654,992165,1491042834
-3014007603453664015,992165,1491042832
7573644961450166649,992165,1491042853
6962213941096899557,992165,1491042845
-6907998969934060735,992165,1491042799
-6072336133805679334,992165,1491042828
2049212119400641521,992165,1491042825
4186082320492937086,992165,1491042816
-5120631420950872969,992165,1491042798
-3954782803742709531,992423,1491042830
-1960672243563512479,992423,1491042842
-5566035463496597603,902599,1491042851
-4190678267002709101,990840,1491042802
3138071040967061222,990875,1491042841
7223502053285688733,420718,1491042832
4222219414689782078,992362,1491042825
-7866394573654175363,992362,1491042816
-5935567553284224478,992362,1491042850
-4136210393192382949,992362,1491042812
-4676931070281693929,992362,1491042835
7718199945430248266,992362,1491042803
5732986908808324765,992362,1491042828
-2787766304154013581,992362,1491042798
2075117811256354530,992362,1491042838
911569819926897285,992362,1491042837
-1543019747345983857,992362,1491042815
7821014317218863093,992362,1491042811
-9079119184127278892,992362,1491042843
-6059207498277724766,992362,1491042819
7942214166236293063,992362,1491042849
5223559202426236879,992362,1491042844
7237859837691985421,992526,1491042840
-9010798878304791096,992526,1491042846
-4430870182544701448,992526,1491042798
-5549771754938954166,992526,1491042821
-1113865894285516375,992526,1491042841
-7550684448025022366,992526,1491042812
6537297986229407305,992526,1491042826
-5459159847171365125,992526,1491042798
690033561024726626,992479,1491042817
-7824116474467814381,992479,1491042838
3110243046089542393,987911,1491042848
4536109821831882014,991566,1491042824
-3946817144965259946,991566,1491042813
7922136323903831745,991566,1491042795
-8402149759537300383,991566,1491042799
4494702224207500887,991566,1491042807
4956977386304184670,991566,1491042825
5942573268304434764,991566,1491042805
4120099659604732695,991566,1491042825
-1323280527546701954,991566,1491042848
-8280850299253122107,991566,1491042802
1035357020766001699,991566,1491042835
-879008820757803173,991566,1491042837
3779843779291268089,991566,1491042841
-3988925422595330186,991566,1491042805
-1902739846441589965,991566,1491042839
-6338197721287122068,991566,1491042844
6526316583913792411,991566,1491042835
5717758199639160174,991566,1491042853
-2720915945212969936,991566,1491042845
-7333004074597695174,991566,1491042838
-1067075185600579164,991566,1491042797
-4127125027035235875,991566,1491042812
393884945539747965,991566,1491042842
-7897827584520960804,991566,1491042802
4261246767607061337,991566,1491042811
-1598364096727183876,991566,1491042819
-8744401724175457461,991566,1491042843
-6083586739135992526,991566,1491042834
52776924269954436,991566,1491042852
2397081572564887976,991566,1491042841
-2376476379070739354,992312,1491042851
7821014317218863093,992312,1491042802
4248575072464220049,977179,1491042805
-6927543407160653552,414241,1491042841
-7013087988573797402,414241,1491042842
1419473376416219416,992561,1491042824
1289037176252903080,992561,1491042814
-7707116302817656429,992561,1491042828
-8318430778455154293,992561,1491042839
2254591300355288874,991812,1491042813
6076363784257906182,152221,1491042846
5993450332111789099,992067,1491042801
-5032862210620099103,992168,1491042839
-38647542748743660,992124,1491042834
-1483206700884876824,992124,1491042847
-6588448105106355090,988138,1491042804
-6594254272812467729,343507,1491042804
5049815566212739364,992650,1491042819
910610340252251282,992650,1491042810
3455056508293183730,992650,1491042848
-5475343272743025880,992650,1491042836
-6785991149888131266,992650,1491042834
4222161506623416764,992650,1491042821
-8187116005264720312,992650,1491042840
-355380424448525935,992650,1491042844
-2539690409737974503,992650,1491042850
6778697346059206614,992650,1491042807
-3900493161258491611,992650,1491042816
-5372517341109878238,992650,1491042843
1087270743989193641,992650,1491042832
-8978993828152661026,979758,1491042833
-6863672909928824575,988216,1491042820
5087442958567270406,991662,1491042803
-2727656379810208182,991662,1491042798
4199811170091056869,991662,1491042823
-8264240221257700579,991844,1491042829
2994929455992438711,991844,1491042826
1102428824484397428,991844,1491042821
-1065807326381963272,991844,1491042854
4919964432535466259,992240,1491042838
5471183605615357766,992387,1491042841
1195278826048019375,990817,1491042797
1065975416444927048,989463,1491042805
1019403296646539244,992398,1491042839
-3835973692043374469,992398,1491042826
-2549423331073510522,992398,1491042847
7479048581523679607,992398,1491042834
-5213269647529258878,992398,1491042849
823221319684999363,992398,1491042802
5630210328371103835,992398,1491042842
-1893777509422915982,992398,1491042811
-4577357305652813159,992398,1491042836
4546732876546810369,992398,1491042809
-4085417279423668729,991722,1491042827
-7824116474467814381,992487,1491042803
5847942537607744864,992487,1491042799
-7542621889243406905,991340,1491042836
-7580130189463069195,992586,1491042803
5148354838269404531,992586,1491042795
6600864551250742763,992586,1491042833
-3978820238374057359,992586,1491042830
5793411737085490741,992586,1491042831
-2505906969794183779,992586,1491042816
3667315235988451637,992586,1491042853
8391901996403830950,992586,1491042829
3606275734841990029,992586,1491042841
7886025784910756711,992586,1491042844
-3596041949544868520,992586,1491042811
2450312372321713434,992144,1491042810
904115050188907821,992475,1491042839
-26103233911495568,992475,1491042812
4357312481714566291,992475,1491042844
-6704549647746835878,990738,1491042795
3138071040967061222,990738,1491042843
5212867266822710829,982175,1491042835
-1037113013846222428,992656,1491042823
6014502496740976119,992656,1491042854
-182491949698802761,992656,1491042826
8691268709508463899,992656,1491042821
-3185868460896246403,991264,1491042826
994273396586054435,991870,1491042816
-1356077153430413807,992466,1491042806
1382750367246582480,992466,1491042831
5133426706569609904,991305,1491042808
-3799692416831534270,991931,1491042803
9103352843050364338,991931,1491042833
-6910021031396429619,992534,1491042846
-6652769734844489072,992534,1491042811
-9067000505056844191,992534,1491042804
-8136276072023686192,992534,1491042848
7183847676315942093,992534,1491042809
2238404553592332105,992534,1491042844
760364151684179977,992534,1491042818
4783508052929878366,992534,1491042797
-6669087461573906912,991891,1491042819
3087630731114491103,920267,1491042825
-1658510041091402648,992323,1491042850
-2727656379810208182,988179,1491042829
3855339046974594356,992099,1491042840
5133426706569609904,989118,1491042814
5331325985547509017,423501,1491042838
3787158817961830379,992333,1491042804
775765404551259617,989035,1491042803
597589199129986481,967890,1491042844
3540647406119702927,992612,1491042839
-2717310215505383836,992612,1491042823
-6839214723496485996,992612,1491042831
-5794934130311292893,992612,1491042803
-3007733916874644485,941023,1491042802
7028231181703047832,985950,1491042847
1759924541639937513,990359,1491042807
-4415204878229161383,992449,1491042808
7657843295170514683,988454,1491042801
5526464772554786864,988454,1491042854
-2432681233020748447,988454,1491042835
-1835782376767629046,988454,1491042831
6133866186898073114,988454,1491042816
8506563651887458116,988454,1491042817
4934232664968073710,988454,1491042818
-1355771990748669416,988454,1491042848
-307883632132453377,988454,1491042805
-1353649329938253000,988454,1491042811
3492265818121196312,988454,1491042809
-6993291926205096443,988454,1491042838
-4777119684338187820,988454,1491042840
3908995541949303211,988454,1491042827
-3560717877430365999,988454,1491042808
-734807957236540273,988454,1491042816
1971093142390119491,988454,1491042837
6228038440032589075,988454,1491042809
4591212789048652691,988454,1491042812
6921305056772277009,988454,1491042828
127753158528882820,988454,1491042811
8178762757677039575,988454,1491042825
-3742542161218468396,988454,1491042822
-8774761130909183641,988454,1491042796
4218576134234106954,988454,1491042832
1071683146890376963,988454,1491042796
1096400391552937950,988454,1491042798
2825385724808782662,988454,1491042821
8040794953284937744,988454,1491042842
295849866479060488,988454,1491042833
6768959361823708693,988454,1491042839
-2948631753505430257,988454,1491042831
2924915617432144711,964575,1491042796
-556980461220624769,988823,1491042841
4987570958307615286,157823,1491042800
-2912923714838197479,992578,1491042809
-6379645718028034110,992578,1491042807
5953303912853593405,992010,1491042825
-5596601539320964821,151301,1491042808
-3363481348709271700,973111,1491042844
4519451942874891749,992496,1491042811
-4119739603465078661,992496,1491042849
3408829389935729912,992496,1491042813
8049752582324928896,992496,1491042846
-3671637343682540850,992496,1491042829
2336626788333078484,992496,1491042829
9029513508132142085,987577,1491042821
7384242834145486219,992363,1491042806
-7311279099744897468,992363,1491042811
4934621893096892900,992367,1491042827
-269769358858057406,911440,1491042853
3050533377936220971,911440,1491042845
5718165207504998797,992359,1491042830
4507338978209339487,992359,1491042826
661594860327892220,992359,1491042828
4159462294561450437,992359,1491042847
8861723141910784907,992359,1491042824
5335423681805596970,992359,1491042814
-6212772488289779521,992359,1491042825
8935333988045429131,992359,1491042819
4498484747831228688,989588,1491042794
-625243483102586374,990070,1491042803
-4328751006185411006,990070,1491042802
184278065559182742,990070,1491042820
-5537753242260207139,990070,1491042850
-6593614618905050247,990070,1491042809
860280948515459479,990070,1491042852
4710743652386481100,990070,1491042796
-6239806297002700434,990070,1491042841
8952267542509610029,990070,1491042844
8037013118454673465,990070,1491042813
4663640430689256526,990070,1491042848
-7749181611154645356,990070,1491042808
8719845525495214285,990070,1491042832
5232398300616012777,990070,1491042851
2543225223086718851,990070,1491042827
2438724056207057745,990070,1491042819
-5298610890515602074,944843,1491042826
-1395358771988651540,338641,1491042807
-7678046175479523556,992570,1491042801
630162323578866962,992570,1491042805
5077726569332146550,992570,1491042834
-3883833119027130760,992570,1491042848
-6351155936158966688,992570,1491042806
-4862764541196982379,992570,1491042841
-6379645718028034110,992570,1491042847
8456625865610702522,992570,1491042849
-2734213275528589351,992570,1491042836
-5496833461977286765,992570,1491042851
3524842677678552024,992300,1491042824
-2286665537723727921,992300,1491042832
1352433389491099114,992158,1491042820
697570230096617529,992158,1491042813
-1845465979454648352,992158,1491042820
1397705594470233507,991640,1491042817
1814077774041280597,988191,1491042802
-4080463776889494418,992657,1491042799
6704238247435019453,992657,1491042844
5253454289066984126,992657,1491042853
7372023407471407513,992657,1491042797
-7168587686839594103,992657,1491042838
1087270743989193641,992657,1491042808
5861285047246814310,992657,1491042833
1747614142583518871,992657,1491042846
-6209906126338016312,992657,1491042815
-2569003757570671702,992605,1491042823
-3205351595797383771,992605,1491042823
-8031834892383023162,992605,1491042800
5900261811166991450,992605,1491042821
52396010255556091,992605,1491042817
9122165994773405075,992605,1491042825
5114678715497823974,992605,1491042846
6010204709298014420,992605,1491042797
6798984657397893440,992605,1491042818
7257261702527123354,992551,1491042810
-1395358771988651540,338642,1491042802
4245595970622063437,992653,1491042842
8611038577731485886,992653,1491042830
-5177227844948858720,992653,1491042852
-8187116005264720312,992653,1491042828
7372023407471407513,992653,1491042832
1087270743989193641,992653,1491042824
5222597245692150139,992653,1491042838
-265172830339836108,992653,1491042841
7209143801528016696,992653,1491042824
-1705300907702627632,992653,1491042827
8378694347484186945,992653,1491042825
-1675081972149853409,992374,1491042832
9123002590914364247,992374,1491042811
-1641331560617225538,988437,1491042828
7657843295170514683,990555,1491042835
4919964432535466259,992467,1491042837
1229636319777899628,992467,1491042848
8603981769879819231,992467,1491042837
3939993972389491037,987519,1491042816
5085955588021492286,989712,1491042838
5484344703406051215,107996,1491042827
-2727656379810208182,991708,1491042828
-2701278019543414276,992050,1491042853
-7429546769715770669,992050,1491042830
-4052124594149226099,985209,1491042815
5338353914304491195,992237,1491042840
8498320348836545450,991228,1491042840
-7769713752308087362,992269,1491042817
-1783090076721664306,992269,1491042820
-8653987734930978651,991416,1491042832
4107390278540595283,147845,1491042845
-6509483326178123101,992460,1491042835
-6177691308465540906,992460,1491042810
-3274791390377784573,992460,1491042817
1715828553431798291,992460,1491042820
1455495051505886739,992460,1491042817
-9067415860048059811,992311,1491042850
-253982012786889311,932382,1491042836
3524842677678552024,991989,1491042849
-8156883141911131556,991989,1491042851
3981780584218165564,947839,1491042821
8525953775253303267,991078,1491042827
3524842677678552024,992228,1491042818
-397844301380661530,991526,1491042818
1397705594470233507,991526,1491042845
5968948884058509011,992258,1491042846
-455037492267377843,940647,1491042838
-1884301494759836018,992224,1491042816
5609530637909107224,992224,1491042798
3443851027298974169,992224,1491042830
6161163418362083996,992224,1491042851
-63144667253777798,992224,1491042820
3398586054851244265,992224,1491042830
7987458461846650229,991417,1491042849
-3989595562889726504,992346,1491042842
8173273682472208035,992080,1491042797
-7597517450014272577,992350,1491042833
3125770719663697118,992602,1491042825
-6593614618905050247,992602,1491042807
3512937099382036648,992602,1491042824
-879008820757803173,992602,1491042854
5942573268304434764,992602,1491042843
7060141493396012143,992602,1491042808
-2835765466242476571,992602,1491042803
-6687636766239026480,992602,1491042821
-2432845062743157211,992602,1491042814
-8445018911628543813,992602,1491042824
-7629845995639932728,992602,1491042850
-253982012786889311,938849,1491042836
2283255843743528656,990825,1491042839
7309809061396813540,990825,1491042841
-5911738425597891923,992239,1491042851
-106063427889950144,992239,1491042822
-3816253458594024497,144382,1491042831
-487733010063531141,144382,1491042853
-7894942945104610736,989385,1491042805
5717758199639160174,989385,1491042833
-724131997146254035,989385,1491042844
-3546428400471557647,989385,1491042824
-8616954197867107938,989385,1491042839
5222597245692150139,989385,1491042852
-9081996785123720649,989385,1491042814
-4007773121252014174,989385,1491042809
-2284991647289597826,989385,1491042817
8336387285954572744,989385,1491042798
-1560492392417402797,989385,1491042810
8753141061119562634,989385,1491042838
1743288075994994293,990301,1491042818
-1657900611895113111,990301,1491042820
-910576951439684833,895127,1491042795
-3954782803742709531,992469,1491042853
-1780361747370727169,992469,1491042846
-5687240133914009581,992506,1491042823
3981780584218165564,992506,1491042829
8945240728650659178,992506,1491042810
-3945017207358661488,992506,1491042836
3000897894681908710,992506,1491042820
-206832935676604766,992282,1491042824
4360561313993872138,988534,1491042813
-3038193134798581673,992557,1491042836
8635856125822184456,991451,1491042845
-1591068632820885761,991451,1491042848
-632674000548933306,991328,1491042843
-2705159909196547505,992598,1491042817
8011043978001840813,992598,1491042846
-1924518037652799248,992598,1491042813
5900261811166991450,992598,1491042836
-2609572407195008287,992598,1491042852
-8031834892383023162,992598,1491042826
2913278331729342553,992598,1491042808
6010204709298014420,992598,1491042822
9122165994773405075,992598,1491042851
4283395290900256141,992598,1491042843
5360392298458470721,961493,1491042846
6246476583470072490,992241,1491042850
4933798775456636354,992407,1491042812
-4052124594149226099,992407,1491042814
3973246224919006235,992166,1491042820
-7769713752308087362,992166,1491042837
8675467088693810483,991826,1491042822
4916465197516395375,991826,1491042795
739223024959943994,992587,1491042846
4475655626855945838,992587,1491042851
-7580130189463069195,992587,1491042803
-3978820238374057359,992587,1491042830
-397844301380661530,991474,1491042838
1397705594470233507,991474,1491042852
2059222454620125868,155094,1491042803
7271988049888721802,989630,1491042836
7216054373658655081,989630,1491042811
3278603173251957838,989630,1491042834
7632517360356667608,989630,1491042840
6558934563998189259,989630,1491042820
7043675376069464192,414232,1491042833
-903563700182093986,73674,1491042826
994273396586054435,991945,1491042813
1397705594470233507,991654,1491042808
4987165786704577764,973613,1491042846
-1663278769438729893,990106,1491042825
4028221351857586103,992568,1491042824
-3129745767150205365,992568,1491042852
-2931784197130899034,992568,1491042843
5722370120820833031,992568,1491042848
1289037176252903080,992568,1491042798
-7678046175479523556,992568,1491042811
-6965417740814644195,992568,1491042839
-5208859730292601249,992568,1491042820
-8141873435699570984,975826,1491042809
-4052953716574902254,992428,1491042814
819183577509589879,992583,1491042824
3443851027298974169,992339,1491042825
-63144667253777798,992339,1491042820
3398586054851244265,992339,1491042830
-4676931070281693929,992339,1491042808
3787158817961830379,992339,1491042804
-7707116302817656429,992565,1491042828
1289037176252903080,992565,1491042814
4738384926529315681,992565,1491042800
3848797635278718932,992565,1491042828
4028221351857586103,992565,1491042824
-2931784197130899034,992565,1491042843
8005562515733506591,992565,1491042818
5722370120820833031,992565,1491042848
-3129745767150205365,992565,1491042852
3091073319231297032,992625,1491042839
-1219061336295560023,992625,1491042817
-7703838836438789366,992625,1491042808
-5567477299835194628,992625,1491042800
5953303912853593405,990954,1491042816
-5911738425597891923,990954,1491042851
4552597640812819105,989605,1491042830
7201238612039416478,148476,1491042835
100314467184121040,990949,1491042849
576803664817069489,992455,1491042824
3610408799639512233,992455,1491042853
-3129745767150205365,992566,1491042798
3009016584100596944,992566,1491042799
-5208859730292601249,992566,1491042820
-4448339331648943849,992566,1491042819
5722370120820833031,992566,1491042836
-6965417740814644195,992566,1491042839
-2931784197130899034,992566,1491042816
-7678046175479523556,992566,1491042809
-8542686762263054560,992566,1491042817
666499467436882055,992566,1491042810
-7028548372073804080,992566,1491042805
-3883833119027130760,992566,1491042848
-6351155936158966688,992566,1491042806
-6327268027132786467,992566,1491042808
630162323578866962,992566,1491042805
5077726569332146550,992566,1491042834
8170980513267115519,992566,1491042797
-160273322154857634,992278,1491042803
6783943193644474304,992278,1491042809
2093289316832845572,992278,1491042829
6161163418362083996,992278,1491042822
-6059207498277724766,992278,1491042806
2938452866845178932,992278,1491042807
-5522552353085654455,992278,1491042845
9123002590914364247,992278,1491042811
6962213941096899557,987206,1491042817
6938954676216608668,992310,1491042808
-8156883141911131556,992310,1491042812
-2791428911758747675,992310,1491042833
3408829389935729912,992310,1491042828
7568341303263804254,992310,1491042833
-7025159431825175854,992659,1491042806
6405005703168325587,992659,1491042809
-47402312630661698,992659,1491042834
-8773342202639812136,992659,1491042827
2706370513017596283,992659,1491042830
-5967141362152624526,992659,1491042846
-4121633113629552516,992416,1491042839
1420378828015844402,992416,1491042832
482035827500409128,992416,1491042802
-5230034856563318854,992383,1491042827
3358190876823924103,992383,1491042805
8107790898873047073,992383,1491042811
194271651709209557,992497,1491042811
2669058903037620018,989184,1491042833
3867823974397316740,990029,1491042794
-3671637343682540850,992519,1491042804
-8539362076564077106,992519,1491042849
-4119739603465078661,992519,1491042825
-2323391756756048500,992519,1491042806
5220311076322023854,992519,1491042845
2934948898385665295,992519,1491042809
-7550684448025022366,992519,1491042854
-5960740299698353833,992519,1491042845
3185866010790565673,992628,1491042832
-2038427650084086899,992628,1491042845
5331325985547509017,422725,1491042845
-8978941136940107115,984703,1491042819
-2065598440449648179,984703,1491042814
-2916799154861780776,406709,1491042842
-7294669134624430691,406709,1491042841
3827890585132684022,992630,1491042836
-1128810119743166393,992630,1491042809
8819304223620829327,992630,1491042813
3512937099382036648,992630,1491042829
-3954782803742709531,992458,1491042803
-1828021961743648261,992458,1491042822
2059222454620125868,155091,1491042807
9104544018442983532,992073,1491042836
-6896339736662639163,992073,1491042828
-213204623856858535,992073,1491042820
6561450188299039264,992073,1491042833
-4953164537779664500,992073,1491042805
8498012560071645477,992073,1491042799
8184144538310545187,343291,1491042847
-2124277984248888921,930630,1491042813
-6468842980773927382,992182,1491042796
-5867243107455962148,992182,1491042848
6413874738980436900,992182,1491042834
4553394942719805366,987875,1491042836
-4480145014636865982,979340,1491042815
-8294634557543414872,992148,1491042831
5740145472713202398,992505,1491042813
1662268266714816687,992505,1491042840
-4119739603465078661,992505,1491042853
-240751463796487022,992505,1491042807
-8720550557119621242,992505,1491042812
4552597640812819105,992025,1491042824
3965525576517969492,992256,1491042849
6883468624651451899,412546,1491042816
-6059207498277724766,992571,1491042797
2369044409450780323,992571,1491042848
5077726569332146550,992571,1491042822
8456625865610702522,992571,1491042849
550250651462707394,992571,1491042820
-6351155936158966688,992571,1491042800
-6618816058742057113,992571,1491042836
1412761968296494968,992571,1491042834
-5496833461977286765,992571,1491042851
-6379645718028034110,992571,1491042847
-3883833119027130760,992571,1491042842
2782923787941958490,992571,1491042837
-4797152589056724868,992571,1491042827
-4458041313355826221,992480,1491042845
4357312481714566291,992480,1491042844
5981384613569310191,992480,1491042824
1296842605860043562,992480,1491042842
2935351196595016525,992626,1491042824
-4558161077383708086,992626,1491042795
-368226429424525680,992626,1491042814
-4787369293686437822,992626,1491042831
-2565798842526278140,992626,1491042833
-7722813373844288647,992626,1491042837
-4373774952284082270,992626,1491042828
-8369343244587973593,992626,1491042798
-1647188386780578027,992626,1491042806
5129017167828245079,992626,1491042823
-6687636766239026480,992626,1491042809
-8517214229083238903,992626,1491042850
-3626204765226091555,992626,1491042825
8253807897275969731,992626,1491042809
-4671699753503150591,992626,1491042821
3091073319231297032,992626,1491042842
-2006012656972231584,992626,1491042842
6935680324343698000,992626,1491042849
-7248353720069508250,992626,1491042815
-5023208062599739759,992626,1491042823
-3915178990014701329,992626,1491042836
5769552286132363770,992626,1491042854
-6826973184720326829,992626,1491042810
-7075482598671903473,992626,1491042822
-8865367309958653977,992626,1491042844
-7300770661005165061,992626,1491042837
7725891953051142051,992626,1491042834
-6211541039368128236,992626,1491042840
558560011117686675,992626,1491042839
-8915618542091305452,992626,1491042815
1960787451814829585,992626,1491042851
7854225932791293390,992626,1491042846
1801882922600312630,992559,1491042843
8707014732082069010,992559,1491042796
4968644511043439247,992559,1491042823
4541513414024833610,992559,1491042835
3304926285897521854,992425,1491042849
-1199136764323210966,992425,1491042807
7884864393995005445,986415,1491042837
-5541718211069153410,982540,1491042840
4009743748149883055,919490,1491042805
1485929768931505956,990086,1491042837
1661900975102826611,992203,1491042835
-880812060700939220,992544,1491042800
7492538573150477239,992544,1491042820
-3445755479316674429,992544,1491042822
7139990116190969138,992544,1491042850
4968644511043439247,992560,1491042823
-6005710271622507085,992560,1491042843
2852748770717512542,991670,1491042814
-3995180035089386292,992595,1491042820
-6114199883222983429,992595,1491042804
-5408989752029262920,992595,1491042841
6167191515080100316,992595,1491042826
-5444888659625349120,992595,1491042823
4468777222712059247,992595,1491042819
-8462365252398002660,992595,1491042851
-3281063390386062022,992620,1491042812
1063084858027906119,992620,1491042839
-7806767199907796902,992620,1491042822
1530775141540105723,992620,1491042829
670512873426877061,992620,1491042831
-313321164994224306,992620,1491042832
-7393907138826593273,992620,1491042839
-8341183246730947019,992620,1491042823
8546343101330930442,992620,1491042833
-2688813017251660924,992620,1491042829
1065975416444927048,988817,1491042806
7796153842129064717,992394,1491042839
-4507422375864766241,992394,1491042852
3934862962189789194,992394,1491042837
-1645115900357067051,992394,1491042838
482035827500409128,992394,1491042823
7435697225671245557,992394,1491042835
8814160612867442807,992394,1491042831
9130005324387915946,974570,1491042800
5331325985547509017,422375,1491042849
-2791428911758747675,991932,1491042855
-6972069039907012659,991932,1491042829
-7724803123824828926,992307,1491042803
-4526544421879453714,992307,1491042833
-3100133204914889336,992171,1491042848
-6303460172048777448,973048,1491042799
5588696584812148428,992167,1491042802
-1591068632820885761,991816,1491042832
3524842677678552024,992315,1491042814
8707030760057784404,992315,1491042806
-6706474969452100702,992392,1491042816
6703872076550881037,992392,1491042847
3512937099382036648,992635,1491042829
-879008820757803173,992635,1491042854
2994929455992438711,991878,1491042829
-8264240221257700579,991878,1491042829
-1591068632820885761,991442,1491042844
5325004540515161410,986788,1491042816
-206832935676604766,992283,1491042794
-595596760822930413,992283,1491042853
-8828796835385948045,985074,1491042824
-151687608532941087,992364,1491042840
-5784983543437862914,992364,1491042851
-4913959040413828989,992364,1491042834
7043675376069464192,414237,1491042833
-3988925422595330186,992641,1491042800
3779843779291268089,992641,1491042829
-879008820757803173,992641,1491042825
-1225033832426666990,992641,1491042854
9126103252069899671,992641,1491042820
910610340252251282,992641,1491042836
4326546722383018358,992510,1491042798
-7685228247024922880,992510,1491042836
-8520177943784971968,992510,1491042853
-6102062839800386568,992255,1491042804
1953746636092023318,992163,1491042809
-3100133204914889336,992163,1491042848
-343587856519484149,992549,1491042822
8762531343836334592,956510,1491042839
7238267446279613510,991016,1491042814
2059222454620125868,155093,1491042806
-7090904202063360373,962260,1491042808
-7824116474467814381,992481,1491042838
-1279547834067798601,992481,1491042804
-4878470260679114087,992477,1491042811
-4439877161924228073,992477,1491042854
-3954782803742709531,992477,1491042818
5474906446402626359,992477,1491042837
-4841713201192079185,992477,1491042811
5162757771845623802,992638,1491042830
8545373908024044968,992638,1491042845
5651843709808942247,992638,1491042841
-879008820757803173,992638,1491042811
910610340252251282,992638,1491042825
-4215661139547440409,992638,1491042846
4222161506623416764,992638,1491042842
-5175670122499196813,992638,1491042844
6727067733504538622,992638,1491042836
6457686733583910639,992638,1491042851
-9044181909716667384,992638,1491042852
6017415466636310791,992638,1491042837
5839785104955596667,992638,1491042845
-494961252403120986,957580,1491042849
-2791428911758747675,991825,1491042855
-6972069039907012659,991825,1491042829
3693879099124037931,992593,1491042844
-4461097153900687432,992593,1491042800
-3945017207358661488,992593,1491042795
-5408989752029262920,992593,1491042841
5133426706569609904,991100,1491042831
8635856125822184456,991100,1491042845
-1591068632820885761,991100,1491042848
-2791428911758747675,992391,1491042799
5740145472713202398,992391,1491042836
2615615468663448129,992391,1491042803
9012788249730902012,884741,1491042836
-1199136764323210966,992194,1491042800
6338362591976796704,992194,1491042812
-8300636049847554738,992608,1491042825
-4598897004964873285,992608,1491042813
3713236930873364447,992608,1491042795
-6270983215751778845,992608,1491042812
-6839214723496485996,992608,1491042847
4329397162393006243,992608,1491042801
-1788879115725431202,992608,1491042832
3540647406119702927,992608,1491042853
2392153446821549924,992608,1491042833
-1644004935339106342,992498,1491042823
-2161197021407155672,992558,1491042855
-1647188386780578027,992558,1491042852
-1551446939154558478,992558,1491042802
-4436218835405494049,992614,1491042853
-1971850459828002944,992614,1491042798
-2717310215505383836,992614,1491042795
-280593553628255247,992614,1491042850
-6131226389403415361,992614,1491042838
-7945291222573776525,992614,1491042795
-2346711781154772340,992614,1491042821
1530775141540105723,992614,1491042830
670512873426877061,992614,1491042832
-7806767199907796902,992614,1491042822
-3281063390386062022,992614,1491042812
1063084858027906119,992614,1491042839
-8814052156317968212,992298,1491042807
-4357749390409953772,992298,1491042852
4106105569865849327,992298,1491042823
-5747812482998659626,992298,1491042819
-8290111334561242622,992298,1491042835
-7138058325333840283,992298,1491042822
4853169352520011228,992298,1491042850
-3274791390377784573,992459,1491042831
-6509483326178123101,992459,1491042848
1715828553431798291,992459,1491042822
-6177691308465540906,992459,1491042810
-6061783093368981993,991315,1491042813
-8110871081379889028,992591,1491042846
-4461097153900687432,992591,1491042837
-3945017207358661488,992591,1491042816
-4651494960996541515,992591,1491042797
3693879099124037931,992591,1491042844
7470004691630917500,992231,1491042815
-5455388691907406879,975858,1491042811
7470004691630917500,992218,1491042823
-7646643979870477247,185001,1491042855
3471366298243951,185001,1491042798
-8828796835385948045,985329,1491042824
-1556281682758320310,992262,1491042794
-1658510041091402648,992262,1491042850
6161163418362083996,992262,1491042851
-1884301494759836018,992262,1491042816
3318111761092338765,423317,1491042816
6348405376276996654,991723,1491042829
-8244507467816024426,990773,1491042803
-6601491146819253047,990773,1491042821
-7542621889243406905,990773,1491042813
4667489358218933793,990773,1491042796
-1551446939154558478,992274,1491042851
-2187253338357183128,992604,1491042817
1123838476297802083,992604,1491042802
-8083252925686029054,992439,1491042808
6075758708415802672,990487,1491042816
-6114490823879995445,990487,1491042819
-5859423780957387910,990487,1491042828
6383165468281403745,990487,1491042829
2016051827359859920,990487,1491042848
1515529166303804723,990487,1491042799
4001127411800673306,990487,1491042806
-7160673836055838517,990487,1491042826
-8914158478202394126,990487,1491042838
-779603392522370329,990487,1491042844
4189248458927100158,990487,1491042821
5279790751486100145,990487,1491042845
6663444497365906692,990487,1491042850
4177544947116390375,990487,1491042813
5033070036450917291,990487,1491042819
6688133350240581582,990487,1491042814
-947401164556393135,990487,1491042799
775755363010912078,990487,1491042807
5251859394893357904,990487,1491042802
883474521729006802,990487,1491042851
8846299244659166797,990487,1491042846
5584676733928823413,990487,1491042849
-5186580371403564582,990487,1491042815
-34140319295820295,990487,1491042817
1048592469953338135,990487,1491042845
-7779365806147031018,990487,1491042854
4892035135338667309,990487,1491042842
6846623886213546591,990487,1491042809
-2036035276654772724,990487,1491042847
-3413368736662094602,990487,1491042851
-1953793244408574272,990487,1491042837
-507116407390546511,990487,1491042810
2006123336095963314,990487,1491042835
-7046645257048806283,990487,1491042829
-3491610242103369569,990487,1491042816
2757995181774689485,990487,1491042800
-955472557176470878,990487,1491042812
-8652834019416678863,990487,1491042833
15050207073779510,990487,1491042823
5346710159536682762,990487,1491042814
-7408536970775471953,990487,1491042844
2612626925456008161,990487,1491042845
5563343091735928278,990487,1491042846
-7382914079913929304,992574,1491042821
-6379645718028034110,992574,1491042818
-3100133204914889336,992179,1491042832
-6956485222386524710,899618,1491042816
-3945017207358661488,992545,1491042836
8945240728650659178,992545,1491042799
-4461097153900687432,992545,1491042837
-8110871081379889028,992545,1491042846
-7092259301891079839,992606,1491042827
-7049946579340684812,964034,1491042844
-5459159847171365125,992529,1491042798
-1113865894285516375,992529,1491042824
6537297986229407305,992529,1491042821
-7550684448025022366,992529,1491042802
-5549771754938954166,992529,1491042803
4298632289158523876,992529,1491042851
8234929624251469433,992529,1491042818
-8772488741399549322,992529,1491042847
-9062754367261293174,992529,1491042832
-1568630309902296600,992529,1491042810
368367013318500414,992529,1491042809
6760781843925148346,992529,1491042853
6537509244956316928,913638,1491042816
-6956485222386524710,899705,1491042828
7353111833346135252,992170,1491042803
5133426706569609904,988540,1491042820
-6102062839800386568,992225,1491042840
-4760758165418850525,990054,1491042828
1783297270510842760,988274,1491042818
-6311453220077807164,900063,1491042822
-1093570206282718403,988923,1491042834
8377196351601772543,992589,1491042798
6602508025538767863,992589,1491042803
6450706872511484501,992589,1491042838
2694601083897952507,992589,1491042836
-2505906969794183779,992589,1491042802
5793411737085490741,992589,1491042795
-3978820238374057359,992589,1491042797
-7466842034416205981,992589,1491042841
6070351782629253242,992589,1491042842
560452853994674842,992589,1491042806
159277224313392547,992589,1491042796
1801882922600312630,992548,1491042843
5591960729227653993,989618,1491042833
3365241526544958789,989618,1491042794
2110254018698461503,65617,1491042853
6924088533095028628,989799,1491042812
-4526544421879453714,992297,1491042847
7855466517628219546,992200,1491042804
6492315154110442327,992200,1491042829
4312483103972751289,992200,1491042850
3443048944375028024,992200,1491042798
-130710069086116623,992200,1491042802
3304926285897521854,992200,1491042831
8049752582324928896,992200,1491042825
-8136475498135495369,992200,1491042833
316572264093220942,992200,1491042809
-5269612702484952445,992200,1491042850
1069139431395225948,992200,1491042838
4992126976748413073,992200,1491042803
8845501648957804332,992200,1491042832
5881624202476270587,992200,1491042834
-8539172224908484831,992200,1491042831
-7960653288690655084,992200,1491042846
-7897827584520960804,992200,1491042839
5433054740587373132,992200,1491042829
-516587188440257908,992200,1491042844
5871734190982865599,992200,1491042799
5776014592000233569,932402,1491042805
4234869412542748186,992658,1491042844
7069018872838469422,992658,1491042837
-2511888017571555486,992658,1491042826
1004989959388905000,992658,1491042854
8115330322871336821,992658,1491042828
-7168587686839594103,992658,1491042815
-7025159431825175854,992658,1491042812
8796860685670118182,992658,1491042822
3219668527750392350,992658,1491042819
5740086644242016459,992658,1491042831
8558542438215081310,992658,1491042848
1495990315314224597,992658,1491042794
5861285047246814310,992658,1491042801
7104520690949900142,992658,1491042849
-62749882589311663,992658,1491042831
-1147560546127845279,992658,1491042834
-4816569784804188040,992658,1491042801
2222027168264623077,992658,1491042809
1662663418432513849,992658,1491042805
8598326794379609128,992658,1491042833
-8406101977787922727,992658,1491042828
-4172061170232619785,992658,1491042833
-6378330876155860714,992658,1491042834
-6395852570031235717,992658,1491042803
5175824322691801598,992658,1491042814
-7901846104296336669,992658,1491042817
-2083646083447380765,992658,1491042799
933311032907677425,992658,1491042849
-1738729060821126222,992658,1491042846
-5313497820774568433,992658,1491042853
9186956892084680239,992658,1491042816
-5024989737786342227,992658,1491042831
-7495295553078021058,992658,1491042832
-7290407405747335086,992658,1491042797
6172437625158215038,992658,1491042829
-270384310876341692,992658,1491042838
7687910975887649733,992658,1491042833
-1284656143627778964,992658,1491042800
-3603777641945771730,992658,1491042838
2902919037121149244,992658,1491042817
4850634296611259564,992579,1491042834
1715828553431798291,992444,1491042816
-3274791390377784573,992444,1491042811
-6356870864529523016,992444,1491042844
8253466735695445247,992444,1491042830
7855466517628219546,989432,1491042805
-579667826239748539,992325,1491042829
9029513508132142085,987486,1491042829
-3487233258571311539,987486,1491042824
-5130739923300959036,992652,1491042807
-1239951763727835165,992652,1491042839
7725891953051142051,992652,1491042814
-4007773121252014174,992652,1491042842
-6211541039368128236,992652,1491042803
-8517214229083238903,992652,1491042812
4356610294596824416,992652,1491042854
3455056508293183730,992652,1491042811
1087270743989193641,992652,1491042832
-8187116005264720312,992652,1491042831
-8740462882832728133,992652,1491042802
7372023407471407513,992652,1491042832
-4508244803836015443,992304,1491042839
-397844301380661530,991352,1491042845
4471399312918568283,991935,1491042837
2022092616291728511,991935,1491042835
-8105778209467128912,991935,1491042841
7986331353561962141,991935,1491042833
4438829379380248375,991935,1491042840
4977058802495580744,991935,1491042844
-5771404675302240118,991935,1491042822
-4014723558648050754,991935,1491042829
-8136475498135495369,991935,1491042849
-3757684325279417613,991935,1491042835
1552187779312817574,991935,1491042808
-8387733921091005270,992503,1491042854
-3111060513827028766,992503,1491042841
5814676022447396860,992503,1491042827
2979831861575722296,992651,1491042821
3315190912670936492,992651,1491042854
-7717403920377338358,992651,1491042828
-2486295149561444290,992651,1491042838
-9044181909716667384,992651,1491042852
-4215661139547440409,992651,1491042842
6017415466636310791,992651,1491042837
5125920262702615692,992651,1491042838
3831339466978988773,992651,1491042820
-3030347214327205536,992651,1491042834
4222161506623416764,992651,1491042842
8545373908024044968,992651,1491042807
-8187116005264720312,992651,1491042853
8740759022881717516,992651,1491042822
910610340252251282,992651,1491042818
7081379360298665468,992651,1491042831
-1173225211323889142,992651,1491042796
-4008694898371869321,992651,1491042831
3455056508293183730,992651,1491042848
-4232593157722939412,992651,1491042802
-2261688558067752140,992651,1491042804
-88242553480232096,992651,1491042807
5049815566212739364,992651,1491042819
5171781270802400287,992651,1491042824
5950368395202444476,992651,1491042828
2637422500874168769,992651,1491042803
9158523549512869146,992651,1491042828
-4789344832205259254,992651,1491042853
-4347421622983637122,992651,1491042806
-1176944925794999688,992651,1491042824
7693662468493754755,992651,1491042813
505530644893048037,992651,1491042809
-1549905603546966225,992651,1491042850
-8641841631750977203,992077,1491042826
2376400425515152182,197164,1491042804
4028877093471179490,984947,1491042817
4326546722383018358,990486,1491042804
5331325985547509017,423471,1491042842
6798984657397893440,991567,1491042818
4494702224207500887,991567,1491042835
5114678715497823974,991567,1491042838
4120099659604732695,991567,1491042841
9122165994773405075,991567,1491042811
7922136323903831745,991567,1491042805
-8280850299253122107,991567,1491042803
-3946817144965259946,991567,1491042816
4536109821831882014,991567,1491042824
-1323280527546701954,991567,1491042848
4070305980156225909,991567,1491042841
6105328554611202444,991567,1491042834
-2358849021024964147,992145,1491042822
8419843403794402206,992145,1491042800
-4644015483137047672,992145,1491042807
2629829505576857548,992145,1491042832
-6570438767812871780,992145,1491042836
1615314728282805077,992145,1491042801
-6594438808047989145,992145,1491042806
1693911334832442042,992145,1491042843
-343587856519484149,992552,1491042830
3512937099382036648,992645,1491042805
-879008820757803173,992645,1491042845
3779843779291268089,992645,1491042848
5942573268304434764,992645,1491042812
8242915721242252428,992424,1491042822
-4198065933310764798,992424,1491042805
4629759448867771743,992424,1491042796
-8327101310441566283,992424,1491042832
-4051855179487056680,992424,1491042825
-3385537427404598917,992424,1491042836
6970823600773229936,992424,1491042827
316572264093220942,992424,1491042833
7240715734675133256,166320,1491042803
-6588448105106355090,988664,1491042807
3853503019149455850,988664,1491042851
-7155911151275529844,992622,1491042797
-7806767199907796902,992622,1491042799
-313321164994224306,992622,1491042832
-7393907138826593273,992622,1491042839
-8341183246730947019,992622,1491042823
6760929939246512516,992622,1491042808
-2688813017251660924,992622,1491042829
670512873426877061,992622,1491042829
-1563259243638039422,992622,1491042852
692297812329979026,992622,1491042812
1530775141540105723,992622,1491042825
9197254602715876810,124176,1491042841
-6288433892625171867,891144,1491042847
5732986908808324765,992357,1491042828
4222219414689782078,992357,1491042825
-5935567553284224478,992357,1491042850
9101033323599281075,992532,1491042834
4514225047579947172,953781,1491042806
-397844301380661530,991399,1491042845
793737784900361365,970226,1491042827
-6405374916433903095,991428,1491042806
3759123023782081958,991428,1491042848
-130710069086116623,991428,1491042807
911569819926897285,991428,1491042796
-106063427889950144,991428,1491042847
-6005837095675776530,991428,1491042838
6473646146616372639,987131,1491042809
4682871667809933969,987131,1491042800
8459529310011027780,987131,1491042839
-704946362840250066,987131,1491042811
-160273322154857634,992344,1491042826
7765248536284185117,992129,1491042812
-1615636240357490163,992129,1491042817
2059222454620125868,155087,1491042807
-1591068632820885761,991406,1491042840
-5254311229296665651,401066,1491042818
-2363378882745394873,988648,1491042842
2934948898385665295,992524,1491042809
-2323391756756048500,992524,1491042806
-8539362076564077106,992524,1491042816
-7550684448025022366,992524,1491042854
-4119739603465078661,992524,1491042819
7237859837691985421,992524,1491042852
-5549771754938954166,992524,1491042843
439879639631178200,992524,1491042806
-2300253212744076920,992524,1491042814
3981780584218165564,949338,1491042828
8945240728650659178,992590,1491042810
-4397558224389841283,992265,1491042824
3524842677678552024,992265,1491042808
-4551259125683732221,992265,1491042839
-106063427889950144,992265,1491042813
-8102364907804973559,991235,1491042830
5133426706569609904,991232,1491042851
3973246224919006235,992141,1491042820
-994919443828868835,992617,1491042848
6411600204098769143,992617,1491042818
-5078369402403925784,992617,1491042852
8253807897275969731,992617,1491042841
-1647188386780578027,992617,1491042810
-1324935667342613276,992617,1491042819
7681780572176716812,992617,1491042816
341654238284009984,991701,1491042837
3552236630241294757,992212,1491042849
-1785962790708409630,991879,1491042813
2597893331890983668,991879,1491042840
6583162738422816325,992152,1491042820
-3262872703549581595,992280,1491042798
5212867266822710829,981851,1491042839
4028877093471179490,991756,1491042810
