-367183848755966336,995184,1491885686
-6753162669501315797,995184,1491885738
5459603251416352956,996110,1491885736
5064442284939493906,996110,1491885730
-489597201455854852,996366,1491885732
969351613140056085,996366,1491885726
-941363239418701713,996366,1491885709
-5443810355249066091,996284,1491885735
2874638555867877181,996201,1491885712
1863087705133508345,400711,1491885699
-2663457951791460834,996445,1491885692
9071314363737646029,996445,1491885711
1057949178807086566,996452,1491885728
4309240043748435972,996515,1491885684
-8448878085099012184,996580,1491885686
7787346843250043350,996580,1491885687
-4143341008687354631,996580,1491885706
1544199055598583493,996580,1491885704
5727768484491453766,996580,1491885728
4649873978467691409,996015,1491885721
-5157808738086695954,996015,1491885706
-2459878219868676187,996015,1491885694
-4402031204074221395,995868,1491885730
774836179364848165,985197,1491885729
3196453559555188071,141771,1491885704
-4492993857474198819,994897,1491885708
-2426667407611436733,995311,1491885727
-3778266999130767450,996393,1491885707
433695240872721388,996393,1491885736
8459465963130956009,996393,1491885735
8663182112394452462,996393,1491885694
1863087705133508345,402887,1491885699
7947953996187137602,996476,1491885732
-720629723227599800,996476,1491885732
6011301808241526682,996476,1491885725
5996271468811344321,996044,1491885725
-2669076339227902330,994958,1491885701
7964280142233981249,881348,1491885699
-781203110662762659,996464,1491885681
-2173269598655378082,996220,1491885724
4799127480745201311,996237,1491885694
-8810616579888346160,996237,1491885738
4865842275716322265,996576,1491885733
-8000879521398969103,996576,1491885713
-3074010048004697138,996576,1491885699
4506220372998943235,996576,1491885707
-1905953961365090891,996576,1491885702
-1784490096630742405,996576,1491885682
-6034995389179019183,996576,1491885684
5923976064890436252,996576,1491885710
-5721960111056021492,996576,1491885727
4314733745878883619,996576,1491885724
-7446274568858903357,996576,1491885687
7964993764871602373,996576,1491885694
3510568642227302275,996576,1491885725
2981034863881924302,996576,1491885737
4972051044308050416,996576,1491885707
4407648430775697488,996576,1491885704
-9191723328045898620,996576,1491885707
-4407109606516431464,996576,1491885730
6324669374263831086,996576,1491885716
-3083707426815370251,996217,1491885722
3256830503414114831,996217,1491885739
-8288902359734069697,996217,1491885692
2702868237701842520,996217,1491885688
-5156952635313730254,996217,1491885713
4461117625892008292,996217,1491885740
4165702033009858884,996217,1491885709
8944154508419045267,996217,1491885740
-2669076339227902330,996217,1491885688
6611237145084928100,996217,1491885714
-8412025069167874579,996217,1491885734
4502008735081673123,996217,1491885700
1682771924120834739,996217,1491885738
4319352496269905935,996217,1491885728
6302282706678394969,996217,1491885730
-2220811563576844358,996217,1491885704
1491805744736517123,996217,1491885722
-3613050857563198247,996217,1491885695
8658032881756576695,996217,1491885681
4965076826399964770,996217,1491885716
8188672164467206356,996217,1491885732
-1087583969033600460,996217,1491885684
8115038795996824743,996217,1491885727
4643920963866553548,996217,1491885728
-4157060026836189686,996217,1491885708
-128167071705169245,996217,1491885695
-5098571402422099475,996217,1491885699
-5513137839122158014,996217,1491885736
3866295451419684182,996217,1491885689
-7645187916673827555,875512,1491885731
5093762216007505047,996554,1491885687
1427064595550238267,996554,1491885702
-2791966341299603894,996554,1491885729
2606806537575259301,996554,1491885731
-1861578616182307401,996554,1491885730
-7991081500652343101,996554,1491885726
5842755373846193699,996554,1491885734
-2791966341299603894,996555,1491885704
-6017093672569128598,996555,1491885710
2606806537575259301,996555,1491885692
5842755373846193699,996555,1491885730
-4536417432483970137,996555,1491885731
-8694716690496683410,996555,1491885700
1952261217305461086,996555,1491885681
-7807735120643164107,996555,1491885716
8223451045535948785,996555,1491885688
-6393890679386519765,996555,1491885689
2874638555867877181,996200,1491885711
2615106833766835168,901539,1491885694
-8457406217885732474,996423,1491885722
-6301716794795996504,996423,1491885687
2618649703519897058,996423,1491885704
2316197201599679850,996423,1491885721
2433496992706039499,996423,1491885714
336733546844649911,996423,1491885708
-8172148090580765167,415617,1491885690
-1114476047465725670,996274,1491885731
-6033060706847385510,995895,1491885716
-443069267820202030,995895,1491885709
-3677133628090090869,995513,1491885707
2279482425040362708,961305,1491885682
-6688487516563449709,996597,1491885715
-4278995282284317368,996597,1491885732
-4544236843434530221,959368,1491885694
-2974494164769502444,996354,1491885697
6356665664603960559,988482,1491885737
5996271468811344321,996094,1491885697
3285684403267164356,995267,1491885684
-7940058200396305989,988689,1491885699
-2974494164769502444,996351,1491885724
4529312655822631572,996168,1491885718
-1632904751003382783,996543,1491885699
7069387139796411163,996543,1491885694
2454690759326470293,996543,1491885727
-637968465915136699,996543,1491885684
-4954963574459597629,996543,1491885694
5887529887152352454,996543,1491885730
-8968436189459657845,996543,1491885695
4609043661506061186,996543,1491885733
-6411908904455361626,996578,1491885712
6051326681739174997,996578,1491885733
-8448878085099012184,996578,1491885719
-4143341008687354631,996578,1491885728
3961640743821960656,996578,1491885683
97738847511465212,184882,1491885686
-6301716794795996504,996425,1491885709
2433496992706039499,996425,1491885729
1682771924120834739,969467,1491885732
-3936782677153911952,996169,1491885696
1409318792354037494,996169,1491885727
-5221959454894588328,996169,1491885736
-186832312426081944,995987,1491885737
-8084214124120995998,996607,1491885698
-6853598600058764659,996607,1491885731
1389158957418412442,996607,1491885705
-5167671647103250455,996607,1491885687
-5158257030829276811,996607,1491885730
6070759660982972796,996607,1491885687
-8969302293979070774,996607,1491885685
1285983331100391803,996607,1491885693
5019650169519843191,996607,1491885706
-2611881031443270951,996607,1491885715
-6307595502663917740,996607,1491885692
559385776931041886,996607,1491885720
6850683148550919730,996607,1491885680
-3706522006392862473,996607,1491885733
-3198742713720411563,996607,1491885738
4153506735818747928,996607,1491885710
3552014562212770472,996457,1491885712
-2105726672404668258,996457,1491885686
-2877199285066839153,996563,1491885729
3279042404733177775,996563,1491885696
4623741162481330140,996563,1491885738
-8708879913383226596,996563,1491885687
-8732298616663728440,996563,1491885717
-4536417432483970137,996563,1491885687
6197695096059252326,996563,1491885725
5482923045260348528,996563,1491885702
7866128746547736539,996563,1491885735
-6193972206926557784,996563,1491885737
6967915134831132495,996563,1491885737
-1279807336532627855,996563,1491885739
1286175315821838615,996563,1491885730
8256772802289859643,996563,1491885705
-8080881429149850565,996563,1491885693
6283604071891534640,996420,1491885708
4064063263440105933,996420,1491885714
-3941733991427417616,996420,1491885712
-3895387736687070867,996420,1491885732
8815223903873996033,996420,1491885725
1979889569966128918,996420,1491885733
-7542445904042118816,996420,1491885710
-133792229568219500,996420,1491885687
360967025739139202,996420,1491885725
6210994483218386672,996420,1491885723
3895655386145913226,996449,1491885681
7947953996187137602,996449,1491885701
3166002629026639680,996449,1491885700
-720629723227599800,996449,1491885705
-7504630729895505782,996449,1491885716
1073488336442383695,996449,1491885716
8548791432090547824,996449,1491885739
3774104815775737159,996449,1491885718
7230428841293075863,996449,1491885734
4227213699814484274,996449,1491885701
-3422039173163831697,996449,1491885696
1361424024397857113,996449,1491885729
-1256598772981768512,996449,1491885716
155892626414393630,996449,1491885728
-6878186061417067316,996449,1491885730
5827954267568938558,996449,1491885684
-7787621285799139246,971832,1491885689
396213781202677347,995982,1491885689
-3485750598802067810,996031,1491885731
1299148256004493884,996545,1491885725
-1253971886125724549,996545,1491885723
8457109342932744159,996545,1491885704
3821418271757914602,996545,1491885709
7069387139796411163,996545,1491885708
-637968465915136699,996545,1491885690
1529622993110430754,996545,1491885736
5093762216007505047,996545,1491885725
-4954963574459597629,996545,1491885694
1057949178807086566,994921,1491885707
635542343065831309,996183,1491885729
-1029176851978102294,996183,1491885740
-8193702813064678860,996183,1491885718
-6007650700220950021,996183,1491885717
5284444367461776888,996183,1491885681
8277444150851343085,996339,1491885682
-3415067019454092371,996460,1491885740
7120912922708366282,996460,1491885737
1152705446237844047,996460,1491885681
4858736929441736245,996460,1491885733
-6344347613470789369,996460,1491885725
7957842946945600002,996460,1491885682
-2580593237451845031,996460,1491885694
-2014708394023662851,996460,1491885738
3045155901699025278,996460,1491885710
-8513606019107460978,996460,1491885682
-298427899886510177,996460,1491885701
4248145432928117869,996460,1491885737
5978113747662575006,996633,1491885729
-5077659775636973927,996633,1491885718
-6330970652362518191,996633,1491885712
7772891497069912563,996633,1491885698
5498871993264242310,996633,1491885697
-2389648826084393028,996633,1491885681
8664789199382563576,996633,1491885685
6431963617137588063,995532,1491885686
4716270801826470370,932534,1491885685
-7786886741303879060,980490,1491885684
-649341814687119638,996259,1491885692
-8909473061069323004,996348,1491885694
7668241398542340094,996348,1491885729
-6675764790054944343,996348,1491885697
3326167623474047882,996179,1491885716
-1535596145315842688,989618,1491885729
9029342059992838689,984468,1491885703
2135182214685184934,995815,1491885700
-5790316876465429959,995815,1491885693
1369674302191975194,996321,1491885718
2938729261833342258,996594,1491885693
7772891497069912563,996594,1491885694
-5048323088323441789,996594,1491885738
-6411908904455361626,996573,1491885694
-8448878085099012184,996573,1491885715
3961640743821960656,996573,1491885682
-4143341008687354631,996573,1491885725
2109415786109708984,996573,1491885709
1024259602349701579,996573,1491885721
7065144906729979635,996098,1491885740
3891173879269163453,996267,1491885686
-4645078483801712241,996428,1491885738
-1887911321592951880,996428,1491885738
200935231061654729,996251,1491885724
-5768080026216357044,996251,1491885707
-1283237087574643229,996251,1491885724
6232283939057383603,993936,1491885700
6363786156315643465,993936,1491885729
9067124591916890582,996419,1491885693
-3001699793028906302,996297,1491885736
7881064299925324580,996297,1491885714
-2349643429371644651,994002,1491885727
7957842946945600002,994565,1491885739
-8424423659120137004,994565,1491885736
8784675430293567795,994565,1491885692
-5510958493398779411,994565,1491885722
-6344347613470789369,994565,1491885736
6046467253829697373,994565,1491885739
6367225799353343348,994565,1491885729
360967025739139202,994565,1491885707
-7418267571801328227,994565,1491885740
-6220705229954012481,996532,1491885727
-338966605227954265,996532,1491885691
-4462324643079399118,996532,1491885698
6823070805243046221,996532,1491885711
-6351238458482125761,996532,1491885734
-6589348531067415932,996412,1491885736
-1016894835451473052,996175,1491885722
1795716846275838943,996175,1491885684
1357496587588828837,996175,1491885733
-878102773381787586,996175,1491885702
7923724580697732120,996175,1491885700
3227736752098048889,996175,1491885682
-7168845324130868782,420316,1491885711
6356665664603960559,995274,1491885737
-6753162669501315797,996332,1491885712
-3613050857563198247,996332,1491885688
4278794913540025832,995998,1491885718
-8117710066460476286,995998,1491885690
847429091765493473,995998,1491885735
-2162049382285573997,995998,1491885712
-4370702757348777786,995998,1491885737
1254022450573751430,995998,1491885691
2979046415542179932,995998,1491885720
-4079616177277776468,995998,1491885738
3451085649550736479,995998,1491885722
-2759851765769481867,995998,1491885736
7643587940278683121,995998,1491885715
1516390011711366494,995998,1491885727
-97893297497202277,995998,1491885730
-2426667407611436733,995998,1491885729
-8306731614033439985,995588,1491885680
3285684403267164356,995264,1491885695
-1475261006311822506,996319,1491885729
-5443810355249066091,996319,1491885691
-965874367532188893,996319,1491885706
4008485444476137260,996521,1491885685
2128120428745971583,996521,1491885684
-6662396542489620831,996521,1491885704
-786725715285397799,996521,1491885681
304819199537478910,996521,1491885701
-3427919126291119068,996521,1491885684
-4462324643079399118,996521,1491885717
5898321781289814732,995492,1491885729
-6947897875325006574,996182,1491885732
-733446730703575876,988344,1491885706
333279754188533832,996388,1491885699
4110063703226617885,996388,1491885703
2209812378323160713,994054,1491885732
-3484871919644187111,964834,1491885721
4886123612025850555,995936,1491885723
-6093555245819576045,995862,1491885694
4578132428335196527,929964,1491885728
-6301716794795996504,996384,1491885739
5481343723884754012,996384,1491885737
2344436704655018103,996418,1491885699
3915335373740064132,996418,1491885735
-636688327610418450,996418,1491885706
7366960234161910274,994801,1491885713
-6753162669501315797,996250,1491885721
-5684500390477776800,996586,1491885736
8970144660054473004,996586,1491885704
-2993408565627857864,996586,1491885686
-6448202355714790914,996586,1491885737
-7014798467377013467,993658,1491885692
-6220705229954012481,949839,1491885735
-489597201455854852,996371,1491885732
-8801729196976056818,995432,1491885713
-743733432849874525,995432,1491885722
5125103385813938723,996309,1491885685
-8909473061069323004,996309,1491885739
-5443810355249066091,996249,1491885735
-5797096545314707419,993591,1491885681
-1328023455163361529,996407,1491885737
-6483519692506093392,996407,1491885684
1588630602591733262,996407,1491885701
-8873695972156322875,996447,1491885714
308841241159365095,996447,1491885684
-5491325992715734203,996447,1491885699
2077719449843678175,996447,1491885713
-3658441378969736566,996447,1491885690
8970144660054473004,996589,1491885718
-4627158107713866887,996589,1491885687
-4221003224530791990,996592,1491885698
-2001471025155703620,996592,1491885717
-3346447018553608842,996592,1491885719
-7802271016861781684,996592,1491885723
-2173269598655378082,996224,1491885721
5727768484491453766,996584,1491885728
-4143341008687354631,996584,1491885696
-4627158107713866887,996584,1491885719
436279999081413030,996263,1491885735
-914116234705363575,996539,1491885688
2433496992706039499,996227,1491885728
-6301716794795996504,996227,1491885698
-543410246427922829,996569,1491885715
8358761359920184848,996569,1491885730
-6498789098655027518,996569,1491885724
-7013609395535063295,996569,1491885683
1235813731123005258,996569,1491885697
478135139742951937,996569,1491885694
6162608786914289954,996569,1491885726
6197695096059252326,996569,1491885682
7866128746547736539,996569,1491885689
3648851633536394819,996569,1491885721
-4793886019711581191,996569,1491885711
-6193972206926557784,996569,1491885714
-3555051309236910797,996569,1491885685
3205004918240586276,996569,1491885725
9156930682125102655,996569,1491885687
1790058740218838153,996569,1491885703
8469259108311741684,996569,1491885708
-1333536035250296915,996569,1491885737
-4769237860809619679,996569,1491885707
7149021066639932400,996569,1491885707
8519519051678958696,996569,1491885685
507002021698387636,996569,1491885716
6967915134831132495,996569,1491885717
-4991555268052497158,996569,1491885700
8305226003306760598,996569,1491885718
-4377915442317977240,996569,1491885721
-7620469836449586825,996569,1491885701
-8759952982752221024,996569,1491885724
1950010278598140971,996569,1491885725
3298855794107043567,996569,1491885714
6490202194624821703,996569,1491885724
3279042404733177775,996569,1491885729
-4520040596803385730,996569,1491885694
8506038715586289766,996569,1491885699
5981330097447367785,996569,1491885714
2089989092978355018,996569,1491885716
-1905953961365090891,996569,1491885734
5923976064890436252,996569,1491885728
1512078207952702454,996569,1491885707
-3114387052284565131,996569,1491885682
693979565162541518,996569,1491885716
6292290763516160109,996569,1491885727
-6006209009996778178,996569,1491885728
-1369646616717435506,996569,1491885709
3001552363139057223,996569,1491885735
-6832662911827873495,996569,1491885711
-3660623751034650500,996569,1491885704
2201750158824504953,996569,1491885692
-7604722096996561893,996569,1491885728
1265216852652244578,996569,1491885687
7711846415645386453,996569,1491885686
-7112068742745896446,996569,1491885708
3335108312496579672,996569,1491885711
-4796028298327879856,996569,1491885710
453393443879652406,996569,1491885739
-4788581480494421206,996569,1491885690
-863489406704001310,996569,1491885694
3294675426730845174,996569,1491885695
-2140595358149179750,996569,1491885730
2961463138614395918,996569,1491885690
-843210758068993023,996569,1491885708
-3967821167461301299,996569,1491885702
4506220372998943235,996569,1491885720
8475518297678321228,996569,1491885695
6468150097335476185,996569,1491885691
7932065770371427723,996569,1491885687
5300119572513502098,996569,1491885700
6611547086057699686,996569,1491885700
-3017679934400159853,996569,1491885691
677817074953870533,996569,1491885739
710108932439542794,995869,1491885716
7306155062298815589,995869,1491885717
-186832312426081944,995869,1491885738
8834529982489124974,996619,1491885701
28335740897521070,996619,1491885729
-5360887810816987293,996619,1491885732
116588573094188167,996619,1491885701
2993767383155865565,996619,1491885693
6619914710844950092,996619,1491885725
-2369434407046301161,996619,1491885703
6857511531140133960,996619,1491885734
8849077023364326660,996619,1491885736
2343107793780851416,996619,1491885730
7269087711261422488,996619,1491885736
-654560930278761390,996619,1491885721
4054472643687939739,996619,1491885701
-4425330034675099672,996619,1491885739
-270762349673119625,996619,1491885704
8447409925033053972,996619,1491885718
7059524041129243772,996619,1491885688
8972668725061730413,996619,1491885691
-6282096995226087964,996619,1491885686
360967025739139202,996619,1491885691
8068973320761072313,996619,1491885712
628235601481428648,996619,1491885735
7641688063423023548,996619,1491885734
-6947897875325006574,996235,1491885723
-3560087985657793438,996235,1491885719
-5340805217733349333,996281,1491885696
1682771924120834739,959327,1491885731
4351634439451051506,976665,1491885724
7778741534191269664,993924,1491885695
1001461101419042536,993924,1491885721
5996271468811344321,996174,1491885689
161834902969852850,996174,1491885725
3326167623474047882,996174,1491885716
-331666769584763429,995676,1491885730
-3706522006392862473,996613,1491885733
-2611881031443270951,996613,1491885715
-5158257030829276811,996613,1491885704
-6853598600058764659,996613,1491885701
1389158957418412442,996613,1491885687
-3198742713720411563,996613,1491885738
559385776931041886,996613,1491885720
5019650169519843191,996613,1491885697
-6307595502663917740,996613,1491885692
6850683148550919730,996613,1491885740
7635935286515295930,996613,1491885728
4153506735818747928,996613,1491885710
-3288396758667328204,996613,1491885683
-1960188951403198203,996613,1491885739
7782098758798201225,996613,1491885718
1976660860308741875,996613,1491885740
-1509866364137224038,996475,1491885685
-131210386105123770,996475,1491885712
-4142016988985143098,996475,1491885736
6095579389694722460,996475,1491885730
-3681520786977110023,996475,1491885734
7632316598719060080,996475,1491885700
-448084490394121451,996475,1491885714
8823656830153788549,996475,1491885725
6354563628385534266,996475,1491885693
-401700332787117472,996475,1491885706
-7110824120159311830,996475,1491885696
-6965223051015359273,996474,1491885703
-746409380482271541,996474,1491885682
-6537637109300560835,996474,1491885693
-7743526611013154254,996474,1491885729
7353545017130586604,996474,1491885717
6096770354185091348,996474,1491885720
-2232289006885218955,996474,1491885719
-8136599988251743025,996474,1491885689
5271141234589882747,996474,1491885733
160870806992859090,996474,1491885715
4545304961253279136,996474,1491885719
2407331153810037130,996136,1491885724
-1712864505759434300,996628,1491885723
-7266405406967244803,996628,1491885695
-725068074418544171,996628,1491885734
-2044218181757942424,996628,1491885683
390681899145661568,996628,1491885707
4752334524149676188,996628,1491885700
-8599024049667928408,995794,1491885726
-6308167315787611470,995794,1491885682
5205771543681033256,995794,1491885735
8164738616686216230,996484,1491885710
-4232579115323187251,996484,1491885711
8168488792144601650,996484,1491885696
-7353602483899291911,996484,1491885718
-1147530147515251452,996484,1491885712
-4519269300963760121,996595,1491885730
-3919413432888089975,996595,1491885736
-6495425083844228603,996595,1491885723
-4049601557047785410,996595,1491885735
8466869826229975292,996595,1491885690
2087496825516191089,996595,1491885702
1087205443751819922,996595,1491885739
-3200966787088748490,996595,1491885716
-855969111005814003,996595,1491885690
-3264579376587941680,996595,1491885686
2938729261833342258,996595,1491885712
4010463070953163581,996595,1491885713
-1583707301364713235,996595,1491885724
4489961662681904510,996595,1491885727
8135047818800930495,996595,1491885695
6556030023410657069,996595,1491885683
-2375547940853185534,996595,1491885730
-8590325896616540204,996595,1491885717
-7556265687399458716,996595,1491885729
-5048323088323441789,996595,1491885739
-307580627375719029,996595,1491885722
-1825675227556333148,996595,1491885725
5636850868855357585,996595,1491885707
-4522407312095172738,996595,1491885710
6367225799353343348,996595,1491885721
5257001227672237696,996595,1491885734
7508727111813494756,996595,1491885722
3944534035859225336,996455,1491885695
7343228723704317852,976595,1491885697
-6148461639667705390,976595,1491885710
-2232289006885218955,976595,1491885700
-6133788909721183511,976595,1491885683
8633428195381178117,996438,1491885690
-3898571375498366976,996438,1491885684
-172904783141222189,996206,1491885737
2043336779037103768,996649,1491885734
9082194146200644385,996649,1491885693
5269074438598708602,996649,1491885709
-8970074005613632607,996649,1491885728
8118200386069688199,996649,1491885687
-309674177663194007,996649,1491885714
6273929375864349870,996649,1491885690
-3103040953323065470,996649,1491885738
7308593497669288371,996649,1491885728
-1672740554805527287,996649,1491885721
-7646615928966494558,996649,1491885723
-4465730358470694620,996649,1491885722
5295348576318152258,996649,1491885692
-7076055764840868376,996649,1491885729
3399459106601727575,996649,1491885698
-8909473061069323004,996335,1491885730
7668241398542340094,996335,1491885738
6467953171112212112,995502,1491885698
3254547358678528236,995502,1491885708
8477865481398349079,995502,1491885689
3482233188766801144,994083,1491885737
3915335373740064132,996429,1491885735
2344436704655018103,996429,1491885699
-4423616326213562478,911545,1491885689
436279999081413030,996311,1491885691
2407331153810037130,996140,1491885724
7366960234161910274,994785,1491885717
8941516100021469734,989679,1491885691
-331666769584763429,995670,1491885737
-8116016200863225101,995715,1491885729
7964280142233981249,882332,1491885736
-743733432849874525,995373,1491885719
8255910095561769511,995373,1491885689
-1861080156057493696,995373,1491885738
1838678434078496451,2064,1491885685
-3560087985657793438,996323,1491885719
-6947897875325006574,996323,1491885712
4529312655822631572,996178,1491885708
-3936782677153911952,996178,1491885681
-5383296570344045525,996541,1491885712
3300902983452819560,996541,1491885721
-2349643429371644651,995478,1491885727
7830863394280232660,996269,1491885735
-7906097991717901130,996269,1491885712
3299127613960534047,995176,1491885726
-6402779716139206244,995176,1491885706
1241131084234972604,995176,1491885740
-8122000247014510757,995974,1491885682
-4402031204074221395,995873,1491885698
3081025103218408163,996598,1491885719
-6688487516563449709,996598,1491885712
-4278995282284317368,996598,1491885732
-8167043997366146531,996598,1491885685
-8527701044555162071,996598,1491885717
1353889006271908351,996598,1491885739
2471082822723024038,996448,1491885705
-6346136116350899156,996448,1491885728
2551339048391262494,996448,1491885736
-7518951163401897621,996448,1491885709
-7048624813256543787,996448,1491885717
-3339125701775544475,996448,1491885726
-3286629789708615677,996448,1491885703
-1709087023754143376,996448,1491885740
2993767383155865565,996448,1491885722
-3535518216427722263,996448,1491885705
-3545297323573271284,996448,1491885729
1353889006271908351,996604,1491885683
7959723217654022728,996604,1491885706
-3447736057093307532,996604,1491885706
-2427617679710356046,996604,1491885736
785662767172970466,996604,1491885684
7136334364627528166,996604,1491885722
-8969302293979070774,996604,1491885724
-241849934351479392,996604,1491885738
5019650169519843191,996604,1491885733
2753605435546459533,996604,1491885710
-3614534317477055823,996604,1491885710
-1792512187639889802,996604,1491885714
-8802204298611943926,996604,1491885713
6070759660982972796,996604,1491885728
8163928334066187385,996604,1491885716
6724255257784442021,996604,1491885707
-6012579659253740561,996394,1491885736
-4677091154028551501,996394,1491885716
-8184509238361943534,996394,1491885728
6383839414005917574,996394,1491885699
-5240348610843965481,996394,1491885735
-2318595043919209424,996394,1491885730
-7014798467377013467,991708,1491885704
186121048048566210,996151,1491885719
-8606655856582150571,996151,1491885735
-8866522221269736555,996151,1491885730
744591990754444647,996151,1491885706
1979889569966128918,995664,1491885713
3345701511002071362,995664,1491885720
5175823313582898603,995664,1491885718
3286256778277666728,995664,1491885715
436279999081413030,996305,1491885708
-258951733026625286,995569,1491885723
7317966864775419442,995927,1491885693
-2257975125820672510,938401,1491885691
-4240322186788897451,996558,1491885681
-1279807336532627855,996558,1491885739
5417142394535601849,996558,1491885731
24589667952427332,996558,1491885703
6967915134831132495,996558,1491885734
7866128746547736539,996558,1491885723
-6193972206926557784,996558,1491885729
6197695096059252326,996558,1491885696
-4377915442317977240,996558,1491885733
-7013609395535063295,996558,1491885708
8305226003306760598,996558,1491885736
-7687051119933022364,996558,1491885681
606014058499365402,996558,1491885697
4040713227792478197,996558,1491885728
507002021698387636,996558,1491885730
478135139742951937,996558,1491885724
6611547086057699686,996558,1491885708
-4370702757348777786,995527,1491885737
7875343404782294611,996357,1491885703
-8810616579888346160,996357,1491885727
4227213699814484274,996357,1491885681
2944733530277608114,996357,1491885702
-4630308037192153170,993906,1491885700
2511177390874854447,996212,1491885721
-7223977879030220540,996212,1491885712
7595960655436109401,996212,1491885732
8081891548402617831,996223,1491885705
4948118032636663179,993453,1491885728
-5797096545314707419,993453,1491885681
-839340021860128344,977763,1491885691
2166543609948822641,996631,1491885687
7962381748048252903,996631,1491885702
4752334524149676188,996631,1491885691
-725068074418544171,996631,1491885686
-4939310891046665016,996631,1491885727
5230199060404714387,996631,1491885707
6278069271323075996,996631,1491885720
7110717219640674795,996631,1491885701
1830656493385316586,992857,1491885691
-5240348610843965481,996392,1491885718
-2300811578598562690,996544,1491885740
5887529887152352454,996544,1491885729
1427064595550238267,996544,1491885725
8708095230798637040,996544,1491885684
-7634661514253079284,996544,1491885710
5192288099316611648,996544,1491885718
-5116562507217661913,996530,1491885695
-8854240766237840892,996530,1491885711
-409110689219718083,996530,1491885728
7469699512005674655,996530,1491885684
-8451408026876813703,996530,1491885710
2773809239080389167,996530,1491885711
6273929375864349870,996530,1491885732
-5936682455694097122,996530,1491885695
886164294116845708,996530,1491885718
-4950396394902005627,996530,1491885689
-493020200231674822,996530,1491885689
746485074773259623,996530,1491885716
9150042554705879929,996530,1491885694
8354881717442596865,996530,1491885683
6461635935797128955,996530,1491885719
3492257256394401695,996530,1491885737
-8357215234305913948,996530,1491885699
7338017924838387044,996530,1491885689
7526203230502846305,996530,1491885730
589332123269976039,996530,1491885733
1003895300207104229,996530,1491885710
1231478937024189581,996530,1491885717
2293952276981340397,996530,1491885696
-2706855496509466941,996530,1491885724
-9025915631499275461,996530,1491885699
878135212823498011,996530,1491885724
-379222523111670479,996530,1491885688
-9153749005454359912,996530,1491885692
436279999081413030,996308,1491885726
1409318792354037494,996171,1491885727
-2822375270342455213,844726,1491885692
2028377539902631245,996104,1491885700
107887550252095331,996104,1491885726
5996271468811344321,996095,1491885703
7881064299925324580,996329,1491885714
2501386588423779191,972937,1491885706
-7619447705040801828,972937,1491885731
1893597728663405486,972937,1491885683
-6675764790054944343,996347,1491885697
7668241398542340094,996347,1491885726
-2620058725951972481,996347,1491885701
-8909473061069323004,996328,1491885739
7668241398542340094,996328,1491885738
-4952046505992312133,992482,1491885718
-8205267326013503141,899608,1491885734
3832320779219774175,971011,1491885684
2135182214685184934,995790,1491885738
3315320871479110385,951001,1491885694
6704490410405798386,996234,1491885722
4324648017770772564,996234,1491885711
8015956943242699650,996234,1491885734
-8162946735068079596,996234,1491885732
3001292765394520718,996478,1491885681
919950585098241080,996478,1491885693
-6114209395972043390,996478,1491885733
-1930705705889069215,996478,1491885705
686107932720285834,996478,1491885710
1863032859763269451,996478,1491885716
4646555257835260133,996478,1491885711
-6073345926135963111,996478,1491885707
4503115817721761494,996478,1491885702
7877018515339773847,996478,1491885721
-8501510142990510309,996478,1491885735
6096770354185091348,996478,1491885738
247632455794907999,996478,1491885686
-8342368062217270901,996478,1491885689
-1403743889804221315,996478,1491885737
4308402979814765938,996478,1491885732
3310972691184183190,996478,1491885725
-4935011608509222045,996478,1491885690
5915260688784878394,996478,1491885692
1545294016814369804,996478,1491885723
-4525176950077171328,996478,1491885704
-5443810355249066091,996287,1491885703
-8968436189459657845,996542,1491885695
4609043661506061186,996542,1491885733
-4954963574459597629,996542,1491885684
8222198959642102146,996542,1491885737
1427064595550238267,996542,1491885732
-3677133628090090869,995516,1491885727
-4492993857474198819,994012,1491885708
-1354868972924709960,996434,1491885731
5175823313582898603,996434,1491885708
-3566127797313007136,996434,1491885686
-6129280112449634112,996434,1491885723
3286256778277666728,996434,1491885714
-7418267571801328227,996434,1491885724
-5510958493398779411,996434,1491885734
1007428461033339001,996434,1491885714
-8898150811029626807,996434,1491885694
-3716964119323855859,996434,1491885740
-4522407312095172738,996434,1491885722
-7048624813256543787,996434,1491885737
-8673184368902337281,995703,1491885738
-3929878976301088336,995703,1491885735
-2105726672404668258,996461,1491885686
3552014562212770472,996461,1491885712
-241849934351479392,996606,1491885700
5389232660587721318,996606,1491885702
-7384124648342255900,996606,1491885691
-5167671647103250455,996606,1491885732
-1792512187639889802,996606,1491885704
6070759660982972796,996606,1491885721
1285983331100391803,996606,1491885726
2569581377167435561,996606,1491885683
2753605435546459533,996606,1491885703
-8969302293979070774,996606,1491885697
5019650169519843191,996606,1491885716
1389158957418412442,996606,1491885705
-6307595502663917740,996606,1491885717
-5158257030829276811,996606,1491885730
-2498867458108983919,996606,1491885681
-1992960357434878510,996606,1491885718
-8027273948946420402,996606,1491885734
-8504327485168101572,996606,1491885718
-6853598600058764659,996606,1491885731
5482923045260348528,996606,1491885733
-7142741938160772717,996606,1491885712
7075948187605093557,996606,1491885738
-4555925008010753782,996606,1491885710
-8084214124120995998,996606,1491885698
5649162545494028390,996606,1491885697
-5861930949005673978,996606,1491885701
-843210758068993023,996568,1491885708
3294675426730845174,996568,1491885695
-1905953961365090891,996568,1491885733
2089989092978355018,996568,1491885716
5923976064890436252,996568,1491885728
4506220372998943235,996568,1491885720
-7446274568858903357,996568,1491885694
-1838318850972366541,996568,1491885684
-8000879521398969103,996568,1491885714
-3074010048004697138,996568,1491885699
3510568642227302275,996568,1491885725
4865842275716322265,996568,1491885733
2981034863881924302,996568,1491885737
-7353602483899291911,996490,1491885716
643895159653830313,996490,1491885713
427168732821313852,996490,1491885735
3832320779219774175,971003,1491885688
-5071072115092081235,996470,1491885718
2285108713613852332,996615,1491885735
-2757781836609361797,996615,1491885681
-865815321486150770,996615,1491885711
-7660983146460656952,996615,1491885715
-6084130239062886882,996615,1491885691
-6158778932685716266,996615,1491885722
-7240156395256547719,996615,1491885691
-2389468030303551568,996615,1491885704
1083630946589888739,996615,1491885711
6479043686578524378,996493,1491885740
-6641225070203581067,996493,1491885735
-2822251166527210666,994955,1491885712
7366960234161910274,994877,1491885695
8081410412917839403,195778,1491885727
-5240348610843965481,996395,1491885717
-7142275960215269971,996601,1491885706
-6805155879360404962,996601,1491885690
785662767172970466,996601,1491885697
-8969302293979070774,996601,1491885736
1353889006271908351,996601,1491885692
-241849934351479392,996601,1491885738
5019650169519843191,996601,1491885733
-2427617679710356046,996601,1491885736
7136334364627528166,996601,1491885722
-668394659382226380,995541,1491885718
2449960796401937184,954272,1491885698
7366960234161910274,991880,1491885686
2981034863881924302,996575,1491885724
3510568642227302275,996575,1491885712
3961640743821960656,996575,1491885724
5107807038856037682,996575,1491885716
4407648430775697488,996575,1491885701
-2698437072461526176,996575,1491885740
8945958575931273537,996575,1491885735
-339162786578558072,996575,1491885709
1127834716370068873,996502,1491885685
5086829453125970489,996502,1491885689
-878102773381787586,996502,1491885702
8094432426083039225,996502,1491885683
-1198530221698801773,996502,1491885698
-9126374228431358832,996502,1491885706
-1016894835451473052,996502,1491885708
5464783554326769067,996502,1491885697
5076523837510628428,996502,1491885694
-7714678240418196345,996502,1491885717
1765978113673906178,996502,1491885691
7923724580697732120,996502,1491885700
4899012619070622086,996502,1491885684
-3440589433597706620,996502,1491885703
8532815656779483626,996502,1491885689
3227736752098048889,996502,1491885682
395523891222397739,996502,1491885716
7619558051210370686,996502,1491885697
-3716964119323855859,996502,1491885722
8479711134414089320,996502,1491885728
3927338461058184490,996502,1491885693
-1410737013226584600,996502,1491885690
4181416799170734755,996502,1491885698
1027147599441027269,996502,1491885703
3237605999392414770,996502,1491885714
-980729036533584789,996502,1491885707
-323690495675864454,996502,1491885730
-1482986319627641850,996502,1491885716
-5116933441312458541,996502,1491885737
-1076068617072181129,996502,1491885683
-7542417171510419911,996502,1491885739
7722898181861861896,996502,1491885704
5714578979880902688,996502,1491885696
7856207845188481939,996502,1491885725
-1614133621913680199,996502,1491885718
6367225799353343348,996502,1491885711
-3849490795056326176,996502,1491885704
6107598752676023454,996502,1491885740
3153826089177145136,996502,1491885718
360967025739139202,996502,1491885685
2427741200806176697,996502,1491885692
-3171728538522453911,996502,1491885724
-7772560015330386654,996502,1491885712
-6660469246207755879,996502,1491885712
4907198518656606182,996502,1491885695
-5517169363826238539,996502,1491885684
-3928429560107598058,996502,1491885732
-6412749036391584345,996502,1491885725
6244883392454320990,996502,1491885732
-6308167315787611470,995801,1491885706
-331666769584763429,995662,1491885737
-5183952614725468678,996226,1491885684
1960644054560464869,996226,1491885709
4905257220179667683,995525,1491885701
-2173269598655378082,995525,1491885727
733394904131255012,996462,1491885706
1830656493385316586,996462,1491885687
4228417011349852623,996253,1491885725
2542660996584417364,996253,1491885699
-8361085367250234020,996276,1491885702
-6351238458482125761,996276,1491885734
6823070805243046221,996276,1491885711
7612460453115046521,996276,1491885700
-1294562156406522871,996276,1491885729
1665637761110227422,996276,1491885724
4928204366741732830,996276,1491885697
-2285982062188511568,996276,1491885699
-7507661247686546180,996276,1491885733
675946276122630687,996276,1491885714
9187164955579524849,996276,1491885712
6150973624414865245,996276,1491885719
-4402031204074221395,995872,1491885705
3394209419464760186,996503,1491885734
-4839566438301953165,996503,1491885730
-2458594228833756962,996503,1491885702
304819199537478910,996503,1491885694
-6662396542489620831,996503,1491885691
6029537000719905700,996503,1491885727
-554512732478524459,996503,1491885707
-4462324643079399118,996503,1491885710
-4322083896280744558,996503,1491885715
2471082822723024038,996503,1491885705
-3339125701775544475,996503,1491885726
-338966605227954265,996503,1491885691
-6901179407755954449,996503,1491885689
-6611390993594598595,996503,1491885728
5398589177699093689,996503,1491885724
-1244166326756340037,996503,1491885736
6942914078254167740,996503,1491885737
-8341636901190492993,996503,1491885692
8419663055996307760,996503,1491885731
-839042434971255342,996262,1491885702
-409881026228316085,996262,1491885695
3372402352411345609,996564,1491885683
7735300817933903967,996564,1491885689
-8708879913383226596,996564,1491885720
-2619778862735684979,996564,1491885693
6197695096059252326,996564,1491885738
-4536417432483970137,996564,1491885692
-8732298616663728440,996564,1491885721
-2877199285066839153,996564,1491885732
-6193972206926557784,996564,1491885739
7866128746547736539,996564,1491885735
6967915134831132495,996564,1491885737
3279042404733177775,996564,1491885696
-934510733644012199,996653,1491885683
5069455236761497361,996653,1491885738
-2578287592124067345,996264,1491885686
-5217635707252458408,996264,1491885711
-1114476047465725670,996264,1491885731
-668394659382226380,995550,1491885718
-2732445035828359302,995550,1491885719
-6402779716139206244,995550,1491885709
7366960234161910274,994604,1491885729
4552968660025919653,992414,1491885699
6903975998726954248,996612,1491885705
-6377637027659038094,996612,1491885738
7340980026944336477,996612,1491885734
-7547595600074693987,996612,1491885683
8675749313714281538,996612,1491885684
6096770354185091348,996581,1491885702
5019433363514165750,996581,1491885708
4263133297430202829,996581,1491885711
1024259602349701579,996581,1491885721
-4143341008687354631,996581,1491885719
2109415786109708984,996581,1491885709
-8448878085099012184,996581,1491885694
6556030023410657069,996581,1491885696
7787346843250043350,996581,1491885709
7893340659254635412,996581,1491885682
3219951244393187499,996581,1491885713
-3485750598802067810,996581,1491885686
9152320490975569420,996581,1491885708
-4759968414414792496,996537,1491885724
-2608492828207649545,996537,1491885690
-637968465915136699,996537,1491885717
3821418271757914602,996537,1491885727
7069387139796411163,996537,1491885713
8457109342932744159,996537,1491885704
1299148256004493884,996537,1491885725
-2320264043458437246,996537,1491885738
-8527033498403411512,996632,1491885725
6278069271323075996,996632,1491885719
-4939310891046665016,996632,1491885727
7110717219640674795,996632,1491885701
3173893530220598669,996632,1491885694
4165276373252647955,996632,1491885707
-1237289932634448867,996632,1491885706
5118200089987443486,996632,1491885732
-8889988635476151649,996632,1491885699
-7052833383115066007,996632,1491885728
-5077659775636973927,996632,1491885718
-5329141834920665410,996632,1491885708
-8819745509707064090,996632,1491885732
8912090812005605311,996632,1491885737
-5567941258831238556,996632,1491885737
2843426330157927568,996632,1491885681
5978113747662575006,996632,1491885729
3986395851147053089,996533,1491885702
1665637761110227422,996533,1491885724
-1294562156406522871,996533,1491885729
6823070805243046221,996533,1491885691
-7507661247686546180,996533,1491885733
-2285982062188511568,996533,1491885699
4294286120702156901,996533,1491885707
8949540638640701649,996533,1491885721
-6351238458482125761,996533,1491885709
7533832767851932087,996533,1491885693
-5931679776986969364,996533,1491885730
3658019538338337332,996533,1491885694
7069387139796411163,996533,1491885739
537090117478445946,996533,1491885723
-1010905788126711693,996533,1491885703
8153901534685703070,996533,1491885738
-9085925787588162739,996533,1491885740
5328151393048673122,996533,1491885724
7414599708075652574,996533,1491885729
4803136978612106025,996533,1491885732
-4920441892858184534,996533,1491885740
-9011093527464591787,996533,1491885692
-1887911321592951880,996432,1491885722
7620795038748153013,919944,1491885714
-4964360283262122954,919944,1491885730
-356971197911467448,996336,1491885724
4047390811873757764,996336,1491885712
8723321896897582465,996336,1491885712
3451085649550736479,996336,1491885722
5650145048466160071,996336,1491885734
-8140546842157665031,975858,1491885708
-534720041692728031,975858,1491885737
4008485444476137260,975858,1491885728
-2392950600892120134,975858,1491885725
7881602260297326894,975858,1491885725
-4462324643079399118,975858,1491885733
7595960655436109401,996306,1491885732
7964280142233981249,882272,1491885736
947129352235618984,996517,1491885701
4429128605005836164,990944,1491885699
2135182214685184934,995811,1491885705
8277444150851343085,996353,1491885682
3552014562212770472,996265,1491885682
4115807466792918660,996265,1491885699
4803136978612106025,996538,1491885732
3285650615819395095,996538,1491885707
8949540638640701649,996538,1491885708
4913802405883726919,996538,1491885705
-5931679776986969364,996538,1491885723
8625401242950370772,996538,1491885694
862523699016355275,996538,1491885702
-2965779563925059573,996538,1491885707
7877018515339773847,996538,1491885685
-1010905788126711693,996538,1491885702
-594083752194536690,996538,1491885682
5328151393048673122,996538,1491885724
-9011093527464591787,996538,1491885691
-5863502667268884716,996538,1491885695
-7507661247686546180,996538,1491885696
-7723872530025918515,996538,1491885725
161834902969852850,996538,1491885725
-6351238458482125761,996538,1491885697
4294286120702156901,996538,1491885690
-2757752218630050257,996538,1491885698
-6801511492565946993,996538,1491885685
8153901534685703070,996538,1491885738
-99713472012201506,996538,1491885726
4648834717337960547,996538,1491885713
-4920441892858184534,996538,1491885740
-3548319351033352015,996538,1491885700
7414599708075652574,996538,1491885729
-7052833383115066007,996538,1491885690
2351552440790033090,996538,1491885706
2045109982320928729,996538,1491885695
5501117792633047936,996538,1491885696
-9085925787588162739,996538,1491885740
7069387139796411163,996538,1491885737
537090117478445946,996538,1491885722
7085363213530615691,996538,1491885711
-4226028688652580523,996538,1491885696
8283953968045148952,996538,1491885724
-8649522162034735879,996538,1491885717
692251171164505417,996538,1491885702
-5129506332711002886,996538,1491885694
-2608492828207649545,996538,1491885701
7760505623792315483,996538,1491885702
-1595488552154540146,996538,1491885733
1458038069735014582,996538,1491885697
6768248582534879109,996538,1491885700
-4123069286620915792,996538,1491885691
1828192985415967972,996538,1491885702
-8159332719609906141,996538,1491885727
-7647940544823585562,996538,1491885696
5012502608867085436,996538,1491885690
-3107524524501111383,996538,1491885697
-1954510507283206928,996538,1491885698
7716411992411503823,996538,1491885684
-3173506044185075013,996538,1491885709
-9153315356995358876,996538,1491885729
9194388660671832676,996538,1491885716
-574668465325927839,996538,1491885709
-6077086611572155841,996538,1491885684
8459465963130956009,996403,1491885730
8531293760112181503,996403,1491885701
7017098037180404152,996403,1491885739
-303817466985151858,996403,1491885681
-5240348610843965481,996389,1491885685
-351179820771997849,996389,1491885735
7366960234161910274,995158,1491885687
4227213699814484274,996352,1491885692
-8810616579888346160,996352,1491885734
432762177127303021,996444,1491885737
7256717531113526588,996444,1491885717
2648266811637837428,996444,1491885701
-1001128602940137474,996444,1491885721
1781109103220330246,996444,1491885733
-3544066444747596120,996444,1491885736
7884400896574210832,996444,1491885697
-2777815151698840243,920177,1491885705
7612460453115046521,996546,1491885700
675946276122630687,996546,1491885714
-7634661514253079284,996546,1491885703
-2300811578598562690,996546,1491885691
1386950854091456268,996546,1491885682
-8509651862935884284,996546,1491885692
1427064595550238267,996546,1491885709
-7542445904042118816,996546,1491885721
2252481976918706857,996546,1491885718
-1784490096630742405,996546,1491885704
155571932631368321,996546,1491885725
-1344719363515995604,996441,1491885700
-409881026228316085,996441,1491885687
9071314363737646029,996441,1491885711
-2663457951791460834,996441,1491885691
-914116234705363575,996441,1491885708
3944534035859225336,996441,1491885710
125873894203210101,996441,1491885688
-7949001088196347858,995890,1491885733
107887550252095331,996105,1491885704
-9073647001308090471,402308,1491885706
-5268644985479343121,995143,1491885704
-1295484223444933990,996316,1491885724
3944534035859225336,996463,1491885683
186121048048566210,996155,1491885719
6756244614362552155,996362,1491885696
-489597201455854852,996362,1491885740
6893898431446650089,996605,1491885726
8227426436065965342,996605,1491885699
-1986483599715802531,996605,1491885719
1353889006271908351,996605,1491885707
-6805155879360404962,996605,1491885698
-7142275960215269971,996605,1491885706
-3233919928894858661,996605,1491885705
785662767172970466,996605,1491885697
5856586678280055694,996605,1491885697
-9080083263112337595,996605,1491885702
6316587255583894857,996605,1491885735
7136334364627528166,996608,1491885691
8163928334066187385,996608,1491885716
-2427617679710356046,996608,1491885700
-3614534317477055823,996608,1491885710
-8802204298611943926,996608,1491885713
-241849934351479392,996608,1491885726
-8969302293979070774,996608,1491885707
-1792512187639889802,996608,1491885714
5019650169519843191,996608,1491885725
6070759660982972796,996608,1491885728
2753605435546459533,996608,1491885710
-5167671647103250455,996608,1491885732
1285983331100391803,996608,1491885726
-7384124648342255900,996608,1491885691
5389232660587721318,996608,1491885702
-6273283999879967910,996608,1491885724
-4627158107713866887,996587,1491885707
-4143341008687354631,996587,1491885683
8970144660054473004,996587,1491885718
-5062401910402967393,996358,1491885718
-8810616579888346160,996358,1491885703
-6165301276711757671,996358,1491885738
-3934847490708501136,996572,1491885691
-6958480306234118172,996572,1491885716
2109389864949838769,996572,1491885690
-4594810600739177592,996572,1491885684
4790529143754459627,996572,1491885722
-7116392948097419396,996572,1491885739
2981034863881924302,996572,1491885686
4407648430775697488,996572,1491885695
-1571262922633750927,996572,1491885732
-2698437072461526176,996572,1491885738
3892447005178208736,996572,1491885719
8945958575931273537,996572,1491885735
1030047848343843123,996572,1491885731
636906282870160820,996572,1491885720
3510568642227302275,996572,1491885681
-339162786578558072,996572,1491885709
-5824042822724753241,996572,1491885725
2308765544511216320,996572,1491885739
3961640743821960656,996572,1491885717
-5398834844635762269,996572,1491885704
3237605999392414770,996572,1491885681
-2104390989004848412,996572,1491885703
5025635541389247778,996572,1491885725
2072609748674791569,996572,1491885715
8375293271468171941,996572,1491885682
-4377915442317977240,996572,1491885704
3240394355229489618,996572,1491885718
5638772947810036863,996572,1491885684
2546600855366369097,996572,1491885720
-8448878085099012184,996572,1491885720
5372905395548938750,996572,1491885726
3560575855211501505,996572,1491885729
2744431500178857145,996572,1491885682
-4050196550127793460,996572,1491885692
7655521751539703751,996572,1491885725
-1335778083943144931,996572,1491885682
-1604415411423665257,996572,1491885685
-1488844867226053474,996572,1491885728
8340754093603126017,996572,1491885702
-4143341008687354631,996572,1491885728
-6057345417983027446,996572,1491885734
6727546651804700212,996572,1491885710
-1128848580148044068,996572,1491885700
2027532982273308521,996572,1491885738
8311461391355623388,996572,1491885722
-973013389539323798,996572,1491885738
-5966525768100156694,996572,1491885697
-3371783950232122192,996572,1491885727
-8250321009579668330,996572,1491885722
1326791864670055108,996572,1491885728
-7106797585331988409,996572,1491885736
1372938639384549433,996572,1491885708
2915894844486576750,996572,1491885711
-6411908904455361626,996572,1491885712
-1943215774672404955,996572,1491885696
-4404337306096006448,996572,1491885715
4438198537016389536,996572,1491885725
-1474317106086412540,996572,1491885693
-4951792110217348496,996368,1491885690
-505689266544515751,996565,1491885728
-6800848895360409108,993302,1491885718
6431963617137588063,996197,1491885686
7668241398542340094,996338,1491885720
7366960234161910274,994836,1491885707
-3297519744569841789,343970,1491885723
7069387139796411163,996529,1491885728
-2608492828207649545,996529,1491885701
-6803997618002466491,996529,1491885691
-637968465915136699,996529,1491885717
7474511824007320001,996529,1491885706
6479043686578524378,996509,1491885730
-4370702757348777786,994541,1491885699
-2449526750314848653,994541,1491885730
-3408359888545746053,994541,1491885692
-746409380482271541,994541,1491885682
6189539207855158595,126344,1491885718
1682771924120834739,971588,1491885712
-8565738360030896108,982113,1491885698
7668241398542340094,996365,1491885716
8477865481398349079,996365,1491885689
6882244981308343061,996365,1491885728
-8451408026876813703,996365,1491885710
-4951792110217348496,996365,1491885690
2454473471984245691,937254,1491885685
6398860954598126954,996611,1491885683
7782098758798201225,996611,1491885713
-3601941685227504891,996611,1491885736
-3288396758667328204,996611,1491885683
-6307595502663917740,996611,1491885684
-3198742713720411563,996611,1491885722
-6853598600058764659,996611,1491885681
6850683148550919730,996611,1491885731
559385776931041886,996611,1491885705
1976660860308741875,996611,1491885740
5019650169519843191,996611,1491885687
-1960188951403198203,996611,1491885739
-6022379539589178274,996611,1491885697
4153506735818747928,996611,1491885707
3515080703621545658,996611,1491885726
1389158957418412442,996611,1491885687
7635935286515295930,996611,1491885725
-3975073312215258114,996611,1491885710
-990761130494258049,996611,1491885715
5118200089987443486,996611,1491885723
2575483557538524490,996611,1491885689
-4769373089037029499,996611,1491885735
-8272766123152893058,996611,1491885714
-3339175014752502035,996611,1491885731
-6628306965618190970,996611,1491885723
-8822108003864004810,996611,1491885683
-6633891953473000052,996611,1491885720
5183966897273829061,996611,1491885735
-3147156564166806644,996611,1491885715
-6218100362508262124,996611,1491885725
2958875831094222387,996611,1491885696
-2274035477078397664,996611,1491885694
-2453577791627113115,996611,1491885727
6914151420645576456,996611,1491885700
6687634475693155234,996611,1491885733
-9221614341836464261,996611,1491885739
-2181025079237697959,996611,1491885721
6076392670441986190,996611,1491885689
7366960234161910274,994710,1491885735
-5019784201040063001,996231,1491885737
8970144660054473004,996590,1491885708
-5684500390477776800,996590,1491885736
-1068762617226748508,996261,1491885689
858712879528134373,996261,1491885686
-7334762015782126029,996261,1491885718
-2644880704452385378,996261,1491885683
7330187222151118401,996261,1491885730
3412330718775001439,995395,1491885683
403274682609758091,995395,1491885730
-3408359888545746053,995395,1491885687
-2449526750314848653,995395,1491885709
-6753162669501315797,995395,1491885738
1848770850645667514,995395,1491885691
-1028979152455650986,995395,1491885708
4839228281807792601,995395,1491885688
2854907241547220955,995395,1491885707
-3713471738601214598,995395,1491885699
-3555051309236910797,995395,1491885735
-5338451998632761334,995395,1491885713
2135182214685184934,995805,1491885738
-4476499403735426678,996408,1491885708
-6753162669501315797,996268,1491885719
125873894203210101,996451,1491885682
3944534035859225336,996451,1491885702
-4755880409910214603,943536,1491885710
7366960234161910274,994686,1491885739
-4039263558774151486,972031,1491885683
8043051835789538182,972031,1491885717
-6301716794795996504,996415,1491885723
7366960234161910274,994906,1491885700
4279505757692971564,994587,1491885690
6908482094160104782,994587,1491885738
-6621301256890572420,994587,1491885709
-3240595671791120563,994587,1491885705
-8551212897845030242,994587,1491885701
7642157396462207664,994587,1491885707
-647567500114137293,996646,1491885689
8287294592471244291,996646,1491885709
7344429560350737244,996646,1491885705
-1248397852062898080,996646,1491885691
-4769237860809619679,996646,1491885712
2709014841088304024,133052,1491885723
-6148461639667705390,996333,1491885710
8222198959642102146,996333,1491885736
-2232289006885218955,996333,1491885704
4609043661506061186,996333,1491885703
6032614293138357287,996333,1491885691
1427064595550238267,996333,1491885732
1924349591315171607,996333,1491885704
-1698973374248678496,996333,1491885707
140805025312600486,996333,1491885691
8708095230798637040,996333,1491885684
-2300811578598562690,996333,1491885740
969351613140056085,996355,1491885723
-4148451343434397735,996355,1491885681
-6165301276711757671,996355,1491885737
-8810616579888346160,996355,1491885683
-8992355647832967663,996355,1491885690
6770219021099926857,420268,1491885709
-8646200043471201345,996617,1491885693
1528490995992873750,996617,1491885727
-2274035477078397664,996617,1491885694
-8272766123152893058,996617,1491885714
-6633891953473000052,996617,1491885720
-3975073312215258114,996617,1491885709
-2181025079237697959,996617,1491885721
6687634475693155234,996617,1491885733
-3198742713720411563,996617,1491885689
-2453577791627113115,996617,1491885726
6850683148550919730,996617,1491885705
5183966897273829061,996617,1491885735
7635935286515295930,996617,1491885718
4153506735818747928,996617,1491885691
2958875831094222387,996617,1491885696
7908234971160845724,996617,1491885720
-3339175014752502035,996617,1491885731
6914151420645576456,996617,1491885700
491842379307910333,996617,1491885731
6717941236320015716,996617,1491885688
-1506082444667351646,996617,1491885707
3515080703621545658,996617,1491885713
-990761130494258049,996617,1491885715
-5991252303544534329,996617,1491885723
-8822108003864004810,996617,1491885683
2575483557538524490,996617,1491885688
6076392670441986190,996617,1491885689
-3147156564166806644,996617,1491885715
-7753624198330067255,996617,1491885736
6897823773410416496,996617,1491885704
-9221614341836464261,996617,1491885739
-1960188951403198203,996617,1491885722
6449979186906283341,996617,1491885709
-6630336873860376506,996617,1491885698
-1445135732216650484,996617,1491885684
6454470254404794963,996617,1491885716
-6371212939258881940,996617,1491885729
-6110158977492109586,996617,1491885695
1976660860308741875,996617,1491885718
-8365707822635409667,996617,1491885728
-9095089933845135043,996617,1491885682
-8807789756340487217,996617,1491885712
-3790859266281549344,996617,1491885689
518267414854364827,996617,1491885740
116588573094188167,996617,1491885703
9188748104625203061,996617,1491885681
3727558908624822209,996617,1491885708
6072295644203981015,996617,1491885711
6214549046769594192,996617,1491885719
2953225486551338760,996617,1491885732
5937636753561916078,996617,1491885686
790401474404923295,996617,1491885715
-5610415584665257728,996617,1491885723
3108510340568538325,996617,1491885708
8446889907598398991,996617,1491885692
1941780169695305314,996617,1491885705
-1578316130544925652,996617,1491885697
-5049580806046558189,996617,1491885722
-6971999675163834594,996617,1491885726
-8009209018702381813,996617,1491885700
-727376714567945364,996617,1491885695
-3414824010178229805,996617,1491885718
-5235553698710701844,996617,1491885728
-142638538427759534,996617,1491885735
3694069286315828044,996617,1491885719
4295518992440520681,996617,1491885705
-1814974755768796887,996617,1491885718
-2369434407046301161,996617,1491885703
6205528866816036084,996617,1491885740
7436805550089318708,996617,1491885699
4727584569147866075,996617,1491885690
-231007489997807069,996617,1491885700
-4541784417456925642,996617,1491885722
-8812667307184496292,996617,1491885736
751447047545588560,996617,1491885705
7661709072493101681,996617,1491885688
-3306851601951043851,996617,1491885682
-1598029174218619764,996617,1491885702
4686122166461566238,996617,1491885685
7199589738969168088,996617,1491885717
6210737219718766696,996617,1491885706
-4762067278532275265,996617,1491885681
-3263704711131673941,996617,1491885714
-3874469690101052848,996617,1491885729
-6483836657675156667,996617,1491885690
-4165250279027360351,996617,1491885683
1669964296104078946,996617,1491885727
-4052895717058799469,996617,1491885725
6619914710844950092,996617,1491885725
9035974283966582496,996617,1491885739
-4849600642248022653,996617,1491885711
1581204430763833993,996617,1491885690
-7242231716344147441,996617,1491885739
5948223718456620837,996617,1491885724
-5013069584481597589,996617,1491885691
5415127936593113980,996617,1491885723
7269087711261422488,996617,1491885736
-680218317710314943,996617,1491885721
2343107793780851416,996617,1491885730
-8664010170258874487,996617,1491885698
-3964599392374611378,996617,1491885732
-353898522435446429,996617,1491885713
3960227894375244022,996617,1491885722
6479043686578524378,996501,1491885740
-7100393574213964048,996501,1491885686
4909814208761976042,996501,1491885689
150181251739301827,996603,1491885694
3521073454939083850,996603,1491885714
553530342195986179,996603,1491885736
-6805155879360404962,996603,1491885726
1353889006271908351,996603,1491885726
-8527701044555162071,996603,1491885681
-140607615831495440,996603,1491885713
6893898431446650089,996603,1491885726
2743012692470656766,996603,1491885695
87351473210275350,996603,1491885697
-2681578963848231654,996603,1491885682
-1475261006311822506,996342,1491885696
-2533743548370643001,994256,1491885692
360967025739139202,994256,1491885731
-8229912270350861861,996009,1491885720
-4350671377762481059,996093,1491885736
-2732445035828359302,996233,1491885680
-5183952614725468678,996233,1491885690
-2827357584591110464,996233,1491885738
434718724364909479,994457,1491885699
2028377539902631245,996102,1491885736
2109415786109708984,996582,1491885704
7787346843250043350,996582,1491885709
-4645078483801712241,996582,1491885687
-4143341008687354631,996582,1491885710
-8448878085099012184,996582,1491885690
6835242213588351423,996302,1491885735
-329393176239442359,996302,1491885683
-5050528558222447018,996302,1491885727
-1114476047465725670,996242,1491885693
-172904783141222189,996242,1491885737
1468930188605506428,996488,1491885683
-6947897875325006574,996210,1491885732
-2392950600892120134,996525,1491885716
-534720041692728031,996525,1491885680
7881602260297326894,996525,1491885705
304819199537478910,996525,1491885739
-786725715285397799,996525,1491885716
-3427919126291119068,996525,1491885706
4008485444476137260,996525,1491885702
-4462324643079399118,996525,1491885726
3785716862209747143,996525,1491885733
-6662396542489620831,996525,1491885704
2128120428745971583,996525,1491885684
-1479868851877166446,421282,1491885706
2523641503859335387,996400,1491885725
5076043175808090740,996400,1491885708
5796613008303225201,996400,1491885736
7705033864597476683,996400,1491885730
7120538833498493402,996400,1491885740
514002362255469946,996400,1491885710
-8506844710658767323,996400,1491885701
5990503135223916850,996400,1491885709
2606806537575259301,996553,1491885731
-2791966341299603894,996553,1491885714
5842755373846193699,996553,1491885734
-1584978271355657173,996553,1491885735
8087386760868113416,996630,1491885727
-6556897158098920679,996630,1491885716
33231197148140886,996630,1491885722
-1509866364137224038,996630,1491885690
-5567941258831238556,996630,1491885737
2232046330160319707,996630,1491885732
-8889988635476151649,996630,1491885699
3178803962834034243,996630,1491885684
-2014708394023662851,996630,1491885685
8912090812005605311,996630,1491885737
6065610286017651940,996630,1491885720
2567745568713395106,996630,1491885701
-5771237067207155792,996630,1491885703
-4939310891046665016,996630,1491885694
-5329141834920665410,996630,1491885708
-4326327433649020949,996630,1491885721
8471429648438736647,996630,1491885734
-8445455355459468975,996630,1491885736
2843426330157927568,996630,1491885681
2546186455567907995,996630,1491885702
3432488775371457557,996630,1491885740
1125528302930263350,996630,1491885733
6046467253829697373,996630,1491885705
5230199060404714387,996630,1491885687
1924195213888374636,996630,1491885722
211925192219176529,996630,1491885703
-1806819899781463211,996630,1491885728
-386478345839942629,996630,1491885719
-8998190409213288389,996630,1491885708
-1260275221742838846,996630,1491885710
-8964434863015300806,996630,1491885691
8566279089572641089,996630,1491885704
1504484216991649188,996630,1491885738
9009105277971628047,996630,1491885704
6678608694940363778,996630,1491885682
-1091707106275482222,996630,1491885713
1505817466705178947,996630,1491885698
9221802103367426502,996630,1491885708
7445509016081818577,996630,1491885727
5221330710083264273,996630,1491885707
8811917951382328731,996630,1491885739
-2008951587536145086,996630,1491885702
-4150696218278477822,996630,1491885709
-6464461060272787213,996630,1491885709
3199339817338925037,996630,1491885728
-5736531200457177894,996630,1491885715
-401700332787117472,996630,1491885699
-1253971886125724549,996630,1491885737
-4425330034675099672,996616,1491885711
2343107793780851416,996616,1491885703
-7240156395256547719,996616,1491885731
7059524041129243772,996616,1491885680
-7660983146460656952,996616,1491885732
7269087711261422488,996616,1491885690
-6646053537212380037,996616,1491885726
-97893297497202277,996079,1491885722
7078559280679531560,996079,1491885713
-5800129676466840768,996079,1491885686
241853830862473745,996079,1491885717
-2819983054173365419,996079,1491885698
179951256681618691,996079,1491885681
861523262871891229,996079,1491885725
-8326001794853461762,996079,1491885691
1001461101419042536,996079,1491885714
5814245184763601637,996079,1491885708
-2404231830323212389,996079,1491885723
1997464870444702556,996079,1491885691
-2759851765769481867,996079,1491885733
-7971148129960718054,996079,1491885703
782486257268685254,996079,1491885694
8425924858346399770,996079,1491885706
-7843803872710850249,996079,1491885692
6178304853493068033,996079,1491885720
7423314030338689501,996079,1491885717
234991755863214086,996079,1491885704
-8486620978684880792,996079,1491885720
412771440331277875,996079,1491885726
-2126512412019654156,996079,1491885696
6177582020441795064,996079,1491885693
-186832312426081944,996079,1491885725
-2119470552668642225,996079,1491885716
-9146629821068475643,996079,1491885689
942773013823393418,996079,1491885702
-3537479275041540476,996079,1491885716
4972711482884759954,996079,1491885687
-7660807658446315287,996079,1491885689
5618538340670960399,996079,1491885729
7893631341288089684,996079,1491885734
8776086872409723225,996079,1491885688
-5091263031092727415,996079,1491885738
314589030412982660,996079,1491885708
-1857130309721502891,996079,1491885719
-5703621126624309879,996079,1491885730
6882025112887130534,996079,1491885727
9129275890865424363,996079,1491885734
3241652474832172709,996079,1491885721
7855815174543461081,996079,1491885693
-6706299541259197614,996079,1491885724
-1811509195183492437,996079,1491885727
8508370955401270608,996079,1491885734
-8648196793167114099,996079,1491885697
3424922342974335147,996079,1491885730
-5317822422522352815,996079,1491885728
731151176850079111,996079,1491885699
7554675275219299221,996079,1491885731
3617280984132988850,996079,1491885730
-5169218469072539550,996079,1491885731
9141000964948375212,996079,1491885683
9048919249244643271,996079,1491885712
-6758919356351675954,996079,1491885706
1960808188377329890,996079,1491885685
-5438040289798390385,996079,1491885712
7996993579823503574,996079,1491885693
-3020856785782610992,996079,1491885726
-6130932132624744927,996079,1491885740
-5421784092622430348,996079,1491885688
-3976094668954387397,996079,1491885699
-5335521201094506826,996079,1491885714
-3412363951604875472,996079,1491885685
4859031556542522126,996079,1491885708
-4974106060904738873,996079,1491885711
1481106014641916447,996079,1491885696
710108932439542794,996079,1491885729
2083096539073372630,996079,1491885703
4386608354594843149,996079,1491885719
6720802763198719042,996079,1491885707
1920633198413497518,996079,1491885739
8280335913848734897,996079,1491885731
7909347401183493061,996079,1491885738
416527796801390824,996079,1491885682
-8551212897845030242,996079,1491885705
6467953171112212112,996079,1491885698
2357575432688894867,996079,1491885724
9001740837303242162,996079,1491885692
8328823967156604971,996079,1491885719
-6866201056746495433,996079,1491885712
3285684403267164356,995320,1491885695
5471458291183374215,996271,1491885715
-1638027049092209644,996271,1491885723
-1016894835451473052,996271,1491885722
-3131729774100579952,877015,1491885725
5727768484491453766,996585,1491885713
-4627158107713866887,996585,1491885719
-4143341008687354631,996585,1491885693
9190350934737722462,995705,1491885684
-7353602483899291911,996489,1491885681
7269087711261422488,996621,1491885687
-8124407557056955849,996621,1491885726
-7660983146460656952,996621,1491885726
-7240156395256547719,996621,1491885703
-6084130239062886882,996621,1491885691
-865815321486150770,996621,1491885711
4670069026873284851,996621,1491885687
1654376842121038761,996621,1491885682
-6158778932685716266,996621,1491885722
-2757781836609361797,996621,1491885681
4549390521013243443,996621,1491885703
434718724364909479,995881,1491885733
207603234040185575,991226,1491885698
-5498972856578674249,996176,1491885716
4097674404683613984,996430,1491885693
4088908376194621270,996430,1491885739
-7399704473805869216,996430,1491885732
-2984129952708944516,996430,1491885705
-836866138436095763,996430,1491885723
-515384235764022108,996430,1491885736
-2333949981969089714,996430,1491885692
-2168071222599828121,996430,1491885707
-6000443617007215155,996430,1491885712
324809329516310812,996430,1491885701
4228417011349852623,996522,1491885706
-534720041692728031,996522,1491885717
4008485444476137260,996522,1491885728
7881602260297326894,996522,1491885724
-786725715285397799,996522,1491885728
-3427919126291119068,996522,1491885716
-2392950600892120134,996522,1491885725
-4462324643079399118,996522,1491885733
-6734391270053606406,996522,1491885740
304819199537478910,996522,1491885739
-4402031204074221395,995858,1491885730
9082194146200644385,996644,1491885730
8118200386069688199,996644,1491885702
5118220070913240522,993513,1491885717
-7018819097345856512,992451,1491885734
1241131084234972604,995193,1491885740
-6402779716139206244,995193,1491885695
-1933022601679152228,995193,1491885702
-1068762617226748508,995193,1491885689
-7334762015782126029,995193,1491885718
-3823611226680215426,996657,1491885681
-8958267775483084958,996657,1491885705
877947561884377770,995427,1491885683
-8716148508872774284,996643,1491885711
8118200386069688199,996643,1491885739
3716708126130504872,996643,1491885739
345696223255014140,996643,1491885700
-1971185361890098651,996643,1491885734
916702146245708294,996643,1491885739
-1661159624814655483,996643,1491885732
-6158778932685716266,996623,1491885717
-6084130239062886882,996623,1491885686
-7660983146460656952,996623,1491885706
-7240156395256547719,996623,1491885687
-865815321486150770,996623,1491885699
-703680323821226230,996623,1491885702
-8134299605053215902,996623,1491885728
9194388660671832676,996496,1491885690
-7412706931632386366,996496,1491885709
-826522990082854982,996496,1491885737
37559690063571863,996496,1491885712
-3544066444747596120,996496,1491885726
722721886068059622,996496,1491885667
-2922739886936907136,996496,1491885710
-7031646449740819109,996496,1491885690
2180293960318052979,996496,1491885684
6839406471280982641,996496,1491885695
2929186122648575909,996496,1491885724
4175762531690599458,996496,1491885703
-9117243959009012155,996496,1491885688
1619550217776473593,996496,1491885704
5801706072598102197,996496,1491885739
-4498114028446953592,996496,1491885717
-4660284368060552385,996496,1491885730
8454989900093668371,996496,1491885683
1719807087600450003,996496,1491885740
3109321129568483625,996496,1491885719
1595042977866309668,996496,1491885712
7624992537929769585,995937,1491885688
3109321129568483625,996494,1491885719
6839406471280982641,996494,1491885687
-4498114028446953592,996494,1491885716
396213781202677347,995966,1491885689
7897107672940949333,852795,1491885695
2028377539902631245,996096,1491885736
-3778266999130767450,996381,1491885698
-5584446083572216194,996381,1491885700
-1243104004126021501,996600,1491885702
3081025103218408163,996600,1491885693
-4278995282284317368,996600,1491885728
1353889006271908351,996600,1491885739
-6688487516563449709,996600,1491885698
-8527701044555162071,996600,1491885717
2410520683518424063,996600,1491885695
-8167043997366146531,996600,1491885681
-4063635014759796382,996600,1491885691
-7343550536995944565,996600,1491885729
150181251739301827,996600,1491885730
589830671696288012,996600,1491885683
5178787107107064150,996600,1491885716
468743738820581458,971769,1491885724
-6743195262654575054,996638,1491885703
6454627318412066555,996638,1491885682
53256311768149211,996638,1491885735
-5077659775636973927,996638,1491885701
7736222287828787908,996638,1491885682
-1462876978745381019,996638,1491885680
6119059638735319812,996638,1491885728
6261313414370867257,996638,1491885706
2953455850533488267,996638,1491885705
3391916633075385323,996638,1491885737
8460233465887739028,996638,1491885701
1747440538778147709,996638,1491885717
-4295945541645676512,996638,1491885690
1277038287220172160,996638,1491885724
8046908632534392869,996638,1491885717
-6464461060272787213,996638,1491885689
-6712344651468836725,996638,1491885687
5111448076939898092,996638,1491885695
3702471821944847258,996638,1491885693
-5268644985479343121,995265,1491885704
-5833490166060991867,962359,1491885684
4714632206028865763,974441,1491885690
8111203336675786665,974441,1491885722
-1098223708657746349,996655,1491885732
-8853844530051284592,996196,1491885680
155571932631368321,996547,1491885725
5887529887152352454,996547,1491885704
-2300811578598562690,996547,1491885684
2252481976918706857,996547,1491885718
1427064595550238267,996547,1491885708
-2791966341299603894,996547,1491885729
-6346292596870567438,996547,1491885725
8923046861632339693,996437,1491885721
-8757908663101640406,996437,1491885699
-1887911321592951880,996437,1491885709
451143103527073987,996437,1491885728
-8864605208319315652,996437,1491885709
-1295484223444933990,996320,1491885718
7366960234161910274,994690,1491885727
2028377539902631245,996103,1491885723
107887550252095331,996103,1491885726
267023035785001944,942456,1491885736
-4148451343434397735,996327,1491885740
-7605029111920381697,996327,1491885739
-5338451998632761334,996327,1491885713
-8156726555636043894,996327,1491885717
-3983450481535822252,996327,1491885737
-4660284368060552385,996327,1491885692
-2761824416597335860,996327,1491885702
-5775678835946736706,996327,1491885684
2511177390874854447,996327,1491885692
8627223006566086335,996327,1491885682
7366960234161910274,994681,1491885740
6675772857250651251,996070,1491885734
6733934372732017095,996070,1491885726
8627223006566086335,996372,1491885681
3549579348258569310,996372,1491885720
-2761824416597335860,996372,1491885698
-3983450481535822252,996372,1491885699
-7746255357837424006,996372,1491885697
-3842660169989903033,996372,1491885699
7952000968915637549,996372,1491885712
2316197201599679850,996372,1491885735
-7293667806750102215,996372,1491885714
-7809186265048610761,996372,1491885698
6583645245866701113,996372,1491885739
2618649703519897058,996372,1491885704
239472457013859551,996372,1491885738
-5743296464679490683,994319,1491885721
2944733530277608114,996363,1491885701
2648266811637837428,996363,1491885700
-8810616579888346160,996363,1491885721
-1201338173896483770,996363,1491885704
-5062401910402967393,996363,1491885718
-4664296877920047419,996363,1491885693
3656539070777567066,996363,1491885735
-6301716794795996504,996424,1491885731
-3212954736414633912,996188,1491885692
-1098223708657746349,996654,1491885732
3944534035859225336,996454,1491885710
125873894203210101,996454,1491885688
6268124823776109764,911185,1491885722
-4546345402980494481,996072,1491885683
9201009216374587315,996072,1491885686
-4476499403735426678,996467,1491885708
8969128716013309668,996053,1491885684
-401700332787117472,996053,1491885684
5471458291183374215,996053,1491885716
8633428195381178117,996431,1491885688
-2266104595236270401,996431,1491885700
-2342843088349614669,996629,1491885719
-725068074418544171,996629,1491885718
4752334524149676188,996629,1491885700
211925192219176529,996629,1491885724
2166543609948822641,996629,1491885687
6473176101285362540,996556,1491885692
5842755373846193699,996556,1491885715
-4536417432483970137,996556,1491885722
-2619778862735684979,996556,1491885714
5996271468811344321,996080,1491885725
-5922332597020901027,155671,1491885701
7366960234161910274,994852,1491885705
8366068129525806182,995871,1491885722
-1861080156057493696,996270,1491885738
-172904783141222189,996288,1491885725
8736859658429028350,996472,1491885717
6011301808241526682,996472,1491885725
7947953996187137602,996472,1491885729
-720629723227599800,996472,1491885732
2107309659107887364,996472,1491885681
3166002629026639680,996472,1491885700
4436036628979802731,996472,1491885715
6243642062198336279,996472,1491885705
-6117474243195984909,996472,1491885698
7426743189098084802,996275,1491885693
8025851442397004612,996275,1491885713
5459603251416352956,996275,1491885723
384124499719595764,996275,1491885728
-6108110067999021698,996275,1491885686
-781203110662762659,996275,1491885709
789163301182162353,974615,1491885692
-2349643429371644651,974615,1491885717
-5589820396315183248,995729,1491885738
2028377539902631245,996101,1491885729
1967833862921879174,981437,1491885721
-367183848755966336,996023,1491885686
-3485750598802067810,996023,1491885731
-5240348610843965481,996390,1491885735
-5805134565844081566,897228,1491885693
733394904131255012,996481,1491885680
-534720041692728031,996481,1491885737
-8140546842157665031,996481,1491885709
-3677133628090090869,995518,1491885715
-5416881168027616969,996413,1491885737
3417084267093052415,996413,1491885687
-6353933565229972883,996413,1491885693
4443563481273348048,996413,1491885738
6358459265548517073,996413,1491885719
-801081427453156228,996413,1491885727
3300902983452819560,996588,1491885687
-2218538311235585820,995517,1491885714
-3408359888545746053,995517,1491885713
-4370702757348777786,995517,1491885712
8543955018986115657,995517,1491885730
-2449526750314848653,995517,1491885730
9082194146200644385,996647,1491885715
8118200386069688199,996647,1491885698
5269074438598708602,996647,1491885713
-746991498386606870,996647,1491885707
-309674177663194007,996647,1491885714
-8970074005613632607,996647,1491885728
5689666798478670960,996647,1491885685
-7418267571801328227,996459,1491885685
-3318695636856495370,996459,1491885721
-5246810786878565442,996459,1491885725
-6152616938321379145,996459,1491885707
-5652925736943447105,996459,1491885714
-7296752113760664738,996459,1491885681
9009105277971628047,996459,1491885682
-980729036533584789,996459,1491885689
8815379051110206430,996459,1491885740
-1825681994496146797,996459,1491885738
-3127562776911444630,996459,1491885722
-6218100362508262124,996459,1491885691
1525373984925723201,996459,1491885692
638392865483324276,996459,1491885702
1372869224476236762,996459,1491885701
-8293555989493260643,996459,1491885682
-3082351211160760232,996459,1491885706
-4439362712807914090,996459,1491885684
-8540498606488346517,996459,1491885729
6752985166863458776,996459,1491885736
5992832330512049050,996459,1491885696
-6322143050739747534,996459,1491885701
3272068083671765614,996459,1491885698
-932363451540654803,996459,1491885713
7624645876727001920,996459,1491885728
3314485087787276668,996459,1491885702
-5395529437163088983,996459,1491885741
5432045112536927220,996459,1491885712
8087386760868113416,996459,1491885735
-6290912356441016858,996459,1491885730
4259561069451373318,996459,1491885713
7682073253576482751,996459,1491885688
-5795289310352063944,996459,1491885686
5481343723884754012,996422,1491885737
-6301716794795996504,996422,1491885739
6611547086057699686,996422,1491885691
-5048323088323441789,996579,1491885728
1440976352541780750,996579,1491885730
-6688487516563449709,996579,1491885715
4324648017770772564,990250,1491885721
-3677133628090090869,995519,1491885727
478135139742951937,996566,1491885724
-7013609395535063295,996566,1491885708
7866128746547736539,996566,1491885715
8469259108311741684,996566,1491885731
606014058499365402,996566,1491885697
8305226003306760598,996566,1491885736
507002021698387636,996566,1491885730
6197695096059252326,996566,1491885691
1235813731123005258,996566,1491885706
-6193972206926557784,996566,1491885722
-4377915442317977240,996566,1491885731
-6498789098655027518,996566,1491885730
-3555051309236910797,996566,1491885689
6967915134831132495,996566,1491885721
3648851633536394819,996566,1491885721
6162608786914289954,996566,1491885726
3205004918240586276,996566,1491885725
-965874367532188893,996337,1491885706
8290141056792928414,996337,1491885722
-6753162669501315797,996337,1491885702
-144579521476489199,996337,1491885702
8459465963130956009,996337,1491885735
-2659318104208822143,996337,1491885708
-6839062418648707460,996337,1491885735
-303817466985151858,996337,1491885681
-2999063721611953774,996337,1491885719
-7266405406967244803,996624,1491885736
2944508374049075073,996624,1491885681
7514447168058444609,996624,1491885694
-725068074418544171,996624,1491885734
5593140164791044845,996624,1491885689
6065910319711137073,996505,1491885725
8673316833723395082,996505,1491885700
-5240348610843965481,996397,1491885728
-6947897875325006574,996397,1491885680
2972069047192930446,996116,1491885710
-6947897875325006574,996299,1491885688
-4660284368060552385,996299,1491885692
-7605029111920381697,996299,1491885739
3891173879269163453,994809,1491885694
-7018819097345856512,992478,1491885734
-4350671377762481059,996081,1491885736
-5589820396315183248,994454,1491885740
-5032085505917901393,994454,1491885733
-1708475056957312221,996599,1491885719
-122343349973575653,996599,1491885720
-6112374144494023647,996599,1491885697
5178787107107064150,996599,1491885716
-2681578963848231654,996599,1491885739
2822904828079380431,996599,1491885713
-7343550536995944565,996599,1491885729
2410520683518424063,996599,1491885690
-6688487516563449709,996599,1491885692
150181251739301827,996599,1491885730
-8527701044555162071,996599,1491885711
-4278995282284317368,996599,1491885710
-4063635014759796382,996599,1491885691
-1243104004126021501,996599,1491885683
3029188467506217685,996599,1491885695
3741436298905634265,996599,1491885715
-7853989713359924805,996599,1491885734
-7246231828348986910,996599,1491885696
5633765913286489547,996599,1491885681
589830671696288012,996599,1491885683
2765866159535245472,996599,1491885734
1353889006271908351,996599,1491885730
-8045069564739056315,996599,1491885692
7470644977305910651,996599,1491885713
5599464142911761318,996599,1491885724
-8258887344547186267,996599,1491885723
-8569289707683333098,996599,1491885695
6801829120335623270,996599,1491885725
5056830251031937049,996599,1491885691
5642878698764677301,996599,1491885731
-7966386464067941123,996599,1491885705
274038473251853071,996599,1491885702
4555495705334501876,996599,1491885721
3666843973342345270,996599,1491885685
-6137998016530334877,996599,1491885702
9111945270668662684,996599,1491885700
9017567447098771853,996599,1491885726
-5553183357783077787,996599,1491885732
786072125118594334,996599,1491885691
-2334019311094592608,996599,1491885681
3463850437729444562,996599,1491885740
6062877693255957837,996599,1491885717
4089930417251112349,996599,1491885713
-7613311252578775342,996599,1491885698
-6805155879360404962,996599,1491885726
-3462736914333736391,996599,1491885734
6659688878247702279,996599,1491885718
7466265889881493578,996599,1491885724
-489597201455854852,996382,1491885692
-2084921145587454768,996382,1491885702
-4380986703538441561,996221,1491885687
-1165941734650464696,996221,1491885680
-8801729196976056818,995481,1491885707
8255910095561769511,995481,1491885695
-743733432849874525,995481,1491885722
2972069047192930446,996120,1491885710
635542343065831309,996181,1491885729
5245647093547745788,996290,1491885684
1369674302191975194,996410,1491885713
-976020914862746985,996410,1491885716
333279754188533832,996404,1491885699
5700258244943880997,600466,1491885726
5898321781289814732,995589,1491885729
2753324307868859047,151083,1491885733
-703680323821226230,996625,1491885702
5177981815966421296,996625,1491885710
-1708401292412973707,996625,1491885716
-7660983146460656952,996625,1491885685
-865815321486150770,996625,1491885692
-7194021516552547763,996625,1491885700
-6809702137644604208,996625,1491885706
2944508374049075073,996625,1491885681
-8257895724228561920,996625,1491885733
2351827276602027224,996625,1491885734
2448962715535344216,996625,1491885729
5629174418246229987,996625,1491885684
-6072499721766395384,996625,1491885727
-6957651305607193169,996625,1491885715
-7266405406967244803,996625,1491885736
-1357186600711368241,996625,1491885737
-2726564476933880042,996625,1491885702
-6968444190247446462,996405,1491885740
6029537000719905700,996405,1491885736
6076437007298355926,996405,1491885730
2029844003936237688,995833,1491885688
7964280142233981249,881324,1491885705
8792362152614155030,988454,1491885704
-1949905308826870002,988454,1491885690
-5828713901240409361,988454,1491885718
-4484621744631717281,988454,1491885702
4313210454445056327,996386,1491885735
658413650272884649,996386,1491885697
7601012885615260721,996386,1491885682
-7399704473805869216,996214,1491885732
6320140856081267624,996214,1491885731
4097674404683613984,996214,1491885693
-836866138436095763,996214,1491885723
7366960234161910274,994728,1491885724
-2609656355064282129,994346,1491885686
8467380374822221996,996244,1491885740
-9179217835258603462,996244,1491885717
4412925624282691903,996244,1491885718
-914116234705363575,996293,1491885696
-1405714516951706848,995985,1491885727
3850871305640135413,995985,1491885726
4115807466792918660,995985,1491885739
396213781202677347,995983,1491885683
-5922332597020901027,155672,1491885701
-6448202355714790914,996593,1491885732
-5684500390477776800,996593,1491885698
-8964856180169333344,996593,1491885683
-4519269300963760121,996593,1491885731
97738847511465212,184877,1491885686
1565580897243271694,996213,1491885697
4274812311829545723,996213,1491885708
-1165941734650464696,996213,1491885680
1164752822504112026,996213,1491885714
6535944092984927648,996213,1491885728
-6687179177111863654,996213,1491885730
8863178795030243868,996213,1491885689
-7646511387951458130,996213,1491885682
5990462973250675143,996213,1491885709
-5183952614725468678,996213,1491885703
-5104273834468147377,996213,1491885722
5070203451920190381,996213,1491885683
-5901784083246708614,996213,1491885719
-7844050098794033519,996213,1491885685
-1870725556971468229,996213,1491885704
-289002912234444825,996213,1491885699
-6535728916433003962,996213,1491885727
-3291796136833542014,996213,1491885730
7519193389094539889,996213,1491885681
-2061717880884973131,996213,1491885700
8529119165571552079,996213,1491885707
2624609030241849253,996213,1491885725
4308402979814765938,996495,1491885732
2725036495071939734,996495,1491885737
6530742694665892540,996495,1491885687
6585476336299948040,996495,1491885733
3843360562056695664,996495,1491885722
-638642467877382484,994894,1491885717
1369674302191975194,996387,1491885730
-1887911321592951880,996387,1491885738
-4645078483801712241,996387,1491885738
-3621912146086425797,899012,1491885720
5996271468811344321,996088,1491885720
-5019784201040063001,996304,1491885696
-7348795400097208235,996304,1491885737
8481854475494286916,996304,1491885725
5351807324309514059,996246,1491885716
1576982924427738114,996246,1491885727
-5052283973321298832,996246,1491885721
4896694387749831647,996246,1491885704
-6613581307970961683,996246,1491885692
-1468852305155188724,996246,1491885684
-7019928189908712758,996246,1491885693
-3936782677153911952,996163,1491885714
947129352235618984,996527,1491885701
-2142997161761379113,996527,1491885715
-2349643429371644651,996258,1491885705
3759885002651483445,996216,1491885725
6990829096868202549,996216,1491885736
2180293960318052979,996216,1491885738
9078241492074859036,343654,1491885738
7620795038748153013,946910,1491885714
-4964360283262122954,946910,1491885730
4274812311829545723,946910,1491885709
1164752822504112026,946910,1491885714
-6687179177111863654,946910,1491885730
6535944092984927648,946910,1491885728
-489597201455854852,996360,1491885719
333279754188533832,996360,1491885738
2316197201599679850,996360,1491885735
774836179364848165,987406,1491885728
-9022858592579247470,996330,1491885681
4047390811873757764,996330,1491885713
2837519170680422556,994434,1491885737
-5962470579984918683,994434,1491885727
-8565738360030896108,982138,1491885698
5245647093547745788,996307,1491885680
436279999081413030,996307,1491885735
5125103385813938723,996307,1491885685
7269087711261422488,996620,1491885730
-4425330034675099672,996620,1491885739
2343107793780851416,996620,1491885717
7059524041129243772,996620,1491885688
-1690497166733587048,996620,1491885683
-7719731784605396346,996620,1491885719
-5491325992715734203,996620,1491885712
-3842660169989903033,996620,1491885736
-7240156395256547719,996620,1491885731
432476639693478723,996620,1491885739
-4498114028446953592,996191,1491885700
-9021130252726162639,996191,1491885708
8293118741056581082,996191,1491885716
-6073345926135963111,996191,1491885738
8663182112394452462,996191,1491885701
-4292399715832084520,996191,1491885689
1554185347727203638,996516,1491885689
6530742694665892540,996516,1491885687
-7709461400801403050,996516,1491885691
5064442284939493906,996109,1491885730
5459603251416352956,996109,1491885735
-4295945541645676512,996640,1491885690
-8078205841449367664,996640,1491885709
-8716148508872774284,996640,1491885712
3716708126130504872,996640,1491885739
8118200386069688199,996640,1491885739
-3621912146086425797,896858,1491885720
7366960234161910274,995145,1491885691
3891173879269163453,994823,1491885697
-706252807164298754,988990,1491885737
-972176695614082351,996491,1491885732
-2827357584591110464,996491,1491885731
3571896041500648584,996180,1491885696
5842755373846193699,996561,1491885705
-4536417432483970137,996561,1491885713
-2619778862735684979,996561,1491885714
6197695096059252326,996561,1491885738
-8708879913383226596,996561,1491885720
-6193972206926557784,996561,1491885739
4126959756566093930,996164,1491885739
913383146794085311,996466,1491885720
-4660284368060552385,996466,1491885729
2462857497909527605,996466,1491885729
3125435522704365323,996466,1491885705
-6968444190247446462,996466,1491885733
3759885002651483445,996466,1491885725
2180293960318052979,996466,1491885738
-3928429560107598058,996466,1491885709
-2458594228833756962,996466,1491885739
686107932720285834,996466,1491885739
-6648457671677710790,996466,1491885687
6029537000719905700,996466,1491885736
8902123325720466173,996466,1491885708
3802441656897318424,996466,1491885693
6839406471280982641,996466,1491885695
7877018515339773847,996466,1491885725
-9012123067681819973,996466,1491885716
7222381918678679253,996466,1491885693
8663182112394452462,996466,1491885716
-2922739886936907136,996466,1491885711
4115807466792918660,996466,1491885683
-5482228850184591380,996466,1491885724
37559690063571863,996466,1491885712
-7031646449740819109,996466,1491885701
-2106282746663811332,996466,1491885699
-3544066444747596120,996466,1491885726
8693891868825241758,996466,1491885726
5225736174977943412,996466,1491885720
-448084490394121451,996364,1491885714
-4591520721125879138,996364,1491885689
1074282422030851064,996364,1491885708
-3681520786977110023,996364,1491885734
5746126025419056022,996486,1491885683
-5854827253928087814,996486,1491885685
8084329595537151223,996486,1491885730
4189349200676669991,996486,1491885722
-6346136116350899156,996486,1491885696
-3286629789708615677,996486,1491885703
-2662128102738034457,996486,1491885737
-7387613248196578869,996486,1491885738
-6138463354147705681,996486,1491885731
1867623437058228999,996486,1491885703
1694783502954402862,996486,1491885705
5013623921220182557,996486,1491885696
-6706015663007309864,996486,1491885726
3083555802173201074,996486,1491885697
-4241429677756471056,996486,1491885701
-855969111005814003,996486,1491885732
1152705446237844047,996486,1491885712
3616779324660641261,996486,1491885696
948945474841814337,996486,1491885715
7180562066740867911,996486,1491885740
361151440535038753,996486,1491885736
