-4797231975173824468,993866,1491525408
-5294202635778880952,995093,1491525382
-7798614424526638368,995093,1491525400
-36789461632300722,994318,1491525426
-4797231975173824468,993906,1491525385
7568201334869486207,995039,1491525393
-3541999212606815289,995039,1491525379
2249822224757697170,994469,1491525404
3940576625315965475,994743,1491525435
-4650987048540386922,995085,1491525431
3450435885913598015,995085,1491525390
-36789461632300722,994721,1491525418
-4797231975173824468,993262,1491525408
975326801399530337,992298,1491525435
-4797231975173824468,994785,1491525389
8798700107721036636,995104,1491525433
5170772821061246758,995104,1491525433
7486428448442745356,995104,1491525429
-8306731614033439985,995104,1491525396
922036804548092550,995104,1491525435
-2077702933492114996,995104,1491525436
7996023199323334524,995104,1491525436
-7394971747710247096,995104,1491525422
-3080010827166063098,995104,1491525417
-7570987039450969166,995104,1491525410
-1609181335514302033,995104,1491525420
3121816901565962710,995104,1491525427
-4283526124877308825,995104,1491525418
3734913456776220992,995104,1491525416
-8080881429149850565,995104,1491525392
-2296257134920876318,995104,1491525434
8617652290113831527,995104,1491525412
-2806746509120745214,995104,1491525393
1136329379463516558,995104,1491525393
1141794371548959874,995104,1491525422
8663185058686873377,994526,1491525425
5992592137043530485,100070,1491525417
-3282432278996938905,995078,1491525425
4099444714703351525,988344,1491525402
-4797231975173824468,994120,1491525401
6567128831674206131,994622,1491525396
-9156128724550087562,994250,1491525416
-8182867731191231295,994250,1491525381
620133645647958162,995050,1491525412
-786446805147102153,995027,1491525418
231182751494236801,995027,1491525419
-5144315544508590198,995027,1491525405
5205112832453108864,995027,1491525392
-1318913767501601901,995027,1491525407
-7836193891464605754,995027,1491525429
-9103974174312614584,995027,1491525432
-93085471530788513,995044,1491525420
2012513414090138014,995044,1491525414
527337753262509423,995044,1491525379
688424909602921765,995044,1491525436
7568201334869486207,995031,1491525422
3088938862763192172,994902,1491525416
-64251805720968160,993619,1491525400
431770387161396999,994935,1491525431
2936969792110152648,994935,1491525378
9111184228990472214,994974,1491525413
-1790487554353839014,994974,1491525400
4372976886186386865,994974,1491525404
-7812966468955836009,995003,1491525433
-6772227404665367907,995003,1491525407
-7558803787514144737,995003,1491525401
3097461240388301720,995003,1491525402
-821521312814644719,995003,1491525397
5588167425080689597,995003,1491525406
131275005596691163,995003,1491525399
2943439592095638450,994906,1491525390
7706152349635340379,994906,1491525429
7891771306553873183,995051,1491525428
7683675350676909533,995051,1491525430
-7823537031918733675,994943,1491525431
5464348510929373491,994629,1491525397
4177363592552419980,995101,1491525430
463416683074483337,995101,1491525422
-6020938377051338542,995101,1491525391
4189373621383373214,995101,1491525420
-6924789461708931712,995101,1491525404
-9102573369747594506,995101,1491525431
7692858314377368306,995101,1491525387
726291052411624235,995101,1491525422
-4782209626382128068,995101,1491525422
-6551056472531175479,995101,1491525378
6134110463363719817,995101,1491525401
2442982476097370028,995101,1491525416
6157383824908504889,995101,1491525394
-4456249602699903624,995101,1491525414
-7634285894864679491,995101,1491525392
714053666261142486,995101,1491525412
5134515094100874725,995101,1491525428
7954462719458869193,995101,1491525409
1146059395022656164,995101,1491525425
-3460901696550222428,995101,1491525425
-7477504072593138030,995101,1491525406
-8418320044145088162,995101,1491525417
1114341732788406866,995101,1491525388
-209411666847782647,994741,1491525401
-1966313550083162992,994741,1491525390
7298882621477261156,994861,1491525400
1296950770726834427,994999,1491525431
3469640866419382210,994534,1491525384
1263880108495622069,994934,1491525421
5028271060462578273,995064,1491525420
-1402543220550769517,995064,1491525418
3463200340309271598,995064,1491525385
9003722563275437894,994936,1491525415
-7823537031918733675,994936,1491525432
4076726509643528689,343654,1491525430
-697651274310771184,994874,1491525409
2692157704686917870,994922,1491525434
5885941075778836165,995023,1491525410
1425801169232023425,995090,1491525396
-1845351576984819177,995090,1491525382
-1520186076009104706,995090,1491525382
5751309934169994286,995090,1491525431
3463200340309271598,995055,1491525385
5028271060462578273,995055,1491525420
431770387161396999,994938,1491525431
3870240274508137058,994938,1491525407
-2271648161363618982,994938,1491525427
-2593594851455403939,994938,1491525411
1286377505073836565,994938,1491525414
-6889913593849759876,994938,1491525396
-6042502577364090690,993963,1491525402
7568201334869486207,995036,1491525430
2369134515790780501,993593,1491525393
1465994216778272902,994940,1491525390
-6025558284927723591,994940,1491525404
4099444714703351525,993719,1491525427
-4625664126624969051,995010,1491525398
-8817752155765500174,995010,1491525431
-7997498234808907023,995082,1491525428
-1845351576984819177,995082,1491525426
-8306410873797054048,995082,1491525436
8765907231842346568,995082,1491525436
1533369273983613345,995082,1491525396
49411104840402405,995082,1491525383
7605014762638113595,995082,1491525426
-2694243035479686386,994965,1491525384
7324973278309490866,993406,1491525401
1520558688433826316,995056,1491525426
-9219552551630677356,995056,1491525435
2761777686282497879,995100,1491525410
-8983686763340785906,995100,1491525398
726291052411624235,995100,1491525385
-8477694916526094275,995100,1491525408
-3502168761902794852,995100,1491525395
6134110463363719817,995100,1491525384
852655335827502788,995100,1491525405
-8257527465628272031,995100,1491525378
4874499961305195913,995100,1491525401
-7052931400473829497,995100,1491525379
7165871064495631717,995100,1491525406
8682357888893461900,995100,1491525419
5624702648814300399,995100,1491525409
4381304467294154896,995100,1491525385
-3441925484365911627,995100,1491525405
-7112629521549669730,995100,1491525431
4200493373026287604,995100,1491525406
-6446703691500945104,995100,1491525403
5732757181830093382,995100,1491525434
7714813157588943102,994592,1491525409
1251641201602414733,994794,1491525379
-3377926150505550272,994794,1491525386
59984293464750607,994603,1491525396
7568201334869486207,994371,1491525405
-1590141989995769459,988454,1491525406
8064543562444735099,994346,1491525419
2249822224757697170,994462,1491525404
2931907815775855876,995037,1491525408
-986106122640648964,995037,1491525412
-3931404157951819810,972937,1491525389
-2463377762974040631,972937,1491525415
5653643995717038839,994872,1491525437
74565882270901256,994981,1491525407
2862718596503632161,994981,1491525433
1404087501991658427,994757,1491525416
3940576625315965475,994707,1491525416
8413847466198031679,994973,1491525392
1586259827022246112,995042,1491525379
2528605833709806610,994643,1491525403
2012513414090138014,995047,1491525405
-93085471530788513,995047,1491525406
2239889022170419823,995047,1491525394
397707876629255361,995047,1491525402
4992306362444988289,994863,1491525398
2854251609396087740,994863,1491525398
-8275905238134687187,994506,1491525402
-4977671171011069219,993329,1491525380
-697651274310771184,994880,1491525420
1465994216778272902,994820,1491525400
-2694243035479686386,994820,1491525400
-3282432278996938905,995076,1491525411
7838285519869961759,995076,1491525429
-3282432278996938905,995079,1491525378
-1845351576984819177,995079,1491525426
-335141067220500562,995079,1491525434
7826008116054902201,994647,1491525409
4817672151825196126,994742,1491525410
5262521927323086815,994998,1491525429
5745102627488317316,994998,1491525385
5139154062043253968,994998,1491525404
-4862230245493336635,993989,1491525382
-3003662780185301208,993989,1491525420
1716476222435092073,993989,1491525415
4795056411140877888,993989,1491525414
5670772527792923162,993989,1491525418
-3116793927995907151,994833,1491525381
-146631588439090217,993466,1491525386
-8552391927581143239,117171,1491525434
-4041776707658137373,993784,1491525407
4011928300226337722,994717,1491525393
-2304395800973906319,994717,1491525382
-7957778263680069297,994717,1491525395
4548763166680811052,994717,1491525391
7324973278309490866,993419,1491525401
8532726843096059985,992483,1491525378
-2092877498751912931,111858,1491525408
6928261303698178258,994319,1491525426
8064543562444735099,994319,1491525435
222484452712711264,995062,1491525428
6455449620455357768,994519,1491525388
5992592137043530485,100071,1491525417
59984293464750607,994605,1491525392
-289075624372993856,994499,1491525419
4562944329595365167,994499,1491525403
7298882621477261156,994960,1491525400
463416683074483337,994960,1491525421
-8087972601281574351,994960,1491525383
3254547358678528236,994960,1491525387
-6382789683276960924,994960,1491525385
1741394338022844276,994960,1491525405
-842288015587083609,994960,1491525429
-3521697622961189065,994960,1491525434
-7649186846559115993,994960,1491525404
-5325039776310378595,994960,1491525393
325188120644679077,994960,1491525420
-1639026610041128595,994960,1491525432
7303741863337073978,994960,1491525389
-2984264950176281574,994960,1491525405
7256721028428198312,994914,1491525414
-2898900045567357095,994624,1491525412
2692157704686917870,994856,1491525434
8623150266118153718,994805,1491525431
1363730814430599507,994805,1491525392
7976474997724334941,994805,1491525390
-7588332731786156986,994805,1491525426
-5213066965274466322,993584,1491525422
9189557187580163430,994131,1491525400
-2785979684158679547,994131,1491525405
-8182867731191231295,993759,1491525414
1892216765044595567,974441,1491525418
-7399525501165460877,974441,1491525393
5777553910943237238,994888,1491525382
-2952164002193781687,994685,1491525413
-7957778263680069297,994222,1491525393
-2392708616435534801,994222,1491525430
988363379064478348,994222,1491525394
5464348510929373491,994626,1491525397
4314432712337247065,994516,1491525435
-7031611785829950041,994516,1491525430
-7281421604508042126,994516,1491525425
231182751494236801,994312,1491525380
-525317621818651803,995105,1491525379
8682357888893461900,995105,1491525419
-3441925484365911627,995105,1491525405
4201284469823153262,995105,1491525407
4200493373026287604,995105,1491525406
-7052931400473829497,995105,1491525379
-8983686763340785906,995105,1491525380
-8477694916526094275,995105,1491525400
-7112629521549669730,995105,1491525431
5624702648814300399,995105,1491525409
2885773559357195236,995105,1491525400
8783882542841535507,995105,1491525409
1203880070135372714,995105,1491525381
4874499961305195913,995105,1491525396
3608691027218804374,995105,1491525415
7165871064495631717,995105,1491525405
-3502168761902794852,995105,1491525388
-3640441443800053235,995105,1491525412
4381304467294154896,995105,1491525385
-6680419063871307706,995105,1491525418
6134110463363719817,995105,1491525378
852655335827502788,995105,1491525398
1196351020509851493,995105,1491525399
2862496883383867220,995105,1491525425
5732757181830093382,995105,1491525434
2761777686282497879,995105,1491525392
7839462329042878652,995105,1491525387
8891715840701589965,995105,1491525415
7428055755949480259,995105,1491525430
3954999718048411680,995105,1491525423
3827976749705307855,995105,1491525417
-6924789461708931712,995105,1491525429
-6467654293976711232,995105,1491525419
949750951488273741,995105,1491525401
700979514656332732,995105,1491525380
-6938725441933593202,995105,1491525429
8795958388863992608,995105,1491525414
5868297881140961345,995105,1491525424
-6429507304652133010,995105,1491525426
-1798954990465387856,995105,1491525433
-607860224897249076,995105,1491525419
-121797505773072623,995105,1491525402
-6787535853226008739,995105,1491525434
1141858247159138895,995105,1491525425
-2084083454690126399,921563,1491525402
8532726843096059985,992294,1491525415
5686377981308350200,137093,1491525391
3514121826296521718,995066,1491525385
-6673124035776963004,994011,1491525383
-2629650345762810153,991760,1491525410
-2084083454690126399,921456,1491525402
-2245344365978328309,994313,1491525388
6396359842230547461,994775,1491525431
1245623222775284202,992177,1491525396
-1133020078425837573,992177,1491525383
-3883885503869448106,992177,1491525379
-4071313424759529560,992177,1491525386
5657790750708145755,992177,1491525418
7566088323765598901,992177,1491525378
-7282297610621385184,994354,1491525432
1465994216778272902,994966,1491525398
4171553976224103669,994792,1491525379
-688267847360563904,994792,1491525401
-8306410873797054048,984655,1491525432
-5362723504035092213,994988,1491525387
-2056327738070688153,994988,1491525424
49411104840402405,995081,1491525382
8765907231842346568,995081,1491525436
-1845351576984819177,995081,1491525420
7605014762638113595,995081,1491525426
-6423986776164215475,995081,1491525410
4817672151825196126,994740,1491525410
3850524183486908347,904393,1491525387
5913597900272290528,934987,1491525404
-2343951162122455500,994819,1491525393
-4770628632622136278,994426,1491525412
2042676204019718590,994041,1491525389
689850724338541783,994041,1491525430
-3443100252388373433,994751,1491525417
-36789461632300722,994751,1491525412
-5617219728954454916,177661,1491525400
3351640288886826705,994814,1491525405
165304045303226867,994814,1491525400
7631175609674272673,994814,1491525426
-6025558284927723591,995022,1491525404
7618318393643104317,995022,1491525423
-5294202635778880952,995092,1491525398
-7798614424526638368,995092,1491525408
-2386093788276413872,994951,1491525411
2087554455997062274,994951,1491525427
2586873091645789088,994951,1491525387
-91097602911831341,994951,1491525381
4271773216049284880,994951,1491525433
8786934467663471264,994951,1491525434
-7542912164743085807,993689,1491525407
5734300334595860669,995091,1491525407
-3562792176173525694,995091,1491525379
-6423986776164215475,995091,1491525393
-4532841890142106098,995091,1491525419
-1520186076009104706,995091,1491525426
-4594682810519908265,995091,1491525404
8765907231842346568,995091,1491525383
7605014762638113595,995091,1491525407
1141858247159138895,995091,1491525403
-1845351576984819177,995091,1491525392
1425801169232023425,995091,1491525397
-63543945889314338,995091,1491525428
-9126957676195321462,995091,1491525422
165619653281578008,995091,1491525420
7124675439625114800,995091,1491525412
-3945492067074617677,995091,1491525394
644445123149004990,995091,1491525415
-6512095379673227148,995091,1491525398
-2101515604037260604,994901,1491525435
-2650621118123242585,993997,1491525383
-2056327738070688153,994983,1491525404
1586259827022246112,995054,1491525388
1005133588040511552,995054,1491525433
1520558688433826316,995054,1491525426
-2072592068409932192,985548,1491525435
5560564581450606719,144382,1491525387
-697651274310771184,994875,1491525420
-9195352924148314498,995007,1491525405
3470137915624032666,995007,1491525381
5028271060462578273,995069,1491525379
4089840914815765203,995034,1491525417
-1534911125111491911,995034,1491525394
-7480921348492902750,995034,1491525378
8125546741018989495,995034,1491525396
2931907815775855876,995034,1491525428
-5694936036161745985,995034,1491525411
-2037811685796779225,995034,1491525421
-7019400422408309528,995034,1491525396
7568201334869486207,995034,1491525430
6069968325414783341,995034,1491525435
-4844173918630147874,995034,1491525397
8678003966806375840,995034,1491525428
-7936841446983305841,995034,1491525415
-2466042863651431961,995034,1491525382
-2499846085797632267,995034,1491525418
-4168156428542388453,995034,1491525425
-4184818523704683191,995034,1491525384
-697651274310771184,994878,1491525412
7176957402396282089,995021,1491525428
1465994216778272902,994905,1491525419
-4977671171011069219,993128,1491525380
-3282432278996938905,995074,1491525426
-697651274310771184,994884,1491525417
6157383824908504889,995103,1491525385
726291052411624235,995103,1491525393
-8257527465628272031,995103,1491525385
6134110463363719817,995103,1491525387
5103849598831290125,994515,1491525402
-7823537031918733675,994911,1491525410
1576170231378006030,994911,1491525410
-5638468272551606280,994866,1491525397
-5517804808292392565,994866,1491525436
4775586185590868008,994866,1491525388
-7040028935637233704,994866,1491525404
-1171008587942841093,994866,1491525420
6266305629743825163,994866,1491525379
-6125456542482200831,994823,1491525403
2715831025231718270,993496,1491525391
1313822749961048756,958419,1491525421
8757351051740845826,994562,1491525404
-802410500284685631,991722,1491525387
8532726843096059985,991722,1491525415
4634183551464026121,994749,1491525429
-8306410873797054048,994913,1491525432
9003722563275437894,994913,1491525415
-276261904409577621,994809,1491525406
4634183551464026121,992909,1491525434
-2650621118123242585,993969,1491525383
1363730814430599507,994812,1491525392
-920197073399145963,986277,1491525379
-1264270206663132341,939099,1491525400
689850724338541783,994942,1491525430
-4862230245493336635,994942,1491525392
726291052411624235,995097,1491525428
6134110463363719817,995097,1491525405
4177363592552419980,995097,1491525430
5121905587469995232,995097,1491525425
7248891094301319273,995097,1491525426
7692858314377368306,995097,1491525387
7618318393643104317,995097,1491525410
4189373621383373214,995097,1491525420
-601421156832886102,995097,1491525402
-1268438850243536812,995097,1491525421
-6020938377051338542,995097,1491525391
3940576625315965475,994750,1491525397
-276261904409577621,994848,1491525433
8662691166882672230,994503,1491525386
-4353166624362490456,922002,1491525411
975326801399530337,994815,1491525421
3351640288886826705,994826,1491525403
-3786117564031861317,994826,1491525394
7124460805189351206,994826,1491525409
-5639058950792687478,994826,1491525431
5013440284239511954,994944,1491525425
1576170231378006030,994944,1491525405
-1521321546644639337,992819,1491525431
-6495891287197886391,995089,1491525397
5751309934169994286,995089,1491525431
-5294202635778880952,995089,1491525398
-7798614424526638368,995089,1491525408
-9195352924148314498,994991,1491525405
-5809437567567944756,994991,1491525427
1196351020509851493,994789,1491525430
2990562536670481971,994396,1491525381
-276261904409577621,994847,1491525433
-6673124035776963004,993900,1491525430
-8182867731191231295,994254,1491525419
7157551074289885480,346779,1491525415
6396359842230547461,994859,1491525431
-2056327738070688153,994992,1491525424
397707876629255361,995063,1491525392
5653643995717038839,994871,1491525382
2695601078528208795,994806,1491525400
7384562388051619633,994486,1491525388
6255171351110034088,995099,1491525386
7589494542976249242,995099,1491525436
-7634285894864679491,995099,1491525392
6374582595324475431,995099,1491525384
6157383824908504889,995099,1491525392
6134110463363719817,995099,1491525394
-7477504072593138030,995099,1491525406
726291052411624235,995099,1491525398
-2204984643177212516,995099,1491525388
3823465090192951325,994229,1491525419
-5362723504035092213,994982,1491525415
-209411666847782647,994723,1491525418
-7843557741052949802,994723,1491525423
59984293464750607,990433,1491525390
-7526006407396918587,994739,1491525385
-8064712901791883346,994739,1491525378
-9132059701135236424,994739,1491525426
-668455935317071571,994739,1491525383
3621359811017029942,994739,1491525420
-5650063595315620266,994739,1491525432
-8018468192263887806,994739,1491525409
1025312209622424854,994739,1491525380
-3071738366907964885,994739,1491525422
-7431853280959371430,994739,1491525405
3321406028951301619,990693,1491525426
-2898900045567357095,994623,1491525383
5836080203851194168,994668,1491525383
-7015190354966230366,994668,1491525402
7970684709831425933,994668,1491525407
-6405146517658372011,994668,1491525429
-6423986776164215475,995087,1491525410
-3562792176173525694,995087,1491525395
8765907231842346568,995087,1491525396
-1845351576984819177,995087,1491525402
7605014762638113595,995087,1491525414
-1520186076009104706,995087,1491525427
-4646731983308190853,995025,1491525430
-786446805147102153,995025,1491525419
-3921557135330933009,994764,1491525385
2695601078528208795,994844,1491525400
7256721028428198312,994813,1491525411
-8497106151046439245,994813,1491525388
3824170485461897589,994284,1491525385
-7843557741052949802,994768,1491525389
-220362896589281749,994970,1491525383
1576170231378006030,994970,1491525408
-3777323378281489840,994970,1491525400
-7242093427522718835,994759,1491525397
-93085471530788513,995045,1491525430
7838285519869961759,995075,1491525429
-3282432278996938905,995075,1491525407
6819797969687762066,995075,1491525392
5393420712069512531,995075,1491525380
8413847466198031679,994968,1491525392
-1790487554353839014,994968,1491525400
9111184228990472214,994968,1491525413
-4041776707658137373,994294,1491525397
-7223053494875831637,994807,1491525397
-4588358230166551107,995095,1491525378
-9129578599107289001,995095,1491525390
726291052411624235,995095,1491525428
4372976886186386865,994972,1491525404
9111184228990472214,994972,1491525385
-7207635132136975445,994972,1491525390
3145010754865872705,994972,1491525408
3561187279376499501,994772,1491525401
-3414034414437300878,994772,1491525399
-7823537031918733675,994959,1491525381
-2694243035479686386,994959,1491525400
-6670806861438472697,994959,1491525422
1576170231378006030,994959,1491525410
8845541279654410645,994959,1491525430
6778361208701252820,426975,1491525393
5485261680864449179,995019,1491525435
5609857123938791151,995019,1491525433
-4130547386194324075,995019,1491525412
6087077416766584866,995019,1491525422
-6171824544613734640,995019,1491525408
8850307866594556182,995019,1491525379
-7525037517414828258,995019,1491525400
-5362723504035092213,994778,1491525415
7706152349635340379,994926,1491525389
4292615836776453347,993815,1491525416
-7580637403061058918,992039,1491525413
7706152349635340379,994932,1491525382
-4532841890142106098,994099,1491525437
-3750860749760199867,972031,1491525418
8706717383101062001,972031,1491525379
5500376309151545353,994263,1491525406
-3414034414437300878,994912,1491525398
7706152349635340379,994919,1491525429
2943439592095638450,994919,1491525390
-6818360354313898784,994171,1491525404
-2072592068409932192,985107,1491525437
2627927514022657310,994720,1491525429
-7841069455559859896,994720,1491525419
-4797231975173824468,994017,1491525395
1741394338022844276,994980,1491525405
-5517804808292392565,994980,1491525423
-1639026610041128595,994980,1491525432
4162945790027757359,994980,1491525420
-36789461632300722,994980,1491525393
-3521697622961189065,994980,1491525434
527666006668219842,994980,1491525397
-1171008587942841093,994980,1491525394
325188120644679077,994980,1491525420
-7649186846559115993,994980,1491525404
-4862230245493336635,994980,1491525405
-2690307603504615287,994980,1491525422
1586259827022246112,995059,1491525383
4162459061523087006,994746,1491525414
6087077416766584866,994554,1491525427
-4130547386194324075,994554,1491525412
-209411666847782647,994700,1491525418
8532726843096059985,992768,1491525389
7814571123653245679,994060,1491525388
3112826447229398704,995070,1491525436
-3238267410558892795,994933,1491525424
255473738127457927,994803,1491525436
-6561119612782839235,994946,1491525436
