-1344217961808477177,995227,1491626079
-4067546235949215144,957331,1491626064
5399969415645492736,995383,1491626101
-403739856578241842,183977,1491626072
7500528353248722838,995495,1491626104
2928579124680912596,995495,1491626059
5546031580025531242,995495,1491626100
-5522407471851233439,995504,1491626116
7232396688438035523,995504,1491626092
-3028118587846342286,995504,1491626117
1603026067795850729,995504,1491626089
6208929401972414704,995142,1491626113
6208929401972414704,995141,1491626113
-1882059282289566044,993553,1491626109
-3663849954158474935,994571,1491626066
-5302013398241556350,995250,1491626099
8065080487065841978,995250,1491626117
-3944343697444908643,995026,1491626074
-535576948761483810,995602,1491626084
1084352841021877544,995602,1491626086
2407480208764985451,995602,1491626063
-2154826745355136859,995602,1491626092
7657040238936757942,995602,1491626078
8706441552690619300,995602,1491626059
-2418182649370325793,995602,1491626118
-1064588587541915389,995602,1491626059
4180000885973773132,995602,1491626059
5432892731124572372,995602,1491626107
6648993586587921907,995602,1491626077
-8813893603894451478,995602,1491626097
6992106110992197842,995602,1491626114
-8997693334706054821,995602,1491626098
636490118316019333,995602,1491626072
-6909367572360591909,995602,1491626102
4068136294559815984,995602,1491626094
8361309007032155706,995602,1491626084
-2918873096129525955,995602,1491626105
-7083748334770293636,995602,1491626068
-628060681124200285,995602,1491626099
-3038079056047062199,995602,1491626086
1153682642961688224,995602,1491626108
-1955972578425440189,995602,1491626066
-2074298643917990136,995602,1491626107
-4028173006754006504,995602,1491626100
3751843703108211859,995602,1491626118
-2376150273006398542,995602,1491626113
2983450806036207666,995602,1491626099
5371570701154651388,995602,1491626107
3946510528906273953,995368,1491626073
5473383474252292287,995368,1491626068
6664174852319581295,995533,1491626091
5481518478800209928,995533,1491626109
5308663772307475262,995533,1491626071
2334628016089309377,995533,1491626108
3721881601250221463,987495,1491626086
3829336675790937171,995312,1491626063
930817380258452881,995312,1491626114
-6684651043313318549,995312,1491626109
5854035306879215228,995078,1491626070
-2737036376653949715,994038,1491626092
856851577802852874,995465,1491626099
532170214293386342,995465,1491626114
3903438512395121591,995465,1491626078
3818185683433159029,995465,1491626096
6531873327353166973,995465,1491626117
5441607838776074496,995465,1491626059
1298531070562389859,995465,1491626063
2258365235430772514,995465,1491626089
-8201993175320997321,995465,1491626108
9162702702338134502,995465,1491626062
1323947762012233435,995465,1491626073
-7806972154242631029,995465,1491626100
-1567546819261812369,995465,1491626110
-5711085306999261979,995587,1491626078
4349165127064298688,995587,1491626098
-8544790409683027984,995587,1491626083
1055213610713412037,995587,1491626096
163309711150826914,995587,1491626090
4692301311684652826,995587,1491626099
4215955822158963453,995587,1491626115
-2605587807828760728,995587,1491626086
1878267800362975576,995587,1491626080
-1380711059373650706,995587,1491626095
6898548420133722180,995587,1491626079
-6551405250461297020,995587,1491626076
3549497689038304439,995587,1491626107
4368541149693958017,995587,1491626113
4309856674203266409,995587,1491626111
6222978916486125597,995587,1491626109
-1567546819261812369,995506,1491626110
1323947762012233435,995506,1491626072
-4163577317551193511,995506,1491626080
-3327335376061927178,995506,1491626110
856851577802852874,995506,1491626099
-8299669238075083691,995506,1491626095
1425060927256812245,995506,1491626071
8399416273586635639,995506,1491626084
-1491182344057041043,995506,1491626097
5835823814195588704,995506,1491626092
7641522596085535979,995506,1491626069
-6733903105167843713,995506,1491626103
-3796457345285978606,995506,1491626059
2667380335167302382,995506,1491626084
6290155081504928589,995506,1491626104
7877930666571905228,995506,1491626072
3753795331172616102,995506,1491626082
7676229942964702567,995506,1491626099
-6838268362902274147,995506,1491626080
3392767438509642429,919018,1491626116
3829336675790937171,995261,1491626063
-5087855694194018816,994254,1491626114
3283992430604116565,995559,1491626075
582101263505620157,995559,1491626079
1908184420747559144,995559,1491626061
-7199368752242112862,995559,1491626106
2608578207215564197,995559,1491626103
3176241101826645853,995559,1491626090
-6279959088582474229,995559,1491626110
2305604455970522736,995559,1491626061
-623584221563008237,995559,1491626112
-2886986998888339429,995559,1491626107
3455693167928048957,991999,1491626065
365116996416603239,995529,1491626088
1155631944312907703,995529,1491626114
4039987858546965914,995529,1491626090
-8574857698912361623,995529,1491626076
6395765418191156001,995529,1491626077
-8947384911793897689,995529,1491626076
-5588204850923311958,995529,1491626111
558173669700734650,995529,1491626084
-5126778805572769355,995529,1491626111
1680235336128409583,995529,1491626063
-7482666619604185853,995529,1491626095
4184383242313635286,995529,1491626114
814941937894092267,995529,1491626117
2298202872970114445,995529,1491626116
5369436138117930845,995529,1491626094
1455107465482851736,995529,1491626076
-6656748624011936935,995529,1491626080
717810049634482796,995529,1491626075
-1156998566902618455,995529,1491626073
-3593831373260460578,995529,1491626067
5484434837983948823,995529,1491626088
5446997649013506576,995529,1491626104
136360240625470828,995529,1491626081
5795249207451392099,995529,1491626066
-5975203394448959098,995529,1491626117
8273585504891204820,995529,1491626073
924198620042060008,995529,1491626108
-7519663720550058324,995529,1491626072
7279207777159483685,995529,1491626091
-4635970480918534936,995529,1491626111
1238555498197651531,995529,1491626082
4705296209932085890,995529,1491626112
3569551536024307820,995529,1491626104
-1906334297709947688,995529,1491626096
-422652508859697599,995529,1491626079
-7258201552350479204,995529,1491626116
5338438250722783324,995529,1491626085
2921615137631580522,995529,1491626080
836217668410988966,995529,1491626097
4130603098887198970,995529,1491626062
8475052450879516533,995529,1491626062
3113381909446906839,995529,1491626086
4302637679243930852,994629,1491626077
-8876624935651631007,993513,1491626060
3789919062426801885,994338,1491626113
-3814488425563658723,994338,1491626096
3706732634105188278,994955,1491626072
2110380392965045358,994955,1491626093
-5627837675136449991,994955,1491626106
-2416122027103978991,994955,1491626113
-1683385276767892876,994955,1491626066
-8776580646929785465,995411,1491626077
-8328630650342054869,995411,1491626061
386825268764056887,995411,1491626098
-4299465632770118892,995411,1491626090
-4312798435906362442,995411,1491626070
-3665495747404290086,995411,1491626078
8368624033045979214,995411,1491626063
6434321818468323767,995411,1491626101
-3585518896010502364,995411,1491626105
8201123944786642660,995411,1491626106
2928579124680912596,995411,1491626091
-6381583661241958341,995411,1491626087
5197362677570115929,995411,1491626108
2689560101430738643,995411,1491626077
8282477363275842756,995411,1491626081
-4361847243497481162,995411,1491626068
-3844508200965451903,995411,1491626090
-4030206459860332394,994313,1491626085
-2225605640437950656,994313,1491626108
9187416775555997289,994313,1491626097
3455693167928048957,991986,1491626066
-5887561952461354138,995357,1491626069
2726685291230910569,995357,1491626083
-7759590124701370868,995390,1491626071
-1487451234677766008,995390,1491626110
-2433929574555806317,995390,1491626059
1677328213303282035,994902,1491626091
-4756896786146669746,995009,1491626078
-1344217961808477177,995237,1491626070
-5028097765515519268,995237,1491626108
2280234687505287282,995583,1491626107
-308303905204541043,995583,1491626094
6218950466336988950,995583,1491626072
9047957333365427805,995583,1491626079
6006797188410944164,995583,1491626064
-5928390406540039142,995583,1491626086
-1252722447426434082,995583,1491626114
-7633336606904773180,995583,1491626091
6020783028883363579,995583,1491626109
2619409072121569408,995583,1491626096
-5973060007990848988,995581,1491626091
-1252722447426434082,995581,1491626108
-2463875572104471259,995581,1491626097
-1422985344834007723,995581,1491626067
-7633336606904773180,995581,1491626076
9047957333365427805,995581,1491626063
8015516873701925287,995581,1491626116
-308303905204541043,995581,1491626072
4160725316628456276,995581,1491626113
2619409072121569408,995581,1491626083
601419676758227134,995581,1491626102
-7607274327339687116,995581,1491626062
-1826964865618316242,995581,1491626110
-7734785566184406587,995581,1491626090
-1984508616769018635,995591,1491626091
2920172774450458146,995591,1491626088
4215955822158963453,995591,1491626061
-4138915526194395482,995591,1491626060
4692301311684652826,995591,1491626063
4174498372308615014,995591,1491626089
2423743853965370516,995591,1491626114
8154481530691647591,995591,1491626060
-6206365043356150439,995591,1491626087
-9119668103351252467,995591,1491626099
273226821899496727,995545,1491626118
7136334364627528166,995545,1491626102
-1389091086251090399,995545,1491626105
-4777204742104529882,995545,1491626091
8358501271312788173,995545,1491626076
-4843080286697583070,995545,1491626110
-5169761253428946188,995545,1491626092
4345049729084234855,995545,1491626075
7745300123441259855,995545,1491626092
-7627432696376354190,995545,1491626089
9204343632958426252,995511,1491626109
-1219852859177825222,995511,1491626076
9148640680297740931,995511,1491626118
6222667761287156079,995537,1491626104
-3796633927482289870,995537,1491626102
1817962799503486500,995537,1491626058
-3458422791568590140,995537,1491626073
-4722001154817007290,995537,1491626064
-5505655113883780908,995537,1491626071
8442677585462521206,995537,1491626110
9013870514580488385,995537,1491626058
-3315175276409768321,995537,1491626064
7754213892897945494,995537,1491626077
4339778684802386292,995537,1491626112
-7464305218009117643,995537,1491626107
8617753495834503271,995537,1491626088
-970950595323506874,995537,1491626106
-1445623810576646545,995537,1491626113
860215953550492716,995537,1491626098
2491744511463343416,995537,1491626081
2294302286673457198,995537,1491626090
-8142637262562727634,995537,1491626072
-7170466231786442607,995537,1491626105
8326388553005743574,995405,1491626109
2928579124680912596,995405,1491626109
-9005954267115854515,995405,1491626116
-1447827177223468300,995405,1491626059
-5825747862852639715,995405,1491626086
8201123944786642660,995405,1491626106
-3585518896010502364,995405,1491626105
882782587548528717,995405,1491626058
-3665495747404290086,995405,1491626078
-4312798435906362442,995405,1491626070
6434321818468323767,995405,1491626102
4214951337714020970,995405,1491626081
-8328630650342054869,995405,1491626061
-2732436798957044781,995405,1491626107
-9011143584394604106,995252,1491626101
-331462358526986294,995586,1491626067
-1826964865618316242,995586,1491626091
9041856631507656511,995586,1491626083
8270718644030911564,995586,1491626091
8015516873701925287,995586,1491626092
2619409072121569408,995586,1491626066
-334041625500237432,995586,1491626076
4160725316628456276,995586,1491626068
2458922038666929359,995586,1491626075
3737859679729838310,995586,1491626088
601419676758227134,995586,1491626091
-3016284406219803312,995586,1491626096
5116126248881957270,995586,1491626089
9096758271735807349,995586,1491626101
-63179323540722390,995586,1491626107
-5219841564194851482,995586,1491626096
1444232605551035462,994814,1491626084
-2036119462237014791,910385,1491626058
-8603068995737472962,992421,1491626093
3816161370440798471,923917,1491626061
6208929401972414704,995150,1491626061
-5522407471851233439,995488,1491626102
-1881381792430204269,995488,1491626087
9186899767800716055,995488,1491626114
-3402689557670869773,995488,1491626115
3964083691028337439,995488,1491626097
-1389738807867595503,995553,1491626110
-1992809099078541469,995553,1491626073
1323108667934718348,995553,1491626059
-8140068275418021766,995553,1491626089
-1078719434665145133,995553,1491626116
-5994817971559081683,995553,1491626106
-8627739434126733881,995553,1491626092
-1059057883406349687,995553,1491626117
3868514179190032346,995553,1491626105
4776121334404306031,995553,1491626116
-5829239639012208510,995553,1491626069
-457066063407566980,995553,1491626113
2127222478695710324,896550,1491626112
-8431542768115484431,995242,1491626103
-5028097765515519268,995242,1491626069
-5302013398241556350,995242,1491626115
-2737321106996774823,995432,1491626059
7736751003448413169,995432,1491626062
1388862935195766642,995432,1491626107
1780777300847458300,995432,1491626074
6708643450406672457,995432,1491626076
-5080166139210239786,995432,1491626108
5568608920289589232,995432,1491626074
-5543990305704881167,995134,1491626059
4925352530100978280,995134,1491626065
-3292357680994598658,995134,1491626071
1695722462544578914,995134,1491626102
-2350525652044368936,993419,1491626111
7220186082737801979,993419,1491626102
-899761471251713492,995105,1491626089
8546408677293660462,995105,1491626106
7404952886824246128,995402,1491626103
4953236559544272124,993133,1491626078
-844760814899679774,995369,1491626071
-1487451234677766008,995369,1491626110
-4017046388537089990,995369,1491626117
-823983156153865492,995369,1491626065
-8809960579729984085,995369,1491626109
-3356413961636910081,995369,1491626114
5201767731508337145,995369,1491626079
-1885405728496811029,995369,1491626082
-4299465632770118892,995369,1491626108
1429627309531026623,891293,1491626102
-2645616695526411990,903568,1491626087
9081834264704321821,995467,1491626085
3818185683433159029,995467,1491626095
-1390438357688007936,995467,1491626109
-6194771847313993219,995467,1491626085
7736143299606757683,995467,1491626074
8201123944786642660,995467,1491626060
2928579124680912596,995467,1491626067
7428765363926903216,995493,1491626113
5546031580025531242,995493,1491626100
7500528353248722838,995493,1491626100
2928579124680912596,995493,1491626058
-4322085575911204590,995493,1491626076
-8698406614349962435,995493,1491626085
6962907159958504829,995493,1491626095
-1966966604452078200,995493,1491626080
534769916804261035,995200,1491626085
6020783028883363579,995582,1491626109
6218950466336988950,995582,1491626061
2280234687505287282,995582,1491626070
-7633336606904773180,995582,1491626091
2619409072121569408,995582,1491626096
-308303905204541043,995582,1491626080
-1252722447426434082,995582,1491626114
9047957333365427805,995582,1491626068
601419676758227134,995582,1491626107
4160725316628456276,995582,1491626117
8015516873701925287,995582,1491626117
-5973060007990848988,995582,1491626091
-2463875572104471259,995582,1491626097
-1422985344834007723,995582,1491626067
-1001667273304396629,995472,1491626108
8134466076634798470,995472,1491626072
-4753036176818354098,995472,1491626065
3964083691028337439,995472,1491626083
-4029646216470255885,995472,1491626090
5272811785787444992,995607,1491626083
4426949067450707677,995607,1491626092
-6885324258286344926,995607,1491626117
5736424689349914369,995607,1491626082
-2706005383343839311,995607,1491626078
6408804905061866101,995301,1491626059
-2647431566655280246,995469,1491626067
4571594785564492637,995469,1491626110
-964247294203700325,995469,1491626083
1331807483337675780,343381,1491626091
8358501271312788173,995548,1491626089
273226821899496727,995548,1491626118
-4777204742104529882,995548,1491626092
-1389091086251090399,995548,1491626105
7136334364627528166,995548,1491626102
-7135325943742634271,907326,1491626107
8577505253184796928,995438,1491626094
-9142814122912547169,995438,1491626086
6765946744112221109,995157,1491626113
-4333965857624587294,995344,1491626088
8556091018062424328,995344,1491626100
-2375137340441143013,995344,1491626060
-7759391380664207630,995344,1491626075
-5222765692370615976,995425,1491626059
-3585518896010502364,995454,1491626059
2247400094078848052,995454,1491626067
8201123944786642660,995454,1491626085
2928579124680912596,995454,1491626079
2689560101430738643,995454,1491626077
3377242931043320572,995454,1491626109
7736143299606757683,995454,1491626107
1139553210749356721,995454,1491626092
-7154382067180186615,995424,1491626092
1216861127322741657,995106,1491626097
4339778684802386292,995538,1491626083
-1445623810576646545,995538,1491626113
8617753495834503271,995538,1491626088
8442677585462521206,995538,1491626070
2491744511463343416,995538,1491626081
-7464305218009117643,995538,1491626107
-8142637262562727634,995538,1491626072
860215953550492716,995538,1491626098
-4097887733454719678,995538,1491626076
1175369954666858061,995538,1491626084
-823053955147758015,995538,1491626070
-6209700479617838329,995538,1491626103
-631347207659397380,995538,1491626114
-2209609151009862601,995538,1491626102
7333386793220164012,995538,1491626077
172361015004113136,995538,1491626077
-6236417264181004822,995538,1491626083
4049183419614850138,995538,1491626089
649431478608571534,995538,1491626090
4648010941520791092,995538,1491626084
-1695774961749123815,995538,1491626096
360397911473424073,995538,1491626082
-515127366079439653,995538,1491626097
236357458195618160,995538,1491626074
-855994343408921852,995538,1491626095
6783347565447664173,995538,1491626115
-5505221059394159751,995538,1491626061
6902746194799336657,995538,1491626115
5073408124518884626,995538,1491626116
4630470032145721632,995538,1491626106
5466784199947398902,972069,1491626114
-8355049922693213865,994687,1491626114
7607313684760362907,995522,1491626093
8495181459256564627,995522,1491626080
7862585989878788742,950828,1491626090
-8029420393644590244,995355,1491626109
5444555064539979843,995355,1491626103
3071148737022014773,995355,1491626093
1264997058539422472,995355,1491626069
-4884461125187540493,995355,1491626116
-8541213928837465826,995355,1491626116
-3761947588509236274,995355,1491626084
9166623580986506829,995355,1491626111
8483657627997118215,993750,1491626090
-8809960579729984085,995406,1491626068
2124913231375949273,995406,1491626098
2928579124680912596,995406,1491626116
8326388553005743574,995406,1491626109
-872452477822811701,995406,1491626111
4177160973206805949,995406,1491626085
-8402619328934566847,995308,1491626103
2698599199202974335,995308,1491626079
-970950595323506874,995239,1491626070
856851577802852874,995239,1491626090
-5137493737261476323,995239,1491626095
-1883527440434258877,954462,1491626111
-2350525652044368936,993406,1491626111
-6940466186359011977,994896,1491626066
-2998941227460408238,995468,1491626064
-1581937861667214812,995460,1491626076
5020594155295758553,995460,1491626088
3991996129651936430,995460,1491626099
2108884507010372216,995460,1491626104
-4968262930085387560,995460,1491626070
8934267427669495830,995460,1491626083
1707823440783875366,995460,1491626086
3706732634105188278,994789,1491626074
6305850467766926244,995519,1491626111
29900597022784912,995519,1491626090
-455795058043220121,995519,1491626063
-1881381792430204269,995519,1491626114
-3689124525257957178,995519,1491626080
-6729634224917677466,995341,1491626075
-2375137340441143013,995341,1491626114
-7321446148704072593,965227,1491626059
5093762216007505047,995562,1491626087
-7579464930310591962,995562,1491626069
981639766010435627,995562,1491626105
1484223229633013014,995562,1491626073
-6865393127211094957,995562,1491626079
3428478905714221607,995562,1491626085
-1979569453914504897,995562,1491626114
-6940466186359011977,994717,1491626066
-3097121113587178217,994717,1491626112
-3814488425563658723,994250,1491626072
-6465179849188109664,994250,1491626061
5915470977192836434,994250,1491626093
4953236559544272124,994226,1491626078
-3689124525257957178,995513,1491626080
-1881381792430204269,995513,1491626091
4483230851718934242,995513,1491626092
9056138845645072374,995513,1491626095
-5367227170426699034,995513,1491626058
-9018261134701474421,995513,1491626079
8906780844523489438,993897,1491626105
6201574966497891406,994924,1491626115
-8294961853136964937,995515,1491626113
9148640680297740931,995515,1491626118
9204343632958426252,995515,1491626065
-1219852859177825222,995515,1491626068
-4898051730985444149,994575,1491626088
-603470603622588761,887538,1491626095
736968325280500739,973274,1491626088
4782278867068565344,995169,1491626116
-230129200772883131,994083,1491626080
-2092909712647401367,988877,1491626091
-3976997249433564955,995516,1491626093
63340238722636537,995516,1491626066
-3052066803260143655,995516,1491626097
-1706808627889908719,995516,1491626071
1877208932991865166,995516,1491626090
29900597022784912,995516,1491626095
1455960736012257764,995516,1491626102
-1881381792430204269,995516,1491626114
6305850467766926244,995516,1491626111
-7418304628931442947,995295,1491626068
5339358022932913790,995295,1491626100
2546186455567907995,995322,1491626090
1443398793525526331,995322,1491626088
-510657917745897865,995322,1491626111
4444883641077320562,995322,1491626100
-1202623099837290726,995322,1491626069
9223016458852738332,995322,1491626091
9166623580986506829,995267,1491626064
-7108051472769867060,995267,1491626113
5339358022932913790,995267,1491626071
-1607403399391516273,995267,1491626118
5444555064539979843,995267,1491626103
1264997058539422472,995267,1491626070
-268563905184964030,883237,1491626117
-3944343697444908643,994041,1491626064
-1121022601937536226,991931,1491626114
-4898051730985444149,994411,1491626081
6201574966497891406,995205,1491626115
-1263791265811661455,995205,1491626062
-6468002830064262204,995205,1491626077
7371109801723692454,995205,1491626087
-1869656805880684099,995463,1491626065
-7883894974087333240,995463,1491626078
-3573739525933363158,995560,1491626068
3900962398470404090,995560,1491626101
-6865393127211094957,995560,1491626089
1484223229633013014,995560,1491626082
3428478905714221607,995560,1491626092
981639766010435627,995560,1491626107
-6919472999225715635,995313,1491626064
6208929401972414704,995148,1491626084
-1623140989144624765,995222,1491626072
2384754570595143557,995268,1491626115
-1188051838028189178,995268,1491626093
3165887074428507488,995172,1491626093
1193226218535109574,995172,1491626107
-6289045271074683347,995172,1491626117
9151781957363069471,995172,1491626066
-1284653835980610925,995208,1491626115
-2193441653419252756,995339,1491626092
594406466780528468,974441,1491626061
-401764795419977655,974441,1491626077
5141168199079325910,974441,1491626105
8263260667375490358,995364,1491626083
5247276113446311366,995486,1491626099
8223530974147429598,995486,1491626117
-8550791219463865244,995486,1491626106
-6818866915167725387,995486,1491626065
-5395029583498319414,995486,1491626112
7232396688438035523,995486,1491626115
-1735116157095092497,995486,1491626101
-1217183148445541119,993466,1491626077
-970950595323506874,995216,1491626070
4120744506957414764,995216,1491626098
-6175204795428006758,995216,1491626063
-3944343697444908643,995019,1491626099
5441607838776074496,995230,1491626093
1055024941331673700,995523,1491626104
-6745103964817469294,995523,1491626099
7607313684760362907,995523,1491626063
4628905149647748731,995523,1491626105
-5928390406540039142,995523,1491626061
8495181459256564627,995523,1491626065
-5183335247176297813,995523,1491626065
7736751003448413169,995523,1491626075
8176376052491563407,995523,1491626060
-5052495875862886780,995523,1491626098
6544376610526462058,995523,1491626071
-116906993253230156,995523,1491626093
1272371274693576507,995523,1491626105
8099876280241823085,995523,1491626074
4991686566376976773,995523,1491626090
3964083691028337439,995523,1491626073
-3266558513551870761,935145,1491626109
5466640301230653548,995122,1491626079
-8404913704563897615,995122,1491626092
-1607403399391516273,995325,1491626108
2100834278165901673,995325,1491626061
8263260667375490358,995325,1491626095
3165887074428507488,995177,1491626093
5196709599663775707,995186,1491626083
6974872691395115708,995186,1491626103
-6066215249491604325,995186,1491626090
-3554234496634353074,995186,1491626092
-6764138420906754238,995186,1491626088
2252034686447933467,995595,1491626077
6684442953914016906,995595,1491626075
8445424297562010918,995595,1491626073
-8194010071122157966,995595,1491626067
-8182119325636030430,995595,1491626066
-3605333953237157521,995595,1491626075
4180000885973773132,995595,1491626082
5734285275400354985,995595,1491626117
8665047068724330223,995595,1491626060
957952012245909135,995595,1491626099
1862585957191091178,995595,1491626070
-3472455818897016059,995595,1491626100
3454555116761380668,188525,1491626078
-1881381792430204269,995518,1491626099
-2092909712647401367,989011,1491626106
-7896629169221397529,995160,1491626091
-6224702642597161323,995160,1491626107
252366852106293758,995160,1491626100
-7254428523110298954,995160,1491626074
2886455980534473649,995160,1491626089
-6592365199456862897,926041,1491626067
-1838318850972366541,994917,1491626075
7116349866268011537,995598,1491626105
-5421643906699443887,995598,1491626091
-7806972154242631029,995377,1491626100
-2843669081383845096,995570,1491626114
6023812815615013453,995570,1491626078
-5898444930641529127,995570,1491626063
2394555058229744675,995570,1491626102
-2287753819873499621,995570,1491626092
-8818537674567221411,995570,1491626113
8528434192750999485,995570,1491626111
-7405889872885840768,995570,1491626113
-581703617791435467,995442,1491626117
-3311198840922743023,995417,1491626078
4451799364870450015,995417,1491626090
-2894765173324858662,618656,1491626079
-6990617049171398413,995119,1491626060
-872452477822811701,995407,1491626111
809521510889932688,995407,1491626062
1731708823403918186,995441,1491626109
-4756896786146669746,995278,1491626116
-2291497341352793133,995278,1491626080
7573243480915609138,957582,1491626074
-2771235867510903507,995072,1491626086
1444232605551035462,994826,1491626060
8900174496538377967,947024,1491626108
-8463230301390111921,947024,1491626106
-1495112278213114452,338348,1491626118
-3737952177083290422,994171,1491626067
486550932373553482,994171,1491626117
-8794247055790581773,995175,1491626079
474391459206196579,144382,1491626117
-2071033420449993695,995594,1491626103
3077153019819520899,995594,1491626095
-276252958337201570,995594,1491626076
4498581652328325437,995594,1491626066
2252034686447933467,995594,1491626101
-5673832978149676516,995594,1491626063
8445424297562010918,995594,1491626082
-1589977092205178778,995594,1491626114
-8182119325636030430,995594,1491626066
6959712940839910505,995594,1491626091
-8194010071122157966,995594,1491626067
2294302286673457198,995404,1491626071
-4968262930085387560,995404,1491626070
263314614398591546,995404,1491626103
2546186455567907995,995404,1491626101
-8059424276742858862,995404,1491626090
2505092909956975926,995404,1491626115
5813266856567444685,995404,1491626097
-9028374973888367555,994768,1491626067
-1854291120903373295,994478,1491626069
-7334762015782126029,991670,1491626074
2100834278165901673,995340,1491626073
-6632109028660165656,940802,1491626079
-1476624926039368104,995123,1491626072
5466640301230653548,995123,1491626107
7237797634322863380,965965,1491626113
-1121022601937536226,991955,1491626069
-3466512824514049890,994751,1491626103
5353788298733943906,995054,1491626082
-4386631389012445355,995054,1491626103
-8272309783613828841,995054,1491626101
-4487706868099887671,995282,1491626080
-7686072570591918927,995362,1491626064
-971795808776377686,995571,1491626078
4036735438994958030,995571,1491626069
5081797525919846365,995571,1491626118
6023812815615013453,995571,1491626106
66777113052845876,995571,1491626073
-5898444930641529127,995571,1491626101
8566360659644556501,995571,1491626093
-928341248606098492,995487,1491626106
4113001982284315016,995487,1491626097
8313859751833154082,979750,1491626093
-5087855694194018816,994284,1491626090
-3814488425563658723,994284,1491626096
3789919062426801885,994284,1491626113
6495875527933780800,994741,1491626118
2699490065815050396,939801,1491626115
1364951589787691857,939801,1491626103
7373499514328468824,981367,1491626086
3900962398470404090,995550,1491626071
4782278867068565344,995179,1491626115
2566592658636380492,995179,1491626098
-4535181880848207775,338829,1491626084
2114543043458935767,995534,1491626092
7500528353248722838,995483,1491626092
-4531952144055639709,992802,1491626061
371936560001390965,987918,1491626087
2305604455970522736,995558,1491626060
1159609844863906422,995558,1491626079
3176241101826645853,995558,1491626067
-6279959088582474229,995558,1491626109
3829124770759724429,995558,1491626094
-7722880423147496621,995558,1491626081
-4940135550190038815,995558,1491626116
1103608951565954631,995558,1491626106
7265698083963445484,995558,1491626095
8813753611875753913,995599,1491626118
-3472455818897016059,995599,1491626100
5734285275400354985,995599,1491626117
957952012245909135,995599,1491626099
-8418765080561328949,995599,1491626060
5497724479950360220,995599,1491626117
8929428753002160476,995599,1491626116
6295945288944271730,995599,1491626071
4180000885973773132,995599,1491626082
3090077904513315008,995599,1491626078
-3487892224839743695,995599,1491626076
-9113036454655951121,995599,1491626083
4938844475695321928,995599,1491626108
636490118316019333,995599,1491626113
-8997693334706054821,995599,1491626104
-8264933994613035714,995599,1491626083
-8813893603894451478,995599,1491626105
-1264232734503703705,995599,1491626075
7973185633749981241,994958,1491626058
-5741963258723901809,994958,1491626072
7933501793780475804,994958,1491626085
2093542101613334125,994958,1491626079
-7456835781692891764,994958,1491626086
-4621833020016400563,994958,1491626111
6230208191208076211,994958,1491626061
-7380905782516033457,994958,1491626075
-8616073155489527070,994958,1491626111
-1314563380296341117,994958,1491626083
-5746242770420352871,994958,1491626087
8322423354733567451,994958,1491626059
-8603068995737472962,994958,1491626098
-4965575473310888723,994958,1491626093
-5539754246108677372,994958,1491626059
5568608920289589232,994958,1491626062
4130284476202918735,994958,1491626065
-6236676467479689764,994958,1491626069
-3860067201379279709,994958,1491626111
-8845986958565725847,995568,1491626070
1650750339021015519,995568,1491626117
-8749381086271345423,995568,1491626069
6881634470897221233,995568,1491626091
66777113052845876,995568,1491626065
1032977964349377659,995568,1491626114
487454930178390601,995568,1491626094
4424572002729647333,995568,1491626090
8953923171902481198,995568,1491626081
-1543901350129727563,995568,1491626096
-4732199379298296524,995568,1491626085
-7170466231786442607,995568,1491626089
5081797525919846365,995568,1491626105
3289489891004641815,995568,1491626096
-5898444930641529127,995568,1491626096
8566360659644556501,995568,1491626093
1528610986160170320,995568,1491626116
-7006483506775293375,995568,1491626087
-3176544033679562182,995568,1491626117
7627134911527586782,995568,1491626115
-4578085233365162155,995568,1491626109
6023812815615013453,995568,1491626098
3363663619962387153,995568,1491626117
3102178473418284039,995568,1491626097
9157917998031986257,995568,1491626079
4310372240081624970,995568,1491626094
-3278291013295948356,995568,1491626085
7019864925798570200,995568,1491626091
4380239974440763092,995568,1491626100
1099352351359042923,995568,1491626089
-2843669081383845096,995568,1491626114
-7789104941967137508,995568,1491626073
4335337413881444851,995568,1491626115
2491465659797930088,995568,1491626083
-6235996965227479300,995568,1491626066
9085359520413455844,995568,1491626083
-7956603351426337114,995568,1491626060
7451057827768502086,995575,1491626080
-3326861657627434138,995575,1491626117
-7405889872885840768,995575,1491626086
408124296230156666,995575,1491626081
-3945452533793336457,995575,1491626088
2394555058229744675,995575,1491626072
-4220002959733983364,995575,1491626093
6218950466336988950,995575,1491626115
479109343513037102,995575,1491626109
1863996705719740695,995575,1491626102
-7895969887326141944,993801,1491626117
-516390360826715977,24834,1491626079
8556091018062424328,995345,1491626071
-4333965857624587294,995345,1491626062
-8431542768115484431,995244,1491626078
-5302013398241556350,995244,1491626115
-5028097765515519268,995244,1491626064
245155792926927821,995056,1491626105
946641957120026538,995056,1491626080
1045515153933011481,995056,1491626099
-8272309783613828841,995056,1491626101
-7140222762942874265,995056,1491626089
8313859751833154082,980210,1491626105
1429627309531026623,994454,1491626102
-5087855694194018816,994454,1491626061
5915470977192836434,994454,1491626079
7220186082737801979,994454,1491626113
3165887074428507488,995181,1491626085
-634137492016896944,995128,1491626093
-3028118587846342286,995335,1491626117
1423153645781064855,994529,1491626108
-7627432696376354190,995552,1491626089
7745300123441259855,995552,1491626092
-5169761253428946188,995552,1491626092
4345049729084234855,995552,1491626074
4393228256210155523,995552,1491626096
-4843080286697583070,995552,1491626109
-934510733644012199,995552,1491626090
-1389738807867595503,995552,1491626111
-1078719434665145133,995552,1491626116
-8140068275418021766,995552,1491626089
-1992809099078541469,995552,1491626074
8852102147351178038,995593,1491626117
-4666276339446341546,995593,1491626099
-6206365043356150439,995593,1491626060
4997521054772407652,995593,1491626089
8445424297562010918,995593,1491626117
2252034686447933467,995593,1491626110
2920172774450458146,995593,1491626061
-2605587807828760728,995593,1491626102
-5673832978149676516,995593,1491626063
-276252958337201570,995593,1491626076
-5552440457361047227,995593,1491626108
-4043925596050046823,995593,1491626101
3077153019819520899,995593,1491626095
6208929401972414704,995139,1491626109
-1623140989144624765,995229,1491626063
-7973499906758797311,994866,1491626080
-6147079143791013413,995526,1491626068
-3402900473456700735,995526,1491626090
3491173347854084513,995526,1491626084
-3033732737055355165,995526,1491626094
8495181459256564627,995526,1491626106
-3621498278677890009,995526,1491626097
3717344969646933895,994222,1491626087
6814302009469034339,994222,1491626068
8979498255685830549,995444,1491626068
-7175188340559004866,995444,1491626092
-581703617791435467,995444,1491626117
7453125537032014531,995444,1491626093
7622026671538332276,995305,1491626109
-7863918558182508472,995305,1491626070
5429483498250665004,995305,1491626061
5763823125481148498,995171,1491626116
-8427798686803071719,995171,1491626093
-1506833998486307919,995171,1491626069
1423153645781064855,995309,1491626102
3454555116761380668,193256,1491626063
-5170761583403074562,995090,1491626076
8997811025330916575,995090,1491626074
1423153645781064855,994742,1491626084
-5520187116714817256,994554,1491626075
-4386631389012445355,995050,1491626112
5353788298733943906,995050,1491626085
3377242931043320572,995461,1491626109
1139553210749356721,995461,1491626092
7736143299606757683,995461,1491626107
2689560101430738643,995461,1491626073
8201123944786642660,995461,1491626068
2928579124680912596,995461,1491626074
4908240149028741630,995461,1491626113
-6194771847313993219,995461,1491626085
9081834264704321821,995461,1491626085
-1390438357688007936,995461,1491626109
4925352530100978280,995132,1491626088
3408851126842113625,993963,1491626061
3643190764074032678,995588,1491626103
-4058461345828905145,995588,1491626074
-4519604576537511863,995588,1491626109
-8049124379338124403,995588,1491626060
371439641655398070,995588,1491626114
-8544790409683027984,995588,1491626094
-1314563380296341117,995588,1491626070
163309711150826914,995588,1491626091
710893602423039992,995588,1491626117
-5711085306999261979,995588,1491626078
4349165127064298688,995588,1491626098
5992903070555577952,995588,1491626096
-1908259418281250731,995588,1491626068
4215955822158963453,995588,1491626116
-3192823471439970578,995588,1491626080
-1837897026933221846,995588,1491626107
4692301311684652826,995588,1491626099
-7465927812091932596,995588,1491626076
7507874657119431143,995588,1491626087
1181921245356494737,940557,1491626115
6664174852319581295,995543,1491626070
-3681888056112385133,995543,1491626066
-44616587678283257,995543,1491626102
1858380202576011225,995543,1491626075
-6052655270542079610,995543,1491626114
2334628016089309377,995543,1491626105
8584054290417626957,995543,1491626074
8009869623716954445,995576,1491626107
-4220002959733983364,995576,1491626066
670117918178524457,995576,1491626059
1863996705719740695,995576,1491626091
2394555058229744675,995576,1491626065
408124296230156666,995576,1491626065
6218950466336988950,995576,1491626107
-7405889872885840768,995576,1491626071
479109343513037102,995576,1491626082
-5876535126454801445,995576,1491626100
-2260267328616363746,995576,1491626097
-425548763323430960,995576,1491626084
5339358022932913790,995264,1491626100
-7108051472769867060,995264,1491626113
1216861127322741657,995098,1491626097
-2737036376653949715,994048,1491626092
6082740448329777750,994581,1491626105
-628664073607947236,994581,1491626118
4368348600267240497,994581,1491626068
4924588695043310804,994581,1491626078
-1623140989144624765,995215,1491626098
-496842217371406854,995284,1491626074
8065080487065841978,995284,1491626074
-7525433328275939931,995284,1491626080
5361456323199136595,995284,1491626089
4861879721709250211,995284,1491626074
-8724221250955020328,995296,1491626082
-7759391380664207630,995347,1491626074
8556091018062424328,995347,1491626086
-4333965857624587294,995347,1491626074
-8794247055790581773,995178,1491626068
-9119668103351252467,995592,1491626099
-6206365043356150439,995592,1491626087
8154481530691647591,995592,1491626060
4692301311684652826,995592,1491626060
2920172774450458146,995592,1491626066
-2121799550571087156,995592,1491626070
8445424297562010918,995592,1491626117
2252034686447933467,995592,1491626110
4997521054772407652,995592,1491626089
5073399437716607401,995592,1491626107
8852102147351178038,995592,1491626117
-7472175853298582015,994970,1491626074
5847301059796856366,939654,1491626096
-1838318850972366541,994912,1491626082
7332294274036790986,994721,1491626086
-2225605640437950656,930016,1491626090
-473584454449974627,994321,1491626117
-1506833998486307919,995204,1491626069
5466784199947398902,986805,1491626111
5247276113446311366,995482,1491626099
-928341248606098492,995482,1491626106
-6596152801692167155,995531,1491626118
-116906993253230156,995531,1491626093
1731708823403918186,995531,1491626089
-6842339512956416748,995531,1491626086
4268639702881337926,995531,1491626066
6615590681185814455,995531,1491626087
7482493556722343755,986956,1491626062
-2092909712647401367,988929,1491626106
1731691421101028125,995580,1491626064
6820627427761865902,988454,1491626112
-2604635048436191346,988454,1491626065
-3945452533793336457,995577,1491626079
-4220002959733983364,995577,1491626093
479109343513037102,995577,1491626109
1863996705719740695,995577,1491626102
408124296230156666,995577,1491626073
6218950466336988950,995577,1491626115
-7405889872885840768,995577,1491626075
2394555058229744675,995577,1491626068
8009869623716954445,995577,1491626107
-6922631081242911322,995333,1491626075
-8235320135022477137,995333,1491626081
3604725990703146348,995130,1491626066
1695722462544578914,995130,1491626102
-2483810390873096999,995530,1491626115
4483230851718934242,995530,1491626060
-3315175276409768321,995530,1491626102
-7396854280194112239,995530,1491626074
-3458422791568590140,995530,1491626095
1817962799503486500,995530,1491626073
6222667761287156079,995530,1491626111
-4722001154817007290,995530,1491626064
4725992344445627458,995530,1491626064
4339778684802386292,995530,1491626112
-3796633927482289870,995530,1491626102
6739804544553485000,995530,1491626116
-5302013398241556350,995255,1491626070
2366713060231745575,995255,1491626086
8065080487065841978,995255,1491626102
-496842217371406854,995255,1491626074
-8853247674088612163,995195,1491626101
5563608124894088746,994846,1491626076
5915470977192836434,994318,1491626074
-7742487405571525967,994318,1491626109
2108884507010372216,995474,1491626075
-964247294203700325,995474,1491626083
7371109801723692454,995260,1491626087
-6468002830064262204,995260,1491626077
-4055112542596576303,995260,1491626095
5131633336431587216,995260,1491626091
-5073002518748231025,995260,1491626103
8997811025330916575,995089,1491626074
7632065390640281571,995027,1491626066
2290990798007255516,995027,1491626059
-4998168580591345980,994980,1491626105
-3773914163502296927,995490,1491626061
4113001982284315016,995490,1491626096
8888478162858620186,995490,1491626109
-928341248606098492,995490,1491626090
7736751003448413169,995490,1491626073
-7006483506775293375,995490,1491626118
7428765363926903216,995490,1491626113
5365380377024152249,995490,1491626076
-3662153115413062373,995490,1491626066
-2172090759430698774,995490,1491626086
-927228982895463674,995490,1491626090
-3444016346428957983,995590,1491626060
-6157558738442533117,995590,1491626099
4368541149693958017,995590,1491626094
1988953493689815241,995590,1491626105
-2812247009902704325,995590,1491626088
8769908222421542749,995590,1491626099
7744656143018648324,995590,1491626085
-4138915526194395482,995590,1491626103
4839245598256224000,995590,1491626114
-4461253915021328772,995590,1491626089
-8418765080561328949,995590,1491626102
1055213610713412037,995590,1491626079
-111390005926695357,995590,1491626066
-3192823471439970578,995590,1491626077
691836046502395581,995590,1491626106
-5648561288537468317,995590,1491626066
-910911294971248975,995590,1491626101
5147960681447493578,995590,1491626118
6222978916486125597,995590,1491626064
-3091158544344761969,995590,1491626105
4215955822158963453,995590,1491626071
4692301311684652826,995590,1491626071
5198981550736801729,995590,1491626061
-2998674525830132284,995590,1491626078
5105401545246469530,995590,1491626095
-1314563380296341117,995590,1491626060
3363663619962387153,995590,1491626098
5349692902423359770,995590,1491626068
-532239025980211600,995590,1491626103
-6817697417740180501,995590,1491626092
-1984508616769018635,995590,1491626091
-3320699073538937636,995590,1491626073
5790492244239736290,995590,1491626092
2920172774450458146,995590,1491626088
4464275403193585010,995590,1491626067
3929561505641102769,995590,1491626068
5929053104417863428,995590,1491626104
3390668219397684530,995590,1491626092
-6159167485681014174,995590,1491626114
4879669187661513395,995590,1491626103
679993708131066161,995590,1491626108
-6432986053713556540,995590,1491626069
1436412366160606458,995590,1491626090
-7056136351526232846,942449,1491626088
-8490034184733927710,995336,1491626102
-8282271629794052067,995336,1491626063
7404952886824246128,995336,1491626103
2275806618692059551,995336,1491626112
-2192793019363262619,995336,1491626111
3553139532646561914,995336,1491626118
-5493544890987289308,995336,1491626077
48171325939241046,995336,1491626068
-3399576177503949012,995336,1491626089
2640284523986249147,995336,1491626106
-5335251065954532792,995336,1491626091
-4027166971596301921,995336,1491626082
-6729634224917677466,995320,1491626075
-2375137340441143013,995320,1491626114
-3916027180830289467,995196,1491626116
-6062115126271745578,993598,1491626072
5581800739014208419,972937,1491626071
-2590573909400363768,972937,1491626114
7218072605229186786,972937,1491626096
9204343632958426252,995510,1491626116
6236540303855143967,995510,1491626108
7284206882087735918,994592,1491626070
-7973499906758797311,994981,1491626080
-2287753819873499621,995573,1491626072
-7405889872885840768,995573,1491626113
2394555058229744675,995573,1491626080
5522705833433564410,995384,1491626090
8906780844523489438,993893,1491626105
-4531952144055639709,992806,1491626061
273383753121561212,995520,1491626081
-2471675879639170746,994833,1491626070
-4386631389012445355,995051,1491626112
8577505253184796928,995440,1491626094
1342358166783260672,995528,1491626085
-3621498278677890009,995528,1491626097
-9018261134701474421,995528,1491626079
-3402900473456700735,995528,1491626066
3491173347854084513,995528,1491626078
4483230851718934242,995528,1491626092
8495181459256564627,995528,1491626106
5949620882163407129,995528,1491626071
1817962799503486500,995528,1491626089
-3458422791568590140,995528,1491626098
9056138845645072374,995528,1491626095
4184383242313635286,995528,1491626115
6222667761287156079,995528,1491626111
717810049634482796,995528,1491626076
-5588204850923311958,995528,1491626111
-3423923772795523551,995528,1491626097
-7396854280194112239,995528,1491626074
7607313684760362907,995528,1491626093
1155631944312907703,995528,1491626114
5369436138117930845,995528,1491626094
-2483810390873096999,995528,1491626115
-3315175276409768321,995528,1491626102
4039987858546965914,995528,1491626090
6962907159958504829,995491,1491626095
6382001355142595396,995491,1491626094
7500528353248722838,995491,1491626084
-8698406614349962435,995491,1491626085
29900597022784912,995491,1491626110
948410228630211424,986277,1491626078
-8853247674088612163,995185,1491626101
3835056736226075006,995374,1491626076
5444555064539979843,995374,1491626064
-2317589111283367053,985732,1491626074
1636694293376500622,995549,1491626114
-934510733644012199,995549,1491626102
-1398055540972924917,995549,1491626118
-5775284776478762024,990969,1491626067
-6471524292679804979,977570,1491626072
3392767438509642429,918988,1491626116
-2812247009902704325,981709,1491626108
-6464461060272787213,981709,1491626117
1677328213303282035,994907,1491626082
6523527528535514849,994386,1491626100
-6919472999225715635,995310,1491626064
-844760814899679774,995354,1491626075
1707863977916875781,995354,1491626073
6783241128900705108,992960,1491626078
-510657917745897865,994074,1491626111
-515127366079439653,995544,1491626097
-939402900766959663,995248,1491626063
-8612222553266605994,995248,1491626111
-8885225396809011474,995248,1491626096
8934357854024023617,989839,1491626084
2710041017099949021,995427,1491626102
7663755940328533605,995427,1491626078
3172976808343924097,995427,1491626065
5568608920289589232,995427,1491626117
-1623140989144624765,995217,1491626098
-2093755271401841154,995507,1491626061
8147172486736988715,995507,1491626059
2484901181807337125,995507,1491626078
-8695572419709334478,995507,1491626069
-1108293434964356468,995507,1491626116
-1733354534269211035,995507,1491626095
-3095614897955747870,995507,1491626072
773991534121025004,995507,1491626062
-4300316814038137771,900063,1491626079
-1344217961808477177,995233,1491626072
-8809960579729984085,995392,1491626109
5201767731508337145,995392,1491626079
2928579124680912596,995392,1491626116
-8404913704563897615,995126,1491626092
8115822028488315140,995126,1491626068
8113820533498889918,995126,1491626117
3045765052244817561,995356,1491626101
-4577553659510143591,995356,1491626102
8577505253184796928,995381,1491626076
6208929401972414704,995149,1491626075
1444232605551035462,994761,1491626084
-515127366079439653,995540,1491626072
-4660284368060552385,995540,1491626076
-8647368824877507545,895648,1491626102
-4410817633295280228,995337,1491626070
534769916804261035,995198,1491626100
-7739700401562515712,994720,1491626071
-899761471251713492,995100,1491626089
-7039318443640851893,995240,1491626074
-5028097765515519268,995240,1491626083
-8431542768115484431,995240,1491626103
-349246985351791395,994746,1491626096
3673822618736198137,994585,1491626065
5854035306879215228,994894,1491626069
-425548763323430960,995579,1491626064
6006797188410944164,995579,1491626079
6218950466336988950,995579,1491626082
-308303905204541043,995579,1491626098
-8363250305628082219,995579,1491626106
2280234687505287282,995579,1491626107
6962907159958504829,995500,1491626072
-8698406614349962435,995500,1491626080
6382001355142595396,995500,1491626085
-7748340920952183556,995500,1491626097
7500528353248722838,995500,1491626077
29900597022784912,995500,1491626110
8517566300497101757,995500,1491626101
-3976997249433564955,995500,1491626094
-3052066803260143655,995500,1491626097
1877208932991865166,995500,1491626090
4335337413881444851,995569,1491626115
67619637703757739,995569,1491626098
8843732895897891949,995569,1491626094
5081797525919846365,995569,1491626068
-7956603351426337114,995569,1491626060
4402871436803794355,995569,1491626073
2491465659797930088,995569,1491626082
7627134911527586782,995569,1491626104
8566360659644556501,995569,1491626071
6023812815615013453,995569,1491626095
138373881606758771,995569,1491626083
-5898444930641529127,995569,1491626072
-6324756216854249235,995569,1491626068
6513581906020041086,995569,1491626118
-9185501466655641843,995569,1491626066
888865635797803510,995569,1491626115
3645661396368415140,995569,1491626086
-3171304007536695470,995569,1491626102
-16236930943758259,995569,1491626105
2805478001741310018,995569,1491626097
-2287753819873499621,995569,1491626092
1912411766507291247,995569,1491626064
-623584221563008237,995569,1491626067
4650075653950332442,995569,1491626089
-1259558462604175536,995569,1491626093
2509961052659976033,995569,1491626103
3604725990703146348,995102,1491626066
-927228982895463674,995497,1491626089
4302637679243930852,994630,1491626077
6208929401972414704,995144,1491626097
4925352530100978280,995133,1491626088
-7060290088944863117,891948,1491626115
2208022807624117351,995275,1491626100
-5902993550869921543,995275,1491626106
185597580211136947,995275,1491626083
1906051950483181780,995275,1491626110
-581703617791435467,995445,1491626099
1523958740445199450,995445,1491626084
5695787410621239662,995445,1491626086
-2496101944721228043,995445,1491626098
4177160973206805949,995413,1491626085
-7334762015782126029,992498,1491626074
-4030206459860332394,994322,1491626090
-7418304628931442947,995289,1491626083
-1041927022662254554,995289,1491626063
-516390360826715977,24832,1491626106
6930393803745499512,994373,1491626108
-8513414664759869783,995597,1491626096
8665047068724330223,995597,1491626060
6750594070226097612,995597,1491626117
-1059510720819317182,995597,1491626086
-8359792149853231887,995600,1491626080
8679374466084446570,995600,1491626083
6295945288944271730,995600,1491626065
-1264232734503703705,995600,1491626075
-9113036454655951121,995600,1491626082
5497724479950360220,995600,1491626089
4938844475695321928,995600,1491626107
7140579202969457803,995600,1491626074
636490118316019333,995600,1491626113
-8264933994613035714,995600,1491626083
245843940353649626,995600,1491626066
3667283469800056398,995600,1491626064
4180000885973773132,995600,1491626076
-8813893603894451478,995600,1491626105
-8997693334706054821,995600,1491626104
2407480208764985451,995600,1491626063
-824986555642978760,995600,1491626097
-4421503805865185937,995600,1491626111
-535576948761483810,995600,1491626084
-2509682644534425718,995600,1491626101
8102672275989882232,995600,1491626092
6196237058433055963,995600,1491626118
5241542576685653495,995600,1491626103
6157725440036397256,995600,1491626104
-2319907129955327246,995600,1491626066
-1533189885957533471,995600,1491626111
-6776678158707551016,995600,1491626064
3546541285133426612,995600,1491626083
-1555480230080210752,995600,1491626066
2199412628263984648,995600,1491626099
7657040238936757942,995600,1491626079
-5589933156482692361,995600,1491626062
-2154826745355136859,995600,1491626092
6648993586587921907,995600,1491626077
-2742113787296687838,994499,1491626063
9142381073176004656,994991,1491626083
6531873327353166973,995484,1491626071
4129747551792461330,995484,1491626076
-964247294203700325,995477,1491626078
1255677182570682209,995477,1491626110
-3123072011005817786,995541,1491626114
940011871405306126,995541,1491626062
8911139804976033422,995541,1491626066
-7334762015782126029,995541,1491626070
6840357723996205790,995541,1491626085
7761570518957112385,995541,1491626103
6355122438486011461,995541,1491626091
-8224475868517872907,995541,1491626112
3522670981191705112,995541,1491626079
-4602514106229008875,995541,1491626117
-91705895663761595,995541,1491626094
-3173584985725549738,995541,1491626060
-8621746614726993638,995541,1491626082
2357850811256303026,995541,1491626058
170186736772827677,995541,1491626106
-45855255188591048,995541,1491626096
-198434398049436842,995541,1491626072
-2195390850468044073,995541,1491626084
-5134093818653672901,995541,1491626115
-8228259202607958217,995584,1491626067
-7607274327339687116,995584,1491626062
-308303905204541043,995584,1491626061
4160725316628456276,995584,1491626104
-7734785566184406587,995584,1491626089
-1826964865618316242,995584,1491626110
8015516873701925287,995584,1491626102
2619409072121569408,995584,1491626075
601419676758227134,995584,1491626094
-331462358526986294,995584,1491626067
-7896906491976106943,995584,1491626064
8270718644030911564,995584,1491626091
-888334157481082540,995584,1491626109
9041856631507656511,995584,1491626083
2458922038666929359,995584,1491626079
1304019412487729961,995584,1491626063
8313859751833154082,979281,1491626082
-41579704301218973,995073,1491626102
6915384747737403649,958555,1491626091
9035768658233133885,958555,1491626086
-8794247055790581773,995170,1491626079
2208022807624117351,995245,1491626103
-4487706868099887671,995245,1491626080
948410228630211424,995245,1491626100
371936560001390965,984977,1491626095
-3682378715248555810,995328,1491626086
-1665213729128622265,994753,1491626085
7967131160000273363,994753,1491626093
-5574374787858353164,995422,1491626077
-8298273518012013385,995422,1491626062
4016155429997227885,995422,1491626081
-1297129291207746109,995422,1491626078
-5169170007485937818,995422,1491626074
-6471524292679804979,979047,1491626067
691836046502395581,989035,1491626107
-1541436999907409024,994707,1491626064
5854035306879215228,981544,1491626111
-5638465104714160907,994969,1491626115
-8968996691262459676,994969,1491626077
1263385991119023975,934563,1491626076
-8649994711371025795,995180,1491626075
-8372245727791892181,995180,1491626106
-7579892767932157533,993795,1491626080
479109343513037102,995578,1491626075
8009869623716954445,995578,1491626060
-5876535126454801445,995578,1491626100
-7405889872885840768,995578,1491626064
-425548763323430960,995578,1491626084
1863996705719740695,995578,1491626062
6218950466336988950,995578,1491626097
-308303905204541043,995578,1491626098
6006797188410944164,995578,1491626079
9096758271735807349,995585,1491626101
-5219841564194851482,995585,1491626096
5116126248881957270,995585,1491626089
-63179323540722390,995585,1491626107
3450960035036952411,995585,1491626081
-3016284406219803312,995585,1491626096
8270718644030911564,995585,1491626059
3737859679729838310,995585,1491626080
601419676758227134,995585,1491626087
-3091158544344761969,995585,1491626084
-5914048148145135811,995585,1491626101
8015516873701925287,995585,1491626066
3117019070062162006,995585,1491626066
2458922038666929359,995585,1491626066
-6767769931524193826,995585,1491626073
-8544790409683027984,995585,1491626100
5506238175587352095,995585,1491626063
2478809685472045847,995585,1491626092
-7132555217321119476,995585,1491626105
3643190764074032678,995585,1491626105
-2042198763894167044,995585,1491626061
-6635409940865440387,995585,1491626118
528124046764735362,995585,1491626075
-4519604576537511863,995585,1491626109
-7465927812091932596,995585,1491626114
-2093755271401841154,995326,1491626059
-6801621213135618613,995326,1491626079
5399969415645492736,995326,1491626080
-1883527440434258877,994773,1491626114
-3773914163502296927,995158,1491626092
-4567541740415050068,993619,1491626071
7220186082737801979,993619,1491626098
-2350525652044368936,993619,1491626099
-6631840740211628622,993619,1491626092
-6865393127211094957,995563,1491626072
4120744506957414764,995235,1491626098
-5028097765515519268,995235,1491626108
-1344217961808477177,995235,1491626061
-7039318443640851893,995235,1491626074
-3268276308355942178,995265,1491626059
-6409666769591330986,995265,1491626095
-6171183228443946663,995298,1491626084
3455693167928048957,991953,1491626066
-230129200772883131,994073,1491626086
-634137492016896944,995127,1491626065
66777113052845876,995567,1491626103
3428478905714221607,995567,1491626079
-5898444930641529127,995567,1491626105
6000858131575883257,995604,1491626101
-5421643906699443887,995604,1491626091
-1078719434665145133,995547,1491626112
-8140068275418021766,995547,1491626079
-1059057883406349687,995547,1491626117
-1389738807867595503,995547,1491626078
1484223229633013014,995547,1491626091
-3573739525933363158,995547,1491626071
1908184420747559144,995547,1491626061
1252461380629490285,995547,1491626071
3176241101826645853,995547,1491626090
3283992430604116565,995547,1491626075
-6865393127211094957,995547,1491626113
-8368169156930996989,995378,1491626081
2726685291230910569,995378,1491626062
-4333965857624587294,995332,1491626099
7672070869583187306,990944,1491626093
1252461380629490285,995561,1491626071
-6865393127211094957,995561,1491626113
1484223229633013014,995561,1491626091
-3573739525933363158,995561,1491626071
3428478905714221607,995561,1491626092
3900962398470404090,995561,1491626101
7687178949937560790,995079,1491626105
-5574374787858353164,995421,1491626096
-3761947588509236274,992177,1491626083
-6551405250461297020,995589,1491626076
4734576665368607265,995589,1491626109
6222978916486125597,995589,1491626109
1977164654157551750,995589,1491626080
-2072460358329902726,995589,1491626076
4215955822158963453,995589,1491626102
-7991049011941135395,995589,1491626075
1878267800362975576,995589,1491626080
163309711150826914,995589,1491626074
4368541149693958017,995589,1491626113
-410735803617346294,995589,1491626096
3549497689038304439,995589,1491626107
1055213610713412037,995589,1491626096
4309856674203266409,995589,1491626111
4692301311684652826,995589,1491626083
-5648561288537468317,995589,1491626078
1988953493689815241,995589,1491626115
-8544790409683027984,995589,1491626059
-111390005926695357,995589,1491626069
8769908222421542749,995589,1491626099
-3605333953237157521,995589,1491626110
-4138915526194395482,995589,1491626103
7829184846898326037,995589,1491626108
-6157558738442533117,995589,1491626099
800556257734835571,995589,1491626107
7744656143018648324,995589,1491626085
-2972512235922785510,995589,1491626101
-2812247009902704325,995589,1491626088
-6464461060272787213,995589,1491626109
-910911294971248975,995589,1491626101
6208929401972414704,995146,1491626090
-7321446148704072593,965229,1491626059
5563608124894088746,994996,1491626063
-3475970266614312306,995603,1491626076
1483955492392389312,995603,1491626079
-7083748334770293636,995603,1491626068
-5296466901682036181,995603,1491626093
-3466499245813305240,995603,1491626079
3751843703108211859,995603,1491626118
8316584783520915133,995603,1491626085
2983450806036207666,995603,1491626099
686784086401087778,995603,1491626071
-4028173006754006504,995603,1491626100
-2780240719719850443,995603,1491626118
6599563262340395995,995603,1491626112
5371570701154651388,995603,1491626107
-8997693334706054821,995603,1491626091
5869870571285896816,995603,1491626111
-7121170972250392042,995603,1491626069
-1955972578425440189,995603,1491626066
-628060681124200285,995603,1491626099
6992106110992197842,995603,1491626106
-4615193584060779548,995603,1491626106
3139299997151197031,995603,1491626092
-2376150273006398542,995603,1491626112
1153682642961688224,995603,1491626099
636490118316019333,995603,1491626065
-8813893603894451478,995603,1491626087
-1695774961749123815,995603,1491626061
3254362982975985735,995603,1491626101
1793316035800653689,995603,1491626118
2576280914791352826,995603,1491626100
-5530256581299775667,995603,1491626097
-2074298643917990136,995603,1491626107
4029444951349622716,995603,1491626071
5432892731124572372,995603,1491626093
4068136294559815984,995603,1491626090
6648993586587921907,995603,1491626066
-2918873096129525955,995603,1491626101
789474658441633431,995603,1491626091
-6909367572360591909,995603,1491626095
-2418182649370325793,995603,1491626102
-8872890508143549885,995603,1491626066
8361309007032155706,995603,1491626080
-3038079056047062199,995603,1491626086
-6736148826818780064,995603,1491626083
-6620053442185471806,995603,1491626078
-5969669000201339093,995603,1491626108
-4988157029845635307,995603,1491626092
-1589977092205178778,995603,1491626059
5349692902423359770,995603,1491626100
-2300344229736788530,995603,1491626062
2331720058757971312,995603,1491626095
-3432650893846647195,995603,1491626099
-8594187475281850612,995603,1491626087
-9021098678589476422,995603,1491626072
2972210120825675793,995603,1491626116
-5543847630985156836,995603,1491626111
-4521757203347325955,995603,1491626102
4484016203095676683,995603,1491626087
-5712784295447256962,995603,1491626109
-6422599006227653606,995603,1491626100
323563348036868614,995603,1491626061
-7039723249118153056,995603,1491626107
8991912163095102331,995603,1491626079
1067413062782606754,995603,1491626089
8674108005354519551,995603,1491626077
3849166343561095656,995603,1491626109
-893637219059656536,995603,1491626115
-7212724772417555746,995603,1491626116
9221935846541838154,995603,1491626110
2384498010808935700,995603,1491626115
-3594498388114572210,995603,1491626110
-5867520946559515776,995603,1491626089
-6274174911804041568,995603,1491626075
3354688629172637014,995603,1491626109
-245299949614095813,995603,1491626095
5533516915002675715,995603,1491626076
-1999487816337356733,995603,1491626088
3796467154692091874,995603,1491626058
-8820324310939234112,995603,1491626103
5903266257296672485,995603,1491626074
7116349866268011537,995603,1491626105
-1401445749594299776,995603,1491626117
1750750392328583885,995603,1491626083
-69187919540745080,995603,1491626098
-4265707490324826243,995603,1491626069
-2268684500979915178,995603,1491626077
6059680104488972110,995603,1491626076
-264687265980257176,995603,1491626081
1254099098260196765,995603,1491626059
7548174678428380887,995376,1491626075
-2195390850468044073,978998,1491626073
2923525572804687515,995101,1491626116
5485353251135413923,995363,1491626111
7862585989878788742,912019,1491626092
-7853988645576386231,972031,1491626086
-530498310712387593,972031,1491626066
8476727206411944443,995365,1491626099
-5080132278006582140,995365,1491626078
-3419413706061636394,995365,1491626087
267647115445460572,995365,1491626106
-7759590124701370868,995365,1491626071
7622026671538332276,995249,1491626109
7500528353248722838,995501,1491626089
6382001355142595396,995501,1491626096
-7899866504470814669,995277,1491626089
1423153645781064855,994754,1491626082
-399175455819065518,992180,1491626107
-3439259739875086476,986789,1491626101
-7722880423147496621,995565,1491626081
3829124770759724429,995565,1491626083
7265698083963445484,995565,1491626095
-4940135550190038815,995565,1491626115
679993708131066161,995565,1491626080
1103608951565954631,995565,1491626106
-5712686102484095327,995565,1491626076
66777113052845876,995565,1491626094
3428478905714221607,995565,1491626072
6023812815615013453,995565,1491626112
-5898444930641529127,995565,1491626105
4036735438994958030,995565,1491626072
1650750339021015519,995565,1491626117
1032977964349377659,995565,1491626114
-4732199379298296524,995565,1491626086
5081797525919846365,995565,1491626118
487454930178390601,995565,1491626094
6881634470897221233,995565,1491626092
-4578085233365162155,995565,1491626109
-8845986958565725847,995565,1491626070
8953923171902481198,995565,1491626081
-1543901350129727563,995565,1491626096
123190968494705540,898259,1491626088
5361456323199136595,995287,1491626089
4861879721709250211,995287,1491626074
2384754570595143557,995287,1491626115
5705572565254888097,993302,1491626094
-6828182342475664449,970241,1491626072
-1476624926039368104,995124,1491626118
5466640301230653548,995124,1491626107
5399969415645492736,995394,1491626089
-5574374787858353164,995394,1491626085
-2123570695866314180,995394,1491626065
-7056136351526232846,960330,1491626088
1670047679044103171,995246,1491626117
-5574374787858353164,995420,1491626092
-2375137340441143013,995342,1491626077
8556091018062424328,995342,1491626100
-4333965857624587294,995342,1491626099
2290990798007255516,995034,1491626059
7632065390640281571,995034,1491626062
3765287348342849388,994985,1491626108
-6156502390436712971,994486,1491626092
9186899767800716055,995508,1491626114
-3402689557670869773,995508,1491626115
-1881381792430204269,995508,1491626075
-3402900473456700735,995508,1491626090
6208929401972414704,995145,1491626080
5399969415645492736,995315,1491626101
2108884507010372216,995470,1491626103
-1541436999907409024,994750,1491626064
-7541266946866261500,995001,1491626098
193114136761782590,995001,1491626063
5795151358726445023,995001,1491626108
8459988583938059003,995001,1491626079
8528434192750999485,995574,1491626111
-8178945894103068803,995574,1491626099
-7405889872885840768,995574,1491626107
-2287753819873499621,995574,1491626062
2394555058229744675,995574,1491626077
-8513414664759869783,995574,1491626096
408124296230156666,995574,1491626081
-3326861657627434138,995574,1491626117
3851444192590246284,995574,1491626086
1364951589787691857,940519,1491626103
-4577032928584045998,907244,1491626071
-4913502310523207602,875950,1491626097
742822770404730738,988362,1491626105
-152673917621276244,995401,1491626117
4304095276175334736,991659,1491626103
2526824986563803864,995475,1491626100
-6922631081242911322,995324,1491626076
-5399831814996041031,995324,1491626100
-6066835752036633821,995554,1491626104
1636694293376500622,995554,1491626114
4393228256210155523,995554,1491626114
9078311567333808500,995554,1491626112
2333004365874572559,995554,1491626098
7683358442185814321,995554,1491626073
4213863611881966855,995554,1491626079
-2076232786744595003,995554,1491626066
7644571820122172792,995554,1491626114
-1809883043579143854,995554,1491626112
8147200704673515891,993453,1491626076
-4535181880848207775,338956,1491626084
8263260667375490358,995353,1491626095
882782587548528717,995415,1491626058
-3311198840922743023,995415,1491626082
1423153645781064855,994719,1491626089
987554577598198474,153468,1491626083
8313859751833154082,978973,1491626076
-7236244763438378822,995311,1491626108
8811750400146994968,995311,1491626064
-7896629169221397529,995311,1491626085
-4193873272208984630,995311,1491626060
5589800924619627692,995311,1491626099
-1784502472039198322,995311,1491626088
1951443136533615956,995311,1491626116
5128242793187940359,995311,1491626068
-7803284933936630312,995311,1491626066
8813753611875753913,995311,1491626093
4369806320472877589,995311,1491626069
-6296271655011866706,995311,1491626117
3528452064160401481,995311,1491626116
913319519757218021,995311,1491626073
2422908015642771169,995311,1491626064
6664174852319581295,995311,1491626061
1733431980392988503,995311,1491626063
-9134156335999901312,995311,1491626082
-8564221645117495061,995311,1491626093
736968325280500739,995311,1491626101
8554551796994427139,995311,1491626084
-3714448667716187177,995311,1491626074
-8242203163524487049,995311,1491626101
-6573731465087057425,995311,1491626083
-7103376997537730889,995311,1491626118
2812984059192744652,995311,1491626068
5439208836104340442,995311,1491626078
6499010587080919949,995311,1491626094
1319968384194715058,995311,1491626112
-8980213530416420780,995311,1491626097
-7380905782516033457,995311,1491626103
-8005864964957037538,995311,1491626070
-7165818098358009823,995311,1491626103
-1296817741818977340,995311,1491626077
-3102471695672731584,995311,1491626109
-3541759267097567459,995311,1491626104
3930594805663992106,995311,1491626089
-4390820271578831607,995311,1491626099
-8161118999750694567,995311,1491626080
968433772202967601,995311,1491626096
8650593754779452960,995311,1491626096
7333910761677499251,995311,1491626067
-6224702642597161323,995311,1491626101
-4369462038570813020,995311,1491626061
3860983551713350077,995311,1491626069
5021790243475736774,995311,1491626085
-7579420738698481856,995311,1491626076
-2622376329358320217,995311,1491626060
-5160013367426180320,995311,1491626096
-7802845820567482792,995311,1491626105
-7765973187576644538,995311,1491626111
3999211116183104940,995311,1491626068
1633325735995106050,995311,1491626079
-7726847631947520382,995311,1491626098
-824498641539722321,995311,1491626074
8631930711066520886,995311,1491626080
