9184118248895999236,994384,1491772577
-4502008694436687268,993640,1491772525
1718247258447659527,996101,1491772571
-1316178916503761865,996101,1491772558
3042410996047200622,996101,1491772545
8666788520330776750,996101,1491772529
3696607122525300245,996101,1491772548
-8605686566497632415,996101,1491772526
-3086172463769494906,996101,1491772546
-8782742506532058266,996101,1491772535
-6444180763456626005,996101,1491772579
7170747171865507935,996101,1491772568
-2955754507804091866,996101,1491772571
5392361491038530357,996101,1491772533
-1302754226585426110,996101,1491772539
6670115168831279724,996101,1491772530
-5597435177483826150,996101,1491772572
-7462049784891770229,996101,1491772554
-5662586317385450883,996101,1491772570
-653384067653331036,996101,1491772547
-6854902378393780495,996101,1491772519
6336986496062453407,996101,1491772559
165328191175320557,995765,1491772542
8883832157772451055,995765,1491772553
5636712220794130647,991233,1491772568
-6467194193049321556,991233,1491772546
-1556776173988507808,991233,1491772569
5506567536199151688,991233,1491772556
7776673722273613995,996081,1491772569
-338069505776470904,996081,1491772526
5717472473730012986,996081,1491772522
2639261094368758501,996081,1491772546
7259090295448095575,996081,1491772562
2144243924940645392,400549,1491772536
-138298667215776213,995359,1491772565
-7148370371819827693,404366,1491772524
-8433177389717021014,984026,1491772569
6311319369232873231,995230,1491772572
-5174438270494512490,996016,1491772535
9095142573473133201,996016,1491772523
8224404138077088741,996016,1491772575
8480390009042446823,996016,1491772567
8241977533682384995,969410,1491772531
1222748947264437625,994894,1491772549
-4907375754171567111,992424,1491772567
1954705739921532161,935145,1491772574
1831593782368152869,995035,1491772537
1479283468549487732,988300,1491772534
6651402771898638543,996038,1491772530
3936508286469566838,996038,1491772542
6001806403521632322,996038,1491772557
1166722551010228068,996038,1491772549
-8287105416589164624,996038,1491772560
-8892267878867596314,996038,1491772545
-3392449838009483863,996038,1491772530
-7428498036764167876,996071,1491772577
7274981702321046219,996071,1491772538
2367478083955832928,996071,1491772536
1811022000717286868,996071,1491772532
8702074022928127831,996071,1491772541
-4018919496482415414,996071,1491772562
2142500511295265615,996071,1491772547
7545200393296004792,996071,1491772540
5415010753793989077,996071,1491772549
8310063377809167056,996071,1491772574
4857070313459239770,996071,1491772558
-2858563884110086527,996071,1491772576
-3168940806542185441,996071,1491772553
-6057197230452438957,996071,1491772545
-3521378650092017647,996071,1491772528
616581394140824960,996071,1491772571
-3275306122648563957,996071,1491772547
5167613639706748394,996071,1491772564
-6582028216992020976,996071,1491772567
-7758349268090644281,996071,1491772537
-4308167933064346665,996071,1491772559
1413781878438817967,996071,1491772521
4087061345150569963,996071,1491772578
-590412758511234855,996071,1491772558
-342185463649266066,996071,1491772532
8453313037622712942,996071,1491772545
-6446276559489273527,996071,1491772571
-872637334423550056,996071,1491772562
-9198675178321054945,996071,1491772556
-239946982751922087,996071,1491772530
1199284512065163085,995992,1491772574
9169258829009681524,994242,1491772562
-2093311680160489595,994242,1491772561
976281703796156116,994242,1491772557
5042465590594337242,996075,1491772526
5109790540413687635,996075,1491772554
8807912264464214820,996075,1491772548
-5870996594279652732,996075,1491772551
-5463700527752001246,996075,1491772540
8913068889582160506,996075,1491772556
7274981702321046219,996075,1491772562
1287227281432736926,996075,1491772536
6933415261646376925,996075,1491772571
-3275306122648563957,996075,1491772561
-3168940806542185441,996075,1491772561
5415010753793989077,996075,1491772559
8400096404741709056,996075,1491772557
83799330003084029,996075,1491772575
-4795284771444696872,994587,1491772530
2769266166668581545,994587,1491772569
-5248864703352184850,994587,1491772545
8901152424844287883,994587,1491772524
-2281989146997228798,994587,1491772545
4900623200359282972,994587,1491772552
-1228985953911045762,994587,1491772571
-2982099006199326575,994587,1491772566
1322034087363965015,994587,1491772573
-9216423054732758564,994587,1491772541
2241461000935885961,994587,1491772524
5124964250012605155,994587,1491772521
-2052766856009065025,994587,1491772572
7720818364703844842,994587,1491772536
4988581671569334883,995983,1491772573
-49341087707444086,995983,1491772568
8883832157772451055,995776,1491772535
5569072111560608290,995776,1491772535
-7789871914834781484,995527,1491772549
-8462024763848357102,995527,1491772551
-5926152225324292506,993944,1491772523
-5173058740163812452,994454,1491772543
4306190453289426477,994454,1491772527
5146882832771086925,994454,1491772544
-1857381286342437859,956626,1491772548
-5173058740163812452,885566,1491772546
1507161304553774466,995070,1491772576
8027004529711492606,993154,1491772553
-7087619116468579070,995669,1491772555
7138949197846737621,995669,1491772533
-4907375754171567111,992462,1491772567
1177320463290285325,970494,1491772572
-4502718748385766258,970494,1491772532
967548181455208901,995453,1491772527
-6152968204158736642,995453,1491772547
-4685002376357255405,995508,1491772526
-3785252989243807413,995508,1491772529
-2211797224104983039,995508,1491772542
-2254677831286923617,995906,1491772525
-1382315149179797759,995137,1491772547
-1382315149179797759,995153,1491772547
7915550857094240339,995869,1491772542
-5006456033210695277,995869,1491772549
-7169643622041607695,995869,1491772543
7043919840963203742,995869,1491772576
7101645091952902273,995869,1491772527
-2646985082294489654,995869,1491772552
-8378510769770956577,995869,1491772523
-6930165657091762410,995869,1491772528
-3878071575532577442,995869,1491772558
-8397401307767697001,995869,1491772536
-7173624012184101829,995869,1491772540
1222748947264437625,994813,1491772522
3740088259764611390,995839,1491772525
-8536950609609599803,995839,1491772542
3716191157037621684,995839,1491772555
5569072111560608290,995763,1491772558
-3831158868599252749,994891,1491772568
-7070577001789104803,995288,1491772542
-4389048964013053670,994015,1491772561
815783923086007936,994015,1491772575
-1012795768431159571,993674,1491772557
-7070577001789104803,995267,1491772542
4961636983916591534,995886,1491772561
-7789871914834781484,995610,1491772561
5388477398462803227,903803,1491772571
-8448089295859965100,994318,1491772533
5093254068874496821,974021,1491772557
209483377944393668,974021,1491772554
843673534892035407,974021,1491772574
-1123845871441052774,974021,1491772571
5636712220794130647,974021,1491772568
8041894116682582778,885098,1491772544
6294119478393983186,996069,1491772562
3782945530723336983,996069,1491772579
7936289192225437128,996069,1491772552
8913068889582160506,996069,1491772579
-5463700527752001246,996069,1491772571
8807912264464214820,996069,1491772568
5600227084236647390,996069,1491772529
792174642247746621,996069,1491772540
6689968460961609918,996069,1491772564
-3275306122648563957,996069,1491772578
-7060376668625742795,996069,1491772522
3573069831291854126,996055,1491772571
-5751297061946517285,996055,1491772540
650471100211728309,996055,1491772558
2888421855026615931,996009,1491772574
9095142573473133201,996009,1491772538
-3355994712920177808,995796,1491772570
5047261107421861853,995707,1491772525
-8367119726562133202,996020,1491772522
2888421855026615931,996020,1491772533
3393097732857554738,996020,1491772564
6093951957015881328,948838,1491772550
6579851484972632966,995506,1491772538
-4248913468635191340,995506,1491772557
8894801502868625642,974441,1491772538
-1949305390847938648,974441,1491772557
2187896860597322711,996039,1491772531
1347499074670100461,996039,1491772541
8527606986978182308,996039,1491772571
4994864748957938058,996039,1491772564
7205963200276431243,995675,1491772555
7059916341477196504,995160,1491772538
-537103819844525445,995160,1491772559
-8950210386738360448,996065,1491772528
-3665461551831943987,996065,1491772520
5949239734479656255,996065,1491772522
7195768019365344740,996065,1491772524
7844146673289667866,996065,1491772542
-154303429014125182,996065,1491772565
-7936571394661834771,996065,1491772564
655027680472499678,996065,1491772574
9093724894256995612,996065,1491772553
-3485716030105597359,996065,1491772552
-6813390111996461747,996065,1491772540
-8966610397462132169,996065,1491772576
1704704400771413595,996065,1491772556
-6021655297714739023,996065,1491772571
5078861340244599665,996065,1491772579
-1037539200000147541,996065,1491772551
187712945941088890,996065,1491772577
-2553527128244233556,985087,1491772539
-3734239179413429964,992689,1491772569
-6780895562172098262,928241,1491772523
610369336784772229,996084,1491772538
2598402855170432487,996084,1491772533
-8987666606854908937,996084,1491772525
797224817846790246,996084,1491772569
3481641325584732660,996084,1491772577
1409630877611432339,996084,1491772546
-7567943963150004474,996084,1491772557
219642458654544305,996084,1491772527
7480177630184543904,996084,1491772552
-8992940768315745847,996084,1491772565
-4877869906717526491,996084,1491772559
-8630793295542479960,996084,1491772552
-4980322022726611682,996084,1491772562
-2050303866830972118,996084,1491772564
-1901173111947044386,996084,1491772528
3925796698681491544,996084,1491772549
-8304374551495437936,996084,1491772530
-17118951061473968,995739,1491772570
5569072111560608290,995739,1491772578
3919342567497609630,995328,1491772532
5636712220794130647,996030,1491772535
7571247182265705872,996030,1491772527
-6118324798537290276,996030,1491772526
-5033474582859635082,996030,1491772577
5833705180996686026,996030,1491772538
-1430582621489326772,996030,1491772564
-4387997820835528741,996030,1491772554
-1322022981246538090,995936,1491772535
8050644784673330857,995936,1491772548
2460305614839222421,995936,1491772527
9073753375387165542,995936,1491772578
5809236752799891990,995936,1491772522
1711885642475914442,996062,1491772562
-3711572044067626041,996062,1491772558
-1724148462139466401,996062,1491772557
-1750293738442619126,996062,1491772534
-6813390111996461747,996062,1491772577
-7073400084900311099,996062,1491772553
-3485716030105597359,996062,1491772576
-7204168174554080895,996062,1491772557
7195768019365344740,996062,1491772554
-7041513117959611582,996062,1491772540
-5694881040499881883,996062,1491772523
-3665461551831943987,996062,1491772570
-4058637098603630321,996062,1491772566
-3370251879437588414,996062,1491772536
6308059270443805073,996062,1491772533
7844146673289667866,996062,1491772574
-1796722695771571684,996062,1491772559
1845261906271212372,996062,1491772578
810623729930260088,996062,1491772580
2768793548223012795,996062,1491772547
724809257638850585,996062,1491772574
9093724894256995612,996062,1491772578
3130384578799252723,995657,1491772566
-1242794725606345648,995657,1491772533
-1376635626201151614,985107,1491772533
-7194452589945416601,993710,1491772559
209483377944393668,973903,1491772574
-7821898057093849280,973903,1491772525
6657457017013144631,973903,1491772559
6025109039042946171,72214,1491772575
-7065162773117102186,996114,1491772567
-6490889691919509576,996114,1491772570
6278759461052912430,996114,1491772571
-6974529433697043525,996114,1491772520
8081629288489964880,996114,1491772523
9007134957560571352,996114,1491772530
-2489131468506998635,996114,1491772527
-2509639001944571004,996114,1491772531
-2064644831944304213,996114,1491772549
1370603273860006730,996114,1491772572
7839220891296680022,996114,1491772551
-5754521460912563741,996114,1491772536
-4312554429743169730,996114,1491772540
-5281147576955404509,996114,1491772550
-3026390003739773867,996114,1491772551
5833185899088567985,996114,1491772557
-3497738929441104774,996114,1491772552
2608391657938793976,996114,1491772524
3248609921042920392,996114,1491772521
8686331068209318050,996114,1491772574
6090391505658565622,996114,1491772545
-1293981108303967291,996114,1491772545
-5634399100226669667,996114,1491772531
1464323623574471530,996114,1491772550
-6705703546654718584,996114,1491772571
6060596754174426561,943646,1491772535
-5173058740163812452,891293,1491772546
-9200694597245500417,995663,1491772553
2714885182919579433,346633,1491772558
-8837936735356663791,995973,1491772523
-3027795453461128900,995973,1491772541
-7789871914834781484,995613,1491772561
4961636983916591534,995881,1491772568
-8153620520578703429,996041,1491772534
-4127949992066940945,996041,1491772527
-1341247591875885966,995389,1491772562
-1974087661739938628,996054,1491772572
-2627664282771697678,996054,1491772527
-1750293738442619126,996054,1491772560
-3711572044067626041,996054,1491772578
-3901987546874507985,996054,1491772530
-4058637098603630321,996054,1491772577
-9134120555076068437,996054,1491772523
-7073400084900311099,996054,1491772562
-4692160626520120242,996054,1491772525
-7204168174554080895,996054,1491772560
-3800684168009234336,996054,1491772523
-5694881040499881883,996054,1491772525
7195768019365344740,996054,1491772554
-1724148462139466401,996054,1491772557
-3485716030105597359,996054,1491772576
-3665461551831943987,996054,1491772570
-6813390111996461747,996054,1491772577
6925708444492448245,993768,1491772570
-8927611294578610612,996015,1491772553
2727518522086090902,996015,1491772543
7938480416128296052,996015,1491772545
5708564551253203669,996015,1491772542
-8059742927109161362,996015,1491772536
-5662781155543414102,996015,1491772571
-8579613170029830013,996015,1491772526
-6850056811770090402,996015,1491772573
-8122281341765835138,996060,1491772572
5949239734479656255,996060,1491772578
-4058637098603630321,996060,1491772557
-7204168174554080895,996060,1491772549
-8950210386738360448,996060,1491772571
-3665461551831943987,996060,1491772556
7195768019365344740,996060,1491772546
1704704400771413595,996060,1491772577
-6813390111996461747,996060,1491772559
9093724894256995612,996060,1491772571
7844146673289667866,996060,1491772557
-3485716030105597359,996060,1491772565
-6021655297714739023,996060,1491772571
-4497590594932225052,996060,1491772575
-154303429014125182,996060,1491772565
-8966610397462132169,996060,1491772576
655027680472499678,996060,1491772574
5832810437787049381,995947,1491772574
-6401061585364204880,995947,1491772577
-5682914430278996545,995947,1491772548
-5932355481061975262,995947,1491772546
-3582799767770550279,995947,1491772557
4607139099024388077,995947,1491772521
-886934681992610887,412438,1491772554
-4687605736974998575,994436,1491772534
-6174761989546006053,995984,1491772539
-3681246696863779993,995984,1491772551
4795088974833426711,995984,1491772567
1611501473373709451,995984,1491772567
6112508451775303176,995984,1491772521
655027680472499678,996052,1491772526
187712945941088890,996052,1491772572
2226877467748354522,996052,1491772560
1704704400771413595,996052,1491772539
7936289192225437128,996052,1491772579
-8966610397462132169,996052,1491772557
5078861340244599665,996052,1491772546
-6777692538634244836,996052,1491772542
9093724894256995612,996052,1491772528
-3485716030105597359,996052,1491772527
8807912264464214820,996052,1491772579
-6021655297714739023,996052,1491772521
2290409552526206606,996052,1491772538
-2197682940129052721,996052,1491772532
6486774940203089241,996052,1491772572
8299415507759529103,996052,1491772548
-5128568613128266708,996052,1491772539
6534247232756772027,996052,1491772559
5600227084236647390,996052,1491772533
-2627235893628469281,996052,1491772529
7073204035797243959,996029,1491772531
-8819402986543448478,996029,1491772541
1667606903970494158,996029,1491772574
-2545610514384777198,996029,1491772521
3950110113924324687,996029,1491772537
-252013372656347807,996029,1491772557
-2101426058164218002,996019,1491772570
8224404138077088741,996019,1491772572
4132490709755102411,993466,1491772568
-3584258268259871024,995682,1491772535
7269756035384749270,995034,1491772574
1590836857157633091,995034,1491772542
-2484597389032454369,343721,1491772563
-9185046519935175415,995848,1491772574
-6161968980680052085,995848,1491772556
-1299452428199131661,995848,1491772561
644657410180999815,995848,1491772577
-3525104602256145330,995848,1491772532
-7988629537073870705,995848,1491772564
-5199533849088613017,941385,1491772578
6106475701598480167,996072,1491772548
7782369052634033245,996072,1491772574
4060145917123733538,996072,1491772557
-8852239517520139394,996072,1491772523
-1891684162177472344,996072,1491772549
-2872728934390492063,996072,1491772521
875792212877645934,996072,1491772577
-872637334423550056,996072,1491772562
-4761961673815969177,996072,1491772531
-4437731632382591743,996072,1491772536
-1359964428809072193,996072,1491772532
-3351684737024355126,996072,1491772558
-3449831541523105147,996072,1491772554
-6446276559489273527,996072,1491772537
-3645187456939224545,996072,1491772535
8899866329500157424,996072,1491772555
-2506911435943937635,996072,1491772575
-3300736120830355537,996072,1491772527
-6123087845360433726,996072,1491772524
-590412758511234855,996072,1491772556
-1097322828424831985,996072,1491772541
-2777701436267210397,996072,1491772549
-1149166983252258395,996072,1491772572
5334340251996302596,996072,1491772573
-1245415440725421797,996072,1491772552
8047979478247075448,996072,1491772543
5167613639706748394,996072,1491772542
-2522861386520255905,996072,1491772579
-7740542438416214948,996072,1491772566
-7754714129784482577,996072,1491772523
-3275306122648563957,996072,1491772527
-1635027160193813737,996072,1491772551
-6751853586051643571,996072,1491772527
4434014456890445701,996072,1491772576
8832961492049101957,996072,1491772556
-4679671423362234327,996072,1491772538
-8958320045326434057,996072,1491772534
-5553666731972922868,996072,1491772571
616581394140824960,996072,1491772537
-1538824454006953336,996072,1491772572
8309993022230382078,996072,1491772575
-6629673455273076479,996072,1491772569
3592867603154206222,996072,1491772560
8906222229097035259,996072,1491772551
-2051375847565944044,996072,1491772553
-7303876968603352222,996072,1491772550
8430756802881222808,996072,1491772563
7903293215138495752,996072,1491772545
-1557886563409812911,996072,1491772531
8418550171048077074,996072,1491772573
102044055217467952,996072,1491772558
5414168213332181435,996072,1491772556
-7856729861963805755,996072,1491772536
7439407609343634471,996072,1491772571
9172095874862438211,996072,1491772536
1339926500065482740,996072,1491772522
-144116181305111662,996072,1491772572
-5049811168675300499,996072,1491772529
5220694912505606420,996072,1491772558
2942865071080851873,996072,1491772548
5487292296476467986,996072,1491772564
7974555761694370456,996072,1491772532
1976083073465684970,996072,1491772578
-3128797851263782429,996072,1491772560
8223207346982214911,996072,1491772569
4017311864294599491,996072,1491772545
792174642247746621,996072,1491772531
-8748004799615741158,996072,1491772570
7625309009726193470,996072,1491772569
332882866404034306,996072,1491772535
3889626491294979436,996072,1491772534
6714876028576553886,996072,1491772548
8964252028388096269,996072,1491772530
-5115421894127299559,996072,1491772564
-6098694127712768920,996072,1491772541
3074750852643286680,996072,1491772532
8411457891036577213,996072,1491772558
-7046929698876369610,996072,1491772567
-2037635988696091417,996072,1491772540
-4239517583836469761,996072,1491772528
-6869299823862933733,996072,1491772580
-4470322191702961905,996072,1491772548
5966992141650650433,996072,1491772543
5481486417112621186,996072,1491772572
-3739348053627999016,996072,1491772550
1633835326468647484,996072,1491772537
6852092346012392998,996072,1491772576
-3040851957513370107,996072,1491772537
3270961711721569181,996072,1491772542
-3462582435852565620,996072,1491772553
-2591322249460834493,996072,1491772537
8199374434107921318,996072,1491772553
1220956480102908876,996072,1491772556
5507831106097609966,996072,1491772553
-4300109880598308691,996072,1491772579
-7075480951956619995,996072,1491772573
3116877780756503680,996072,1491772558
1005313943283332157,996072,1491772526
6072654855656173438,996072,1491772551
-5436116094476384322,996072,1491772575
-1876091572233748244,996072,1491772565
-9166629537023394350,996072,1491772532
-3405229980949638205,996072,1491772535
-1994883189903388544,996072,1491772536
4101719272912821288,996072,1491772538
6375195189613383863,996072,1491772540
6567007737187868159,996072,1491772548
9213420259571348431,996072,1491772530
-7104174265977922982,996072,1491772534
-3852538604555754977,996072,1491772560
-6168539296196401114,996072,1491772579
-5077069938128447770,996072,1491772567
6716934707752229653,996072,1491772528
2646592253898916470,996072,1491772520
-651048136043255999,996072,1491772569
-2569643250462249937,996072,1491772550
-543590259975067310,996072,1491772551
3732034463503427732,996072,1491772552
4129342752788266123,996072,1491772533
-1201031162481950065,996072,1491772577
-121183067974957781,996072,1491772568
-9006649461572877330,996072,1491772553
8857551920779598908,996072,1491772546
7151608476765877918,996072,1491772540
-7303386241827456736,996072,1491772559
3689404896017467833,996072,1491772571
-1297707402725629566,996072,1491772542
-1698039991423468422,996072,1491772529
-8180808683378873167,996072,1491772546
700262231852257340,996072,1491772524
-117428189073759083,996072,1491772564
-1898391510682161604,996072,1491772572
-4539878198090147477,996072,1491772555
1258262226717317418,996072,1491772536
4524905112439129121,996072,1491772550
-4084429560628946191,996072,1491772573
-6544349186978592763,996072,1491772563
-2464244724128278163,996072,1491772529
748072761872779746,996072,1491772555
-563097317135761162,996072,1491772521
-2627235893628469281,996072,1491772549
-5125905882995028933,996072,1491772549
4020066710681528280,996072,1491772549
-1429331021729426161,996072,1491772562
1577777793830460873,996072,1491772577
4205111402156773929,996072,1491772535
-2680619647225888637,996072,1491772526
-7255905699946587889,996072,1491772554
6159799052745467537,996072,1491772576
3562062253021312704,996072,1491772572
3358275197714787458,996072,1491772561
-353685312254455999,996072,1491772555
7347795177087640009,996072,1491772547
-8959928073103089111,996072,1491772568
-2543369993746876638,996072,1491772530
-265907709050832081,996072,1491772550
-5898689503599802191,996072,1491772563
-2322941748117379132,996072,1491772561
8823910132052830995,996025,1491772520
8480390009042446823,996025,1491772526
8411457891036577213,996025,1491772578
4698147801107482975,974615,1491772534
-4877359291499196927,974615,1491772550
-2992581726477985742,996110,1491772535
-1440783273427952867,996110,1491772530
8628235280585443508,996110,1491772560
-4602777513029492544,996110,1491772524
-2123365395754908724,996110,1491772537
8154546180146803997,996110,1491772542
6680292170375408693,996110,1491772577
1333894228646424538,996110,1491772568
-2036016119374358860,996110,1491772579
-3945492067074617677,996110,1491772521
2169694508096967688,996110,1491772536
4276147186968406786,996110,1491772542
-2509639001944571004,996110,1491772566
-116640062562759478,996110,1491772580
-4125614281692721379,996110,1491772532
6073229060593340022,996110,1491772554
-4396781769804329820,996110,1491772554
6191839369080074251,996110,1491772558
-8356768053523189414,996110,1491772523
-7315691197072319500,996110,1491772526
-5371776533269674282,996110,1491772539
541610685557027013,996110,1491772543
-1428768793219576174,996110,1491772578
-6564454769330939147,996110,1491772562
-6076807543754329943,996110,1491772530
8081629288489964880,996110,1491772580
1628043592678478762,996110,1491772562
2922234248870832448,996110,1491772546
-6753177911905838355,996110,1491772536
-2115439350428618778,996110,1491772566
-9039674509553412295,996110,1491772569
-4863906693370278431,996110,1491772553
-597510294275764227,996110,1491772544
-8457691740357412722,996110,1491772530
-5081875438983032925,996110,1491772554
3512293341921330851,996110,1491772569
-8377184786803207672,996110,1491772575
-3388487655418987822,996110,1491772560
-3738951254362331090,996110,1491772538
7170747171865507935,996110,1491772526
8468851439830336555,996110,1491772522
-1945035295433508929,996110,1491772575
-8840825911650572351,996110,1491772524
-3521468436082537475,996110,1491772551
1490234427225337712,996110,1491772580
5833185899088567985,996110,1491772564
-7204831283412434869,996110,1491772536
6440397690567685090,996110,1491772570
-238657498174879401,996110,1491772580
9007134957560571352,996110,1491772572
4905610875359193101,996110,1491772571
691674502650261686,996110,1491772550
-2146457239491782724,996110,1491772568
3117802438855840144,996110,1491772550
-5085503254341127102,996110,1491772555
-7138054084420630204,996110,1491772579
-6108616487720168456,996110,1491772577
7248071917858594343,996110,1491772580
2078478447424518007,996110,1491772570
-1447515276112701017,996110,1491772567
9144910604503667936,996110,1491772540
7566086992617232767,996110,1491772580
8419520801326597282,996110,1491772551
-8308104042676193101,996110,1491772568
3718198739942678057,996110,1491772567
-8521758770166101982,996110,1491772543
-1841911764011107140,996110,1491772550
-6755667409802453845,996110,1491772580
3155901253447215790,996110,1491772570
702858439812488735,996110,1491772531
-6558819516379653397,996110,1491772580
5931851837659848559,996110,1491772540
-3026390003739773867,996110,1491772572
195223118234024459,996110,1491772548
7701737649633019140,996110,1491772568
-232850631546055292,991899,1491772521
-5728631284125974443,995075,1491772561
8883832157772451055,995773,1491772527
5474371355306154694,995978,1491772568
-3027795453461128900,995978,1491772529
-1009160113483598831,996022,1491772580
-8819402986543448478,996022,1491772545
2100335334469256823,996022,1491772568
7938480416128296052,995945,1491772525
868497989656377896,995945,1491772530
-5148563904349576210,995945,1491772531
4338843940447346457,889165,1491772545
-7715152050063986681,950056,1491772522
-8666182534672573623,996095,1491772573
2532222806348972384,996095,1491772523
-8775455051780612151,996095,1491772571
650471100211728309,996095,1491772530
6495964709709307342,996095,1491772574
-6001280449592735629,996095,1491772537
-2809080805124840805,996095,1491772546
-1176232938530369234,996095,1491772558
-7180950139443917929,996095,1491772566
6615138301557563004,996095,1491772526
7141544054252286185,996095,1491772559
-6447029559693611575,996095,1491772551
-767374563305239847,996095,1491772528
-8733656870858280698,996095,1491772537
-7046929698876369610,996095,1491772529
896286371015442452,996095,1491772543
-6580542524235751315,996095,1491772542
7743304705044903433,996095,1491772521
4993706153451156754,996095,1491772569
1799889765613595953,996095,1491772561
3437732821953338170,996095,1491772573
7441659990437628828,996095,1491772539
4476980915155697247,996095,1491772544
-6384391383726414840,996095,1491772578
6533504209978227016,996095,1491772534
8667790776721074446,996095,1491772553
-7224082726257812120,992883,1491772524
8883832157772451055,995771,1491772553
-7853524930215322199,995791,1491772545
-49341087707444086,995991,1491772563
-2091747256472423540,995991,1491772566
919418283539543838,995991,1491772544
4988581671569334883,995991,1491772558
-3852822482921273980,995991,1491772578
8310063377809167056,995734,1491772560
5569072111560608290,995734,1491772578
3046520604259664050,995982,1491772535
-2169080562528031139,995982,1491772542
912729551689065995,995982,1491772539
-304236288461413441,995499,1491772557
-232850631546055292,995499,1491772522
-5207790625044155346,996098,1491772541
-1556776173988507808,996098,1491772569
2685227398589792852,996098,1491772574
-3546991836188780105,996098,1491772535
-6062152199794557404,996098,1491772561
5506567536199151688,996098,1491772553
-6467194193049321556,996098,1491772538
-7230676194907104607,996098,1491772527
-8650003952312760789,996098,1491772561
-1162930598498495949,996098,1491772557
6649988439080840842,996098,1491772521
-399799331801990228,996098,1491772541
-8438935642579870626,996098,1491772566
5177656604447515203,996098,1491772565
-6964517478883217611,996098,1491772575
-1279109123581218348,996098,1491772551
5748998415962328604,996098,1491772575
-3895207692691531622,996098,1491772532
6087776055010033023,995909,1491772526
6311319369232873231,995196,1491772574
-9200694597245500417,995681,1491772529
7594534287676000512,995783,1491772570
-3611407942259433685,995783,1491772535
-6670353384773936661,995832,1491772573
-9221271207289906049,992819,1491772533
1524309813850545352,995715,1491772579
768542914972430869,928340,1491772522
-8801751695529226671,923827,1491772535
8727930410213123799,995917,1491772562
-2254677831286923617,995904,1491772525
-2291485037035217932,995994,1491772572
1199284512065163085,995994,1491772574
-3487179117799343948,996112,1491772552
-4312554429743169730,996112,1491772533
-875520335624309656,996112,1491772535
2831157965624281547,996112,1491772542
-169643429285924607,996112,1491772540
999349738833554074,996112,1491772546
6090391505658565622,996112,1491772544
5719651807549491898,996112,1491772526
-8913458894888678140,996112,1491772523
7799382858941175911,996112,1491772569
2608391657938793976,996112,1491772524
-6705703546654718584,996112,1491772571
-6622461542904169715,996112,1491772558
-6789451185834634198,996112,1491772578
-5947581351777090324,996112,1491772566
8686331068209318050,996112,1491772574
6278759461052912430,996112,1491772542
-2064644831944304213,996112,1491772536
5992727356219915941,996112,1491772554
1464323623574471530,996112,1491772550
-7008003448450190024,996112,1491772559
4100992941591273348,996112,1491772553
7839220891296680022,996112,1491772538
-3497738929441104774,996112,1491772549
4048584422167147746,996112,1491772580
7148524936528148256,996112,1491772564
7361887226573275571,996112,1491772563
-3303114080461423717,996112,1491772569
-1039711229333851042,996112,1491772580
8785980656324582345,996112,1491772539
-5634399100226669667,996112,1491772531
-8997071767887078310,996112,1491772533
1780249268681145498,996112,1491772533
-6157374201061768520,996112,1491772549
-6168539296196401114,996112,1491772572
-3026390003739773867,996112,1491772546
5856734981086097203,996112,1491772566
-5828625397665458926,996112,1491772541
5664583056401518315,996112,1491772532
5833185899088567985,996112,1491772553
-1313845307243171619,996112,1491772548
-3544821599913343290,996112,1491772533
3398580737129170439,996112,1491772567
-5754521460912563741,996112,1491772528
4455190561761946199,996112,1491772525
4009439448642365082,996112,1491772522
-1024660489077768272,996112,1491772539
6557243688745378570,996112,1491772555
8814915846928860642,996112,1491772560
106328637241201552,996112,1491772548
6597229621146614660,996112,1491772558
-1299212529937261972,996112,1491772565
5987355421313835339,996112,1491772557
-6327690809796089741,996112,1491772548
7148307315703470638,996112,1491772560
8183517140474559589,996112,1491772524
1457358247371523139,996112,1491772551
2122452194730027378,996112,1491772530
-5732454550927035983,996112,1491772530
8976429710487559947,996112,1491772527
7917893462229469707,996112,1491772576
-1485594837952449733,996112,1491772530
4700854542195183046,996112,1491772572
-5752107152448893791,996112,1491772541
-2397506322636888377,996112,1491772560
1424881069125673935,996112,1491772539
-6006505446652034883,996048,1491772537
-93350263469519170,996048,1491772554
-570495980026132488,996048,1491772556
8527606986978182308,996048,1491772547
-7406945190044470733,996048,1491772566
-9141218549144831418,996048,1491772578
-3800684168009234336,996048,1491772578
2556954456731180783,955348,1491772552
-4525134782260022004,995733,1491772544
2738433115403284270,995884,1491772561
-3859802409289803399,995884,1491772528
-7664813755540816682,995884,1491772544
6048097159935580756,995884,1491772550
-560973702857615235,995967,1491772573
-8837936735356663791,995967,1491772540
-3027795453461128900,995967,1491772557
-2512732528946976207,994955,1491772569
5464837503314260492,994955,1491772545
-7428498036764167876,996093,1491772545
7096877538085374607,996093,1491772547
7776673722273613995,996093,1491772549
-6458509136205899526,996093,1491772563
8887382365752521650,996093,1491772570
-2584070103365381201,996093,1491772534
-287366431734312125,996093,1491772546
7480177630184543904,996093,1491772526
6615138301557563004,996093,1491772558
7259090295448095575,996093,1491772562
-8992940768315745847,996093,1491772539
9125798907096898860,996093,1491772555
7743304705044903433,996093,1491772529
-6000936520610830795,996093,1491772545
-119661815873797030,996093,1491772578
6424371778551456594,996093,1491772548
-6351895465013841823,996093,1491772538
-6580542524235751315,996093,1491772576
-8852475643971475783,996093,1491772553
-7189953952131619338,996093,1491772580
6421906554429294893,994486,1491772520
6618361619881671717,994486,1491772529
-2321758267774190851,995531,1491772554
-3146082581665777380,901115,1491772551
3427456161729852579,949260,1491772538
-5900179694448958578,992871,1491772556
3073228478819646336,994717,1491772568
-314998753560843007,994717,1491772547
140407624119153806,995775,1491772539
-5754521460912563741,996118,1491772524
-1485594837952449733,996118,1491772530
-8140732154309923950,996118,1491772572
4158614135345040214,996118,1491772521
-5324371446672510708,996118,1491772574
2401649435812853646,996118,1491772561
5408942594926771890,996118,1491772559
-5875821836279893776,996118,1491772553
8976429710487559947,996118,1491772527
6090026637672620031,996118,1491772533
-4122793613965845533,996118,1491772569
4700854542195183046,996118,1491772572
8153198894393827186,996118,1491772535
7818700366190695437,996118,1491772554
1457358247371523139,996118,1491772551
3640418279138572817,996118,1491772546
1959470020468866186,996118,1491772567
-2220642319211099666,996118,1491772578
-1989746021537256806,996118,1491772525
-5972408427826978922,996118,1491772554
-6869299823862933733,996118,1491772540
-1368074954579307535,996118,1491772558
4810785840775325828,996118,1491772580
-7153813567914581589,996118,1491772524
3442414145095274199,996118,1491772573
-5660260761378662339,996118,1491772557
-782487831720643919,996118,1491772541
-2099375271452433499,996118,1491772555
-874125193270193112,996118,1491772559
4022107970379632273,996118,1491772572
372792819393041552,996118,1491772566
7517565126286223802,996118,1491772528
-1770547541119327004,996118,1491772562
6291185663673291002,996118,1491772573
-6327690809796089741,996118,1491772548
-3314735106960588236,996118,1491772540
565153864256457866,996118,1491772565
5699948241584185236,996118,1491772542
4992607504075915179,996118,1491772558
-8507960066256335112,996118,1491772567
-1299212529937261972,996118,1491772565
-7283056852249386436,996118,1491772562
5856734981086097203,996118,1491772538
4157907113232198901,996118,1491772577
5833185899088567985,996118,1491772531
7917893462229469707,996118,1491772576
-5374039641124632067,996118,1491772535
-487644304021903421,996118,1491772570
-625115735627615123,996118,1491772565
-2396311662115555867,996118,1491772535
-1974302291326484812,996118,1491772540
1029532827027736735,996118,1491772541
4455190561761946199,996118,1491772522
-938131267379491725,996118,1491772561
1922512811376250422,996118,1491772557
-2374717337870076367,996118,1491772526
5466786182637553737,996118,1491772577
990422647664404961,996118,1491772527
8572016929947850588,996118,1491772529
-3865627558995708482,996118,1491772555
4473864952548152110,996118,1491772544
-627036469337987928,996118,1491772527
-2724932714832032946,996118,1491772572
-2323439493949368380,996118,1491772548
-7090108884813716804,996118,1491772531
-5186821095623079570,996118,1491772571
1629749490983496997,996118,1491772563
-4132809382521540578,996118,1491772528
-887285343565418733,996118,1491772565
8814915846928860642,996118,1491772549
8051325083089322457,996118,1491772549
-3295832123779963691,996118,1491772536
-1080142209008047623,996118,1491772538
2523990945296698170,996118,1491772558
-840069104451439103,996118,1491772539
-6468133602728550407,996118,1491772535
6852518685763513010,996118,1491772571
-3858331988184049989,996118,1491772578
-1492958792950990006,996118,1491772543
5483551389324442992,996118,1491772550
-4633381615442314985,996118,1491772571
-4381533152312899849,996118,1491772545
-4485339059252216005,996118,1491772530
2018267150761788173,996118,1491772530
-3056408351691497743,996118,1491772576
-976803247357343016,996118,1491772560
1902808828388025182,996118,1491772536
-948522908537858228,996118,1491772543
6752479742489269604,996118,1491772543
-8334769532001292487,996118,1491772580
-8190761941750206437,996118,1491772566
3211464267057986940,996118,1491772579
-2663406420624735170,996118,1491772555
-3335171089147441364,996118,1491772574
-7604970624717019126,996118,1491772530
-4902160595729960165,996118,1491772574
6653397098663966755,996118,1491772543
-6761732335271680880,996118,1491772578
-8807152239977121458,996118,1491772563
1221439390085264959,996118,1491772574
8928165620112566158,996118,1491772572
-2498551224641481675,996118,1491772560
-6453522273776754584,995762,1491772555
1709629935917495948,401511,1491772561
-1472470027722676429,996002,1491772536
-5148563904349576210,996002,1491772558
-4817344279691810428,996002,1491772535
668377725202284624,995893,1491772558
-8432941343036276475,927617,1491772564
-2254677831286923617,995899,1491772532
-9144719831565619159,981212,1491772561
2768793548223012795,996059,1491772537
7844146673289667866,996059,1491772574
-3665461551831943987,996059,1491772567
9093724894256995612,996059,1491772578
-4058637098603630321,996059,1491772563
-3485716030105597359,996059,1491772570
-6813390111996461747,996059,1491772564
7195768019365344740,996059,1491772549
-7204168174554080895,996059,1491772552
-8950210386738360448,996059,1491772571
1704704400771413595,996059,1491772577
-8122281341765835138,996059,1491772572
-93350263469519170,995954,1491772531
8527606986978182308,995954,1491772544
-570495980026132488,995954,1491772543
-7406945190044470733,995954,1491772566
-9141218549144831418,995954,1491772578
-3800684168009234336,995954,1491772578
7078627856801333806,995954,1491772542
2609481594973166986,995954,1491772553
-4134660199053004001,995541,1491772573
2730397350759132630,940557,1491772542
-4557214980904070571,925193,1491772573
815783923086007936,994133,1491772575
4557993905144036632,994133,1491772562
-4389048964013053670,994133,1491772556
8405694008987299710,970269,1491772536
-541280982905263254,991760,1491772575
-3484283762258105861,996115,1491772558
5408942594926771890,996115,1491772556
-7138054084420630204,996115,1491772570
-1447515276112701017,996115,1491772560
2734984291808126297,996115,1491772541
-2064644831944304213,996115,1491772573
9007134957560571352,996115,1491772546
7839220891296680022,996115,1491772564
6852975954013281474,996115,1491772548
-2509639001944571004,996115,1491772542
8081629288489964880,996115,1491772534
-3026390003739773867,996115,1491772556
5833185899088567985,996115,1491772560
-4312554429743169730,996115,1491772543
-5281147576955404509,996115,1491772554
-5889629460437598089,996115,1491772534
-7065162773117102186,996115,1491772567
4249039045903828701,996115,1491772534
6278759461052912430,996115,1491772572
-3216270616123909461,996115,1491772541
-6339218370592833329,995922,1491772575
4961636983916591534,995922,1491772547
-8407578890590590267,995922,1491772545
290952950289152807,996105,1491772537
-8748289660886885138,996105,1491772554
6336986496062453407,996105,1491772530
-5608226404745157139,996105,1491772558
-6854902378393780495,996105,1491772550
-5303489387719122770,996105,1491772558
-6119927820796967536,996105,1491772549
-8517724502321609182,996105,1491772543
-8451930681315808036,996105,1491772552
4672922580853350240,996105,1491772563
-2955754507804091866,996105,1491772549
1628043592678478762,996105,1491772574
-6956310342679940302,996105,1491772523
-6564454769330939147,996105,1491772579
7170747171865507935,996105,1491772543
-7315691197072319500,996105,1491772536
541610685557027013,996105,1491772555
-6444180763456626005,996105,1491772536
4913462150538566627,996105,1491772567
7837315292902035055,996105,1491772552
8468851439830336555,996105,1491772574
-4125614281692721379,996105,1491772577
-3738951254362331090,996105,1491772561
5833185899088567985,996105,1491772581
-8840825911650572351,996105,1491772575
-7618747302981492585,996105,1491772542
-8000615273439688003,996105,1491772579
9077830930961122215,883660,1491772548
2618836709141950469,995938,1491772527
6375574140967575666,996021,1491772570
-92036861977973564,996021,1491772559
2714885182919579433,346582,1491772558
9098556832980962694,346582,1491772570
-236738660589992480,994434,1491772552
1282309519936893142,994434,1491772562
-8220586874671063845,983424,1491772545
5625726137547741994,426271,1491772539
-2146143551733209067,995697,1491772551
7796893846943707992,995697,1491772538
-4548405196817123968,995697,1491772546
-5404980487733213,995697,1491772562
5748998415962328604,995697,1491772529
-2254677831286923617,995907,1491772521
6087776055010033023,995907,1491772532
7545290258869800944,977763,1491772580
-7821898057093849280,977763,1491772522
-407483782081505868,977763,1491772543
789928482218140944,977763,1491772532
3357566361572692764,977763,1491772564
-5667356939081010559,977763,1491772548
8616186957086677804,996089,1491772526
-8992940768315745847,996089,1491772557
7480177630184543904,996089,1491772543
797224817846790246,996089,1491772526
-9203328121815453679,991787,1491772525
1768550278823399129,996035,1491772563
2888421855026615931,995999,1491772574
9095142573473133201,995999,1491772538
4795088974833426711,995999,1491772535
869734303655572498,995999,1491772578
-1405325256001154912,338944,1491772531
9184118248895999236,992421,1491772566
7227265914179711693,421187,1491772572
-1341247591875885966,995367,1491772572
3913808625933204095,982503,1491772553
6925708444492448245,994029,1491772544
1623185441852325128,920369,1491772551
-1425667266453357368,996111,1491772556
2831157965624281547,996111,1491772560
8628235280585443508,996111,1491772545
6680292170375408693,996111,1491772550
-9121967961214410123,996111,1491772528
6440397690567685090,996111,1491772570
-2146457239491782724,996111,1491772568
-909966874960788099,996111,1491772566
-6564454769330939147,996111,1491772550
2734984291808126297,996111,1491772576
6191839369080074251,996111,1491772544
-7204831283412434869,996111,1491772536
9007134957560571352,996111,1491772572
3512293341921330851,996111,1491772567
-3026390003739773867,996111,1491772572
-7138054084420630204,996111,1491772579
-1447515276112701017,996111,1491772567
-2509639001944571004,996111,1491772551
5833185899088567985,996111,1491772563
-6742951129504905345,996111,1491772575
7839220891296680022,996111,1491772564
-3484283762258105861,996111,1491772558
-354314627388526993,995859,1491772557
-1242794725606345648,995659,1491772526
3130384578799252723,995659,1491772558
-2250799820394358445,995659,1491772573
4557993905144036632,995988,1491772538
-4389048964013053670,995988,1491772540
1928639145949719487,995988,1491772579
-7050370820751060109,995394,1491772538
6765020022833161079,954284,1491772528
3697963616542444619,996077,1491772542
6183086141392700304,996077,1491772548
1542360807105267120,996077,1491772523
5507831106097609966,996077,1491772548
2311366409614047633,996077,1491772572
8199374434107921318,996077,1491772538
-871649851590646056,996077,1491772563
-7883323407082413092,996077,1491772575
-2242661977477210610,996077,1491772542
-8595590394885171454,996077,1491772523
-7708247543888717206,996077,1491772528
489881480995160881,986789,1491772541
5734823575670491667,986789,1491772571
3794081376937853567,986789,1491772545
3264824192344976317,986789,1491772557
-7144280827917243969,986789,1491772521
7737499221039502197,986789,1491772577
1908759425510720599,986789,1491772551
7526117005805813127,986789,1491772528
15903898776872195,988454,1491772578
5569072111560608290,995761,1491772569
7992242539379758172,995489,1491772554
-1464037127773304214,995489,1491772547
-4874518149387319076,995489,1491772539
4623565365065683909,995489,1491772575
5613845671498666327,995489,1491772551
9082588692420656435,995489,1491772559
-634821937540282357,995489,1491772541
7881167478511876180,995489,1491772538
-5328424415539797063,995489,1491772535
-6247794833305847321,421224,1491772551
8750880265296597603,991981,1491772537
-8144430074200697725,915338,1491772575
-6666696417989177768,417033,1491772573
-49341087707444086,995993,1491772543
4988581671569334883,995993,1491772553
1347499074670100461,996037,1491772533
4994864748957938058,996037,1491772563
8527606986978182308,996037,1491772566
-5992868465775372145,996037,1491772535
-1631335400098056465,996037,1491772569
6231434804059996810,996037,1491772523
5471428568986702345,996104,1491772558
-8392883933443906692,996104,1491772551
-5597435177483826150,996104,1491772540
7780682936114250330,996104,1491772543
-6854902378393780495,996104,1491772573
-2619640131718898043,996104,1491772566
290952950289152807,996104,1491772558
-7315691197072319500,996104,1491772556
-5662586317385450883,996104,1491772542
-5608226404745157139,996104,1491772577
-8451930681315808036,996104,1491772571
541610685557027013,996104,1491772571
6336986496062453407,996104,1491772545
-5215002385959414486,996104,1491772543
-6444180763456626005,996104,1491772549
-6119927820796967536,996104,1491772562
3809938403569118138,996104,1491772533
4672922580853350240,996104,1491772576
-6956310342679940302,996104,1491772532
-2955754507804091866,996104,1491772558
7170747171865507935,996104,1491772551
-5303489387719122770,996104,1491772565
-8517724502321609182,996104,1491772546
-6564454769330939147,996104,1491772579
-8748289660886885138,996104,1491772554
7818647934480472598,996104,1491772579
-1974302291326484812,996116,1491772528
-5281147576955404509,996116,1491772544
9126017024630209118,996116,1491772549
-1299212529937261972,996116,1491772543
8195640025730500569,996116,1491772541
-9051948254627186969,996116,1491772550
3671157519233537190,996116,1491772573
-187590968557643793,996116,1491772547
7836530831608801365,996116,1491772529
5565779145824099853,996116,1491772573
3827711415707235393,996116,1491772553
337743346364402061,996116,1491772555
3439699704676418671,996116,1491772576
8999130602864396546,996116,1491772531
8114016930048251416,996116,1491772565
-1341247591875885966,995463,1491772531
-560973702857615235,995970,1491772564
8304180104585655570,995970,1491772559
-3027795453461128900,995970,1491772551
-8837936735356663791,995970,1491772532
-4417750212857183940,995970,1491772542
5061753088024702549,995970,1491772569
8336644867318671243,995871,1491772531
-8084143325619190151,995871,1491772553
-5028465331622876519,995871,1491772524
-1322022981246538090,995935,1491772569
3894119729332273140,995935,1491772579
335522837293505073,992978,1491772557
-289680061625765851,992978,1491772552
3319512453247656780,993302,1491772541
2979390881516900695,993598,1491772560
-6260374541958170844,996109,1491772531
-5796777114621470203,996109,1491772544
-2309301191779873,996109,1491772528
2921109884627652756,996109,1491772577
-4050500027068681758,996109,1491772572
7938639175227502869,996109,1491772562
5389946112187843858,996109,1491772563
-5073608444264005955,996109,1491772567
8419520801326597282,996109,1491772551
3117802438855840144,996109,1491772550
6073229060593340022,996109,1491772540
541610685557027013,996109,1491772530
-4863906693370278431,996109,1491772547
3838984498307750203,996109,1491772527
-8457691740357412722,996109,1491772525
5588584255961737118,996109,1491772570
3509093403362516447,996109,1491772549
-9060338734999159871,996109,1491772557
-1945035295433508929,996109,1491772569
-6108616487720168456,996109,1491772577
-1115747286405773951,996109,1491772544
1333894228646424538,996109,1491772543
1490234427225337712,996109,1491772578
-565224183145110111,996109,1491772568
-2334696062397611765,996109,1491772531
-8523127520129337114,996109,1491772579
7675891765720900561,996109,1491772564
-6558819516379653397,996109,1491772580
-3224082787155128795,996109,1491772525
-9014072702011621697,996109,1491772524
5152990011732396763,996109,1491772574
-2826370106808768347,996109,1491772545
-2036016119374358860,996109,1491772556
5931851837659848559,996109,1491772540
-3738951254362331090,996109,1491772534
5408942594926771890,996109,1491772556
-5081875438983032925,996109,1491772549
-6755667409802453845,996109,1491772580
-1346946147295661726,996109,1491772566
-7134835611921774602,996109,1491772578
2446152745553158657,996109,1491772558
-8748004799615741158,996109,1491772527
5832810437787049381,996109,1491772544
-5496359050508540980,996109,1491772531
-579295955195780178,996109,1491772553
6369000733659077552,996109,1491772553
-116640062562759478,996109,1491772565
7025745838531176043,996109,1491772569
2078478447424518007,996109,1491772570
-495727884596510941,996109,1491772540
7566086992617232767,996109,1491772580
2922234248870832448,996109,1491772535
-6633247228905184097,996109,1491772523
-6948115964730303033,996109,1491772567
7701737649633019140,996109,1491772568
4556226469773547960,996109,1491772540
-1441498702437680941,996109,1491772561
-3521468436082537475,996109,1491772549
-9039674509553412295,996109,1491772561
-8716133025666079726,996109,1491772566
-2583412535862583017,996109,1491772567
1010719155927746979,996109,1491772528
-3388487655418987822,996109,1491772555
1628043592678478762,996109,1491772551
-521331005403357782,996109,1491772539
-8377184786803207672,996109,1491772572
3913484155688477483,996109,1491772550
6955610037056308510,996109,1491772578
-1428768793219576174,996109,1491772566
-2115439350428618778,996109,1491772558
-5085503254341127102,996109,1491772555
-8308104042676193101,996109,1491772568
-6753177911905838355,996109,1491772526
6893543700219646171,996109,1491772555
-8521758770166101982,996109,1491772543
1933943234444033007,996109,1491772522
-305608946491352641,996109,1491772550
8081629288489964880,996109,1491772569
-4396781769804329820,996109,1491772539
-2531444246216419597,996109,1491772539
-5371776533269674282,996109,1491772525
783195966536400761,996109,1491772578
4784258915560617831,996109,1491772557
2297574380255199025,996109,1491772553
-5682861267813513578,996109,1491772550
-7727059049814198781,996109,1491772566
813869792833007090,996109,1491772558
-6244599147779215146,996109,1491772548
-3756666328436054062,996109,1491772548
-302813273458645781,996109,1491772572
-597510294275764227,996109,1491772538
-238657498174879401,996109,1491772580
4005883756083657604,996109,1491772524
6520365069268855290,996109,1491772567
-3922235101226287020,996109,1491772577
2300838121864815525,996109,1491772555
313145244851725622,996109,1491772564
4276147186968406786,996109,1491772528
4076062269802482364,996109,1491772579
4122200631875730106,996109,1491772545
-7470089920151579335,996109,1491772560
705778869881632506,996109,1491772573
5269993818264491171,996109,1491772560
-257352949744811243,996109,1491772570
598849741258978179,996109,1491772530
6370702491423557113,996109,1491772551
-7184819834447457673,996109,1491772551
5886456573177879197,996109,1491772535
-5009146480695831339,996109,1491772564
4241332791032839261,996109,1491772569
8815133137071193153,996109,1491772554
2390579136729379576,996109,1491772559
5761666332962683429,996109,1491772579
2487810774857117511,996109,1491772566
-6007289038708733749,996109,1491772562
-2038779413513128306,996109,1491772557
-2250296225007532417,996109,1491772563
-5008354392178106393,996109,1491772559
-8934794160798541402,996109,1491772530
8953583490994525849,996109,1491772540
8814915846928860642,996109,1491772544
7998306783492378224,996109,1491772550
-4207780204350156643,996109,1491772564
-973768381793872106,996109,1491772576
6016312819804635199,996109,1491772522
-8666133402737982250,996109,1491772570
1549713583436161596,996109,1491772559
3331048977478378636,996109,1491772550
5728419352932360710,996109,1491772574
-7045393110043454067,996109,1491772559
6764968160352572989,996109,1491772572
5917875227002290747,996109,1491772527
191550307052482322,996109,1491772535
-5578587526725826487,996109,1491772569
4810505409073225813,996109,1491772561
6460407104266890976,996109,1491772547
-2331615331811283868,996109,1491772540
-601612615891293525,996109,1491772567
-7957774731757824104,996109,1491772557
8085517356576025461,996109,1491772565
8040404826945689030,996109,1491772549
5999692564492884507,996109,1491772525
-4640657279917345022,996109,1491772578
-8707558452308792206,996109,1491772540
4951805409607237911,996109,1491772525
2185190178253437309,996109,1491772581
7248802051702697162,996109,1491772556
-3170239257984408967,996109,1491772526
8386931497578532402,996109,1491772556
6454612970305329077,996109,1491772568
-6984929929103221293,996109,1491772556
3645306542064526778,996109,1491772559
-4847862563124894707,996109,1491772522
1447898830868197613,996109,1491772547
-1815355870906441661,996109,1491772573
-6963082263091180250,996109,1491772577
4824393938768955886,996109,1491772548
3064277529545317297,996109,1491772574
1118801007670924138,996109,1491772571
6666458381541406090,996109,1491772557
1205130542140349173,996109,1491772540
-831649266523788225,996109,1491772543
8656517359623533397,996109,1491772537
61255245744205007,996109,1491772576
2415856626676092180,996109,1491772546
2880643610411273120,996109,1491772561
3643539794224996595,996109,1491772547
8831873461577237221,996109,1491772542
1490885280429516369,996109,1491772568
4263558101982901898,996109,1491772565
7437627070443644922,996109,1491772539
481524759208324922,996109,1491772561
9175604042341594027,996109,1491772568
-1716827190570031684,996109,1491772533
345313586084215283,996109,1491772529
5711798043042649593,996109,1491772533
-1713020513618902874,996109,1491772557
2074845971624308083,996109,1491772554
2400801326193419179,996109,1491772565
-5896413190947289622,996109,1491772538
3395134112813949978,996109,1491772579
-753885217715467778,996109,1491772549
848026983504913799,996109,1491772558
5758321618678201158,996109,1491772547
1829266818588357728,996109,1491772572
4585762784271748735,996109,1491772540
-636626160604819488,996109,1491772577
6390979386491539279,996109,1491772529
-5229431996597686186,996109,1491772526
-1717633804154122992,996109,1491772540
-202142948439209303,996109,1491772575
3121285681303322444,996109,1491772577
3118677344058033524,996109,1491772580
8739020770142589800,996109,1491772569
-1746202228201535012,996109,1491772576
-2518618922236273773,996109,1491772546
-2218836605292478376,996109,1491772522
9212297016976418519,996109,1491772524
2728821664585441898,996109,1491772523
-2067284525151053559,996109,1491772549
-2232003313449538345,996109,1491772579
-6023479350872613224,996109,1491772577
1434730425611634807,996109,1491772568
6706935129620112607,996109,1491772527
2947381039548760473,996109,1491772557
-7541415410311555592,996109,1491772536
3108902658074492053,996109,1491772541
1362649898015820396,996109,1491772542
4545696505226922191,996109,1491772527
9128479514052535392,996109,1491772556
390523892693158244,996109,1491772548
-1878030316964595883,996109,1491772530
-2269088374126897276,996109,1491772569
-4479106495791361019,996109,1491772566
8304180104585655570,995958,1491772557
4607139099024388077,995958,1491772541
-5148563904349576210,995958,1491772544
7568770753652079585,995958,1491772568
4306190453289426477,995729,1491772528
3046520604259664050,995930,1491772547
-2639049238390504372,193914,1491772574
-6047792593314096482,193914,1491772555
6087776055010033023,995911,1491772524
-8433177389717021014,984008,1491772576
-3763155734490954708,993193,1491772580
-4389048964013053670,993193,1491772564
-5728631284125974443,995078,1491772574
-4774980273772584862,972937,1491772532
3786533296865472309,972937,1491772552
-851766857018745152,340044,1491772536
1954705739921532161,906841,1491772551
4357228619942564303,982296,1491772560
-345919765973867057,995357,1491772545
4049039997728108531,995357,1491772568
4266607529396847744,994495,1491772542
8050644784673330857,995933,1491772532
-3539938143089040336,995853,1491772543
-9185046519935175415,995853,1491772574
-5926152225324292506,993945,1491772523
2757768338354645875,995921,1491772582
5765289134693893991,995921,1491772574
8375088408016792213,413020,1491772545
-1261332213229084949,995960,1491772578
-5236561563992065131,995960,1491772573
7130625815404703781,934743,1491772524
6311319369232873231,995356,1491772574
-5389097138609094487,940445,1491772537
4661307593998946884,996099,1491772580
-3353207050327730208,996099,1491772561
-6384391383726414840,996099,1491772564
8667790776721074446,996099,1491772543
7141544054252286185,996099,1491772523
-6580542524235751315,996099,1491772523
7207090095521494413,996099,1491772541
-3086172463769494906,996099,1491772581
-2955754507804091866,996099,1491772579
7170747171865507935,996099,1491772582
9001973458272766092,996099,1491772577
2702073588998177246,996099,1491772528
-7104879610309842355,996099,1491772551
6192927159020917076,996099,1491772565
-7050370820751060109,995422,1491772526
8480390009042446823,996024,1491772547
8823910132052830995,996024,1491772534
8114470455320254432,996024,1491772557
-5490418649516550578,996024,1491772576
2244641627772155378,996024,1491772551
7834144981753223839,345726,1491772545
7732633357715167542,996086,1491772549
-7189953952131619338,996086,1491772567
6829326045162684433,996086,1491772542
7259090295448095575,996086,1491772553
-6351895465013841823,996086,1491772538
6424371778551456594,996086,1491772548
2803563453145823101,996086,1491772532
9069966384019576585,996086,1491772548
3621972158592586671,996086,1491772557
8887382365752521650,996086,1491772524
5073572862503751545,996086,1491772532
-9159666421704062297,996086,1491772567
-119661815873797030,996086,1491772578
-6168539296196401114,996086,1491772528
-8207555998906773161,996086,1491772580
3035104731587570855,996086,1491772466
1125624802538345352,996086,1491772532
-3066039697157367766,996086,1491772568
4411621397957439933,996086,1491772556
-6580542524235751315,996086,1491772576
-8992940768315745847,996086,1491772532
2705662096685827042,996086,1491772557
6615138301557563004,996086,1491772548
-8666182534672573623,996086,1491772569
7743304705044903433,996086,1491772526
-6001280449592735629,996086,1491772537
-2791230919673911145,996086,1491772557
-6218176979945257112,996086,1491772554
2786294355290542060,996086,1491772571
-5672791617467298297,996086,1491772538
-7496720919090038946,996086,1491772548
-89361074532956033,996086,1491772525
2253445742464195544,996086,1491772524
7805200591178357694,996086,1491772548
-767374563305239847,996086,1491772528
-3372081036421501748,996086,1491772581
4301469952343824949,996086,1491772530
-3457276966234576302,996086,1491772544
-3956889030990200802,996086,1491772577
-501994514874265731,996086,1491772577
-7148534097597964276,996086,1491772576
2532222806348972384,996086,1491772523
-1428775994261475714,996086,1491772534
-4206688708698810069,996086,1491772580
8596668202704475412,996086,1491772546
-8526637581311864722,996086,1491772558
-3433978143278551575,996086,1491772552
-8733656870858280698,996086,1491772537
3751720598921824181,996086,1491772528
-1440783273427952867,996086,1491772542
1114322577729167683,996086,1491772534
7778444669228366944,996086,1491772541
7661185392415859694,996086,1491772545
6694856084625464490,996086,1491772581
8139206477314660583,996086,1491772556
7141544054252286185,996086,1491772559
-335004945934203059,996086,1491772575
8336644867318671243,996086,1491772555
-6447029559693611575,996086,1491772551
-998728146565465940,996086,1491772562
6450763859548731527,996086,1491772523
4158614135345040214,996086,1491772556
-2758282428874434550,996086,1491772542
-7180950139443917929,996086,1491772566
-5240790320979749129,994222,1491772543
8894932525662865046,994222,1491772558
-2512732528946976207,994789,1491772569
-4543810435686145380,978998,1491772555
165328191175320557,991801,1491772542
-3027795453461128900,995963,1491772569
4607139099024388077,995963,1491772533
9169258829009681524,992429,1491772535
-2093311680160489595,992429,1491772561
-1674901699507678700,992429,1491772553
-6339218370592833329,992429,1491772552
403974669041106384,992429,1491772572
8560131033951055750,992140,1491772554
-1261332213229084949,992140,1491772530
6476104037379991668,992140,1491772532
-1187874842331448259,992140,1491772558
-8842671436739719506,996103,1491772534
2481854748184551511,996103,1491772539
6670115168831279724,996103,1491772530
-7462049784891770229,996103,1491772554
-653384067653331036,996103,1491772546
-841376509165154053,996103,1491772530
-1302754226585426110,996103,1491772539
7780682936114250330,996103,1491772581
-5597435177483826150,996103,1491772572
-5662586317385450883,996103,1491772570
5392361491038530357,996103,1491772533
-5215002385959414486,996103,1491772567
-6444180763456626005,996103,1491772565
-6956310342679940302,996103,1491772547
6336986496062453407,996103,1491772559
7170747171865507935,996103,1491772562
541610685557027013,996103,1491772580
-2955754507804091866,996103,1491772566
-6854902378393780495,996103,1491772579
290952950289152807,996103,1491772558
4672922580853350240,996103,1491772576
-5608226404745157139,996103,1491772577
-8451930681315808036,996103,1491772571
-6119927820796967536,996103,1491772562
-8392883933443906692,996103,1491772551
-7315691197072319500,996103,1491772556
-1280576889477092727,413317,1491772539
1435866972311533200,993930,1491772540
-5897568279243778714,992726,1491772538
6087776055010033023,995903,1491772535
8702231395426229136,996001,1491772552
-1472470027722676429,996001,1491772547
6000894314906330193,996036,1491772562
3978406458657564264,996036,1491772524
4306190453289426477,996036,1491772548
-7153821054567119163,996036,1491772558
-3227769157128440682,996036,1491772538
1347499074670100461,996036,1491772541
5234378294743267766,996036,1491772524
4994864748957938058,996036,1491772564
2187896860597322711,996036,1491772531
-92036861977973564,996027,1491772559
-8873428902812799896,995454,1491772557
140407624119153806,995781,1491772539
-6568330680407072167,995837,1491772525
-1881677424203623687,995837,1491772566
-9198895394171822856,994250,1491772560
2839334333617623303,995816,1491772569
-3936564551495735840,995409,1491772534
7026475236358496265,877186,1491772543
5416255563335710612,994951,1491772563
-4693228428092041807,990433,1491772552
-3609209847391836446,995510,1491772545
-1482352536527523532,995248,1491772533
-5418764136592999536,426404,1491772537
-5533154200337444460,996031,1491772535
-8299496354317606497,996031,1491772534
-6722001772708984909,996031,1491772538
-838347327983240702,996031,1491772547
-7153821054567119163,996031,1491772564
-1385215404302860969,996031,1491772539
3978406458657564264,996031,1491772529
7866738359615477799,996031,1491772543
-7883323407082413092,996080,1491772565
3481641325584732660,996080,1491772533
-871649851590646056,996080,1491772548
797224817846790246,996080,1491772579
-1176232938530369234,996080,1491772570
-8987666606854908937,996080,1491772572
8883832157772451055,995772,1491772539
-563659360536217,989113,1491772530
2618836709141950469,995804,1491772526
-4134660199053004001,960330,1491772573
-2553527128244233556,994457,1491772559
5098862081936673396,981437,1491772533
-541280982905263254,991785,1491772538
-3926728241414635912,995867,1491772537
-2291485037035217932,994058,1491772572
3073228478819646336,993786,1491772572
-92036861977973564,996033,1491772528
167130960054624331,996033,1491772562
-1165034453848468393,190583,1491772559
2343471047938816417,996088,1491772542
9125798907096898860,996088,1491772563
-287366431734312125,996088,1491772555
-6458509136205899526,996088,1491772571
-8992940768315745847,996088,1491772547
7480177630184543904,996088,1491772532
-2809080805124840805,996088,1491772548
8887382365752521650,996088,1491772570
-8775455051780612151,996088,1491772571
7096877538085374607,996088,1491772547
-3584258268259871024,995684,1491772562
-3484255569837412707,196321,1491772524
-6872396192973246309,985318,1491772576
5872167193817602554,909676,1491772576
5109790540413687635,996073,1491772569
3782945530723336983,996073,1491772524
6689968460961609918,996073,1491772525
7648819680677835256,996073,1491772536
-5463700527752001246,996073,1491772547
7274981702321046219,996073,1491772566
8913068889582160506,996073,1491772560
1287227281432736926,996073,1491772539
-3275306122648563957,996073,1491772564
-3168940806542185441,996073,1491772561
8807912264464214820,996073,1491772548
-6093252830996730957,995939,1491772540
-4603135885360724408,887916,1491772570
3668448664581569360,914737,1491772562
-3852822482921273980,995987,1491772578
-2091747256472423540,995987,1491772560
6137860326183643160,995987,1491772563
919418283539543838,995987,1491772538
4238435944161183066,995987,1491772556
2820647809414645583,995987,1491772553
4961636983916591534,995987,1491772528
7078627856801333806,996050,1491772542
-570495980026132488,996050,1491772528
-9141218549144831418,996050,1491772570
-4497590594932225052,996050,1491772549
-7406945190044470733,996050,1491772556
-3800684168009234336,996050,1491772572
2040992293384442758,996050,1491772570
-3985857499357293613,996050,1491772532
-6641432399644474098,996050,1491772563
1667606903970494158,996013,1491772572
-7804996007033706577,996013,1491772569
5047261107421861853,995427,1491772534
6765020022833161079,954068,1491772528
-7224082726257812120,992464,1491772523
-2673221954900676921,989599,1491772557
5093254068874496821,970751,1491772557
209483377944393668,970751,1491772574
-8150904875891437440,941364,1491772567
-9203328121815453679,991778,1491772525
-8987666606854908937,996082,1491772572
-7567943963150004474,996082,1491772581
1409630877611432339,996082,1491772566
797224817846790246,996082,1491772579
7480177630184543904,996082,1491772557
-8630793295542479960,996082,1491772583
9191267906790360626,996082,1491772558
1971701859172730363,995833,1491772574
-5748215722525253764,995833,1491772542
5287536524291383491,995833,1491772537
3716191157037621684,995833,1491772571
-2512732528946976207,995404,1491772563
-5732738898265388058,995375,1491772577
-1178392306236545755,889507,1491772565
5333443752576104421,995835,1491772545
6152305348123330355,995835,1491772557
7986255533642239392,995835,1491772532
5095321564722225111,995835,1491772578
6152305348123330355,995948,1491772530
-938715227997822281,995948,1491772573
-8429269600185195329,995926,1491772525
-3759393346560426127,995243,1491772560
1015932326272895366,995243,1491772565
8527606986978182308,995243,1491772561
4994864748957938058,995243,1491772533
8492985198725778766,995243,1491772568
7026032769489004914,995243,1491772536
4282273652588119444,995243,1491772538
-59818246803869619,995243,1491772553
-1424449261598559067,995889,1491772565
-532512217118256301,995889,1491772579
-6134240974180288197,995889,1491772531
394852409540527558,995889,1491772550
7447642821469604763,995889,1491772569
-6452745210612598404,995889,1491772552
-7898363690689921375,995889,1491772536
3104134205468669961,995889,1491772571
7372325270633956280,995889,1491772525
6509775408558499039,995889,1491772526
-1559843315955811340,995889,1491772525
-3220102085769487202,995868,1491772578
-3926728241414635912,995868,1491772529
6084678381639673491,995868,1491772540
-8429269600185195329,995931,1491772525
-1322022981246538090,995931,1491772569
-2313204946496977567,996046,1491772578
-7406945190044470733,996046,1491772537
-7271100525182614151,996046,1491772580
-9134120555076068437,996046,1491772555
-8108202180920654945,996046,1491772559
-4692160626520120242,996046,1491772581
-5694881040499881883,996046,1491772537
-6407861441168077257,996046,1491772579
-3800684168009234336,996046,1491772560
-9141218549144831418,996046,1491772525
-1114390683924289148,996046,1491772539
-6567320343406446800,996046,1491772545
-3901987546874507985,996046,1491772559
6937116131002625643,996046,1491772534
6421906554429294893,992359,1491772521
8973670868060829862,989618,1491772530
-8000615273439688003,996107,1491772579
-6596889837625013235,996107,1491772544
6250998891816947659,996107,1491772561
2831157965624281547,996107,1491772573
-3421244242960153623,996107,1491772553
7837315292902035055,996107,1491772552
-335004945934203059,996107,1491772540
4913462150538566627,996107,1491772567
-7618747302981492585,996107,1491772542
-8451930681315808036,996107,1491772540
-8517724502321609182,996107,1491772525
-4881300394784618236,996107,1491772529
8468851439830336555,996107,1491772574
2981963718724546493,996107,1491772547
-8840825911650572351,996107,1491772575
-5980353314567367565,996107,1491772541
454179435691142480,996107,1491772563
-5303489387719122770,996107,1491772537
-4125614281692721379,996107,1491772577
-6119927820796967536,996107,1491772530
-2326079463412637473,996107,1491772545
-6753177911905838355,996107,1491772571
4672922580853350240,996107,1491772552
-3521468436082537475,996107,1491772583
-6444180763456626005,996107,1491772531
-5608226404745157139,996107,1491772526
6369000733659077552,996107,1491772580
-2955754507804091866,996107,1491772539
-3738951254362331090,996107,1491772561
5833185899088567985,996107,1491772581
7170747171865507935,996107,1491772536
-6564454769330939147,996107,1491772572
-1440783273427952867,996107,1491772537
2169694508096967688,996107,1491772544
541610685557027013,996107,1491772550
3512293341921330851,996107,1491772578
-4396781769804329820,996107,1491772558
-7315691197072319500,996107,1491772529
1628043592678478762,996107,1491772564
-2992581726477985742,996107,1491772535
-8748004799615741158,996107,1491772527
-2123365395754908724,996107,1491772538
-2509639001944571004,996107,1491772566
2922234248870832448,996107,1491772546
-116640062562759478,996107,1491772581
-8883304157024320191,996107,1491772555
-8457691740357412722,996107,1491772530
-3388487655418987822,996107,1491772560
3117802438855840144,996107,1491772582
-7138054084420630204,996107,1491772581
-1428768793219576174,996107,1491772578
-5371776533269674282,996107,1491772539
-4602777513029492544,996107,1491772524
-2935650637792833143,996107,1491772557
-2036016119374358860,996107,1491772579
-1945035295433508929,996107,1491772576
8154546180146803997,996107,1491772542
1333894228646424538,996107,1491772568
6680292170375408693,996107,1491772577
8081629288489964880,996107,1491772580
6073229060593340022,996107,1491772554
-5081875438983032925,996107,1491772554
6191839369080074251,996107,1491772558
-2115439350428618778,996107,1491772566
-1233453401804504228,995851,1491772569
7986255533642239392,995851,1491772532
-5641337382861779229,995851,1491772573
-7050370820751060109,995851,1491772547
6087776055010033023,995910,1491772530
-618879870071078276,995910,1491772558
5506567536199151688,996097,1491772556
-5033474582859635082,996097,1491772578
3357566361572692764,996097,1491772564
-335004945934203059,996097,1491772573
-5667356939081010559,996097,1491772548
-8448089295859965100,996097,1491772566
-4387997820835528741,996097,1491772554
7545290258869800944,996097,1491772525
6953346242491234792,996097,1491772550
6379919805016755237,996097,1491772524
6109507352460173926,996097,1491772532
-3086737140438404612,996097,1491772525
-6467194193049321556,996097,1491772539
1880758297937147537,996097,1491772537
-3324726431899524003,996097,1491772541
-6493070249439931414,996097,1491772561
-9450391681479133,996097,1491772551
1159140967936983509,996097,1491772536
1804928193327266235,996097,1491772553
-4409950243861360594,996097,1491772558
4410348069643601952,996097,1491772581
-1430582621489326772,996097,1491772551
2102816913581253903,996097,1491772565
-96432437704047056,996097,1491772562
-3328560285307964130,996097,1491772531
1641045363680241129,996097,1491772551
-3546991836188780105,996097,1491772550
-1261332213229084949,995951,1491772578
7575351152684036686,988482,1491772533
-4478615350221393750,995490,1491772536
-4502718748385766258,995193,1491772532
1177320463290285325,995193,1491772564
-7772037558475480860,995193,1491772574
-8634364401946069316,995193,1491772568
-9129448285400340758,995193,1491772579
789928482218140944,995193,1491772552
6736884126125146103,995193,1491772575
6512284601360585364,128541,1491772529
6791205206590243304,980165,1491772577
4988581671569334883,995989,1491772543
-5204892270569245033,995896,1491772546
-1341247591875885966,995425,1491772544
-7780438655694965367,996005,1491772550
6474597798482703966,996005,1491772538
-5748215722525253764,995825,1491772558
1971701859172730363,995825,1491772574
5287536524291383491,995825,1491772537
7280209619161679231,995825,1491772547
8480390009042446823,996018,1491772567
6651402771898638543,996018,1491772541
-4114403139781672444,996018,1491772573
-8287105416589164624,996018,1491772583
-6793078523800441919,995661,1491772556
7784592181804335159,995661,1491772571
8101764947282572789,995661,1491772566
-2653258825648447388,995705,1491772583
4448145562548169261,995705,1491772533
1542360807105267120,996076,1491772564
8199374434107921318,996076,1491772553
-9166629537023394350,996076,1491772532
5507831106097609966,996076,1491772553
6183086141392700304,996076,1491772548
-8595590394885171454,996076,1491772582
-7801166305743559206,115342,1491772526
1194936419700533659,996011,1491772532
-4924450444459284680,996011,1491772537
5624544624828701306,985000,1491772547
-2673221954900676921,986167,1491772559
9095142573473133201,996017,1491772528
1879759690188177115,995311,1491772550
-9041347203291799552,341153,1491772544
-5711502546908884362,996066,1491772547
-8561222025099368936,996066,1491772563
5078861340244599665,996066,1491772524
2290409552526206606,996066,1491772533
4849738677419127658,996066,1491772525
-2197682940129052721,996066,1491772528
3311094882826427189,996066,1491772536
-4180598119729571222,996066,1491772559
6534247232756772027,996066,1491772559
-837981663368250913,996066,1491772547
-8966610397462132169,996066,1491772534
8299415507759529103,996066,1491772548
-501994514874265731,996066,1491772552
-6780970386815996685,996066,1491772530
5600227084236647390,996066,1491772533
2926096711218284866,996066,1491772564
7936289192225437128,996066,1491772556
8807912264464214820,996066,1491772571
-5463700527752001246,996066,1491772575
8913068889582160506,996066,1491772581
6689968460961609918,996066,1491772581
6294119478393983186,996066,1491772562
-3010589007544633749,996066,1491772565
-2831133941399992503,996066,1491772554
-7040371364709269297,996066,1491772552
-4297226050319352525,996066,1491772554
8460650727075305676,996066,1491772573
989035348523716409,996066,1491772577
3782945530723336983,996066,1491772579
-7011579828771785055,996066,1491772556
6029707658897709585,996066,1491772538
1008855347812413778,996066,1491772581
4456771098412410420,996066,1491772544
83799330003084029,996074,1491772575
8076514882359792465,996074,1491772565
6933415261646376925,996074,1491772571
8400096404741709056,996074,1491772556
7148307315703470638,996074,1491772541
8913068889582160506,996074,1491772538
8702074022928127831,996074,1491772565
7274981702321046219,996074,1491772551
5415010753793989077,996074,1491772559
-3275306122648563957,996074,1491772556
1287227281432736926,996074,1491772527
-3168940806542185441,996074,1491772557
-6057197230452438957,996074,1491772548
1811022000717286868,996074,1491772532
-6961711557218944679,996074,1491772563
7545200393296004792,996074,1491772541
-4308167933064346665,996074,1491772581
-3521378650092017647,996074,1491772528
-2858563884110086527,996074,1491772576
2367478083955832928,996074,1491772536
-4018919496482415414,996074,1491772563
616581394140824960,996074,1491772571
-59818246803869619,996040,1491772553
8492985198725778766,996040,1491772568
-6108140854128426844,996040,1491772582
7026032769489004914,996040,1491772536
4994864748957938058,996040,1491772530
8527606986978182308,996040,1491772557
8742600327074996776,996040,1491772535
6457554769529440213,996040,1491772552
-1428775994261475714,996106,1491772533
5380212317647213394,996106,1491772567
-7328919332601522671,996106,1491772569
-5878678287728448933,996106,1491772536
5717472473730012986,996106,1491772578
912729551689065995,996106,1491772554
8995031568718342589,995870,1491772550
-7481298761485017085,995870,1491772580
-2645033347365363149,992414,1491772527
534851115023740919,992414,1491772528
-1385215404302860969,996043,1491772539
-5533154200337444460,996043,1491772530
316519262994731126,53931,1491772527
-7571311796952815121,995298,1491772539
4902865818580868241,995298,1491772560
9184118248895999236,994469,1491772571
9104399517727767789,995174,1491772564
4721219780094965940,996057,1491772576
-3985857499357293613,996057,1491772532
-6926743685244737163,996057,1491772581
-9141218549144831418,996057,1491772546
-7406945190044470733,996057,1491772547
-3800684168009234336,996057,1491772565
-7364735827307597818,996057,1491772557
-7431041905092080304,996057,1491772578
8618469097352214312,996057,1491772538
-9134120555076068437,996057,1491772555
7776673722273613995,996057,1491772569
-2313204946496977567,996057,1491772578
-4692160626520120242,996057,1491772581
-3901987546874507985,996057,1491772584
-7271100525182614151,996057,1491772580
-8147842371204975323,996057,1491772554
600657129862077855,994237,1491772572
7575351152684036686,995274,1491772532
136604991149198408,995274,1491772568
-3946430086433284372,995274,1491772575
8479443455199870605,995274,1491772572
-317428021722679970,994915,1491772563
2645715249225640958,994915,1491772581
2598402855170432487,994915,1491772573
-3878071575532577442,994915,1491772556
-4197821688917362597,994915,1491772558
650471100211728309,994915,1491772549
-1631335400098056465,994915,1491772552
8411457891036577213,994915,1491772549
549289977675020958,994915,1491772567
-3705603747256198270,994915,1491772539
-1674901699507678700,994915,1491772575
7533056682475811958,994915,1491772571
-3128347342031478319,994915,1491772546
-975862881049381819,994915,1491772543
-2627235893628469281,994915,1491772539
7992242539379758172,994915,1491772562
-6780895562172098262,928326,1491772523
-20923196753876790,996014,1491772579
8572958476361668334,996014,1491772574
8567471365161389972,996014,1491772567
8224404138077088741,996014,1491772575
-7089361939281625170,996014,1491772553
5336716747833771043,996014,1491772552
8686215293717021553,994739,1491772546
3716191157037621684,995888,1491772551
-8880769052334416731,995888,1491772539
6651402771898638543,995888,1491772559
-1472470027722676429,996004,1491772570
8702231395426229136,996004,1491772546
-7780438655694965367,996004,1491772551
-5643362911143514212,996004,1491772579
-7846217353346201568,926278,1491772523
-5728631284125974443,995076,1491772574
-1280576889477092727,413439,1491772542
-5024980201317121141,996034,1491772535
-838347327983240702,996034,1491772546
-6722001772708984909,996034,1491772527
-7153821054567119163,996034,1491772564
3978406458657564264,996034,1491772529
-3227769157128440682,996034,1491772538
6523492268964421126,995782,1491772543
-3524498846699460296,995261,1491772545
-2376981570861481503,933555,1491772577
5942627367631322679,996047,1491772576
6457554769529440213,996047,1491772552
-3392449838009483863,996047,1491772530
4994864748957938058,996047,1491772525
1166722551010228068,996047,1491772549
-8892267878867596314,996047,1491772545
-7529618612267107728,996047,1491772533
-8287105416589164624,996047,1491772560
6001806403521632322,996047,1491772554
3936508286469566838,996047,1491772532
8742600327074996776,996047,1491772535
8527606986978182308,996047,1491772551
2183133545680741473,996047,1491772573
-7406945190044470733,996047,1491772582
5972957355721451433,996047,1491772531
-5445142725038961124,996047,1491772528
-6359595832899908240,996047,1491772565
-6422778706785895635,996047,1491772540
7513232025552623510,996047,1491772543
-1653202692887888207,996047,1491772556
-6006505446652034883,996047,1491772537
-1116334201832205646,996047,1491772579
-7117977617816201127,996047,1491772552
8906958923674933829,996047,1491772550
7690079998463731157,996047,1491772580
1938580034024229531,996047,1491772581
4127561301396126358,996047,1491772545
-828332238928821077,996047,1491772572
2173574025855960369,996047,1491772569
5190924507040401106,996047,1491772568
5856543408579259323,996047,1491772580
7971379192210982555,996047,1491772581
-7798801402287080848,996047,1491772582
-3800684168009234336,996047,1491772583
-2157927440201379234,996047,1491772569
-570495980026132488,996047,1491772556
-6944821058105137041,996047,1491772563
-7602107446535173778,996061,1491772532
4512345083558396358,996061,1491772550
-7271100525182614151,996061,1491772530
-4692160626520120242,996061,1491772556
-3800684168009234336,996061,1491772547
11457938368259290,996061,1491772545
-3901987546874507985,996061,1491772551
-7204168174554080895,996061,1491772582
-559517054418178882,996061,1491772543
-6407861441168077257,996061,1491772563
-7112172837099314115,996061,1491772566
-9134120555076068437,996061,1491772535
-4058637098603630321,996061,1491772583
-5694881040499881883,996061,1491772527
-1974087661739938628,996061,1491772572
-3711572044067626041,996061,1491772579
-2627664282771697678,996061,1491772527
7195768019365344740,996061,1491772581
-1750293738442619126,996061,1491772560
-1355017083681220088,996061,1491772572
-6813390111996461747,996061,1491772583
4156718341964479710,996061,1491772571
7796893846943707992,994272,1491772573
761134637445335100,996102,1491772535
8666788520330776750,996102,1491772564
8667790776721074446,996102,1491772525
7211510183063776602,996102,1491772525
-3086172463769494906,996102,1491772569
-8605686566497632415,996102,1491772551
3042410996047200622,996102,1491772567
-8059742927109161362,996102,1491772525
-1316178916503761865,996102,1491772575
-264748896866202711,996102,1491772533
2281991474062335029,996102,1491772575
1718247258447659527,996102,1491772580
3696607122525300245,996102,1491772555
7170747171865507935,996102,1491772575
-2955754507804091866,996102,1491772577
3560143434620395653,996102,1491772524
-6444180763456626005,996102,1491772579
-3720443774068962438,996102,1491772553
3432009509347334421,996102,1491772562
5004625098431253379,996102,1491772560
6670115168831279724,996102,1491772583
8656517359623533397,996102,1491772570
-5905114216561620342,996102,1491772547
6336986496062453407,996102,1491772583
-2466972215922792858,996102,1491772539
6545826756792291730,995434,1491772549
-8626373543190354099,990939,1491772533
-1376635626201151614,990939,1491772525
-3777082036279785608,990939,1491772576
7144104585374347013,990939,1491772562
-3667093023643668577,990939,1491772570
-6476745988714409595,990939,1491772544
-880424704229629249,990939,1491772562
-3891018290211144129,990939,1491772529
-2281989146997228798,990939,1491772553
-2627235893628469281,990939,1491772567
-3017213484800450584,990939,1491772565
-3636429806448913000,990939,1491772546
4857070313459239770,996070,1491772539
-4308167933064346665,996070,1491772559
-239946982751922087,996070,1491772530
-9198675178321054945,996070,1491772556
-2646260112996757039,996070,1491772576
4087061345150569963,996070,1491772578
-6582028216992020976,996070,1491772566
-2858563884110086527,996070,1491772558
-6200817471560017272,996070,1491772580
-6057197230452438957,996070,1491772538
8454477144502578139,996070,1491772544
-3168940806542185441,996070,1491772545
-6446276559489273527,996070,1491772571
8453313037622712942,996070,1491772545
-1359964428809072193,996070,1491772565
-342185463649266066,996070,1491772532
616581394140824960,996070,1491772565
-4981292529657445603,996070,1491772543
-7758349268090644281,996070,1491772536
5167613639706748394,996070,1491772560
-7740542438416214948,996070,1491772566
-3275306122648563957,996070,1491772541
8916502645458684047,996070,1491772532
-1670220390123621263,996070,1491772524
7974555761694370456,996070,1491772534
-4437731632382591743,996070,1491772536
-1635027160193813737,996070,1491772551
5487292296476467986,996070,1491772564
3074750852643286680,996070,1491772583
-4761961673815969177,996070,1491772531
-2506911435943937635,996070,1491772575
3204876784407777180,996070,1491772551
102044055217467952,996070,1491772560
1323576644065874037,996070,1491772574
-3485838991873710378,996070,1491772526
-3449831541523105147,996070,1491772554
-3351684737024355126,996070,1491772558
-1245415440725421797,996070,1491772552
8047979478247075448,996070,1491772543
-8068548060552363551,996070,1491772551
-2051375847565944044,996070,1491772553
8899866329500157424,996070,1491772555
-2777701436267210397,996070,1491772549
-1557886563409812911,996070,1491772531
7729269821289245383,996070,1491772563
-6629673455273076479,996070,1491772569
-7936571394661834771,996067,1491772544
-154303429014125182,996067,1491772543
-6021655297714739023,996067,1491772561
5078861340244599665,996067,1491772579
5708564551253203669,996067,1491772575
655027680472499678,996067,1491772552
-1037539200000147541,996067,1491772551
-3485716030105597359,996067,1491772535
187712945941088890,996067,1491772577
-8966610397462132169,996067,1491772562
9093724894256995612,996067,1491772534
1704704400771413595,996067,1491772543
7936289192225437128,996067,1491772579
1880701801797620314,996067,1491772535
8807912264464214820,996067,1491772579
2226877467748354522,996067,1491772560
-1396501191728011113,996067,1491772557
-1424449261598559067,995876,1491772581
533638902913184269,939411,1491772524
-8462024763848357102,992268,1491772549
5605325789138482391,994462,1491772526
-2376981570861481503,934326,1491772576
-2512732528946976207,995305,1491772542
8027004529711492606,993778,1491772526
4669824259935345797,993951,1491772584
4623565365065683909,993951,1491772555
1535739772660454911,993951,1491772549
7045257498590554309,993951,1491772569
9169258829009681524,993951,1491772565
7938480416128296052,993951,1491772583
-279783939398535943,995919,1491772572
4357228619942564303,982541,1491772549
7938480416128296052,995932,1491772553
4988581671569334883,995990,1491772573
-49341087707444086,995990,1491772568
-2091747256472423540,995990,1491772567
1507161304553774466,995104,1491772575
2847280778273263505,948969,1491772533
4557993905144036632,994615,1491772551
-4389048964013053670,994615,1491772547
-1114390683924289148,996056,1491772539
-7271100525182614151,996056,1491772559
1055598121292073221,996056,1491772528
-4692160626520120242,996056,1491772570
6937116131002625643,996056,1491772534
-6407861441168077257,996056,1491772572
-9134120555076068437,996056,1491772543
-3901987546874507985,996056,1491772559
-3800684168009234336,996056,1491772553
-5694881040499881883,996056,1491772528
-4058637098603630321,996056,1491772583
-7204168174554080895,996056,1491772582
4512345083558396358,996056,1491772550
4607139099024388077,995966,1491772532
-560973702857615235,995966,1491772583
-3027795453461128900,995966,1491772567
-6204453807495932859,995966,1491772547
-3171262206219356350,56938,1491772537
-6666696417989177768,416902,1491772524
1730093455018591311,993701,1491772540
316519262994731126,53896,1491772531
7059165685447362904,993484,1491772581
-3440820727575661021,993484,1491772563
-1464037127773304214,994311,1491772537
-2091747256472423540,994311,1491772581
8724374362078452850,994311,1491772583
-5583445176767770955,994311,1491772529
3893869265376892376,994311,1491772542
-1417127613522921572,994311,1491772561
6533504209978227016,996094,1491772534
-7180950139443917929,996094,1491772530
4993706153451156754,996094,1491772569
896286371015442452,996094,1491772532
4022174686651458853,996094,1491772559
-6447029559693611575,996094,1491772534
7141544054252286185,996094,1491772538
-6384391383726414840,996094,1491772578
8667790776721074446,996094,1491772553
-6580542524235751315,996094,1491772531
4661307593998946884,996094,1491772580
-2955754507804091866,996094,1491772583
-3327288873805061344,996094,1491772530
-1998512820208452577,996094,1491772562
-3353207050327730208,996094,1491772561
-8579613170029830013,996094,1491772552
8977518667684921947,996094,1491772569
-8561222025099368936,995872,1491772566
-6966895796775604794,995872,1491772527
207797193917624287,995872,1491772566
8616186957086677804,996096,1491772526
-8561222025099368936,996096,1491772550
-7104879610309842355,996096,1491772551
4661307593998946884,996096,1491772531
6192927159020917076,996096,1491772564
9001973458272766092,996096,1491772577
7207090095521494413,996096,1491772539
-2029210295132468342,996096,1491772565
-6384391383726414840,996096,1491772532
5682215879213763113,996096,1491772525
-8605686566497632415,996096,1491772580
-5282392106489094008,996096,1491772526
-3086172463769494906,996096,1491772581
7170747171865507935,996096,1491772582
8667790776721074446,996096,1491772532
-2955754507804091866,996096,1491772579
761134637445335100,996096,1491772552
1718247258447659527,996096,1491772580
-264748896866202711,996096,1491772533
4736189757511068315,996096,1491772554
4241176983888704327,996096,1491772563
1152755715932758397,996096,1491772571
-8059742927109161362,996096,1491772525
586342657906873020,996096,1491772543
-841376509165154053,996096,1491772543
-1316178916503761865,996096,1491772575
7211510183063776602,996096,1491772526
-4238259175975599355,996096,1491772571
-6689925871845831368,996096,1491772537
3696607122525300245,996096,1491772555
-3930075990448542998,996096,1491772567
-5594936572279895562,996096,1491772571
-1341247591875885966,995312,1491772572
-8100988830589506110,184650,1491772542
-7237164680212270666,995977,1491772561
6199933518712532600,995977,1491772558
-3027795453461128900,995977,1491772527
8233383568315171264,995977,1491772578
5474371355306154694,995977,1491772553
1283068883569255825,995977,1491772570
3141774688873893109,995977,1491772538
6491285233461623343,995977,1491772582
4076174611026237867,995977,1491772565
-7754714129784482577,995977,1491772556
-1667371748770554465,995977,1491772564
-8356768053523189414,995977,1491772544
3315373495653140171,995977,1491772542
521248549346217183,995977,1491772577
6443193828555985262,995977,1491772558
-6321836173685508222,995977,1491772552
-152329559507696587,995977,1491772548
-4284580859267404702,995696,1491772545
5569072111560608290,995779,1491772529
4607139099024388077,995955,1491772580
1611501473373709451,996000,1491772566
8702231395426229136,996000,1491772584
-6174761989546006053,996000,1491772538
2181331740070715440,996000,1491772571
965260564982008415,996063,1491772548
-7041513117959611582,996063,1491772535
1667606903970494158,996063,1491772574
6308059270443805073,996063,1491772533
-4890898052803514207,996063,1491772537
-4486845419847401620,996063,1491772557
3039170586411997170,996063,1491772534
-7443050060024428923,996063,1491772548
-3359801820861544537,996063,1491772583
-8623217985637614562,996063,1491772579
-3370251879437588414,996063,1491772536
810623729930260088,996063,1491772580
4245211009117912482,996063,1491772525
-3711572044067626041,996063,1491772535
-3385443143920745938,996063,1491772539
-7073400084900311099,996063,1491772546
-1724148462139466401,996063,1491772537
228064875543258615,996063,1491772540
-1796722695771571684,996063,1491772559
724809257638850585,996063,1491772574
-1751047339661843010,996063,1491772576
1845261906271212372,996063,1491772578
1711885642475914442,996063,1491772539
-5190492072988662599,996063,1491772549
-5045883419730391709,996063,1491772568
8956837195562478917,996063,1491772543
-2816987580689781674,996063,1491772582
8123960763531368612,996063,1491772574
-8459019528109792190,996063,1491772558
-1247364646660448571,996063,1491772530
2825172525259397278,996063,1491772551
-2069369365856287722,996063,1491772548
-3760714855575320472,996063,1491772579
-6688942748617728071,996063,1491772569
-6175288027047912884,996063,1491772551
-7378746131581353862,996063,1491772538
9168946414696891440,996063,1491772529
-6926772786342766606,996063,1491772524
557237870250828079,996063,1491772582
5069501314272411237,996063,1491772557
-7155971600427090589,996063,1491772557
-1463993255413373926,996063,1491772583
6101633002932467156,996063,1491772544
7339303246867666346,996063,1491772576
2556954456731180783,954312,1491772563
-7658128660878371223,992901,1491772543
5958584790006326834,995000,1491772530
335522837293505073,995000,1491772550
1914593896743847354,995000,1491772554
1069646667079061962,995000,1491772569
3660413066083131697,995000,1491772549
-3878343070206846577,992446,1491772579
1928639145949719487,992446,1491772579
-1464037127773304214,992446,1491772540
8746855832019325207,992446,1491772559
-634821937540282357,992446,1491772529
7533056682475811958,992446,1491772542
2641703948043845978,992446,1491772556
-6262911971549936349,992446,1491772577
26128660441276255,992446,1491772559
-5210835557839568054,992446,1491772526
-7173624012184101829,992446,1491772579
8901152424844287883,992446,1491772545
-1485722908686807842,995176,1491772558
1167792964934436580,995176,1491772538
-2177821313716004301,995176,1491772561
6199933518712532600,995827,1491772576
-8536950609609599803,995838,1491772584
3716191157037621684,995838,1491772571
3740088259764611390,995838,1491772525
7596276208921759879,427276,1491772519
-8220586874671063845,983441,1491772535
-2376981570861481503,936715,1491772527
1507161304553774466,995205,1491772544
-306501270627781326,995265,1491772531
6925708444492448245,993969,1491772570
4896313315493921345,995640,1491772528
-4713845381393281876,993462,1491772526
-3316520426080870888,995336,1491772542
-4983511720419499084,995336,1491772584
-6138190331566672341,995336,1491772584
-4149635312105835781,994313,1491772573
4672358592790076394,994411,1491772550
2757768338354645875,995920,1491772562
5765289134693893991,995920,1491772574
2593685793268510318,995920,1491772543
7631385049813283971,995920,1491772577
-7831188966922482400,995920,1491772575
8801659082715697831,995753,1491772540
-6793078523800441919,995670,1491772561
9095142573473133201,995521,1491772532
5765289134693893991,995923,1491772540
4991835346265122825,995923,1491772537
-2804763688635642054,996044,1491772566
6689968460961609918,996044,1491772563
7936289192225437128,996044,1491772528
-3166740406085767541,996044,1491772567
-3275306122648563957,996044,1491772578
3782945530723336983,996044,1491772538
-5463700527752001246,996044,1491772561
8807912264464214820,996044,1491772559
-3168940806542185441,996044,1491772570
8913068889582160506,996044,1491772568
7648819680677835256,996044,1491772536
7274981702321046219,996044,1491772566
1287227281432736926,996044,1491772539
-2091747256472423540,994243,1491772581
8724374362078452850,994243,1491772582
-3929487340844626240,994243,1491772559
8822678446312165176,994243,1491772559
1933669340377898839,994243,1491772579
-1475638354013054066,994243,1491772567
8411457891036577213,994243,1491772534
-5909437628810157532,994243,1491772574
6305865474068660933,994243,1491772562
1332455548233386559,994243,1491772531
-4741210120424462126,994243,1491772584
7480177630184543904,996091,1491772537
-8992940768315745847,996091,1491772550
-287366431734312125,996091,1491772557
-6458509136205899526,996091,1491772571
2343471047938816417,996091,1491772542
167130960054624331,996023,1491772562
-8299496354317606497,996023,1491772561
-6722001772708984909,996023,1491772538
-4498097911246570225,993619,1491772565
-8576355185633912353,996120,1491772564
-886934681992610887,412441,1491772533
4682687840426413977,995979,1491772535
-8880769052334416731,995890,1491772539
6651402771898638543,995890,1491772559
-3220102085769487202,995890,1491772582
