-3576338510462123209,995486,1491696975
-3552002015187750745,995776,1491696975
1987147929341495920,995776,1491696971
-2352463680300983915,995765,1491696969
7957358861546433722,995858,1491696948
634838848099852470,995858,1491696958
-4627158107713866887,995858,1491696941
5322103701966743594,995858,1491696950
-4224502900267492186,995858,1491696931
3201100429229768874,995858,1491696974
-1848896829149645070,995858,1491696960
-8313895219749957223,995858,1491696942
7226305705235196450,995189,1491696972
6907230551945770499,111182,1491696939
-1872208379471257500,995658,1491696946
4304382300431148463,995658,1491696920
3070227649012540478,995652,1491696929
-3879905259429887088,995652,1491696950
-1296557480501828039,881679,1491696931
-7320158744413293663,995723,1491696926
4574427982665207979,972937,1491696940
6408585120369168095,972937,1491696971
2862223756552056566,995422,1491696969
-1474566796091934316,995601,1491696938
-3268087763101969615,995847,1491696934
2798846627386090784,995847,1491696975
-3034141452662987225,995847,1491696949
2804401193485556218,995847,1491696938
-1929800225165815029,995847,1491696961
-362749968438239235,995847,1491696922
-2943287864523553186,994171,1491696947
4304382300431148463,995667,1491696920
7516800969279713192,995774,1491696921
6383217826243648885,995774,1491696964
4756231452783778434,995774,1491696977
-738111343433934277,995857,1491696934
-6113180723370724305,995857,1491696958
-8773832781219168825,995857,1491696923
-8570598698801194994,995857,1491696939
5322103701966743594,995857,1491696976
7690686866204801955,995857,1491696929
-4627158107713866887,995857,1491696959
5270569607021557952,995857,1491696977
-5313531558796940464,995857,1491696922
-946556968217701642,995857,1491696966
6707598114134012732,995857,1491696975
6521857004910082970,995794,1491696940
1310748021383275533,995794,1491696974
5597268721864968922,995794,1491696957
845098970305270065,995794,1491696974
4895283545540090068,995794,1491696940
-2868200554060413500,995690,1491696966
-3635835167788057285,995690,1491696920
-6094402762996423322,995690,1491696947
-1929800225165815029,995854,1491696925
2798846627386090784,995854,1491696943
-126841538911771310,995854,1491696938
-339336039119382998,995854,1491696963
6494597802506586792,995854,1491696926
-3034141452662987225,995854,1491696923
8520211638597411584,995854,1491696933
-1878199280222749400,995854,1491696977
-3836793313590640101,994454,1491696968
-8570598698801194994,995860,1491696933
6707598114134012732,995860,1491696975
5270569607021557952,995860,1491696974
5322103701966743594,995860,1491696971
-6113180723370724305,995860,1491696940
-4627158107713866887,995860,1491696955
-4005403681022432755,995860,1491696966
7690686866204801955,995860,1491696925
5328020861353382697,995860,1491696922
5489302083162735348,995860,1491696977
-2500307093089755232,995860,1491696969
1234761041168624180,995860,1491696976
-1307607109178436721,138688,1491696963
-1377645548761640700,885156,1491696959
-7919920845124393539,993761,1491696973
8368056369377295189,960030,1491696929
1987147929341495920,995763,1491696971
-3552002015187750745,995763,1491696975
-1193435041382193211,995125,1491696959
-5866464818443702981,995125,1491696952
-3441894666967110240,995125,1491696963
5979049487562168713,995853,1491696976
-1192217898903388669,995853,1491696919
-5691432523012630464,995853,1491696967
2798846627386090784,995853,1491696928
-3918941233635830455,995853,1491696955
4663999311040056365,995853,1491696971
-339336039119382998,995853,1491696921
3731406955050264956,995853,1491696946
-8486718784429538860,995853,1491696941
-6810612969848628942,995853,1491696965
133319913167744954,995853,1491696949
7404987352275133758,995853,1491696950
-2050719527447311318,995853,1491696969
478665807506005383,995853,1491696954
7690686866204801955,995853,1491696940
-126841538911771310,995853,1491696928
-8653538129111968333,995853,1491696933
-597724907993681914,995853,1491696929
3719930507018282964,995853,1491696960
2925496002062246594,995853,1491696968
-8939153097569860122,995853,1491696953
1725151625193675919,995853,1491696944
1769581793601029155,995853,1491696953
-3305480260679787269,995853,1491696939
-2730332441424521688,995853,1491696944
5620829016562513070,995853,1491696966
-4401372884475265508,995853,1491696949
-8625107934667003594,995816,1491696939
1108243793307083194,995816,1491696960
-303791903959676495,995816,1491696927
3956277799642973239,995816,1491696973
1632357328347349668,995837,1491696965
-5323170846729484051,995837,1491696937
-1635027160193813737,995837,1491696973
791511234351613662,995837,1491696950
8913048110104884839,995837,1491696919
-5269678352222155412,995730,1491696972
-1690229360764418572,921296,1491696926
398856665139995845,979664,1491696932
4756231452783778434,995781,1491696977
2322922991340551019,995781,1491696978
7516800969279713192,995781,1491696918
6383217826243648885,995781,1491696964
-7683999470743342663,995781,1491696929
-362749968438239235,995846,1491696970
-5519382804842301622,995846,1491696931
-6385749561396782268,995846,1491696971
1462924229423043399,995846,1491696934
-1929800225165815029,995846,1491696971
-6827944587427812037,995846,1491696951
-3034141452662987225,995846,1491696953
-3933393350164837254,995846,1491696957
-2894022856082460364,976255,1491696950
-1709074106063638356,995651,1491696960
9082606093750082822,995651,1491696958
-8641109751943277152,995769,1491696938
5543124119199681487,995809,1491696968
-1474566796091934316,995563,1491696977
3124708897322612001,995844,1491696952
-2090938866894558964,995844,1491696976
-5519382804842301622,995844,1491696944
2433404366355888601,995844,1491696975
1462924229423043399,995844,1491696939
-362749968438239235,995844,1491696973
-1929800225165815029,995844,1491696971
2862223756552056566,995447,1491696934
-3132193064561557628,995839,1491696978
-1929800225165815029,995839,1491696954
-3034141452662987225,995839,1491696938
-362749968438239235,995839,1491696920
2798846627386090784,995839,1491696960
4544538064487498213,970494,1491696920
5351851190362223903,981010,1491696929
5601752431048167066,995309,1491696950
169676082807877664,70152,1491696918
2851720124081887112,995804,1491696945
2099890789315980326,995804,1491696934
6492258937016273822,995804,1491696933
4630601383536741082,995804,1491696959
4195430471098579352,995804,1491696969
3778632654182506385,995804,1491696953
7493921876917485959,995804,1491696945
1559911499395577226,995804,1491696923
-3552002015187750745,995804,1491696919
9113397801500661514,995804,1491696939
-8490402370607944256,995804,1491696931
-687185503858663762,995804,1491696942
-6679052041062340346,995804,1491696970
179742180774561385,995804,1491696968
4337037637055454888,995804,1491696958
-3335626760675443055,995804,1491696931
1209259744453795019,995804,1491696956
-2689327709978156297,995804,1491696944
-2059541468307975377,995804,1491696964
5543124119199681487,995804,1491696974
8904819437455432102,995804,1491696966
4960579709367509210,995804,1491696975
-1474566796091934316,995621,1491696931
407617982766843669,186776,1491696939
-2288075515445949230,995679,1491696919
-5866464818443702981,979448,1491696946
-2888138891849193097,995248,1491696930
-5539925666350679437,994767,1491696954
-912663395974143002,994767,1491696966
-1582849008015895958,994012,1491696977
5035714722745396644,995660,1491696955
9139114423465988862,913555,1491696953
-6094402762996423322,995707,1491696947
2294792081346813482,995707,1491696958
5351851190362223903,981025,1491696923
-5961515607135407158,995787,1491696918
63293740126222619,995787,1491696933
-8306815624841605494,995787,1491696977
-2337784110001628698,995787,1491696921
3828299197910691607,995787,1491696956
-1030056765063345059,993755,1491696956
-5269678352222155412,995722,1491696946
3878944178474522274,993674,1491696954
5975530044905956282,993674,1491696962
-5756929020186674121,993674,1491696968
4813403152358088104,993674,1491696930
-1196136420850827022,994457,1491696970
1156678218141686368,994457,1491696971
1801102838163059984,994457,1491696927
-6537526166193858654,994457,1491696940
-2259179175634527265,995796,1491696955
-1652148056044930817,995796,1491696921
2750456128980119383,995796,1491696974
-141232531664685043,995796,1491696926
6277834540729691077,995796,1491696949
-8490402370607944256,995796,1491696950
7959293438886212924,995796,1491696928
4694183824558654737,995796,1491696927
9148654070396266974,995728,1491696936
3430972389966987766,995728,1491696954
-7060503658118619382,974441,1491696952
-3370060652975883666,974441,1491696921
-7320158744413293663,995699,1491696961
-4249513717291679946,995831,1491696947
-9036353810402205151,995831,1491696962
-7574098612003740478,995831,1491696928
1745995266544770144,995831,1491696970
-840666193366292138,995831,1491696952
-463600721041621628,995610,1491696943
-5240561990611875512,975858,1491696965
7281372510092589755,25285,1491696937
-2352463680300983915,995822,1491696922
-4053598771400278657,995822,1491696933
5119855866838450149,995822,1491696968
-834080557023152353,995822,1491696942
1745995266544770144,995822,1491696924
-5323170846729484051,995828,1491696952
483037979964235050,993245,1491696950
4543953659126667531,156216,1491696971
2024294465388857923,156216,1491696963
-2167927876375756785,156216,1491696971
-2774128986217087578,156216,1491696928
-2379528615839837913,156216,1491696970
465201495044091801,995867,1491696964
1501151977759766258,995867,1491696962
-4952577825826148750,995867,1491696921
-7893860255682308440,995867,1491696942
3679483784795327599,995867,1491696936
3248496756744469783,995867,1491696934
5340864539590029564,995867,1491696939
-163730933179382567,995867,1491696966
-6791070938341791486,995867,1491696932
-417620656315084068,995867,1491696948
7609260667497082882,995867,1491696930
-3474798868921401988,995867,1491696921
-5283282589179981822,995867,1491696950
6238189829653294083,995867,1491696953
2292900600248948174,995867,1491696961
-6015943187531387622,995867,1491696969
7048491615660361924,995867,1491696957
-9211106687018708588,995867,1491696956
-4909560335054768708,995867,1491696941
-7491527038408735540,995867,1491696930
7142791110802983269,995867,1491696937
-188258103692024178,995867,1491696947
5447232526128169825,995867,1491696932
-2793242947844676292,995867,1491696938
-3205579302560846718,995867,1491696978
1189731261783043133,995867,1491696935
5922768854337220403,995867,1491696950
-6754600395801181996,995867,1491696973
-6196102007978039864,995867,1491696974
-7209259726661386542,995867,1491696977
839065394713467222,995867,1491696972
-5730887157932746649,995867,1491696966
-4018735013145900410,995867,1491696935
-1042778837820041683,995867,1491696936
-813398788952254639,995506,1491696942
-6288438467858992469,995506,1491696946
-7005132398264938540,995506,1491696966
-3179914518377368047,995506,1491696955
-1401794080119380802,995506,1491696940
6364047425897551457,995197,1491696971
6219227323417012384,995160,1491696949
-8959906192069954372,995684,1491696948
5639036224313932020,995684,1491696962
-5473417307738870584,995684,1491696946
6046168996530482330,995080,1491696949
-268759579605096409,995718,1491696959
398856665139995845,978592,1491696932
-2073881785529204455,995732,1491696941
-2073881785529204455,995739,1491696953
-310781140155246902,342222,1491696926
9082606093750082822,995657,1491696945
-1709074106063638356,995657,1491696943
169676082807877664,70153,1491696918
-912663395974143002,993419,1491696966
-5539925666350679437,993419,1491696954
-732521254580467536,995833,1491696919
-9036353810402205151,995833,1491696920
1745995266544770144,995833,1491696960
-7574098612003740478,995833,1491696923
-834080557023152353,995833,1491696942
-755215527354506030,995833,1491696939
5962370894438630244,995833,1491696928
-4053598771400278657,995833,1491696934
9113397801500661514,995833,1491696941
-4401372884475265508,995833,1491696963
-6511267316943927506,995833,1491696920
5119855866838450149,995833,1491696971
-8885831439343356032,995833,1491696970
-6132770774478910223,995833,1491696953
-4338676324030105151,995665,1491696923
-4756037278769978687,902632,1491696946
6494597802506586792,995849,1491696942
-126841538911771310,995849,1491696952
-1929800225165815029,995849,1491696938
2798846627386090784,995849,1491696952
-3034141452662987225,995849,1491696930
8520211638597411584,995849,1491696934
-339336039119382998,995849,1491696963
6423229356327688031,994887,1491696969
-6291004318611238317,994887,1491696968
7226305705235196450,995228,1491696972
-5050848177338085586,991670,1491696940
-5750393442919494823,992298,1491696936
5146807540079810631,995613,1491696929
3192558969835221268,995606,1491696954
1980898694050368171,992188,1491696933
8414621392410469159,902921,1491696932
1108243793307083194,995818,1491696928
1292047657200849146,939801,1491696966
-141232531664685043,995784,1491696961
3828299197910691607,995784,1491696956
63293740126222619,995784,1491696929
-3012949228017670404,924609,1491696957
6707598114134012732,995861,1491696918
-6113180723370724305,995861,1491696931
-4005403681022432755,995861,1491696959
5322103701966743594,995861,1491696959
-4627158107713866887,995861,1491696947
7690686866204801955,995861,1491696922
-3639432591992945721,995861,1491696957
634838848099852470,995861,1491696958
-3227517072958506279,995630,1491696957
-4756037278769978687,902617,1491696925
-5240561990611875512,995760,1491696939
739526213952228731,994436,1491696967
6277834540729691077,994436,1491696941
530202499891230438,994436,1491696923
-1905306899666653750,885982,1491696953
1462924229423043399,995845,1491696920
-3034141452662987225,995845,1491696953
-362749968438239235,995845,1491696926
-1929800225165815029,995845,1491696964
2841378813979397026,995663,1491696941
1752920913486102946,994814,1491696969
520886388557168956,995868,1491696930
-9211106687018708588,995868,1491696948
-2793242947844676292,995868,1491696938
-5762397622097880833,995868,1491696947
839065394713467222,995868,1491696972
7048491615660361924,995868,1491696949
-188258103692024178,995868,1491696947
-1490381278802956582,995868,1491696961
-4568773391106234948,995868,1491696962
-4909560335054768708,995868,1491696936
-6015943187531387622,995868,1491696958
6784756808806433071,995868,1491696932
6238189829653294083,995868,1491696937
-7491527038408735540,995868,1491696927
-6017414029062896212,995868,1491696976
4029701837399150650,995868,1491696970
-8479955937549709187,995868,1491696958
2292900600248948174,995868,1491696949
-3410510220618836610,995868,1491696975
-9018022555008460918,995868,1491696937
-2134119161476018391,995868,1491696944
-2978034990334726359,995868,1491696945
-6759922947610373185,995868,1491696963
-2654634442184511978,995868,1491696938
-6362512746430933855,995868,1491696956
-4422984201064252435,995868,1491696937
-6235231498569810222,995868,1491696965
-441981052687743726,995868,1491696933
-1601536982369934643,995868,1491696972
-1376474096091146471,995868,1491696934
8633301324123761161,995868,1491696919
-6020758022297337608,995868,1491696962
-3763134787649742916,995868,1491696941
-7080554282021820616,995868,1491696919
2436403520966697967,995868,1491696939
-9013102350418158744,995868,1491696919
-6305275297498807184,995868,1491696944
-2950821947255672375,995868,1491696965
-7835167994245101878,995868,1491696963
-1778642193860096238,995868,1491696949
4970073902857211809,995868,1491696955
5905204157261548066,995868,1491696941
4131990059603053955,995868,1491696929
-8116326078504076165,995868,1491696962
2829332854250741084,995868,1491696959
-8974642198335868332,995868,1491696932
2584454969287137589,995868,1491696947
5900483145622080448,995868,1491696944
2491635696786861780,995868,1491696974
-1445726065516011352,995868,1491696963
-8065187158958016973,995868,1491696944
-3639432591992945721,995865,1491696922
5322103701966743594,995865,1491696933
8153873959456006085,995865,1491696968
-7915885278407958194,995865,1491696967
5270569607021557952,995865,1491696924
-1848896829149645070,995865,1491696941
7957358861546433722,995865,1491696923
-1232243032198964846,995865,1491696972
-4283342844260137709,995865,1491696978
-4005403681022432755,995865,1491696936
-8592204874664254415,995865,1491696970
-4627158107713866887,995865,1491696924
3550606760240327940,995865,1491696966
2366653112095285297,995865,1491696968
-5643705970401097743,995865,1491696971
-3034141452662987225,995855,1491696922
-4852844091358011367,995855,1491696975
8520211638597411584,995855,1491696932
-339336039119382998,995855,1491696956
-1878199280222749400,995855,1491696977
-3918941233635830455,995855,1491696969
-6810612969848628942,995855,1491696970
2798846627386090784,995855,1491696931
-126841538911771310,995855,1491696929
-8486718784429538860,995855,1491696941
478665807506005383,995855,1491696954
3731406955050264956,995855,1491696946
5979049487562168713,995855,1491696976
1156678218141686368,994967,1491696972
6197639453777144080,885925,1491696942
5673090919257804460,974615,1491696937
2185031771764637506,974615,1491696955
-4685794145624377883,974615,1491696925
8663117542482955919,993658,1491696960
8877758689124773845,995815,1491696919
3638228800605710959,995815,1491696935
-7385142063736866992,995815,1491696928
-8625107934667003594,995815,1491696939
1108243793307083194,995815,1491696961
-4380399005072458394,995815,1491696973
3318333181881745049,995848,1491696934
-2575531115954457556,995848,1491696953
-8939153097569860122,995848,1491696953
3719930507018282964,995848,1491696960
2925496002062246594,995848,1491696968
3311001544610436505,995848,1491696962
-5633778294571392757,995848,1491696969
6411566738804128837,995848,1491696933
-5730887157932746649,995848,1491696938
2297488356256342403,995848,1491696942
-1505345346291447850,995848,1491696920
-4011796712700177537,995848,1491696936
-6810612969848628942,995848,1491696930
-5072920643771234263,995848,1491696944
-3305480260679787269,995848,1491696939
478665807506005383,995848,1491696943
1769581793601029155,995848,1491696952
-6113180723370724305,995848,1491696975
-7838381720685065131,995848,1491696966
539527333952389677,995848,1491696930
7690686866204801955,995848,1491696933
5392286108795131221,995848,1491696975
5322103701966743594,995848,1491696976
-3399186202230626299,995848,1491696944
-3214787744618955077,995848,1491696970
-1472008281536420795,995848,1491696971
1512553007625521440,995848,1491696933
558310565494340163,995848,1491696956
-8570598698801194994,995848,1491696940
2717282988667707957,995848,1491696920
-3264095070664346117,995848,1491696964
-4627158107713866887,995848,1491696959
-5022540690565028530,995848,1491696940
2889693501431706870,995848,1491696945
5270569607021557952,995848,1491696977
3626772159581668009,995848,1491696971
5142859119187202137,995848,1491696951
-5076682671306756803,995848,1491696926
8659918688766633579,995848,1491696959
6440323124224146589,995193,1491696938
-4688792737743614392,995193,1491696972
2722664907708794202,995193,1491696935
2751798291969741928,995193,1491696951
-2161710921908014300,988482,1491696969
-1364397572523487791,988482,1491696942
63293740126222619,995778,1491696975
3819662566370707620,995778,1491696933
3585268692498854679,995034,1491696928
2924620596516718216,995773,1491696955
4859284606580194537,995773,1491696944
5735591166454222055,995490,1491696925
5753690271131415326,995490,1491696960
-6142624881576574293,994496,1491696956
-4974957808619605423,995672,1491696934
7118251631834126160,995672,1491696966
-4820728367510679878,995705,1491696926
4093089719975704575,995705,1491696977
-6701078846496325492,995705,1491696945
-1652148056044930817,995705,1491696925
6513476008245020010,995705,1491696975
-8764151249974797184,995705,1491696961
1614643240633444250,995705,1491696947
3828299197910691607,995790,1491696946
6255810538406060627,995790,1491696928
63293740126222619,995790,1491696919
-141232531664685043,995790,1491696932
2750456128980119383,995790,1491696974
-4681944835020699596,995661,1491696933
6765861962010926016,995661,1491696934
-463600721041621628,995597,1491696943
524601992565535075,995339,1491696920
5601752431048167066,995203,1491696950
-2073881785529204455,995734,1491696953
-2349598947337316727,995825,1491696922
-6679052041062340346,995825,1491696970
179742180774561385,995825,1491696968
4960579709367509210,995825,1491696974
8904819437455432102,995825,1491696966
-3336889081870168078,995825,1491696923
-6334194660756378791,995825,1491696975
7493921876917485959,995825,1491696921
-2059541468307975377,995825,1491696963
-9080415435988790788,995825,1491696936
-3425519732860827659,995825,1491696967
5303116116126182341,995825,1491696939
8110389037242734340,995825,1491696948
6608468847208094735,995825,1491696973
-2851686653292726794,995825,1491696946
3018437060609325254,995825,1491696942
-2730332441424521688,995825,1491696960
-8117099629422367168,995825,1491696977
4738309675063264275,995825,1491696945
1616499239550466141,995825,1491696942
-4256246835829544627,995825,1491696942
-732521254580467536,995825,1491696920
-441427987971002753,995825,1491696975
483037979964235050,993728,1491696926
-7815154238189362519,995311,1491696958
-8596499293600825288,995311,1491696939
3801807833164233217,995311,1491696930
3429445204619730555,995311,1491696947
-6494581189764748376,995311,1491696959
6219227323417012384,995311,1491696965
-2654634442184511978,995870,1491696938
-9018022555008460918,995870,1491696937
7312194950619569248,995870,1491696930
-6020758022297337608,995870,1491696962
7926989522117480227,995870,1491696933
4029701837399150650,995870,1491696958
-4422984201064252435,995870,1491696937
-6759922947610373185,995870,1491696963
-6015943187531387622,995870,1491696919
-8680492250755328174,995870,1491696953
2491635696786861780,995870,1491696974
-8974642198335868332,995870,1491696931
-441981052687743726,995870,1491696933
5070629831404028277,995870,1491696924
5900483145622080448,995870,1491696944
-825416892933300435,995870,1491696952
-2950821947255672375,995870,1491696965
2292900600248948174,995870,1491696946
-3580369403805716201,995870,1491696940
-6536574377523202618,995870,1491696937
-5072920643771234263,995870,1491696961
5905204157261548066,995870,1491696941
-8479955937549709187,995870,1491696954
1319975373310160556,995870,1491696973
-8633610984666999218,995870,1491696962
-5754906864165140049,995870,1491696971
-121172469230890309,995870,1491696965
-3401269602294606725,995870,1491696934
1697029582733493104,995870,1491696957
8743797450024807464,995870,1491696957
839667824220615612,995870,1491696968
8840715616715480944,995870,1491696963
-5606998692715235282,995834,1491696940
1462924229423043399,995834,1491696946
-2090938866894558964,995834,1491696976
-5519382804842301622,995834,1491696944
-362749968438239235,995834,1491696973
-1929800225165815029,995834,1491696978
-2276969665336891791,995771,1491696954
9082606093750082822,995653,1491696953
-1709074106063638356,995653,1491696950
-8490402370607944256,995801,1491696950
-141232531664685043,995801,1491696921
-5269678352222155412,995719,1491696927
-2352463680300983915,995719,1491696969
-480770173463797727,991407,1491696927
3852815174608064629,991407,1491696949
-3351023020980921696,992680,1491696976
4755533871837526114,972031,1491696934
6822448674182837972,995746,1491696922
-4338676324030105151,995746,1491696965
7123160888559946802,995746,1491696933
3979548713460140935,995746,1491696961
3108746867769362963,995746,1491696977
3849767225700304709,995746,1491696933
-8707513505095284181,995746,1491696974
-3251533442850338977,995746,1491696952
3553582358791630778,995746,1491696919
-6644860459004682811,995746,1491696934
-4757159366499583997,995746,1491696946
-3409183404158256153,995746,1491696961
-5297941928826792322,995746,1491696970
2517271491482792755,995746,1491696960
1243211007562648740,995746,1491696972
-1639005804444945048,992883,1491696972
-141232531664685043,995791,1491696945
6255810538406060627,995791,1491696937
63293740126222619,995791,1491696923
3828299197910691607,995791,1491696948
-6142624881576574293,995488,1491696932
-7919920845124393539,993601,1491696967
-2926545191359107273,994958,1491696934
5601752431048167066,995380,1491696936
-268759579605096409,995715,1491696956
-1401794080119380802,995715,1491696978
6822448674182837972,995715,1491696962
4225922665381021335,995715,1491696933
-6831895443677011697,995715,1491696924
8050341162534610826,995715,1491696930
2862223756552056566,995441,1491696969
5129294133086213346,979327,1491696957
-4974957808619605423,995681,1491696921
-5473417307738870584,995681,1491696946
7118251631834126160,995681,1491696956
-2073881785529204455,995724,1491696932
-8195415930471257163,995411,1491696975
-1474566796091934316,995624,1491696925
-4206997466221845887,995644,1491696919
483037979964235050,993416,1491696933
-4238243032626650318,993822,1491696941
-4144408349577573740,993822,1491696928
1811667849829035278,995631,1491696959
-1474566796091934316,995631,1491696919
7308931428840708041,995783,1491696939
63293740126222619,995783,1491696954
-637853999717082968,995783,1491696966
5735591166454222055,995493,1491696925
6235152462232558228,995493,1491696943
-1474566796091934316,995580,1491696947
5621429251035521103,994150,1491696976
1949697872854007398,994739,1491696934
-5240561990611875512,993813,1491696930
-4249513717291679946,995826,1491696947
-9036353810402205151,995826,1491696962
2294792081346813482,995716,1491696958
-6094402762996423322,995716,1491696931
-270961738049471455,995393,1491696947
-1030056765063345059,993751,1491696956
-6246662650507639559,995300,1491696975
-4695952738190941447,995626,1491696947
-1206222542084724332,989653,1491696942
-6142624881576574293,994786,1491696956
-2175393487222473844,995864,1491696944
8153873959456006085,995864,1491696947
-583383878249419760,995864,1491696969
-7915885278407958194,995864,1491696950
1457049475904009037,995864,1491696926
-1848896829149645070,995864,1491696929
2366653112095285297,995864,1491696968
-4283342844260137709,995864,1491696967
-7282242812684381215,995864,1491696926
-162461478810177120,995864,1491696970
-5643705970401097743,995864,1491696971
6595799472961948380,995864,1491696928
-4627158107713866887,995864,1491696921
-8592204874664254415,995864,1491696963
-2940756030084345268,995864,1491696935
3550606760240327940,995864,1491696964
-1232243032198964846,995864,1491696961
-2575531115954457556,995864,1491696960
-4005403681022432755,995864,1491696927
2292900600248948174,995864,1491696965
7048491615660361924,995864,1491696976
4481856421459074855,995864,1491696920
7043396477867528519,995864,1491696973
2976831716660461687,995864,1491696955
-6249643146657298703,995864,1491696962
-2312802164658329615,995864,1491696927
-2825654940560065662,995864,1491696927
-813398788952254639,995531,1491696943
483037979964235050,993750,1491696923
-4142359724128870116,995733,1491696973
-7838381720685065131,995874,1491696972
-2558023701373469049,995874,1491696923
6255884221791676003,995874,1491696921
-1495454474880739965,995874,1491696921
5280889488697025684,995874,1491696938
-7007947622897705865,995874,1491696945
-2559727815174176205,995874,1491696932
5710669325780063581,995874,1491696959
-5269678352222155412,995726,1491696975
7286271481824196487,995726,1491696962
7226305705235196450,995305,1491696929
9082606093750082822,995637,1491696978
-1709074106063638356,995637,1491696960
483037979964235050,993291,1491696958
3819662566370707620,995782,1491696925
3761429719278982495,995782,1491696971
63293740126222619,995782,1491696958
453662473973817617,995780,1491696919
-8574009288077198430,995780,1491696942
1752920913486102946,994312,1491696968
7596915473804221786,995785,1491696921
-1449645037894109333,995785,1491696962
2099890789315980326,995785,1491696958
3778632654182506385,995785,1491696975
-3552002015187750745,995785,1491696935
4630601383536741082,995785,1491696975
2924620596516718216,995785,1491696954
63293740126222619,995785,1491696941
4195430471098579352,995785,1491696969
6492258937016273822,995785,1491696933
-5961515607135407158,995785,1491696918
-2558023701373469049,995872,1491696923
-8641109751943277152,995478,1491696953
-1596045783441850978,995478,1491696960
-1197183983613908358,995859,1491696921
5929508792628979461,995859,1491696956
-8096140302401417117,995859,1491696928
386460231752575405,995859,1491696941
-591338684951428797,995859,1491696961
-4762852018127317571,995859,1491696939
-3759764657495334199,995859,1491696960
1796448776795669270,995859,1491696965
5939095199816164826,995859,1491696958
-3214137617712274079,995859,1491696978
739526213952228731,995859,1491696957
6081510672756268604,995859,1491696932
1104182266842150223,995859,1491696940
-2287447688357053916,995859,1491696933
-3300431931405898938,995859,1491696963
-5606998692715235282,995859,1491696960
-6106879787016695746,995859,1491696926
-5428583649149978437,995859,1491696967
-2178560474432869116,995859,1491696947
1462924229423043399,995859,1491696955
3129967745584900436,995859,1491696940
-2468826611792732517,995859,1491696919
-5034934138977535589,995859,1491696944
-7343260995627906724,995859,1491696937
1244936607678036663,995859,1491696929
8450558292859125778,995859,1491696974
143917225760752984,995859,1491696920
8903329113772608227,995859,1491696932
597673733876066847,995859,1491696974
956130344980396386,995859,1491696941
3550606760240327940,995859,1491696975
-7282242812684381215,995859,1491696928
1166733141508327956,995859,1491696923
7404987352275133758,995859,1491696978
-2166658719103066198,995859,1491696944
-3639755134635384002,995859,1491696946
4246761751703428019,995859,1491696943
8115110223813639713,995859,1491696944
5781319695857418396,995859,1491696971
-5750393442919494823,992145,1491696963
5035714722745396644,995692,1491696955
-3635835167788057285,995692,1491696943
-2868200554060413500,995692,1491696967
5543124119199681487,995811,1491696930
4054417831826038989,995811,1491696962
1987147929341495920,995779,1491696963
-3552002015187750745,995779,1491696961
4630601383536741082,995779,1491696976
3778632654182506385,995779,1491696975
2099890789315980326,995779,1491696959
3819662566370707620,995779,1491696933
-3351023020980921696,993447,1491696976
9082606093750082822,995638,1491696978
-8490402370607944256,995803,1491696939
2639972523723413483,995696,1491696945
-3503737241884520866,995696,1491696938
-5717522020266540226,995696,1491696962
-187458284043978155,995696,1491696960
7596915473804221786,995696,1491696918
-2366256059224908316,995696,1491696947
-6837101018979502830,995696,1491696947
7634249656045914880,995696,1491696949
-2109767082704368714,995696,1491696976
-1401794080119380802,995696,1491696978
-1927739040413485251,995696,1491696940
-3441894666967110240,426649,1491696962
-2575531115954457556,995866,1491696957
-4283342844260137709,995866,1491696942
-2312802164658329615,995866,1491696927
1767485120973939422,995866,1491696920
3550606760240327940,995866,1491696957
-5643705970401097743,995866,1491696958
5411647200402836900,995866,1491696944
2552549374581798692,995866,1491696964
2366653112095285297,995866,1491696945
-8592204874664254415,995866,1491696953
-2825654940560065662,995866,1491696926
-1232243032198964846,995866,1491696955
-162461478810177120,995866,1491696955
2976831716660461687,995866,1491696955
-6249643146657298703,995866,1491696962
5407509815860224235,995866,1491696956
4481856421459074855,995866,1491696920
560527373959019799,995866,1491696977
8461262225249464587,995866,1491696961
-9110352597573474224,995866,1491696964
-3474798868921401988,995866,1491696941
7048491615660361924,995866,1491696976
-6362512746430933855,995866,1491696935
5340864539590029564,995866,1491696955
2292900600248948174,995866,1491696965
-7491527038408735540,995866,1491696933
-5283282589179981822,995866,1491696950
-2662864945160165159,995866,1491696944
-5072920643771234263,995866,1491696967
-4177877674166505088,995866,1491696942
-6015943187531387622,995866,1491696969
3679483784795327599,995866,1491696936
-7969078199479351686,995866,1491696962
-4497483263528957746,995866,1491696963
7609260667497082882,995866,1491696930
6238189829653294083,995866,1491696953
-7633603648467696780,995866,1491696957
-4952577825826148750,995866,1491696921
1501151977759766258,995866,1491696962
-4909560335054768708,995866,1491696941
6275924486684002508,995866,1491696927
-5046004308756023460,995866,1491696965
-163730933179382567,995866,1491696966
-417620656315084068,995866,1491696948
-7496458379609999729,995866,1491696927
-8792412291453337504,995866,1491696943
-8236249934890782966,995866,1491696969
-7893860255682308440,995866,1491696942
634838848099852470,995862,1491696950
-4224502900267492186,995862,1491696931
-8313895219749957223,995862,1491696942
-676605978015303089,995862,1491696964
3201100429229768874,995862,1491696973
-3639432591992945721,995862,1491696944
-1848896829149645070,995862,1491696960
7957358861546433722,995862,1491696937
5322103701966743594,995862,1491696945
-4627158107713866887,995862,1491696934
4899242685901795893,995862,1491696959
-3187294581776590869,995862,1491696941
-7915885278407958194,995862,1491696967
-1232243032198964846,995862,1491696972
-2730332441424521688,995862,1491696933
5270569607021557952,995862,1491696924
8153873959456006085,995862,1491696968
-4283342844260137709,995862,1491696978
-3268087763101969615,995622,1491696936
-5120517037683168878,995622,1491696951
3129967745584900436,966293,1491696950
-5240561990611875512,995754,1491696965
-7320158744413293663,995714,1491696938
1462924229423043399,995838,1491696968
8913048110104884839,995838,1491696919
-5606998692715235282,995838,1491696960
2862223756552056566,995326,1491696950
1498191075704536796,907474,1491696942
-5539925666350679437,995697,1491696921
-912663395974143002,995697,1491696954
1153808566800867720,995697,1491696931
2500766439110171200,995697,1491696953
-167714065440996484,995697,1491696972
6091468685384145837,995697,1491696956
-1709074106063638356,995659,1491696940
9082606093750082822,995659,1491696938
-743813322982807448,995659,1491696978
-2422500188840530556,995659,1491696958
599785833330033712,995659,1491696960
-9042216525820662280,995659,1491696943
6720397012230259758,995659,1491696922
8814679967394770514,995659,1491696950
-1872208379471257500,995659,1491696946
-5745954727607745256,995659,1491696949
-9187556459884411443,995176,1491696977
8707723169472131905,995176,1491696962
8334951588660300463,995176,1491696962
-7678903479867254115,995176,1491696946
-2801791784406716365,995176,1491696968
-1982322585530189752,995176,1491696948
1878934550570657291,995176,1491696926
5601752431048167066,995336,1491696925
2439093983605227813,995336,1491696958
2862223756552056566,995465,1491696925
1601974168101871184,995761,1491696923
-5167466105295027278,995761,1491696944
-5240561990611875512,995761,1491696950
8903329113772608227,995761,1491696926
5543124119199681487,995805,1491696974
-8490402370607944256,995805,1491696923
4054417831826038989,995805,1491696972
1767485120973939422,995805,1491696956
3238718495306311843,995806,1491696949
-6142624881576574293,995504,1491696937
8310922845698105179,986789,1491696976
-890069319465370247,986789,1491696952
483037979964235050,992928,1491696971
-8537007739397738989,995330,1491696920
-7777809154328174111,988454,1491696927
8641483676148402499,994411,1491696927
-6370181800569006591,994411,1491696972
2353173386735271363,941156,1491696944
2462621460630988212,400502,1491696943
6449817084067595523,995670,1491696932
7123160888559946802,995743,1491696940
-4338676324030105151,995743,1491696965
-1401794080119380802,995701,1491696952
9148654070396266974,995753,1491696925
8937765457522254776,995753,1491696968
-4697186248729537032,995753,1491696934
1811667849829035278,994575,1491696957
6060577753218834836,979231,1491696947
-2894022856082460364,979231,1491696950
2221135807249924387,422209,1491696936
1745995266544770144,995830,1491696970
-9036353810402205151,995830,1491696926
-7574098612003740478,995830,1491696928
-2412458589808559979,995729,1491696941
-2361823620345124750,995729,1491696957
-5269678352222155412,995729,1491696975
5660023155101351175,995729,1491696966
7226305705235196450,995249,1491696949
5146807540079810631,995527,1491696929
2747268143977860203,995527,1491696944
5543124119199681487,995810,1491696920
7951780695801295503,995810,1491696925
818128033673047060,918083,1491696929
-7320158744413293663,995710,1491696930
-6142624881576574293,995334,1491696940
9148654070396266974,995748,1491696936
8530759875353793920,995871,1491696946
6406294535711275589,995871,1491696944
-739813338622853649,995871,1491696946
-1196827022875573124,995871,1491696935
-5775861446757624877,995871,1491696954
-7826845891693250127,995871,1491696947
-825416892933300435,995871,1491696931
1238070022828579220,995871,1491696976
1697029582733493104,995871,1491696957
-29617282484141321,995871,1491696949
2292900600248948174,995871,1491696940
-441981052687743726,995871,1491696923
8840715616715480944,995871,1491696963
839667824220615612,995871,1491696968
-8974642198335868332,995871,1491696920
-3401269602294606725,995871,1491696934
-6020758022297337608,995871,1491696938
8619468643687745423,995871,1491696941
5620829016562513070,995871,1491696964
-8680492250755328174,995871,1491696941
1319975373310160556,995871,1491696973
5900483145622080448,995871,1491696935
-2950821947255672375,995871,1491696958
4043328403495984781,995871,1491696948
-3580369403805716201,995871,1491696935
2491635696786861780,995871,1491696962
-6292442766339780452,995871,1491696928
5905204157261548066,995871,1491696936
8743797450024807464,995871,1491696956
4412817389207264557,995871,1491696945
-8633610984666999218,995871,1491696962
-5283282589179981822,995871,1491696933
5489302083162735348,995871,1491696954
-6582637361511353155,995871,1491696973
-6536574377523202618,995871,1491696931
-6759922947610373185,995871,1491696949
-121172469230890309,995871,1491696965
-4282736580566914532,995871,1491696949
5405805507343907613,995871,1491696970
-2001008100587548393,995871,1491696939
-4210140913556920617,995871,1491696974
9077335784253749430,995871,1491696929
-1699620134808148367,995871,1491696949
-8218610034289136832,995871,1491696955
-5754906864165140049,995871,1491696971
-8479955937549709187,995871,1491696954
4029701837399150650,995871,1491696941
-4422984201064252435,995871,1491696923
2966441566868769889,995871,1491696955
-8773832781219168825,995871,1491696962
3156584730386356647,995871,1491696928
8882021638871568706,995871,1491696967
1820599855488116191,995871,1491696921
-1737965037204066804,995871,1491696972
2831157965624281547,995871,1491696973
-3407406845207324354,995871,1491696935
-2106738072296762952,995871,1491696952
3133345115356588406,995871,1491696945
-1709553741821506196,995871,1491696945
-3606986493023845415,995871,1491696972
1888423054615698134,995871,1491696919
-3221688802681102505,995871,1491696921
5193152098046896402,995871,1491696961
-7663436179193000243,995871,1491696963
-7428263667905668211,995871,1491696956
5090922316420011818,995871,1491696938
-8843265937705359699,995871,1491696949
-7082270387944140176,995871,1491696969
5517759000752596750,995871,1491696976
-3167691087960823827,995871,1491696976
6928004003743324465,995871,1491696965
-2454301382438998002,995871,1491696939
4305865517661450037,995871,1491696959
7041460423043401980,995871,1491696939
-4319056159284869534,995871,1491696976
520886388557168956,995871,1491696967
-7099570502086457121,995871,1491696944
7631989071319564775,995871,1491696971
4465852451826192796,995871,1491696969
2668606679359527524,995871,1491696945
-2558023701373469049,995871,1491696953
951805439221223957,995871,1491696966
6455924129822487788,995871,1491696943
8366691791943019562,995871,1491696930
-1561581127537862526,995871,1491696971
4546510698889664809,995871,1491696977
-8553699555361763211,995871,1491696919
-3754009805980373850,995871,1491696975
1896624055754612776,995871,1491696948
-9180449473448862400,995871,1491696958
4309478338227495042,995871,1491696946
795711871145954265,995871,1491696975
-2730332441424521688,995871,1491696920
-2516325220184325429,995871,1491696930
-4401372884475265508,995871,1491696939
2926830499237445722,995871,1491696969
-2286352582477089496,995871,1491696965
-6909655048010503365,995871,1491696925
3124708897322612001,995871,1491696922
-7919016372027824004,995871,1491696970
3037243887459048750,995871,1491696949
-6078937979000705365,995871,1491696961
-8082683807990931370,995871,1491696929
1796014272913787677,995871,1491696930
123103761813252484,995871,1491696951
7331031794587724817,995871,1491696942
-4231856821770384141,995871,1491696955
-3813495219404652642,995871,1491696956
-7000208779521126602,995871,1491696941
-7261250307934540292,995871,1491696970
-7873123144132049544,995871,1491696943
-7838381720685065131,995871,1491696976
-7396034659127929676,995871,1491696949
2517271491482792755,995871,1491696971
164111206202955315,995871,1491696948
8378687672535553801,995871,1491696945
-1363591796383332819,995871,1491696957
6140571158655062977,995871,1491696944
-9140857182100151311,995871,1491696977
-278575987914908912,994346,1491696962
