1734940186664816180,992138,1491061828
1725410049493479790,992191,1491061867
-3092884110232345794,992244,1491061843
-2272032471412965141,992244,1491061853
7027874579080926554,987931,1491061866
1347953339125820146,989004,1491061864
2853907392530710157,991343,1491061831
-8248982209477179870,991343,1491061846
-1089270217490987909,991343,1491061864
8797767009379399290,984216,1491061863
-7400249545362045853,992039,1491061855
3634255654106256217,992039,1491061822
-1650019669112218803,992039,1491061826
-483976971793089680,992039,1491061859
6802956072738961523,992039,1491061865
-2036866739747048739,992039,1491061816
2070884127925540100,992039,1491061847
-733684126713189974,992039,1491061832
7881398678596716016,992039,1491061870
-4918453035938750305,992039,1491061855
-8725517451872210084,992039,1491061836
-8456149277561164780,992039,1491061839
-1820289622523243986,992039,1491061844
9099845232636261835,992603,1491061830
-3701529153241003146,992603,1491061873
3971869092984166185,992603,1491061839
3964396621698611371,992603,1491061849
-9051346561037757645,992603,1491061818
-6722804089013390631,992603,1491061873
7910509284902224928,992603,1491061869
2102803883483846756,992603,1491061837
1030664663783221229,992603,1491061834
4064850044788170152,992603,1491061849
-3018790408777033607,992594,1491061816
-8637065259601536983,992594,1491061844
122755963474196930,992594,1491061872
-7326858700522860258,992201,1491061837
-4001785170897971162,992201,1491061864
-4943033302008524057,992452,1491061825
-6216365915113320325,992452,1491061814
6048127179121661423,992452,1491061829
-2356469107046367094,992452,1491061814
-6471396603097574791,992484,1491061846
8676665444824167271,992221,1491061865
1331342089689416389,992647,1491061839
-1340157983973373902,992647,1491061829
2384673252555932075,992647,1491061866
-364388595396181460,992647,1491061843
-2712420955644828404,992647,1491061871
-8776067272312700674,992647,1491061850
-163557541479491082,992647,1491061855
3347049860885142057,992647,1491061857
5486780997993947670,992647,1491061860
-9125414740618321838,992647,1491061865
1230015845852491177,992147,1491061865
3831884486927658869,992710,1491061843
2724037924149970842,992710,1491061837
-8302721984863998333,992710,1491061870
-7859223296262746258,992710,1491061823
6428988390408020731,992710,1491061867
5227804617796868267,992710,1491061864
-1002514464094345374,992710,1491061818
-5957761053129427988,992710,1491061862
2255738404225300103,992710,1491061834
-9004678221321169658,992710,1491061857
-548578279901572825,992710,1491061843
-5821405629816765569,992710,1491061858
-5650148286970448336,992710,1491061845
-8033552819174923189,67658,1491061834
-1817203202860493770,992084,1491061864
754619460855924513,342729,1491061869
-8939043143679345693,990110,1491061857
-3170066020825546292,992320,1491061831
-1227886182298566428,992320,1491061826
-6726392755288787986,992320,1491061816
8903877553990869802,992320,1491061816
1860538872989636476,992320,1491061838
-1067943105371398163,992320,1491061870
7977842254613528722,992320,1491061819
-1494139128095140781,197023,1491061871
-1817203202860493770,992082,1491061864
-617117078600028993,992365,1491061848
3923799960201854667,880877,1491061822
1758901576280431301,970798,1491061825
3993876178273214403,973211,1491061819
-5296024969873205033,992618,1491061853
4818572361446488481,992618,1491061852
-3835618521072193476,992618,1491061827
1520897304757013064,992618,1491061860
-7814408135955085540,992618,1491061860
-2788696969417998056,992618,1491061866
3841615173859304615,992618,1491061827
-940231644192274956,992618,1491061871
7417264832119384207,992618,1491061818
-301271034463464791,992618,1491061829
-7438870457514309620,992618,1491061839
-979950946899831950,992618,1491061871
-4362612651915186152,992032,1491061867
-6579951254720552230,992032,1491061857
1121154054712528036,991361,1491061848
3295608177371644035,991699,1491061833
9185079637160732407,991488,1491061862
4937592139704917621,992699,1491061852
-222341217207275392,992699,1491061869
5871620898282376728,992699,1491061855
-1630334422677633921,992699,1491061836
1321020245573250945,992633,1491061836
-8939043143679345693,990092,1491061857
6085790421099892374,992642,1491061840
-1340157983973373902,992642,1491061860
3745882375923449927,992642,1491061867
8480384790420249872,972082,1491061818
3192798496068789393,992322,1491061818
-2276606710346619519,991291,1491061817
-659805339480479652,991000,1491061855
-2756737149008242040,990065,1491061827
4036710022822571024,406730,1491061868
1678691856551852803,991997,1491061842
-1794227379844548968,990871,1491061836
-5704108386284848264,991532,1491061814
7356154398300991435,992676,1491061838
2478200477051777918,992676,1491061860
-530563419073820104,992676,1491061860
-3782693751178132338,992676,1491061828
7865119227637632813,992676,1491061838
-5772461570899587068,992676,1491061860
6062338172991850437,992676,1491061850
-192962878074089132,992676,1491061853
7910868507225905261,992676,1491061824
-4599834538478133236,992676,1491061834
-2367834812013468153,992676,1491061828
-4754374500908483314,992676,1491061859
-9049682191665444804,992676,1491061848
-3708696746517271653,992676,1491061849
4836143235141973983,992718,1491061831
-2193424256369576139,992718,1491061857
7067191542813639868,992718,1491061828
150477281593378892,992718,1491061835
-8679363472855759731,992718,1491061824
4904698247020975793,992718,1491061871
-4457232200129521673,992718,1491061816
-3564065819010627423,992718,1491061868
9166290130619761222,992718,1491061850
-6190971814552077988,992718,1491061860
8702076242387291255,992718,1491061862
6893687616592847867,992718,1491061834
-7920970270178748936,992718,1491061856
2288771252218415423,992718,1491061818
3208118922026599967,992718,1491061845
2109731345962778319,992718,1491061853
-7928743710742684721,992718,1491061838
6455089122693632315,992718,1491061870
4095384093215858024,992718,1491061866
892044920590127962,992718,1491061859
4622565840998777461,992718,1491061861
-7803673611931884662,992718,1491061851
-5898684767538782011,992718,1491061835
3538612356931567396,992718,1491061844
1229661093377189803,992718,1491061858
-5957761053129427988,992718,1491061817
7674710076302074669,992718,1491061826
-2664530211278559445,992718,1491061863
3688942209055907743,992718,1491061814
-6423356676487743385,992718,1491061817
-3713137118886916307,992718,1491061867
2961617367905217822,992718,1491061865
7125997436739632511,992718,1491061872
2801098698866938666,992718,1491061863
-2215842566338942058,992718,1491061840
2795694174359663947,992718,1491061869
-8153072769280707751,992718,1491061853
-3252402801195279504,992718,1491061863
-3120879263629652682,992718,1491061858
1146840541505705124,992718,1491061854
5824875356990247654,992718,1491061829
-116536673603161071,992718,1491061840
4842647588394741401,992718,1491061817
-1253860346823163398,992718,1491061816
-1641163742275300485,992718,1491061844
-8490210739588537787,992718,1491061837
1188166384306339532,992718,1491061835
7502919894408924725,992718,1491061845
5565224368434806485,992718,1491061855
-5020846828391879221,992718,1491061865
-5830943410951631314,992718,1491061863
-187894765978981625,992718,1491061835
6521306970905459948,992718,1491061820
3240355122533943519,992718,1491061866
1153885746996840530,992718,1491061825
-1873724485062766213,992718,1491061843
3462406830230752657,992718,1491061815
-1674973171751108142,992718,1491061862
3089301501062616838,992718,1491061860
242330953592894028,992718,1491061820
1241822256115155523,992718,1491061830
-7570425709775871460,992718,1491061861
-1417437147381571844,992718,1491061850
-6952386249471819689,992718,1491061838
-9078558438703610103,992718,1491061864
-8699905113041388071,992718,1491061820
-8460952181530711777,992718,1491061824
-7276910307710010913,992718,1491061818
4825452776146181040,992718,1491061838
-6784689402662822782,992718,1491061869
2227701191151984137,992718,1491061852
4895700551477094732,992718,1491061858
-7537775922024037468,992718,1491061818
960575080125690710,992718,1491061826
7493252960704613081,992718,1491061835
-119573402867060172,992718,1491061832
-1766859025464526453,992718,1491061866
6588041716798446785,992718,1491061852
8699555519865559144,992718,1491061838
-3814264166709501782,992718,1491061841
355951850542507673,991610,1491061848
612550601740852395,193660,1491061818
-6848207004980977199,992719,1491061843
-6604676393294298764,992719,1491061814
3889562784919817814,992719,1491061854
8355802689532219977,992719,1491061842
-186675431899171410,992719,1491061831
1121699434226562939,992719,1491061852
-35234204238579022,992719,1491061865
4825452776146181040,992719,1491061816
2334209861991355937,992719,1491061855
2801098698866938666,992719,1491061814
5212404085339874964,992719,1491061851
-1259531615775823922,992719,1491061820
-7018877550374845133,992719,1491061850
6656125709174988854,992719,1491061815
-5316963971091003102,992719,1491061873
4594692496732087464,992719,1491061830
-4753189952964766422,992719,1491061851
-5979576582831986232,992719,1491061836
1012001560777195592,992719,1491061828
-3252402801195279504,992719,1491061839
78362201706678734,992719,1491061863
-635919704654821494,992719,1491061871
-4105725143003584798,992719,1491061846
-8921602594993885862,992719,1491061839
-8269594791899720885,992719,1491061848
3869067254116005663,992719,1491061859
-4715451044944317494,992719,1491061848
7125997436739632511,992719,1491061829
8133108539788645053,992719,1491061827
5763164723343084106,992719,1491061863
908059202966919553,992719,1491061856
2359604404489205026,992719,1491061835
-5680197626233839403,992719,1491061821
-7338684483628874712,992719,1491061852
6731209007209297646,992719,1491061841
3606979866500668974,992719,1491061843
2306952929198381406,992719,1491061826
3503433456375958036,992719,1491061834
-3839144519397273691,992719,1491061867
-6426673605952065386,992719,1491061869
-6786378109025882578,992719,1491061821
1288857410455636946,992719,1491061816
614021408536101444,992719,1491061847
-8247270098848783724,992719,1491061824
-6488531700103008437,992719,1491061824
-8376823702395817954,992719,1491061868
-1303764542634848165,992719,1491061854
1171029031617493398,992719,1491061866
5134371394228212724,992719,1491061829
-563823907922329499,992719,1491061864
5233433756070555926,992719,1491061842
7393479666341043416,992719,1491061869
-3429176765150095790,992719,1491061830
7848424393460379624,992719,1491061869
-8610263402491834730,992719,1491061845
1266810060944250829,992719,1491061845
-6571629958134871166,992719,1491061864
-1035146799021797300,992719,1491061870
-3336128656182129457,992719,1491061856
3180556056105194477,992719,1491061865
3051160168779633079,992719,1491061868
-4974333298289557587,992719,1491061865
645855456010564252,992719,1491061851
642057191107598153,992719,1491061868
3386820102947481339,992719,1491061867
1767028123372565936,992719,1491061864
-7100724852550807914,992719,1491061857
9110085751906732333,992719,1491061851
8436105647615097090,992719,1491061849
2285874562755873826,992719,1491061870
3284477350381328178,992719,1491061845
-6129303639641840572,992719,1491061865
313492816095291137,992719,1491061828
3541312964754724780,992719,1491061824
-1590366508465689416,992719,1491061837
-9172266325106268795,992719,1491061842
8567160139565416902,992719,1491061869
-6624154698641780917,992520,1491061838
3727011784205062374,992520,1491061834
-9127056044512320451,992520,1491061827
6661026937470071174,992520,1491061849
-2615745867466686979,992520,1491061835
2063258611585076925,992520,1491061817
4260765501968566777,992520,1491061871
-4728849261960060507,992520,1491061828
6647899568817532277,992520,1491061859
-5004987531470469543,992601,1491061829
122755963474196930,992601,1491061827
-2957286510793825369,992601,1491061828
7675197246955932589,992601,1491061861
-3617954216647748441,992601,1491061861
-603130275401579975,992601,1491061866
-7756550175533007023,992601,1491061859
3971869092984166185,992601,1491061868
-3065172774144340296,164979,1491061860
-2533083192676892210,986789,1491061858
-4097600641229105894,986789,1491061858
8607766259474229473,986789,1491061817
-2393718136982335406,986789,1491061826
-7258382581160748598,992596,1491061852
-8637065259601536983,992596,1491061855
4160909778529048290,992596,1491061816
-3018790408777033607,992596,1491061816
-664278864040729316,992160,1491061817
4569725559760869161,992160,1491061867
-3189118125648596570,992615,1491061815
-5994457964284790476,992615,1491061831
1055223785966714495,992615,1491061865
7417264832119384207,992615,1491061851
134041529932652465,992615,1491061821
-8292366121990162229,992615,1491061832
-562176263655717144,992615,1491061866
4703756439848746852,992615,1491061866
-7615714326087827341,989678,1491061856
-1864577015532721147,976920,1491061853
-8620828739391219840,976920,1491061873
4541513414024833610,992252,1491061833
5876275196601370096,992624,1491061866
-562176263655717144,992624,1491061839
1520897304757013064,992624,1491061836
-7438870457514309620,992624,1491061839
6841666617946808653,992624,1491061865
-7814408135955085540,992624,1491061843
4774360129527528099,992624,1491061861
1746990548257461683,992624,1491061855
-940231644192274956,992624,1491061866
-301271034463464791,992624,1491061826
-2264907745391660770,992624,1491061845
-7007101949054374389,992624,1491061865
-979950946899831950,992624,1491061871
-2788696969417998056,992624,1491061853
8744130268307117319,992624,1491061864
-3156716593458298496,992624,1491061815
-3825224287342471919,992624,1491061830
-3950017237489028784,992624,1491061835
-1363991525252460568,992624,1491061843
-1956438202526251300,992624,1491061839
-1856095200506557811,992624,1491061839
1587345694741441777,992624,1491061823
-8806405843364857709,992624,1491061866
-3960064456446281910,992624,1491061871
8673337535599651481,992624,1491061839
-6864603205563987914,992624,1491061820
-2315104724908123203,992624,1491061864
-4457318529058671966,992624,1491061840
-9131126401044298479,992624,1491061862
1551552982000190730,992624,1491061846
-5217620541843478784,992624,1491061815
-5628765395395526708,992624,1491061836
-1348408611308666698,992624,1491061859
-5383637654686972452,992624,1491061849
-1992775903368851637,992624,1491061840
-6120455430425151537,992624,1491061843
-1973660511634113392,992624,1491061842
-8544310987864070139,992624,1491061832
5358295093552952530,992624,1491061871
8884786988184991808,992624,1491061834
-7090441802831477806,992624,1491061815
-6304257376585662718,992624,1491061833
7317487994571309019,992624,1491061851
-3839551974010746200,992624,1491061861
-7360270584990592532,992624,1491061873
-5689930597737499800,992624,1491061847
1173085812217706986,992624,1491061868
-8840989940116047290,992624,1491061829
8423064067719515074,992624,1491061833
7810090180036515050,992624,1491061821
4940349147443215630,992624,1491061824
-3925307221039165720,992624,1491061867
-120792131749215710,992624,1491061842
-8828640244791624195,992624,1491061856
-4603685581658117244,992624,1491061870
-4097509107177056384,992624,1491061816
-229626235798630849,992624,1491061837
-7944862112626743001,992624,1491061860
-6007279963662483792,992581,1491061855
7589170781135586660,992581,1491061849
-4866288448527585254,992581,1491061834
3192798496068789393,991999,1491061862
7268749884122806093,973009,1491061848
5243007263911046247,992456,1491061864
-8626199829088785871,992456,1491061834
2339917978762893790,984945,1491061858
7659184901509022534,992370,1491061824
8827680570879411337,992721,1491061864
2235885718911466783,992721,1491061854
-2664530211278559445,992721,1491061862
5933694517617282175,992721,1491061872
-3170055973450856875,992721,1491061829
-844882601879915902,991472,1491061846
-371353001058969032,992068,1491061822
3449602216030568220,992722,1491061831
-754280889767902633,992722,1491061840
-6324481576506847436,992271,1491061846
-4424961817243659321,992271,1491061841
-6655764401088830071,992188,1491061871
2834860923027992255,992188,1491061852
-8428454100103147867,992188,1491061843
1707669979737722974,992188,1491061819
-6813794053508032167,992188,1491061836
8344760232006544671,992188,1491061827
9173055682586425051,992600,1491061844
-9051346561037757645,992600,1491061822
-7243423266553598271,992600,1491061852
1624212222864761342,992600,1491061868
7295182184512517515,991545,1491061863
-3730438909249462578,991545,1491061835
-1776707848280659313,991129,1491061852
3993876178273214403,973014,1491061852
3804193739035874215,988925,1491061859
4934567198584025500,991835,1491061872
56361983585039372,991835,1491061843
1277120555824952362,991835,1491061857
1325798157590530315,991835,1491061861
-8265988516358196507,991835,1491061832
-7811809585242627442,991835,1491061830
6654419583160519486,991835,1491061841
3259092871730630239,991835,1491061825
7522122478811115711,991835,1491061815
8327105217090756938,991835,1491061854
9068279931643169936,991835,1491061860
-1555262649373846814,951665,1491061853
6478775029915053022,992270,1491061848
6558934563998189259,992724,1491061865
3000009449655867194,171766,1491061872
1213369666627758845,992577,1491061816
2933636204644680902,992577,1491061844
8419543432959169308,992577,1491061816
2296916201609235943,990538,1491061826
593386981318148784,992575,1491061825
-292990424588329736,992575,1491061821
7754792802234587148,992575,1491061861
4840373719466455425,991683,1491061869
-2702846872661411659,991683,1491061832
-6930523258149489431,991683,1491061849
4018379345232702690,991683,1491061836
-861446080257808343,991683,1491061861
5256759489643423701,991354,1491061818
-4980377718196167779,158574,1491061858
3773217039236171864,956984,1491061820
-1817203202860493770,992083,1491061821
296011817209966999,342447,1491061837
-5944216226930978472,992715,1491061816
1441378768169267417,992715,1491061832
-8676746034497349796,992715,1491061853
-6278780181733038169,992715,1491061854
2992630613243699251,992715,1491061818
-3607453045034268104,992715,1491061824
954418779351548309,400835,1491061859
-3347420890000199660,186532,1491061816
-7619953472426328382,982199,1491061839
754619460855924513,342732,1491061869
7130174195619676232,990326,1491061850
-456234743963204487,990691,1491061833
5381622362264943672,990691,1491061821
-5351742497140433680,990691,1491061873
8246194102301392659,990691,1491061846
-6650923097040257829,990691,1491061858
-2148268728361934579,990691,1491061850
3208994116284233908,990691,1491061822
8633984317233786060,992576,1491061860
4466448698667563966,985078,1491061859
9122104598531203656,944070,1491061867
6453847766629743615,153412,1491061852
-6226856089706540333,992643,1491061853
-1045250397204127287,992036,1491061829
-6579951254720552230,992036,1491061854
-4362612651915186152,992036,1491061832
-8699413293234590454,992036,1491061852
-6083512536977455575,992036,1491061863
1069902301083456884,992556,1491061844
7768617065029671879,992585,1491061843
7697104740129063348,954524,1491061857
-241253776282158935,992685,1491061854
8199156787685057188,992685,1491061842
644192306410981698,992685,1491061854
-7714307956105570994,992685,1491061820
-8034860873484845991,992685,1491061823
-4952806059596371707,992685,1491061846
-2284991647289597826,992685,1491061842
7910868507225905261,992685,1491061816
-7466109965351175794,992685,1491061844
-4599834538478133236,992685,1491061819
-530563419073820104,992685,1491061827
6062338172991850437,992685,1491061841
-9049682191665444804,992685,1491061843
2478200477051777918,992685,1491061816
-2028054387221167613,992685,1491061854
-1947331730626732785,992685,1491061870
-7389176741357511949,992685,1491061839
4577075430954500653,992685,1491061821
3563952093311758944,992685,1491061866
233275576604340813,992685,1491061816
40304340947655794,992685,1491061872
-661125295598168085,992685,1491061828
-2294881458305792760,992685,1491061836
8220820885182913607,992685,1491061834
-5772461570899587068,992685,1491061846
-4754374500908483314,992685,1491061852
-3708696746517271653,992685,1491061829
-8233965618330400730,992685,1491061870
-192962878074089132,992685,1491061849
-1213129342058465120,992685,1491061872
4577606326330855921,992685,1491061869
-305711700203235550,992685,1491061839
-6458258022607857708,992685,1491061815
3468380862970801934,992685,1491061818
-501130776515526813,992685,1491061817
-7574291066273372374,992685,1491061867
7190798479847810401,992685,1491061862
1748672425328735211,992685,1491061855
8558737493815034271,992685,1491061864
-6467057448374259611,992685,1491061860
-6935938656302246286,992685,1491061846
8822719350023431251,992685,1491061848
4989454586513370482,992685,1491061868
5636005449759801295,992685,1491061849
-5834957181218701473,992685,1491061864
5355571728517418877,992685,1491061855
860594906749588156,992685,1491061865
-8438704069666656542,992685,1491061859
205340017444201264,992685,1491061829
6719706091459886437,992685,1491061865
8694356718142697306,992685,1491061844
-2029231738684481274,992685,1491061870
8624001159628701596,992685,1491061861
5816260114155744515,992685,1491061867
-3958595430874638924,992685,1491061867
5052987203339532109,992685,1491061862
-9182803564339219978,992685,1491061824
-2220085876535677984,992685,1491061864
-5825405147496280159,992685,1491061814
809182203698425364,992685,1491061856
-4686868417535459595,992685,1491061860
-6219803427040218973,992685,1491061856
-7530949364151457523,992685,1491061831
-5486223965177513722,992685,1491061840
8259025532341451145,992610,1491061818
9163382574292769023,992610,1491061873
-6722804089013390631,992610,1491061833
134041529932652465,992610,1491061852
7417264832119384207,992610,1491061873
3494631545936372459,992610,1491061821
-8292366121990162229,992610,1491061844
-1766859025464526453,992716,1491061866
5824875356990247654,992716,1491061828
-306363051819172816,992716,1491061829
-7781441755979894163,992716,1491061861
2801098698866938666,992716,1491061854
7125997436739632511,992716,1491061860
-5979576582831986232,992716,1491061846
-7018877550374845133,992716,1491061860
2334209861991355937,992716,1491061857
5204295741073968509,992716,1491061851
5177936375896427464,992716,1491061845
-35234204238579022,992716,1491061865
-3498485071680752722,992716,1491061855
-2486102805495078287,992716,1491061860
-4715451044944317494,992716,1491061850
2650720355517684673,992716,1491061857
1121699434226562939,992716,1491061852
5118696229109148979,992716,1491061841
-1794227379844548968,990924,1491061820
7711756339340519492,992671,1491061873
-4577582316477386494,992671,1491061858
-2839420291547167461,992671,1491061872
-3782693751178132338,992671,1491061853
6062338172991850437,992671,1491061861
-1117197811628850754,992671,1491061824
-192962878074089132,992671,1491061857
-2986626941094413290,992671,1491061859
7686256471005770383,992671,1491061853
4570840407338142789,992655,1491061843
-4116468356371370761,992655,1491061870
3292513293913682155,992232,1491061851
6421155745917598248,991942,1491061819
-3092444470310545964,991942,1491061825
2135296130030637476,991942,1491061829
3045411980313668112,983047,1491061859
-164589930464641770,875995,1491061844
-5784525492889506055,875995,1491061840
-3932761273166368157,895951,1491061824
2339917978762893790,985622,1491061858
5355178022728423832,990945,1491061839
3214736771827946972,990455,1491061870
-7623400762124183763,991686,1491061848
2929390031989642550,908439,1491061860
-3145221202014090375,992324,1491061846
-880023453883788360,981755,1491061853
-1074550588492528309,992514,1491061870
6661026937470071174,992514,1491061872
5592471206101446427,992514,1491061827
5592471206101446427,992504,1491061874
7453871659755807201,992504,1491061850
-2741047252289312076,992555,1491061870
3466757248979465592,992555,1491061819
1069902301083456884,992555,1491061867
3180147386326763895,992328,1491061842
1187420814952840786,953337,1491061838
296011817209966999,342449,1491061867
-6957774650146912948,992223,1491061819
-4648978336621097832,992223,1491061830
-1700564121587309124,992223,1491061852
1161971485756691968,992223,1491061865
-2760218611293526448,992223,1491061871
5172001567096218160,992223,1491061817
3821302900576928647,990508,1491061838
4944175182683613135,992058,1491061869
-7107618467376712464,92725,1491061870
6349758704635030930,992447,1491061848
-4855188625225410516,914925,1491061870
-8699413293234590454,992040,1491061820
593621721154217899,992040,1491061836
1364761046808481275,992694,1491061850
-3116662303227996668,992694,1491061839
1229636319777899628,988325,1491061824
-4844491019218757680,988325,1491061858
6065271248295282666,988325,1491061856
2382274896805144290,988325,1491061840
8938351524951705122,988325,1491061853
7954872076138895258,988325,1491061830
3634740009571504801,988325,1491061817
-1648680004622082064,988325,1491061858
-8685069100161323423,988325,1491061817
-5351742497140433680,988325,1491061843
-6150432733425282477,988325,1491061860
2649512999324186662,988325,1491061840
3843458767939277716,988325,1491061840
5637956332028480810,988325,1491061833
-2818862629845242356,988325,1491061839
2115045430190970032,988325,1491061867
6421155745917598248,992180,1491061819
8946421936065783512,918615,1491061823
1230015845852491177,992146,1491061865
5355178022728423832,991018,1491061824
3295608177371644035,991820,1491061837
-8483280988317095189,991476,1491061837
4921224547164865332,426954,1491061872
-7244286717468789346,992295,1491061871
-8428454100103147867,992295,1491061831
4080526578446832349,992295,1491061819
4407160652895524094,992295,1491061817
-7056926361753089580,992295,1491061821
5226647444429068330,992623,1491061836
-8986206344995386768,992623,1491061858
6360740233142148814,992623,1491061850
92934479199938543,992623,1491061864
821452370397611559,992623,1491061815
-3230071748298015625,992623,1491061849
-1781940440934601892,992623,1491061852
8796693823503936530,992623,1491061838
7542007974726111607,992623,1491061819
-3571565325372768601,992623,1491061842
-3289801645898630519,992623,1491061857
-6585622499628066268,992623,1491061829
-2029231738684481274,992623,1491061855
-8798401409044443607,992623,1491061828
2390524570945938179,992623,1491061821
4367171531451820384,992623,1491061838
-692543661655837607,992623,1491061849
-5468271977586567302,992623,1491061854
519031575310521068,992623,1491061835
-1055058293450066632,992623,1491061838
-5888511177288491150,992623,1491061844
-7574972892797849742,992623,1491061873
8732150279511169701,992623,1491061823
-1013929914686285818,992623,1491061874
4629857890178781454,992623,1491061860
-8549342391991877169,992623,1491061856
4900158063399007051,992623,1491061846
-2220831445050680226,992623,1491061857
-2251810540503769320,992623,1491061870
4948078605913648561,992623,1491061836
1267520650811905221,992623,1491061846
-7785320065492176528,992623,1491061833
-5439455363266127999,992623,1491061872
-8637744847379487321,992623,1491061830
-8291577281154852167,992623,1491061874
8594142264729246190,992623,1491061822
-6000594825661050870,992623,1491061838
-7652064097218927894,992623,1491061864
-7163506131409141924,992623,1491061863
-8345114493182180189,992623,1491061833
8150846785548005469,992623,1491061858
-3164693543141551964,992623,1491061819
-7348716941777635971,992623,1491061859
7145906756104710369,992623,1491061865
3638973253961925639,992623,1491061864
-6238148485847505565,992623,1491061856
-2274776147385830333,992713,1491061818
2943897435240785437,992713,1491061836
-7486148612373410740,992713,1491061869
-8302721984863998333,992713,1491061816
2255738404225300103,992713,1491061831
6428988390408020731,992713,1491061845
-9004678221321169658,992713,1491061857
-548578279901572825,992713,1491061843
-5650148286970448336,992713,1491061845
5227804617796868267,992713,1491061855
4842283085376346054,992713,1491061849
-5957761053129427988,992713,1491061857
-1479570304021237815,992713,1491061821
6793633219861073429,992713,1491061833
6128975110710930529,992713,1491061849
-2320143718943034978,992713,1491061817
-8069863461074555516,992713,1491061863
2109731345962778319,992713,1491061863
-6980005543647342634,992713,1491061832
-6306985686206604815,992713,1491061836
2223031013569253849,992713,1491061841
-7093211208126281678,991732,1491061834
8707030281129249448,991732,1491061866
-4009957465281218174,343518,1491061846
-5784291819839483638,992611,1491061850
2857145731779408999,992611,1491061862
3041443593804321354,992611,1491061821
-3230071748298015625,992611,1491061867
5117727292753627176,992611,1491061831
-4488960620367034889,992611,1491061831
519031575310521068,992611,1491061847
-692543661655837607,992611,1491061860
-5888511177288491150,992611,1491061853
-2029231738684481274,992611,1491061860
-1055058293450066632,992611,1491061845
-6585622499628066268,992611,1491061833
7542007974726111607,992611,1491061824
-8798401409044443607,992611,1491061833
2390524570945938179,992611,1491061824
8796693823503936530,992611,1491061839
-2275068939103422519,992611,1491061818
5749930958011598971,992611,1491061860
-8986206344995386768,992611,1491061858
-8777724892345180841,992611,1491061869
92934479199938543,992611,1491061864
-338424629909342187,992611,1491061824
-1781940440934601892,992611,1491061852
4221706288026471809,991789,1491061831
3192798496068789393,992238,1491061852
5263443572825395228,905080,1491061840
-5089978617978722898,902446,1491061866
2629376444743007497,896807,1491061818
4904519628676805181,992588,1491061848
1669255523524716672,992613,1491061820
-4207042385120755047,992613,1491061860
-1306548309747141910,992613,1491061868
-4683437985697887203,992613,1491061832
9197639746771882404,992613,1491061832
8972175954832460020,992613,1491061867
8646217270747071309,992613,1491061836
-177765785976385579,992613,1491061859
5685728573898249314,992613,1491061847
-2334312963990269875,992226,1491061856
-3333170818838055706,922498,1491061816
-1818039022395122209,922498,1491061832
-5667362093084788190,992433,1491061834
5588327224032062924,992531,1491061863
2289112893728915958,991707,1491061874
-4996889361446023552,991707,1491061837
-7623400762124183763,991707,1491061831
780602822111381531,981029,1491061842
1970437798110319904,992711,1491061873
2311205522026433260,992711,1491061841
-4931993739913800024,992711,1491061869
8011112766749252081,992711,1491061856
-6218380233008740486,992711,1491061829
-8739116744338333083,992711,1491061853
-1930588417017738144,992711,1491061826
9047541703307737923,992711,1491061849
-1765768064876483242,992711,1491061838
-7803849387863429684,992711,1491061861
5541246529164272875,992711,1491061856
4923864986189868432,992711,1491061860
219607832911996873,992711,1491061858
6672273418334012722,992711,1491061870
-800310193846889572,992711,1491061834
2969085006175275049,992711,1491061860
-1002514464094345374,992711,1491061828
3831884486927658869,992711,1491061856
-7519761097082973295,992711,1491061832
-8409033119483317763,992711,1491061841
-5957761053129427988,992711,1491061873
-7859223296262746258,992711,1491061874
-6043230277615733029,992711,1491061817
-4700111971090042914,992711,1491061863
-447352400046051783,992711,1491061847
-677223244070859117,992711,1491061857
-6593865523390938340,992711,1491061822
2817389170225157472,992662,1491061831
-1786012641849233976,992662,1491061846
4269881354906051848,992662,1491061852
3064421436677790247,992662,1491061856
-2839420291547167461,992675,1491061859
-2986626941094413290,992675,1491061859
-3782693751178132338,992675,1491061843
7910868507225905261,992675,1491061832
-1117197811628850754,992675,1491061819
6062338172991850437,992675,1491061854
-192962878074089132,992675,1491061857
-530563419073820104,992675,1491061860
-1182448133300025218,992492,1491061829
1462574244110427305,992492,1491061854
1445460723288119966,992492,1491061837
8507323514726502118,992492,1491061827
4440105569612789709,992492,1491061868
-6471396603097574791,992492,1491061828
6904902415020514680,992492,1491061834
-6349187021181404267,887418,1491061829
-1089270217490987909,991350,1491061863
8385945819758265206,891003,1491061838
-5509737279617013256,338211,1491061817
-6628479627025452567,992299,1491061872
-797696034314469160,992299,1491061818
-2741047252289312076,992553,1491061870
-562176263655717144,992553,1491061870
-447199874149106458,992476,1491061832
-8595306828133468801,992476,1491061848
-7745541699313161121,992476,1491061860
-5089978617978722898,902469,1491061832
-7623400762124183763,991702,1491061852
8262610354447566908,992547,1491061845
9146333323767409255,340002,1491061872
6667648867415461005,992631,1491061854
-861446080257808343,992631,1491061856
4018379345232702690,992631,1491061822
5381622362264943672,992631,1491061824
-3664033457142114196,992631,1491061869
-5667362093084788190,992430,1491061852
-2276606710346619519,991288,1491061819
-4943033302008524057,992149,1491061871
341805428794323660,121328,1491061818
1576646804869552315,992673,1491061842
-3570597954577794658,992673,1491061832
5009973960147215455,992673,1491061859
3114546826462820804,992673,1491061820
7398528220425959599,992673,1491061836
8521724771826250328,992673,1491061819
7777585015082632119,992673,1491061820
-6910580120196392685,992673,1491061843
-7113000361990596113,992673,1491061818
5179102156872606498,992673,1491061870
-2220831445050680226,992673,1491061824
-5784214157411414091,992673,1491061855
-5439455363266127999,992673,1491061840
612118994841670859,992673,1491061828
2668939913168406215,992673,1491061857
-7538890468740392769,992673,1491061870
-2967587578089637648,992673,1491061835
-5618422699636111730,992673,1491061871
-2713208287668243827,992673,1491061865
117236371773026224,992673,1491061853
-1771057561198593530,992673,1491061872
-4989196294125265037,992673,1491061862
7695792744545034803,992673,1491061866
4153422514354178460,992673,1491061852
4712014974583427637,992673,1491061850
4259855791217678446,992673,1491061870
3175996518141063505,992673,1491061855
-4307377156755208387,992673,1491061849
-3730777929550997154,992673,1491061827
4339725031011943036,992673,1491061868
-6471396603097574791,992500,1491061820
4440105569612789709,992500,1491061849
-33761679719373316,992007,1491061860
-8428454100103147867,991500,1491061865
-2935952961669684319,991712,1491061864
1170163465233070667,879704,1491061818
-7056926361753089580,991209,1491061873
3428479281202024116,992395,1491061864
3126072329114347309,992395,1491061867
-5460624533059354670,992395,1491061820
-3173578130988635479,992395,1491061842
1049852235233765874,927553,1491061836
-4706833635749713048,992047,1491061867
-6471396603097574791,992490,1491061840
-2276606710346619519,991283,1491061872
4709321312929844947,173542,1491061826
8797767009379399290,984222,1491061832
-5524775763174317149,992156,1491061840
-6212778069884228115,992156,1491061843
-6220500377239509379,992156,1491061815
-3521052220929999386,992468,1491061850
8209245120089016943,984943,1491061831
-4407699234347946048,863935,1491061830
-5667362093084788190,992434,1491061820
-4309562355885624935,986781,1491061816
1189946767664800536,981410,1491061850
3650479564600972470,989131,1491061864
-8532562996932886680,989430,1491061871
-8588021855931881573,989430,1491061862
9078405662097186238,992165,1491061831
-1250327874215595178,992165,1491061860
-7264390818122374695,992165,1491061834
-8428454100103147867,992165,1491061868
-7044899088916340596,992165,1491061815
-689358935241411413,992165,1491061837
6366426850968385857,992165,1491061832
2589922725436870476,992165,1491061864
4637205723186625765,990474,1491061827
-2983086162401555580,992562,1491061862
-7372403761359566578,992562,1491061818
3649731011353146880,992562,1491061827
-6471396603097574791,992499,1491061831
4440105569612789709,992499,1491061868
-8360433301104755086,989546,1491061851
-1028543837749782848,992663,1491061855
3164367658014134955,992663,1491061838
3064421436677790247,992663,1491061835
4285620191465496745,992663,1491061821
-1786012641849233976,992663,1491061815
6638478295577504672,992663,1491061863
-9219633115704604621,992663,1491061818
-5846441863044739539,992663,1491061855
967160499156105716,992014,1491061839
9099845232636261835,992014,1491061821
-8000577555429200908,338448,1491061838
-2428440744833442219,992362,1491061829
6451081703878848410,992362,1491061832
3355684556322458306,992362,1491061866
7911650695323406018,992362,1491061864
200639276200459796,992362,1491061835
5994330732323987552,992362,1491061847
-7996570494410426822,991566,1491061845
3745882375923449927,991566,1491061848
6085790421099892374,991566,1491061832
-7647227931072523332,991566,1491061842
-1340157983973373902,991566,1491061852
5147603755003866045,991566,1491061861
-6622714992048831917,991566,1491061841
2384673252555932075,991566,1491061873
7054275332570318648,991566,1491061825
-364388595396181460,991566,1491061848
-7093211208126281678,990840,1491061852
-2276606710346619519,991270,1491061872
6826947664642525785,992124,1491061845
-5756659679367367677,974182,1491061821
-7148024268343968594,168272,1491061861
-4198458507817848237,992666,1491061846
4547570792735946468,992666,1491061858
8091766432475161024,992666,1491061843
1747923710770248496,992666,1491061826
1480177235907795097,992666,1491061852
-1765768064876483242,992666,1491061862
-1002514464094345374,992666,1491061870
-222341217207275392,992666,1491061816
6985801660513945330,992666,1491061855
219607832911996873,992666,1491061861
-4033862827582615387,992666,1491061842
-6204418272848284055,992666,1491061830
5118036492870587174,992666,1491061874
4923864986189868432,992666,1491061860
-8019709082658250885,992666,1491061858
4333289087296179813,992666,1491061856
8011112766749252081,992666,1491061856
5261570712194743416,992666,1491061842
-4674645589478253815,992666,1491061871
7160870690931644144,992666,1491061866
7743071615562733130,992666,1491061853
-3652680075569146620,992666,1491061855
8771176800147915061,992666,1491061842
8059975201441213059,992666,1491061828
-7696273402936060864,345163,1491061847
-884174791631131069,345163,1491061815
4944175182683613135,991992,1491061870
-8939043143679345693,990090,1491061860
1491995368082570200,991662,1491061827
-4619637561659259636,991662,1491061865
343615278566314139,991844,1491061822
3155009232986711518,991844,1491061846
-1743566921437260899,991844,1491061847
2192897202734740357,991844,1491061842
7754707591576510288,992387,1491061853
-3521052220929999386,992398,1491061850
5509953872301714456,992398,1491061854
-758021511047962063,992398,1491061824
-7730381677365580170,992355,1491061843
-779173914860589591,992355,1491061839
-903299116122914440,992355,1491061821
-5711200891320107088,992355,1491061873
7624293422197180613,992355,1491061868
-4844491019218757680,992355,1491061858
1445460723288119966,992312,1491061864
5412461295358817658,992312,1491061824
-1779296192191280678,992522,1491061816
-6726392755288787986,992522,1491061825
-1842393447136962748,992522,1491061817
4904519628676805181,992586,1491061848
-7705208080065308589,992586,1491061828
-5648582928345143173,992181,1491061838
-9125414740618321838,992650,1491061849
-2712420955644828404,992650,1491061831
-364388595396181460,992650,1491061828
-547665633242309741,992650,1491061833
-3173578130988635479,992650,1491061872
2384673252555932075,992650,1491061829
-8014743011122671962,992650,1491061859
-5460624533059354670,992650,1491061844
3164367658014134955,992650,1491061850
1367016908294435209,992487,1491061832
-8626199829088785871,992475,1491061834
5243007263911046247,992475,1491061861
2621679327969369336,991392,1491061852
-2568991083098374001,991392,1491061872
-8056788172085361442,992656,1491061845
-2702622867194189872,992656,1491061829
2449249887832895592,992656,1491061837
4751107111001406014,992656,1491061870
-5306225825054598393,992656,1491061858
7872121097263026393,902998,1491061824
-2367834812013468153,992677,1491061828
-3708696746517271653,992677,1491061849
7865119227637632813,992677,1491061827
4577075430954500653,992677,1491061837
-4599834538478133236,992677,1491061834
2478200477051777918,992677,1491061824
-530563419073820104,992677,1491061835
-4754374500908483314,992677,1491061859
-9049682191665444804,992677,1491061848
7910868507225905261,992677,1491061820
-5772461570899587068,992677,1491061851
-1947331730626732785,992677,1491061874
-8034860873484845991,992677,1491061826
-1310727059838182435,992677,1491061857
6062338172991850437,992677,1491061845
-192962878074089132,992677,1491061850
40304340947655794,992677,1491061872
-241253776282158935,992677,1491061854
-7107618467376712464,92760,1491061870
5555014349364861520,184291,1491061859
-1028935024845746310,992217,1491061873
8956881451449188726,992217,1491061829
-7321428719072830255,992217,1491061873
-949056516395352825,992217,1491061868
8971279484201342259,992217,1491061854
-5451234273214567517,992217,1491061850
-6150432733425282477,992217,1491061860
-2006757078650382399,992217,1491061866
-1213129342058465120,992217,1491061836
5637956332028480810,992217,1491061833
-5351742497140433680,992217,1491061838
3843458767939277716,992217,1491061840
-8456149277561164780,992217,1491061835
7544707287075174475,992217,1491061862
-5614422295067946057,992217,1491061843
-6551523759513336952,992217,1491061849
8151790027031154414,992217,1491061839
6519795583127043750,992217,1491061870
6239840824692141959,992217,1491061843
7680628536610238018,992217,1491061856
-3517607307264863126,992217,1491061868
-473917051889964564,991870,1491061874
-585516504422835604,992323,1491061844
3640800312360179246,991264,1491061816
134041529932652465,992612,1491061842
7417264832119384207,992612,1491061866
-8292366121990162229,992612,1491061844
9195968749325449943,991829,1491061862
1540279952520658577,963476,1491061835
4802348000116554929,992099,1491061841
3054974993151417047,992099,1491061841
5623853401414324392,992709,1491061858
8771176800147915061,992709,1491061842
-1002514464094345374,992709,1491061853
-9155130138252941262,992709,1491061856
9069831157786727621,992709,1491061838
6985801660513945330,992709,1491061849
-6204418272848284055,992709,1491061828
2311205522026433260,992709,1491061846
7253130339808564928,992709,1491061859
1069139431395225948,992709,1491061816
-600769196225434204,992709,1491061829
2049715001773766882,992709,1491061838
3948043200946386861,992709,1491061835
-4105725143003584798,992709,1491061850
-800310193846889572,992709,1491061834
-6382659805576739076,992709,1491061866
-8915618542091305452,992709,1491061852
6641992031428786705,992709,1491061825
3831884486927658869,992709,1491061856
-2149169858387015893,992709,1491061863
-997403605572618169,992709,1491061839
5927594035903211605,992709,1491061830
7135817286665200628,992709,1491061864
2421385403105666150,992534,1491061822
6015373104892116571,992534,1491061821
8154289799176100988,992534,1491061836
3597616620693543380,992534,1491061874
8340105754090955015,992534,1491061854
-8918171089405966449,992534,1491061846
4671996664444733944,992681,1491061819
809182203698425364,992681,1491061856
3823757809036786958,992681,1491061855
-8233965618330400730,992681,1491061862
4975981309005616342,992681,1491061865
-3708696746517271653,992681,1491061819
7190798479847810401,992681,1491061862
4562990663092345407,991778,1491061836
-7623400762124183763,991677,1491061841
394047259968276590,991724,1491061815
-7093211208126281678,991724,1491061852
8707030281129249448,991724,1491061866
2432367010685836889,988454,1491061857
-4974333298289557587,988454,1491061831
425311356090481214,988454,1491061834
892605416124649852,988454,1491061832
7598113461545955839,988454,1491061853
7707574957215198747,988454,1491061857
561591628733240970,988454,1491061874
4535774757826117468,988454,1491061862
398875319770185520,988454,1491061815
525046340590986546,989035,1491061842
3411722252259367878,989035,1491061863
-6848207004980977199,989035,1491061845
6134707309686424549,989035,1491061824
8633984317233786060,992578,1491061854
-191264227568138288,990376,1491061845
-4362612651915186152,991980,1491061867
-9099261669927714910,992139,1491061828
-708514277503180476,992139,1491061816
-2963022537307337945,992139,1491061873
-5711200891320107088,992139,1491061825
-5351742497140433680,992139,1491061833
-8456149277561164780,992139,1491061833
-5931028606656211470,992139,1491061847
3608699465759332735,992139,1491061827
-7519761097082973295,992139,1491061866
-4260842787313049112,992139,1491061822
-4281112064481129969,992139,1491061854
-222341217207275392,992703,1491061860
4937592139704917621,992703,1491061818
7603676478746644676,992703,1491061860
711881702818976163,991934,1491061845
-5111746064521192019,991934,1491061820
-6726392755288787986,991934,1491061829
7977842254613528722,991934,1491061838
7194328042869693195,989828,1491061856
4418748698006466146,911440,1491061863
7697104740129063348,950136,1491061873
4041630847537148586,338782,1491061842
2953983695506359772,992363,1491061835
6451081703878848410,992363,1491061837
-1779834025645413591,992363,1491061848
5592471206101446427,992496,1491061824
-1074550588492528309,992496,1491061847
6661026937470071174,992496,1491061857
1078719773415477126,992496,1491061861
-9127056044512320451,992496,1491061827
8180869482979907451,992359,1491061826
1261872628354213588,992359,1491061840
-2438879464618714390,992359,1491061870
-2243274112413489172,988823,1491061871
-3435351294465887502,988823,1491061832
731484035330649331,945950,1491061865
5392244125548215767,992010,1491061823
-1817203202860493770,992081,1491061857
-8589917376492898336,992081,1491061836
8385945819758265206,875510,1491061851
7570042155492571309,990913,1491061824
-1143866393568931808,992653,1491061861
-438257592329124633,992653,1491061842
-1320417483138557011,992653,1491061839
3460058723095680044,992653,1491061845
5112421838672824751,992653,1491061819
-3136619296474261594,992653,1491061864
-5460624533059354670,992653,1491061832
-42607659671074733,992653,1491061849
-3173578130988635479,992653,1491061858
8823149052899604832,992653,1491061871
4588771726710726131,992653,1491061865
348972848539058857,992653,1491061863
-2192810457542471839,992653,1491061852
3126072329114347309,992653,1491061867
-1060782416724550739,992653,1491061867
-4820632764132667497,992653,1491061830
-1117197811628850754,992653,1491061866
-4160838057260891735,992653,1491061845
-7174006214555730272,992653,1491061834
3428479281202024116,992653,1491061864
7834001581673134261,990070,1491061839
7839348817140507817,990070,1491061822
-6226856089706540333,990070,1491061872
1241817979824118035,992657,1491061844
3126072329114347309,992657,1491061833
-3173578130988635479,992657,1491061835
-5294426530229242591,989589,1491061858
-7008719540347658763,991837,1491061819
-6598994630491276172,982714,1491061850
-5524775763174317149,992158,1491061849
-1786012641849233976,992661,1491061854
2817389170225157472,992661,1491061837
-6348079783767608500,992661,1491061817
9146333323767409255,340006,1491061872
8624001159628701596,992570,1491061857
7390880788751130388,992570,1491061836
-8586927694206416049,992570,1491061830
-7756550175533007023,992605,1491061858
3971869092984166185,992605,1491061868
-2334312963990269875,992227,1491061871
2345303566741722039,986394,1491061830
-7623400762124183763,991684,1491061872
7465567638357603501,990383,1491061856
-1079687896418809478,990383,1491061824
8180869482979907451,990383,1491061829
7754707591576510288,992380,1491061823
7597111217213765326,991986,1491061834
7884544480494367154,936838,1491061853
-298817860549696243,991847,1491061872
5958185361598361022,945144,1491061872
3993876178273214403,973159,1491061851
1121154054712528036,991412,1491061848
3567564555280450445,991395,1491061833
6779775725684252070,991395,1491061832
6030786263877047981,991395,1491061818
779685942902243481,992374,1491061856
3192798496068789393,992269,1491061841
3804193739035874215,990812,1491061834
-6464305271684148889,992237,1491061835
-6180568729235901029,992050,1491061818
-4986249539837349688,992050,1491061832
3646217333498607196,992050,1491061841
1285888092096347266,992460,1491061863
-1779834025645413591,992460,1491061828
731484035330649331,950088,1491061862
2953983695506359772,992224,1491061839
-1137036919611746641,992700,1491061866
4937592139704917621,992700,1491061865
4937592139704917621,992688,1491061871
-1137036919611746641,992688,1491061866
4484584002189791319,990660,1491061860
754619460855924513,342733,1491061852
-4650460628300993429,992720,1491061819
3449602216030568220,992720,1491061844
2855042483414302716,992720,1491061840
-3308822792653678478,992720,1491061863
-677223244070859117,992720,1491061832
-6204418272848284055,992720,1491061822
-5457177560680435536,992720,1491061820
-2940668103686643914,992720,1491061874
3273930765844142888,992720,1491061873
-916801775576490903,992720,1491061846
8827680570879411337,992720,1491061864
4979477991345834010,992720,1491061826
-3909110409726877635,992720,1491061849
8020225531265755629,992720,1491061847
-4557052366688726970,992720,1491061823
7337055540956049470,992720,1491061868
-4309562355885624935,986715,1491061821
-2052157809209448415,979231,1491061853
1170163465233070667,879617,1491061834
875147628189479897,992712,1491061838
-4971314993060401314,992712,1491061846
3320039811606124855,992712,1491061836
2969085006175275049,992712,1491061857
-7859223296262746258,992712,1491061874
-6027254186182043377,992712,1491061843
-6593865523390938340,992712,1491061822
3831884486927658869,992712,1491061854
-5957761053129427988,992712,1491061873
-8302721984863998333,992712,1491061875
-1002514464094345374,992712,1491061823
-4995917443183952310,992712,1491061847
3843430241410376762,992712,1491061875
6428988390408020731,992712,1491061867
5227804617796868267,992712,1491061864
4979477991345834010,992712,1491061873
4842283085376346054,992712,1491061863
7972730596538275467,992712,1491061840
-8589917376492898336,992080,1491061861
1678691856551852803,992080,1491061866
-2089299723101843330,992602,1491061821
-7333232402475650889,992602,1491061829
-7948362026457619799,992602,1491061821
-2415224862438917764,992602,1491061847
-6726392755288787986,992602,1491061836
6085790421099892374,992602,1491061847
-1407180034999782434,991289,1491061873
3640800312360179246,992088,1491061815
-8362948251307731144,992088,1491061815
-3862288782183006343,992088,1491061826
6372467129579130378,992088,1491061844
410761078761595976,992088,1491061829
3634255654106256217,992088,1491061829
1796455058258937344,992088,1491061836
-1067566888599176576,992088,1491061874
-5049440723233916422,990301,1491061844
6719706091459886437,990301,1491061842
-2713638330714945178,896619,1491061839
9122104598531203656,959510,1491061867
-2983086162401555580,992572,1491061847
3649731011353146880,992572,1491061821
5555014349364861520,184289,1491061859
-4528900882552184758,144382,1491061828
-3435426820420240095,144382,1491061846
-8829724771054199295,876869,1491061833
6896815772062004141,992506,1491061875
-4631667462359587526,992506,1491061843
9195968749325449943,992239,1491061838
1567807061911212053,992239,1491061840
-2681351773771014034,992674,1491061839
-554731774281694373,992674,1491061837
5419997209015232326,992674,1491061867
268120192220729116,992674,1491061852
-4958287177241892301,992674,1491061867
-7756550175533007023,992674,1491061823
7574934593744764647,992674,1491061850
5538214592922687364,992674,1491061863
6638478295577504672,992674,1491061822
-3570589550234663570,992674,1491061829
7711756339340519492,992674,1491061873
3986941902863483063,992674,1491061841
-2839420291547167461,992674,1491061873
-3782693751178132338,992674,1491061853
-1117197811628850754,992674,1491061824
-120316152630507529,992674,1491061818
5477424169789539669,341283,1491061815
122755963474196930,992598,1491061872
-171161267121843513,992598,1491061828
-5004987531470469543,992598,1491061829
7675197246955932589,992598,1491061861
-2957286510793825369,992598,1491061828
6395163310866916262,983981,1491061840
1483818974852318719,992705,1491061839
5871620898282376728,992705,1491061855
-7207221945535796726,992705,1491061853
7280301314332602568,992705,1491061832
4937592139704917621,992705,1491061830
-222341217207275392,992705,1491061869
-3924588108836161766,992705,1491061837
8974627366251714924,992705,1491061848
-7162746687734513248,992705,1491061874
2381278959264360850,989385,1491061868
-3080182549301626594,989385,1491061831
2133182468528389595,989385,1491061847
-5235774148522668885,989385,1491061816
-8939043143679345693,990067,1491061868
9021467033903531850,990369,1491061874
6691370256383714879,990369,1491061868
5240301544317231966,990369,1491061826
6476768795316658815,990369,1491061874
3843458767939277716,990369,1491061835
7015144414828991048,990369,1491061850
-1073481731193273560,990369,1491061851
-7697517207004655757,990369,1491061825
-5834957181218701473,990369,1491061820
2721245842894166335,990369,1491061862
4152608758865215937,990369,1491061840
955400383660249004,990369,1491061840
2684472496829465018,990369,1491061873
6572464262949371793,990369,1491061853
3167364791329875596,990369,1491061849
5256759489643423701,991451,1491061866
3192798496068789393,992166,1491061860
-1407180034999782434,991294,1491061815
-5524775763174317149,992159,1491061858
1069902301083456884,992557,1491061842
4975981309005616342,992682,1491061859
7190798479847810401,992682,1491061856
6053240288630286119,992682,1491061854
7893371158990180689,992682,1491061829
-5013315572508649595,992695,1491061840
7915749908494396200,986225,1491061871
-8939043143679345693,990055,1491061870
-3461823188867709961,894007,1491061823
-8360433301104755086,990268,1491061818
3649731011353146880,963843,1491061818
-5928474824985894435,990299,1491061831
7768617065029671879,992587,1491061822
-2309388009203059276,992587,1491061820
-1348811389885518414,992587,1491061862
5412767004784349466,992241,1491061822
8707030281129249448,991826,1491061844
2458418000954035743,989537,1491061847
33051044815925405,886418,1491061835
8797767009379399290,984219,1491061854
-1099622361258302437,414232,1491061848
-5282616737008920034,885098,1491061863
-7775786462312500764,989630,1491061844
4657311242894607597,989630,1491061842
1539475071366566484,989630,1491061874
2953983695506359772,992339,1491061839
4018379345232702690,992625,1491061841
-2276606710346619519,991281,1491061860
7979207240031315981,992692,1491061818
-1479570304021237815,992692,1491061864
-1779296192191280678,992692,1491061833
2303483722718721302,992692,1491061820
-4362436384681119078,992692,1491061815
-779197452735112177,992692,1491061871
6319137962948326691,992692,1491061829
-3119895601883274670,992692,1491061861
3095624354932106204,992692,1491061823
7276202801845460085,992692,1491061834
-8360433301104755086,989865,1491061851
7194907406690734498,989865,1491061846
8486094292490639275,61409,1491061844
-640423455656710003,992566,1491061831
2056971440245332876,992566,1491061863
-3437636655681319380,992566,1491061867
-5784525492889506055,881300,1491061840
-5667362093084788190,992428,1491061842
5243007263911046247,992495,1491061849
9195968749325449943,990954,1491061862
4440105569612789709,992497,1491061826
-4064128356618942174,992383,1491061872
-4723250569145264479,992310,1491061864
-4943033302008524057,992310,1491061871
5111753761023629215,992310,1491061821
8938351524951705122,992310,1491061856
7334040710731994683,992310,1491061866
-6216365915113320325,992310,1491061874
8722381326199369174,992310,1491061873
-2473452382649650084,992278,1491061818
8131290667823259175,339732,1491061836
-5012921356156779759,991758,1491061840
9147832113516985648,992609,1491061821
7542007974726111607,992609,1491061846
3041443593804321354,992609,1491061835
-692543661655837607,992609,1491061872
-1055058293450066632,992609,1491061854
-6585622499628066268,992609,1491061840
8796693823503936530,992609,1491061846
2390524570945938179,992609,1491061829
519031575310521068,992609,1491061851
-5784291819839483638,992609,1491061853
2857145731779408999,992609,1491061862
-3230071748298015625,992609,1491061867
92934479199938543,992609,1491061875
5117727292753627176,992609,1491061831
3567564555280450445,980442,1491061841
2045234750799925527,989184,1491061823
-3379079710308212574,989184,1491061851
-819128120473733033,989184,1491061818
1689087542546052301,989184,1491061820
-3117531545935173402,989184,1491061838
2766352892459145401,992416,1491061847
-7853729728823208465,951001,1491061864
6200580212074512553,951001,1491061847
5546586575380647164,992519,1491061853
-5602671229805414885,992519,1491061856
-4393429520640811735,992659,1491061873
-5876766957120985579,992659,1491061854
4570840407338142789,992659,1491061819
102519418275849672,992659,1491061871
6047980969100242918,992659,1491061874
2649069194283379886,992659,1491061872
-6348079783767608500,992659,1491061843
-1786012641849233976,992659,1491061864
8954003772572234648,992659,1491061864
2817389170225157472,992659,1491061837
-1462826551190415529,992659,1491061855
4018379345232702690,992628,1491061841
-505487368479901712,97100,1491061862
6478775029915053022,992259,1491061848
1389190514656782099,992684,1491061857
-6035076491229270843,992684,1491061830
7893371158990180689,992684,1491061829
-7707444885667394478,992684,1491061845
7909752648020629098,992684,1491061851
6053240288630286119,992684,1491061849
7190798479847810401,992684,1491061841
7686256471005770383,992684,1491061818
7334904219433861113,992684,1491061822
5304118370776448139,992684,1491061865
3903600558326911992,992684,1491061841
2303483722718721302,992684,1491061820
-7161131042370627298,992684,1491061815
-3130609473196779611,992684,1491061862
-1779296192191280678,992684,1491061833
-545477267027914983,992684,1491061824
1134295232258345730,109214,1491061859
-5526597684674682143,990186,1491061842
7334040710731994683,992458,1491061817
-992590016825378225,992003,1491061849
5592471206101446427,992505,1491061836
-1074550588492528309,992505,1491061871
6661026937470071174,992505,1491061872
-3664033457142114196,992630,1491061869
-8343810441789030661,977716,1491061866
-4843392676788637342,992571,1491061859
1587345694741441777,992571,1491061865
3929094398203345852,992571,1491061839
7557120605420025504,992571,1491061852
-2272032471412965141,992148,1491061862
5624742398599488075,992679,1491061850
3548537161266074848,992679,1491061867
-5450052260328056859,992679,1491061837
-4989196294125265037,992679,1491061862
-4443191381633156347,992679,1491061846
4339725031011943036,992679,1491061868
-8404358345244282619,992679,1491061862
-5070961657367681174,992679,1491061859
-6533790717627490872,992679,1491061872
4798009484997893226,989483,1491061818
-5667362093084788190,992419,1491061852
-8069863461074555516,992696,1491061819
4937592139704917621,992696,1491061874
-7794478815041272253,992073,1491061846
-8626199829088785871,992480,1491061822
7069094170542926547,992480,1491061826
5243007263911046247,992480,1491061857
641572853506760277,992480,1491061833
-7001294620956989918,992480,1491061864
-2741047252289312076,992559,1491061839
2021834268614285882,992559,1491061850
1069902301083456884,992559,1491061863
-298817860549696243,991784,1491061830
7597111217213765326,991953,1491061841
-298817860549696243,991805,1491061872
8297889103302446236,992626,1491061833
-5111746064521192019,992626,1491061871
8142046806871419865,992626,1491061844
2119874712889914443,992626,1491061855
5107462609332421909,992626,1491061834
-5762955178097422304,992626,1491061829
487127970657880461,992626,1491061816
-2149169858387015893,992626,1491061845
1570973170851912369,992626,1491061816
-4577834227506456258,992626,1491061833
-562176263655717144,992626,1491061861
6545318100291663905,992626,1491061858
6747624422639211494,992626,1491061871
-673225094675849169,992626,1491061856
878533965670816371,992626,1491061819
-3561615919615591091,992626,1491061856
-797696034314469160,992292,1491061818
-3744373353406131937,912142,1491061851
-8105653015010375574,992182,1491061818
1461721312969668340,992182,1491061818
-8667418441480569498,968892,1491061833
-4924141156863697271,968892,1491061842
-6749187340947057060,968892,1491061829
8434055160387326807,968892,1491061848
3952486116348846309,968892,1491061852
-8559627512281182514,968892,1491061861
627625908875962011,968892,1491061850
-6039982710414018469,968892,1491061867
-1817156592877310759,415662,1491061834
1285888092096347266,992247,1491061839
6478775029915053022,992247,1491061839
4900506661885297261,992595,1491061834
-8637065259601536983,992595,1491061869
3090757868580865774,992595,1491061874
-7258382581160748598,992595,1491061852
3645638222960953268,992595,1491061824
1411428398426000604,992595,1491061845
4160909778529048290,992595,1491061816
780602822111381531,980843,1491061842
-5764565425401354678,974122,1491061836
-5089978617978722898,902459,1491061866
9105187870675054857,957447,1491061858
-7495949614806629438,992075,1491061859
1745043245606759064,925298,1491061850
-1407180034999782434,991295,1491061873
7417264832119384207,992620,1491061841
1055223785966714495,992620,1491061825
3841615173859304615,992620,1491061845
-2788696969417998056,992620,1491061872
1520897304757013064,992620,1491061867
-3835618521072193476,992620,1491061837
-331271728863248135,992702,1491061859
-5289879743646288369,985873,1491061854
5355178022728423832,990842,1491061840
7774220520469554954,991823,1491061816
1347953339125820146,988817,1491061841
4764849963582195215,992255,1491061829
7802250811620371072,991932,1491061829
4562990663092345407,991932,1491061824
-438629237064575999,992315,1491061854
5111753761023629215,992315,1491061828
5936891027347397388,992315,1491061838
-8939043143679345693,990102,1491061836
3192798496068789393,992303,1491061827
-8699413293234590454,992035,1491061852
296011817209966999,342453,1491061851
-1099622361258302437,414237,1491061847
4029488501146980905,992726,1491061871
-7999996156019937436,988303,1491061863
-4098865269506934237,988303,1491061851
5256759489643423701,991442,1491061866
6085790421099892374,992635,1491061850
-870621592625900263,992364,1491061866
7754707591576510288,992364,1491061853
1844399768590198726,992364,1491061857
5147603755003866045,992641,1491061861
-1340157983973373902,992641,1491061842
2384673252555932075,992641,1491061873
-364388595396181460,992641,1491061848
-8776067272312700674,992641,1491061850
2754788288036116752,992641,1491061856
-2712420955644828404,992641,1491061871
1331342089689416389,992641,1491061839
2949054209191822127,983412,1491061826
1030664663783221229,992608,1491061833
-6722804089013390631,992608,1491061873
2102803883483846756,992608,1491061837
3964396621698611371,992608,1491061829
7417264832119384207,992608,1491061873
8259025532341451145,992608,1491061818
9163382574292769023,992608,1491061873
134041529932652465,992608,1491061853
6349606289561157749,988680,1491061864
-8637065259601536983,992593,1491061869
4900506661885297261,992593,1491061834
7281906687968499505,992510,1491061872
-226948709535318974,992510,1491061819
-2983086162401555580,992510,1491061862
-7372403761359566578,992510,1491061818
-5788568646576989820,992510,1491061817
-4772287951910802655,992510,1491061856
3649731011353146880,992510,1491061827
-5971218192432535971,992163,1491061857
7302095149784041513,992638,1491061868
-8776067272312700674,992638,1491061848
-163557541479491082,992638,1491061855
2754788288036116752,992638,1491061855
-1340157983973373902,992638,1491061819
-2712420955644828404,992638,1491061866
3347049860885142057,992638,1491061857
-9125414740618321838,992638,1491061865
2384673252555932075,992638,1491061860
-364388595396181460,992638,1491061838
-3492357482789032146,992638,1491061852
3975500749272551172,992638,1491061853
-7623400762124183763,991679,1491061858
2458418000954035743,989577,1491061847
-3459576342757041993,992704,1491061817
530577493224323969,992704,1491061820
-8588021855931881573,975402,1491061822
176640965627344407,992391,1491061847
9090095861402166790,992391,1491061856
-33761679719373316,992391,1491061850
5592471206101446427,992391,1491061874
-8292366121990162229,992614,1491061827
4703756439848746852,992614,1491061865
1055223785966714495,992614,1491061855
7417264832119384207,992614,1491061842
3841615173859304615,992614,1491061845
296011817209966999,342448,1491061867
8009489189122451487,992117,1491061838
1717810306044028158,992717,1491061853
-7867583773601615916,992717,1491061864
-661125295598168085,992717,1491061869
-2664530211278559445,992717,1491061857
5253454289066984126,992717,1491061820
3264904736769016433,992717,1491061873
-916801775576490903,992717,1491061821
5580260209164496909,922632,1491061845
-9051346561037757645,992592,1491061829
-2983086162401555580,992592,1491061817
-8759231813817584656,992592,1491061826
1755919492733210093,992231,1491061816
-2276606710346619519,990338,1491061823
-9031766598376713887,342840,1491061863
8009489189122451487,992114,1491061826
412780194723015548,992298,1491061875
-3419138279470414993,992298,1491061864
2729652896971600746,992298,1491061819
-2215155653178719835,992298,1491061871
9133658132069488517,992298,1491061863
4073681349376430345,992298,1491061845
-3397521769943533412,992298,1491061848
1049583996577286415,992558,1491061840
1069902301083456884,992558,1491061833
-562176263655717144,992558,1491061870
-6820245850318387115,992558,1491061861
-5183522835436360150,992194,1491061829
525046340590986546,992194,1491061856
-619690952968637532,992194,1491061837
1669255523524716672,992687,1491061846
7722944327448541661,992687,1491061851
-5563386670774471406,992687,1491061869
-8118305825260645302,992687,1491061828
-2215155653178719835,992687,1491061856
9133658132069488517,992687,1491061845
8972175954832460020,992687,1491061867
-177765785976385579,992687,1491061859
-6650875438898078598,992687,1491061828
1003427254619493913,992687,1491061869
-8032973604856335937,992687,1491061816
957147730832838982,992687,1491061875
3045411980313668112,983057,1491061859
-1817203202860493770,992085,1491061816
5243007263911046247,992498,1491061846
-226948709535318974,992498,1491061829
-3116662303227996668,992701,1491061839
4785010417498890903,992701,1491061818
2227701191151984137,992701,1491061843
-339172205568301212,992701,1491061858
557774596500912490,992701,1491061847
-2099083970717632452,992701,1491061863
8468873742238642628,992701,1491061864
5405406732251996092,992701,1491061829
-976518209776309188,992701,1491061862
5429668557180965563,992701,1491061817
3300775327547946003,992701,1491061864
5139615331091099692,992701,1491061860
8568405188295371085,992701,1491061832
-1682698690571754094,992701,1491061835
4372582230209291249,992701,1491061874
-3908701676728203679,992701,1491061846
530577493224323969,992701,1491061844
4392882702220801234,992701,1491061822
-5071105713747604384,992701,1491061817
-4346046313961287306,992701,1491061847
1624212222864761342,992701,1491061856
-1432666194845189832,992701,1491061868
-292990424588329736,992574,1491061817
8633984317233786060,992574,1491061860
-5928474824985894435,987599,1491061834
-6471396603097574791,992439,1491061835
-8019709082658250885,990487,1491061816
458745765196737108,990487,1491061820
6667648867415461005,990487,1491061873
-5026081268345232570,990487,1491061869
3880003382323794887,990487,1491061844
100011419836938974,989618,1491061819
-4761560264874190142,989618,1491061868
731484035330649331,952936,1491061843
-5768822415145350655,989211,1491061828
-5365236262903870480,989211,1491061843
-1244336999498728004,992321,1491061830
6595393217114337957,992321,1491061830
-8685069100161323423,992321,1491061855
-5834957181218701473,992321,1491061860
-261426907261247897,992321,1491061865
-6937778885942456056,992321,1491061844
-3590890002990415905,992321,1491061865
-531639136701946525,992321,1491061868
-5758063756210773696,992321,1491061837
-1962954596810780315,992321,1491061874
3395307548297142105,992321,1491061833
7977842254613528722,992321,1491061849
-8723884706059254874,980051,1491061827
-2713638330714945178,936353,1491061842
-3065172774144340296,164974,1491061860
4153422514354178460,992606,1491061841
4064850044788170152,992606,1491061849
4258724208180827561,992606,1491061848
3041443593804321354,992606,1491061851
6896815772062004141,992545,1491061821
-1602347638490578299,992545,1491061842
-6726392755288787986,992545,1491061836
6262457111837570843,992690,1491061818
506086876962218634,992690,1491061855
-2741047252289312076,992548,1491061855
1069902301083456884,992548,1491061867
-4573226679701975322,988313,1491061833
-371353001058969032,992054,1491061822
-5054064798072865554,992589,1491061868
2817389170225157472,992664,1491061822
-1786012641849233976,992664,1491061845
3064421436677790247,992664,1491061856
3164367658014134955,992664,1491061848
-1028543837749782848,992664,1491061855
-3578333187675124421,976065,1491061852
7826730824460058666,992652,1491061868
-6048019367606421411,992652,1491061847
2384673252555932075,992652,1491061825
-5460624533059354670,992652,1491061844
-547665633242309741,992652,1491061821
-3173578130988635479,992652,1491061863
5112421838672824751,992652,1491061823
3460058723095680044,992652,1491061846
-438257592329124633,992652,1491061842
-1143866393568931808,992652,1491061861
5580260209164496909,922530,1491061845
8786350123634632628,992066,1491061864
-5930282390467236246,992658,1491061839
-2953956264571495332,992658,1491061859
5686067796020143831,992658,1491061829
4570840407338142789,992658,1491061834
-4116468356371370761,992658,1491061864
-4393429520640811735,992658,1491061873
6047980969100242918,992658,1491061874
-1786012641849233976,992658,1491061864
-8325131411214777300,992658,1491061846
-4182895249445456960,992658,1491061865
-7746251645406842497,992200,1491061864
-2482991026087086314,992200,1491061865
-5330391568884667650,992200,1491061823
-992590016825378225,992200,1491061848
7598113461545955839,992200,1491061852
3794176278758867972,992200,1491061837
-6942164325969463957,992200,1491061826
-1551781059159241109,992200,1491061836
-475384251137371989,992200,1491061819
3485567470400820687,992200,1491061873
6500592049177334457,992200,1491061857
9054693459597925093,992200,1491061863
2458418000954035743,989580,1491061831
731484035330649331,946463,1491061860
127568066837551015,988021,1491061845
4764849963582195215,992254,1491061826
3485567470400820687,991935,1491061867
-5837715196732795133,991935,1491061874
-4381772916674781559,991935,1491061831
5196675512307453259,991935,1491061828
-4075360533914205161,991935,1491061846
1747923710770248496,991935,1491061827
22641418838552887,991935,1491061818
-6882648744004260518,987418,1491061819
6200580212074512553,951311,1491061848
-2575523195929225594,992667,1491061871
-7652064097218927894,992667,1491061864
8594142264729246190,992667,1491061822
-4538631336589864044,992667,1491061869
1267520650811905221,992667,1491061846
-898793881717281531,992667,1491061842
4357411572447617936,992667,1491061823
-5553056635356457964,992667,1491061831
7875229594933321937,992667,1491061819
-6000594825661050870,992667,1491061838
6510232977946180498,992667,1491061853
-7348716941777635971,992667,1491061859
8045879057444843731,992667,1491061875
-8345114493182180189,992667,1491061833
8150846785548005469,992667,1491061857
-7574972892797849742,992667,1491061860
4226311544161832305,992667,1491061817
407994500997779890,992667,1491061872
-105281011727854613,992667,1491061862
-6922470725181847919,992667,1491061852
-2251810540503769320,992667,1491061870
-1470259168508839764,992667,1491061871
3928576162824403903,992667,1491061847
-4947604067705794891,992667,1491061825
-134298160461038016,992667,1491061856
-5888227554642072475,992667,1491061835
7145906756104710369,992667,1491061865
-5194890701871944453,992667,1491061847
-1045194382329310449,992667,1491061837
-7785320065492176528,992667,1491061833
3918963994647111975,992667,1491061825
4900158063399007051,992667,1491061846
-8291577281154852167,992667,1491061873
-6537342927764841569,992667,1491061833
4948078605913648561,992667,1491061835
-1281008453858647085,992667,1491061875
5390284769977445955,992667,1491061862
2162220000383493929,992667,1491061841
6666546650879165889,992667,1491061871
-6103903481288868978,992667,1491061872
-5888511177288491150,992667,1491061826
-6238148485847505565,992667,1491061856
2780354955122233991,992667,1491061866
4629857890178781454,992667,1491061856
-1013929914686285818,992667,1491061866
2877909751701145194,992667,1491061854
-7624472344187325186,992667,1491061852
2651751423238810988,992667,1491061830
-7163506131409141924,992667,1491061862
-3578636204067479104,992667,1491061868
3355611694020252552,992667,1491061854
-8637744847379487321,992667,1491061830
-6011450841033624243,992667,1491061851
3746891367323226931,992667,1491061842
-6533790717627490872,992667,1491061832
-2220831445050680226,992667,1491061857
-8549342391991877169,992667,1491061854
-3164693543141551964,992667,1491061819
-8860583916316204658,992667,1491061848
-856753974517609163,992667,1491061826
-94586266734297474,992667,1491061852
4855662661593723320,992667,1491061829
1576646804869552315,992667,1491061866
7404580643975006063,992667,1491061835
-2419136387973409158,992667,1491061843
3635466801969264051,992667,1491061831
-1295895045317164335,992667,1491061828
-9154568130082154287,992667,1491061855
2049873111413854708,992667,1491061861
-6393629508122548325,992667,1491061843
5032262197973748437,992667,1491061816
-4694067706014131628,992667,1491061826
1805735134767417612,992667,1491061872
-1178974613940308719,992667,1491061820
-5857502167036585874,992667,1491061830
3114546826462820804,992667,1491061825
7777585015082632119,992667,1491061824
20176994265363838,992667,1491061852
3457135283548359981,992667,1491061854
-6353851605524996850,992667,1491061840
1860508520894942193,992667,1491061833
-117548268843808541,992667,1491061869
8565058051220250548,992667,1491061862
2052143215160686766,992667,1491061863
8763240048423894214,992667,1491061861
5876512527225031594,992667,1491061873
4784581969652148148,992667,1491061843
2813099474360662804,992667,1491061858
7048170907056105121,992667,1491061856
-4577497979338336402,992667,1491061816
77584833267709487,992667,1491061834
-7368780665322032474,992667,1491061830
5384968459242008501,992667,1491061874
6201898007629856127,992667,1491061869
8245195564023690477,992667,1491061850
2427365080790900886,992667,1491061839
-6699777037099276911,992667,1491061837
-6737699996255093929,992667,1491061845
6816612278419092984,992667,1491061843
-7031259076579305565,992667,1491061817
-2598209000264909149,992667,1491061839
8213863071081125438,992667,1491061865
8635155459265228582,992667,1491061828
7739772641349671678,992667,1491061867
-3110211806139236657,992667,1491061862
5575450726324722508,992667,1491061833
3907793947415781017,992667,1491061866
1436255230472740404,992667,1491061854
-688356543131755775,992667,1491061824
1217598677349341921,992667,1491061853
4582801718441407484,992667,1491061873
6932421687263211908,992667,1491061834
-9019704689599445773,992667,1491061840
-1031800965848354547,992667,1491061846
-114603952013298078,992667,1491061825
6166279903350393648,992667,1491061816
5503681429894339246,992667,1491061843
-5337929052734453270,992667,1491061873
-2876011834497184107,992667,1491061829
-8643333563490875642,992667,1491061821
1135270358920730034,992667,1491061831
-1040137148252792819,992667,1491061856
-2857748399424726438,992667,1491061836
-3033062441127490881,992667,1491061852
-5184458123829488910,992667,1491061836
-427027459298158696,992667,1491061835
-4229268095981219618,992667,1491061826
-345642847286464995,992667,1491061825
501752960999776855,992667,1491061821
5610658098484397476,992667,1491061841
5451342588904586346,992667,1491061830
-5026403987146267624,992667,1491061833
3775696831445247497,992667,1491061860
4130475566339649605,992667,1491061838
6554662776926430808,992667,1491061868
-7376136341459032709,992667,1491061866
7986431840219581097,992667,1491061843
4346486669341481347,992667,1491061835
2501710092844349564,992667,1491061826
-3196827845700523997,992667,1491061832
-6910580120196392685,992667,1491061844
444238888757308730,992667,1491061823
1767027536437344215,992667,1491061853
4092000529976397657,992667,1491061865
3753368851831024827,992667,1491061851
-8487744470951563090,992667,1491061850
8753349885313469271,992667,1491061844
-171739188942026975,992667,1491061836
-9203086578624431681,992667,1491061861
-5686813702478648257,992667,1491061845
-2609746281930401352,992667,1491061863
-4129704091548821185,992667,1491061819
-7586601964193484287,992667,1491061852
-4062681109145649290,992667,1491061874
8722381326199369174,992667,1491061841
-7623400762124183763,991713,1491061825
5994330732323987552,992723,1491061846
2194695882911085321,992723,1491061868
-7495949614806629438,992077,1491061859
-4723250569145264479,992579,1491061864
6279669393477423973,990837,1491061838
-4828398048255996315,990837,1491061838
8918327879610454307,990837,1491061868
-6749187340947057060,988895,1491061827
-8298404687109194439,988895,1491061851
-6785307457078448550,988895,1491061817
-3545656009873236650,988895,1491061835
8187800954373195271,988895,1491061827
2649466135800731295,988895,1491061835
-7336652078273593068,988895,1491061837
8425256919784397294,988895,1491061855
3167364791329875596,988895,1491061856
-5648582928345143173,992145,1491061838
-689358935241411413,992145,1491061819
8676665444824167271,992145,1491061847
2834860923027992255,992145,1491061853
8355965945439514492,992665,1491061835
1003138358948448236,992665,1491061818
4943993659133413346,992665,1491061858
1551552982000190730,992665,1491061840
-7375865500122850354,992665,1491061834
-5834957181218701473,992665,1491061835
-8388540896792355873,992665,1491061831
3074585150497268022,992665,1491061830
2091299685119457705,992665,1491061856
5474675771472394354,992665,1491061875
3745882375923449927,992645,1491061867
-1340157983973373902,992645,1491061860
6085790421099892374,992645,1491061836
4792119026866733997,991568,1491061819
-2398885435576553358,991568,1491061853
5156358547107195309,991567,1491061819
3971869092984166185,991567,1491061855
-7647227931072523332,991567,1491061843
3964396621698611371,991567,1491061849
3347049860885142057,992651,1491061839
3975500749272551172,992651,1491061853
7529870978644536116,992651,1491061855
-3492357482789032146,992651,1491061851
1384646088292783825,992651,1491061848
2384673252555932075,992651,1491061848
-2712420955644828404,992651,1491061841
-364388595396181460,992651,1491061833
-9125414740618321838,992651,1491061853
-3173578130988635479,992651,1491061872
-4761560264874190142,992651,1491061824
7219683567310789740,992651,1491061853
7317779504723135472,109366,1491061840
2828003579968130015,992357,1491061823
2953983695506359772,992357,1491061824
6451081703878848410,992357,1491061837
8999232792329607517,980031,1491061864
4944175182683613135,992052,1491061825
-7623400762124183763,991698,1491061865
5588327224032062924,992532,1491061817
557060846466640442,992532,1491061829
-1794227379844548968,990894,1491061836
-7279185295035066822,974542,1491061841
-3835618521072193476,992622,1491061837
3841615173859304615,992622,1491061835
1520897304757013064,992622,1491061867
7417264832119384207,992622,1491061824
-2788696969417998056,992622,1491061868
4818572361446488481,992622,1491061852
-940231644192274956,992622,1491061871
-7814408135955085540,992622,1491061860
4258724208180827561,992424,1491061840
-2336635087867257357,992424,1491061845
4064850044788170152,992424,1491061837
-1055058293450066632,992424,1491061872
3041443593804321354,992424,1491061850
519031575310521068,992424,1491061851
-692543661655837607,992424,1491061873
2390524570945938179,992424,1491061829
-4255453458626080517,992424,1491061857
-5784291819839483638,992424,1491061853
-6585622499628066268,992424,1491061840
1188063978838877816,902063,1491061859
5174697668775395990,344296,1491061827
4657311242894607597,992453,1491061841
-7775786462312500764,992453,1491061838
-779173914860589591,992453,1491061839
-7730381677365580170,992453,1491061843
5227804617796868267,992537,1491061830
-5957761053129427988,992537,1491061840
2109731345962778319,992537,1491061863
-5650148286970448336,992537,1491061817
3189160489490586118,992537,1491061841
7125997436739632511,992537,1491061872
6893687616592847867,992537,1491061834
-5898684767538782011,992537,1491061835
2805263082550304547,992344,1491061821
9100076190598813188,991428,1491061871
-6389386496688821091,991428,1491061846
-2600471261783343737,991428,1491061826
-6423356676487743385,991428,1491061862
2045234750799925527,991428,1491061826
-294210011322224677,991428,1491061860
4943993659133413346,991428,1491061860
-5720091825770366960,991428,1491061841
355951850542507673,991608,1491061848
-1019944786334919105,403906,1491061828
-7046174061401931966,992129,1491061864
-6938532884659638304,992129,1491061846
1734940186664816180,992129,1491061849
2289112893728915958,991022,1491061854
8999232792329607517,980033,1491061860
1006576954115484016,991917,1491061835
5256759489643423701,991406,1491061843
-5704108386284848264,991333,1491061836
8753705739925346922,992294,1491061873
4792119026866733997,992294,1491061853
2820099139044970773,992294,1491061868
-3687178315749517976,992294,1491061836
5546586575380647164,992524,1491061853
-5054064798072865554,992590,1491061868
6896815772062004141,992590,1491061874
-4648978336621097832,992265,1491061827
5936891027347397388,992265,1491061838
-7623400762124183763,991696,1491061872
-6490373863227102841,975842,1491061835
-2563910732229569526,975842,1491061837
-294210011322224677,975842,1491061849
8457261530230891339,975842,1491061842
-2227048233638355561,975842,1491061869
2705518130852215863,975842,1491061870
-1999929922172575658,975842,1491061832
-4064455367810519218,975842,1491061867
-743201865231542329,975842,1491061845
67940685607590142,975842,1491061819
7280301314332602568,975842,1491061853
-1321364674095907144,975842,1491061859
-6838645991134566903,975842,1491061855
2671699880978845002,975842,1491061862
8799483365845261116,975842,1491061847
-1818521072080874513,975842,1491061854
5152009822759276089,975842,1491061875
50121119214281165,975842,1491061875
6271970597785355180,975842,1491061872
4847219549481169781,975842,1491061844
2697092773157287971,975842,1491061829
-4305722342936163627,975842,1491061829
2721245842894166335,975842,1491061834
2044439192946000841,975842,1491061874
-977924246170786477,975842,1491061816
6770091954956925594,975842,1491061816
8783955347848260033,975842,1491061852
-9020890952999376777,975842,1491061865
-2587285773341845603,975842,1491061838
5392244125548215767,975842,1491061834
-659805339480479652,975842,1491061820
-6276488321252325983,975842,1491061852
-4026796650816821993,975842,1491061846
2789337972543133011,975842,1491061854
-1650019669112218803,975842,1491061832
8280191358082453206,975842,1491061827
-8500825501399328604,975842,1491061820
1255852014015561794,975842,1491061871
7603676478746644676,992708,1491061860
-222341217207275392,992708,1491061830
4547570792735946468,992708,1491061858
-617307845520816195,992708,1491061825
-1002514464094345374,992708,1491061870
3192798496068789393,992141,1491061862
5392244125548215767,992212,1491061823
-5846441863044739539,992668,1491061840
-4929610509455724559,992668,1491061866
268120192220729116,992668,1491061874
6638478295577504672,992668,1491061834
-554731774281694373,992668,1491061837
-4958287177241892301,992668,1491061867
5419997209015232326,992668,1491061867
-6549655143903604159,992670,1491061825
-9219633115704604621,992670,1491061818
6638478295577504672,992670,1491061863
-5846441863044739539,992670,1491061855
-1040721908413959357,992670,1491061864
268120192220729116,992670,1491061874
-642933733156818130,992670,1491061839
-4929610509455724559,992670,1491061866
-3192804562364072619,992617,1491061836
-562176263655717144,992617,1491061863
603209681316700741,992617,1491061816
9054693459597925093,992617,1491061846
-5762955178097422304,992617,1491061865
5243007263911046247,992512,1491061831
-226948709535318974,992512,1491061824
-661085643840590473,992431,1491061872
-5855837592939307487,992431,1491061846
-3197393643860440468,992431,1491061847
-9066367983891757730,992431,1491061875
-1073481731193273560,992431,1491061848
-9024475517471480230,992431,1491061855
7015144414828991048,992431,1491061842
-559266493987111917,992431,1491061859
-1394071206672982238,992431,1491061835
5305144958606119247,992431,1491061821
4578081306933841989,992431,1491061849
-5931028606656211470,992431,1491061834
-7921403716013493960,992431,1491061838
-4895557520833729491,992431,1491061825
6404595545253274372,992431,1491061871
2721245842894166335,992431,1491061850
3479878362795519438,992431,1491061830
-3473718465425783996,992431,1491061832
1047846940352760998,992431,1491061852
8696603439769652809,992431,1491061867
9134824782956923925,992431,1491061850
-7466109965351175794,992431,1491061855
9019528483839059614,992431,1491061873
5392244125548215767,992431,1491061843
6328575168600458709,992431,1491061868
-2322616754213948851,992431,1491061858
4006931786501615686,992431,1491061876
3305261376052681969,992431,1491061864
4145495170512768277,992431,1491061847
-4026098609139151099,992431,1491061863
8923457640085733388,992431,1491061849
-2899904255110600304,921268,1491061853
2929390031989642550,921268,1491061826
