3664065591992478367,990213,1491110020
-1155590463427614174,893693,1491110017
3664065591992478367,990195,1491110021
-5555928059892870283,144382,1491110041
-6889717484146116005,144382,1491110053
-471840255605154089,923676,1491109995
-631671874930204807,992650,1491110015
5121122952788829720,992650,1491110011
-6891803549205417917,928533,1491110048
865250327129755740,968405,1491110041
-7302095152077403983,989035,1491110042
-2255025510634189596,989035,1491110015
-1516629176338666714,992717,1491110052
-490808212339876313,992717,1491110029
226585365301166028,992717,1491110046
-8011340306849781408,992717,1491110010
8137053267156591477,992717,1491110013
-1999345704865118943,992677,1491110021
-4483447330467161085,424854,1491110027
-1155590463427614174,892158,1491110053
9043643054617974172,992131,1491110049
7180891291229293180,986789,1491110009
2115926975012978519,992165,1491110008
5746113165127538656,942570,1491110020
-8379150881849603993,991679,1491110000
1690942332835075407,881338,1491110008
7892831186493562228,992675,1491110053
-8379150881849603993,991698,1491110021
-4267101645312475069,992568,1491110009
-6945299316002359249,992568,1491110033
-2223966234686281763,990474,1491110002
5582251006721028134,991778,1491110045
-1226203157923773330,343516,1491110028
-2069777663505882808,992712,1491110017
-1907004982266946253,992712,1491110022
-5548546826230445493,992712,1491110015
-172518923808694703,992712,1491110033
-5407859428110412069,992712,1491110008
8406650255390320996,992719,1491110032
8678714720371600490,992719,1491110037
451455218587033338,992719,1491110020
-1239736001072446576,992719,1491110018
6194186763802239387,992217,1491110006
324836735117747346,992217,1491110044
-8394759070263466134,992217,1491110039
1905080581378030147,992217,1491110026
-5812114219804712614,992217,1491110052
-3846003274775382506,992217,1491110051
-2453298030594939065,992694,1491110039
-4543821072717245006,991512,1491110039
-3811730401045062933,991512,1491110034
-298119923975957352,991512,1491110048
9192911301227245580,991512,1491109998
404394006719746775,991512,1491109994
-8726810407405990331,991512,1491109998
2306969539557926978,991512,1491110023
-7825302741567538014,991512,1491110004
-4807564950180679428,69281,1491110021
-2089056123664857044,992577,1491110027
6495387047206242609,344339,1491109999
5744413636313612433,990369,1491110002
3719519773319663795,990369,1491110038
2275353590460617299,990369,1491110030
-2088866047591780348,990369,1491110032
868972689032091965,990369,1491110047
364926686065610450,990369,1491110013
5162534654856502492,990369,1491110019
6357770867314014791,990369,1491110031
324836735117747346,990369,1491110022
590066310715356676,990369,1491110053
5097629804479667906,990369,1491110027
7938721879987539263,992561,1491110030
-4423501260370669516,992561,1491110043
-4267101645312475069,992561,1491110018
-6541051984212997784,992788,1491110033
-3251280697331243311,992788,1491110015
1315906455584970471,992788,1491110045
2041797694982640751,992788,1491110018
-1914001733350357311,992788,1491110036
-6725700119212068872,992788,1491110011
212185447044957480,992788,1491110005
8239371199185518486,992788,1491110033
-6829877586458049734,992788,1491110026
-3705827818237721552,992788,1491110020
2341874521994050666,992788,1491110030
-7267076451509375267,992788,1491110052
-7486816995588317923,992788,1491109999
6349435069479400783,992788,1491110032
6718577739345230473,992788,1491110022
-8690249883456733670,992788,1491110017
-1973062461119729052,992788,1491110053
2209420283812374083,991975,1491110017
2208589267244569640,992160,1491110020
6595856312409018142,992160,1491110026
3148429298859360232,992160,1491110052
-1576760040553884098,992610,1491110053
1657028745187837363,992610,1491110022
-4637828728008099,344705,1491110054
-8326739596014157173,988653,1491110000
-8875021003829310176,945295,1491110014
7242992275603092646,992424,1491110022
3082091056858994993,989338,1491109996
-4663249179445346788,992271,1491110027
-8409230050366037170,914521,1491110045
1256223881656609544,991894,1491110013
75075166982516885,992362,1491110040
4905495935397220083,992362,1491110007
5128819958567779650,991392,1491110021
2275353590460617299,991392,1491110035
-2088866047591780348,991392,1491110032
2429410780657087213,991795,1491110029
-3092305767056080874,882039,1491110044
-1794048562155749354,992602,1491110011
-2224091695393550786,990889,1491110053
-4992439263873673838,992786,1491110016
-9179501150469682611,992786,1491110017
4295116948128396279,992786,1491110006
212185447044957480,992786,1491110038
-3663172589453941265,992786,1491110025
-6725700119212068872,992786,1491110031
-3251280697331243311,992786,1491110041
-622220722859664274,992786,1491110010
4734976638655118324,992786,1491110002
-1611383649839098561,992786,1491110038
-3705827818237721552,992786,1491110033
6804503470427991197,992786,1491109999
-1914001733350357311,992786,1491110052
-7486816995588317923,992786,1491110008
-6409548503222843037,992786,1491109998
2341874521994050666,992786,1491110043
-2999249225562633810,991905,1491110050
-2107734645560211606,75787,1491110037
-6114296524083328430,992667,1491110033
2745326804917910061,992667,1491110040
-4426566564495649532,992667,1491110053
-7512718713527284174,345525,1491110024
-5219675932485906113,981833,1491109999
8112654887964054585,992796,1491110028
3245791242861068275,992796,1491110003
-5873320396847554069,992796,1491109996
4914751499938377478,992796,1491110014
-2596111056091270155,992796,1491110007
3151430263488891792,992796,1491110009
644640043575742562,992796,1491110003
4697934124045012759,992796,1491109996
9089209008287288299,992796,1491110046
-1373983224171180856,992796,1491110001
2391465152975834498,992796,1491110032
-8563881715970337258,992796,1491110001
5838042537549860735,992796,1491110043
-6988264707181782628,992796,1491110051
8403054517386808793,992796,1491110047
1065263599617813449,992796,1491110040
-7267076451509375267,992796,1491110027
-1973062461119729052,992796,1491110018
2304769111043142211,992796,1491110051
-3431970955951196764,992796,1491110052
-2656236701984892785,992796,1491110039
-7835331443913862855,992796,1491110039
-3875671155715258308,992807,1491110025
-3565151199789096775,992807,1491109997
-3274389444950914472,992807,1491110027
-1474156380536121500,992807,1491110014
-5986569353103594361,992807,1491110018
7752674858534232206,992807,1491110003
-7285568156158839176,992807,1491109995
-6670339776163278813,992807,1491110044
-3076354697164962659,992807,1491110044
4680682890587799272,992807,1491110009
7776436426667603684,992807,1491110049
2171133970447214930,992807,1491110052
-6962172820441439197,992807,1491110013
2220583471866868846,992807,1491110048
596091658104303008,992310,1491110029
-6085568293422471741,992310,1491110001
-6235473880324483918,992310,1491110040
7145921856708281118,992329,1491109996
-2552810692966623033,992575,1491110009
3552319760811500776,991251,1491110006
-2560348519529201297,403634,1491110004
-6611951103343147154,983361,1491110047
4850172659685020340,345115,1491110016
-3828781251882575936,875357,1491109994
3211907792355969681,992397,1491110009
7562489605213563317,992397,1491110032
-5844798469528843215,992397,1491110017
-6989046774571121788,992397,1491110006
-1856580772181054876,992397,1491110047
-2000257151665869209,992547,1491110028
1492781387340074748,992626,1491109996
-7424576938913279754,992626,1491110048
-8834671758063965901,992626,1491110043
4630728791034835997,992626,1491110049
717207080267047355,992626,1491110034
5057016641575906767,992626,1491110024
-9045405443266297441,992626,1491110025
1335940928464942977,992626,1491110039
5625110655702515322,992626,1491110036
3209058634050458060,992226,1491109995
4386546248976805203,992226,1491110012
-1384037409427641466,986781,1491110019
-7585198316229900248,992593,1491110033
-2000257151665869209,992551,1491109996
-7641439337706005663,992739,1491110016
5447334065987162117,992739,1491109996
-7828611733659297053,992739,1491110052
-2236695711024279061,992739,1491110029
1574172583503421948,992739,1491110016
7773684888973088902,992739,1491110052
3748365652319466007,992739,1491110015
-605299223577367781,992739,1491110043
9129029919807934548,992739,1491110018
-6591341942013890485,992739,1491110034
-3780717990714285207,992780,1491109994
-5257770601316621578,992780,1491110049
6987453127746455950,992780,1491110004
5693369408248906330,992780,1491110003
5136776421696399414,992780,1491109995
-5199851417093803938,992780,1491110028
-5075433699904246757,992780,1491110008
2724055938293555626,992780,1491110032
6932865849291340313,992780,1491110017
-4381333096696122719,992780,1491110006
-4770195742979611389,992780,1491110000
-5221933758858235688,992780,1491110024
-7486816995588317923,992780,1491110020
6856063847216925057,992780,1491110033
-1236382420446145069,992780,1491110050
6307039883036521407,992780,1491110044
4295116948128396279,992780,1491110032
7199577304862604027,992780,1491110030
-2475269236044299642,992780,1491110052
-140516482532779315,992780,1491110041
7268160627321012470,992780,1491110022
6804503470427991197,992780,1491110018
-5696069937367241115,992780,1491110030
-9002415876849379471,992780,1491110052
-5045010690698573660,992444,1491110020
-6368921706353283258,992444,1491110043
6996856575725792973,992753,1491110023
8175054554022356963,992753,1491110004
7145921856708281118,992350,1491110037
2527457258192911596,992666,1491110037
6950103266761561717,992666,1491110020
-2396954133031118975,992666,1491110045
6388172746387306520,992666,1491110000
-7848059271023692501,992685,1491110034
-1999345704865118943,992685,1491110010
5680312186628975369,992685,1491110015
5474942836996444655,992685,1491110032
9107407212150759739,992685,1491110025
7808420293314788954,992685,1491109998
-6002045420680264610,992685,1491110032
-9127665233949050580,992685,1491110020
-9121778618180288382,992685,1491110045
-6055737202709612359,992395,1491110040
5478726689238085789,992647,1491110004
-4580421736819224779,913158,1491109997
-915830206946928956,992295,1491110048
-2656236701984892785,992795,1491110039
-188686785225253329,992795,1491110043
9089209008287288299,992795,1491110022
2391465152975834498,992795,1491110011
-6988264707181782628,992795,1491110034
8403054517386808793,992795,1491110027
1065263599617813449,992795,1491110034
-3431970955951196764,992795,1491110052
-7835331443913862855,992795,1491110039
8296659325709499751,992795,1491110005
5838042537549860735,992795,1491110026
-1973062461119729052,992795,1491110013
2304769111043142211,992795,1491110047
-7650819250486626415,992795,1491110042
8593714029164283345,992795,1491110019
-7267076451509375267,992795,1491110022
8544169665706712504,992795,1491110040
-8670685457967490571,992795,1491110017
8700430120853710582,992795,1491110027
-222622810736321961,992795,1491110000
-4570678041576396195,992795,1491110052
-7824545715003339450,992795,1491110049
-3402784201871946229,992795,1491110041
7058955141782911100,992795,1491110027
8881754676508689973,992795,1491110029
1106756966573137763,992795,1491110042
6776843640072433034,990455,1491110013
7297962447600549586,987955,1491110038
3677669453397897647,975842,1491110039
6723382841779820876,975842,1491110000
-6758680325856995937,975842,1491110031
5397996231082169143,975842,1491110035
-3635602329279968317,962214,1491110014
-490808212339876313,992728,1491110000
226585365301166028,992728,1491110003
-4403495198099226592,992728,1491110020
-9063968496298332665,992754,1491110047
6996856575725792973,992754,1491110013
8175054554022356963,992754,1491109995
-6089417202987544174,992047,1491110053
-5018808126187441729,992355,1491110020
7599197717465687953,992355,1491109995
-6479438769326508966,958080,1491110038
8780318194813366517,992811,1491110046
8859382140906600387,992811,1491110050
4154738104893518902,992811,1491110003
-2549702317490148434,992811,1491110000
2171133970447214930,992811,1491110008
-3377440890142064086,992811,1491110052
3805970487518896901,992811,1491110047
3764918695207955962,992811,1491110048
-2434082527025037107,992811,1491110013
3363076666241335557,992811,1491110039
-5599373853597897571,992811,1491110048
-1890606396702749355,992811,1491110050
177512205486224422,992811,1491110009
9098768909126458145,992811,1491110017
7831253349314402662,992811,1491110001
-7517188180116654542,992811,1491110049
-3076354697164962659,992811,1491110014
-7576974544601665807,992811,1491110054
1084249093532949574,992811,1491110038
9002206589343026534,992811,1491110039
8006327454700714185,992811,1491110042
-3962492227150386706,992811,1491110028
1145926260870575209,992811,1491110035
333366755034050754,992811,1491110051
9060404566133354535,992811,1491110053
-8474292077980419336,992811,1491109998
3389795214821377417,992811,1491110018
2342821667832984914,992811,1491110034
-8051294134462047759,992811,1491110054
8074011761762537709,992811,1491110050
-7640731621740605929,992811,1491110029
8404325351232644461,992811,1491110049
3601608427999694284,988973,1491110040
4386546248976805203,992227,1491110037
3209058634050458060,992227,1491110014
5012906261087383238,992559,1491110001
-4239514533267916098,992775,1491110028
-6753149577915523359,992775,1491110029
8085708207846943137,992775,1491110045
-506238745003717939,992775,1491110003
-7960666223892052256,992775,1491110047
8407588463146607472,992775,1491110003
-1952399329248839379,992775,1491110017
-167454806954808019,992775,1491110014
8383133844344010617,992775,1491110043
-7486816995588317923,992775,1491110031
1662047819458532212,992775,1491110018
-8980686133952694545,992775,1491110053
7826777486342510552,992775,1491110053
5632275366208205150,992775,1491110035
8795702487812128245,992775,1491110053
-1680436778638292793,992775,1491110048
-1202593870081568949,992775,1491110013
-8511851027171066866,992775,1491110052
-9146183669303249500,992294,1491110005
964144248024494137,992294,1491110029
-3917490129704583359,992761,1491110026
-2503119558616518464,992761,1491110026
5554434227023882980,992761,1491110007
-5474340468367891901,992761,1491110013
-8791400702910822699,992761,1491110047
491673172126296189,992761,1491110043
-6639153775300919465,992761,1491110043
6887637519223083533,992761,1491110037
-5234200297155789191,992700,1491110008
-7910554784903793239,992700,1491110003
-5730806611257728157,992700,1491110031
-8321581324529091702,992595,1491110038
-3332217320989977280,992595,1491110034
-4922909248747496745,992595,1491110041
2076144071540590761,992595,1491110054
4617789208612498051,992595,1491110035
-5234200297155789191,992695,1491110046
-1663369038541583131,991725,1491110012
-3092305767056080874,882032,1491110044
-8690763793851160513,155097,1491110014
-2000257151665869209,992534,1491110046
5435801197855540827,992534,1491110049
2697533566918202072,992752,1491110048
-6263443919201067324,992752,1491110024
6100014751540065709,992752,1491110008
-6088925222332474108,992802,1491110037
3990592681688303449,992802,1491110028
1241499224036861155,992802,1491110019
4732822664625573612,992802,1491110053
-2425040492260984959,992802,1491110018
-3946199295220846855,992802,1491109999
-6517235575754635846,992802,1491110001
-7777851409652388416,992802,1491110053
-3232043151860816213,992802,1491110034
-4946890189160017927,992802,1491110006
-4620816946695053178,992802,1491110036
-8936581867734972936,992802,1491110016
7213418669996112297,992802,1491110011
3000081167977477288,992802,1491110007
-5408989752029262920,992802,1491110023
4065856349465960726,992802,1491110024
4728012056968820980,992802,1491110004
-2322281194051347535,992802,1491110040
4974927706088168476,992802,1491110017
-5396475465115289566,992802,1491110021
5204839178144339038,992802,1491110000
8243946295829362140,992802,1491110038
6766979632114691167,992802,1491110023
-4640456263215582148,992802,1491110026
2881322370674336582,992802,1491110030
-4076331174631863115,992802,1491110050
6852752427751996129,992802,1491110033
5452522986812634418,992802,1491110035
5862862958778258620,992802,1491110011
5762799817111354824,992802,1491109999
-756923964623376245,992802,1491110046
3228161923205034160,992802,1491110024
7266434080804407507,992802,1491109995
-2668011015984782524,992802,1491110029
-1994392020462117961,992802,1491110016
-9045405443266297441,992802,1491110022
4135466345443270551,992802,1491110027
4442179145954853202,992802,1491110033
-5263380254753602595,992802,1491110042
-8990902449002999007,992802,1491110012
-6572573526252702464,992802,1491110033
-1100225897077395269,992802,1491110034
-318776057669457713,992802,1491110015
4189182197212250326,992802,1491110025
184803076971737552,992802,1491110044
8447827489803524893,992802,1491110022
-3718297444218349239,992802,1491110007
-3663674697551396695,992802,1491110044
8646852650776482668,992802,1491110038
1144974330601075844,992802,1491110009
-7650819250486626415,992802,1491110013
-73079232521581247,992802,1491110014
1950825714687879777,992802,1491110041
6739750266551259149,992802,1491109996
-5986569353103594361,992802,1491110052
4610780307765101031,992802,1491110016
7971093853508457313,992802,1491110023
4602686785954185654,992802,1491110005
3165140371979139633,992802,1491110054
-4496439408389694312,992802,1491110014
-7824545715003339450,992802,1491110016
-7734852143313862071,992802,1491110054
5027995115705446675,992802,1491110005
441590245043265810,992802,1491109995
-7794885387520885861,992802,1491110026
-4700773408923694458,992802,1491110018
-6767236828679570412,992802,1491110035
-3565295371021623372,992802,1491110051
3320568563158103372,992802,1491110005
5499909098989619856,992802,1491110021
-3941753776776909598,992802,1491110009
5721140509819047310,992802,1491110049
-3896732412858616297,992802,1491110052
1806372794877295400,992802,1491110025
487356579953991581,992802,1491110053
2403464045368875785,992802,1491110033
-5962648109065206509,992802,1491110040
-8234152439318245407,992802,1491110044
1508209794330205371,992802,1491110015
-7075337975459589901,992802,1491110052
4945030333643828783,992802,1491110041
523834083194323894,992802,1491110052
5314261465576717723,992802,1491110006
7165537700172795134,992802,1491110026
-8536575360105746986,992802,1491110037
3741523773568972463,992802,1491110053
-6744918911604972327,992802,1491110019
-20370733804845087,992802,1491110048
-3435565846672654381,992802,1491110019
9192929367516432834,992802,1491110014
4046584043093802110,992802,1491110005
-7065850405178610401,992802,1491110010
632828069512813391,992802,1491110015
1116352086328563919,992802,1491110046
6756497764556443196,992802,1491109996
-7985916858688166948,992802,1491110030
-606240606469272528,992802,1491110035
2791844172885190338,992802,1491110046
-1495275429245766135,992802,1491110008
4145620177569319856,992802,1491110046
8925907372866502216,992802,1491110002
8111301816824813411,992802,1491110054
1270661725130926906,992802,1491110037
-7726235162627585563,992802,1491110040
4026318821176682669,992802,1491110046
-4217579847068856199,992802,1491110027
8466090402860815921,992802,1491110021
8112422991463110080,992802,1491110019
7201549594954453460,992802,1491110044
7512422338631638133,992802,1491110049
708107394518265572,992802,1491109998
772621165144762662,992802,1491110029
1054909557395966453,992802,1491110025
6991336006137105359,992802,1491110011
-8509488283888565660,992802,1491110043
-6313580343868273955,992802,1491110018
-7364454618201585422,992802,1491110036
-6471681746827986850,992802,1491110019
-3992539826663139711,992802,1491110008
6209878968485026882,992802,1491110043
-4811713843909041174,992802,1491110050
8485633281235312551,985328,1491110016
-3017499634833928774,992168,1491110029
7034731802418678556,992587,1491110027
5554434227023882980,992760,1491110023
-2503119558616518464,992760,1491110039
-5474340468367891901,992760,1491110025
-3917490129704583359,992760,1491110027
2429410780657087213,991839,1491110029
-4924451668808765695,992785,1491110048
-5238943749437079304,986340,1491110043
5382117076657243716,992623,1491110053
8508659755505659216,992623,1491110032
-9060801208646334904,992623,1491110052
2745326804917910061,992623,1491110051
-4110480508592247159,992623,1491110017
3602426681244550509,991825,1491110037
-2396954133031118975,992709,1491110045
6388172746387306520,992709,1491110000
-5548546826230445493,992709,1491110030
3791193373841075984,992709,1491110045
-6998877659149369297,992679,1491110010
-2453298030594939065,992679,1491110039
-2474170206663378533,992669,1491110044
8885440835859480750,991988,1491109999
-5234200297155789191,992522,1491110050
-1093206675635879497,910951,1491110024
-4580421736819224779,924341,1491109997
-6891803549205417917,924341,1491110048
-1381332761995487027,992773,1491110015
-167454806954808019,992773,1491110032
8634112871675760479,992773,1491110002
-1167185927567344859,992773,1491109995
1662047819458532212,992773,1491110033
1707050300896119744,992773,1491110001
-7486816995588317923,992773,1491110036
-506238745003717939,992773,1491110022
8383133844344010617,992773,1491110051
-4239514533267916098,992773,1491110047
-6753149577915523359,992773,1491110043
-547665633242309741,992741,1491110042
6213964575638463311,992741,1491109998
1067090141658057854,992741,1491110034
3867605866062039446,992741,1491110035
-7828611733659297053,992741,1491110052
-4147339973632405187,992741,1491110033
-7641439337706005663,992741,1491110016
-9171130497888334869,992818,1491110045
2116324793473211252,992818,1491110049
98991559059722324,992818,1491110022
3482470386571319801,992818,1491110050
3948043200946386861,992818,1491110010
-2379399308933235589,992818,1491110000
4975075187020867529,992818,1491110050
-1498411209618720993,992818,1491109995
-8051294134462047759,992818,1491110008
1224807226370845535,992818,1491110015
-3968151792377028328,992818,1491110027
-8691549970673453234,992818,1491110024
9184357613851703936,992818,1491110054
-3243634549530420846,992818,1491110035
2441867945043084087,992818,1491110052
-7603018538651663868,992818,1491110007
7503626327523285571,992818,1491110022
-9126605248253219093,992818,1491110017
-787333531644250998,992818,1491110027
6598153807656209535,992818,1491110053
-1249263004135469450,992818,1491110046
-6692832980736773868,992818,1491110004
-46863654702553053,992818,1491110020
4686473917621965465,992818,1491110033
-57734415662381824,992818,1491110037
3940272530474646081,992818,1491110034
8798992125154933069,992818,1491110010
-1545536039592440533,992818,1491110010
-2089056123664857044,992579,1491110027
6610351531314935180,992579,1491110051
-2227882269425396703,836942,1491110038
-3951730445530903493,992784,1491110044
-6366615162790493003,992784,1491110015
-8875576128198886734,992784,1491110012
-4985732972940899580,992784,1491109998
-2135084257333331734,992784,1491110003
-4019040434103403717,992784,1491110014
-1537083398178668672,992784,1491110044
989287928953230093,992784,1491110036
1927270348655019506,992784,1491110001
-7625824362954921183,992784,1491109997
-6097697830797094604,992784,1491110047
3526734996033984117,992784,1491110040
6562409814717062620,992784,1491110042
2775684158285892186,992784,1491110019
-9002415876849379471,992784,1491110008
3162046179107424965,992784,1491109999
3891789841366922356,992784,1491110000
-7772956494154354306,992784,1491110025
4557552665791175519,992784,1491110039
1358417555508302589,992784,1491110043
-408297753858823227,992784,1491110047
-157423090279276177,992784,1491110005
-1135730662497693591,992784,1491110007
-4992439263873673838,992784,1491110039
2327348348387271809,992784,1491110034
131568825232954915,992784,1491110011
3866189462774257588,992784,1491109994
-6409548503222843037,992784,1491110008
6804503470427991197,992784,1491110008
4295116948128396279,992784,1491110014
-622220722859664274,992784,1491110017
-7486816995588317923,992784,1491110015
4734976638655118324,992784,1491110008
8079342884269908380,992784,1491110022
5425496769767387508,992784,1491110040
-2458071988016799329,992784,1491110028
-9039649510891168479,992784,1491110005
7236697249977226529,992784,1491110048
-8726810407405990331,992784,1491110046
-1914001733350357311,992784,1491110052
-9165876005829709922,992784,1491110051
-5528653836035591531,992784,1491110052
5002612845069596637,992784,1491110013
-1611383649839098561,992784,1491110038
-2052529904115990791,992784,1491110044
-8010795957284371040,992784,1491110041
6736128839873801974,992784,1491110018
-56915498169635072,992784,1491110015
-6191079629904451690,992784,1491110007
-3663172589453941265,992784,1491110025
-4431245514346546990,992784,1491110038
7947854956378199146,992784,1491109996
-3041336342925501264,992784,1491110018
2856641944802086169,992784,1491109994
646093368376185307,992784,1491110045
-9179501150469682611,992784,1491110017
-6725700119212068872,992784,1491110031
212185447044957480,992784,1491110038
8718897131100321785,992784,1491110053
281336982171758509,992784,1491109995
6972791154706936130,910842,1491110027
-6723264008287813128,989621,1491110039
-6731710208378080853,992766,1491110033
815539659409160552,992766,1491110011
7577368479436368709,992766,1491110049
8311827962668446839,992766,1491109995
-6549931195555396812,992766,1491109994
8501617982704754197,992766,1491110035
-1961184546922003531,992766,1491110007
-167454806954808019,992766,1491110053
-7484250975123176767,992766,1491110052
-2013046572169830806,992766,1491110026
558185824803260483,992652,1491110007
-9092345717488723811,992652,1491110040
7477171824062487915,992652,1491109997
8703764115663391507,992652,1491110003
4556498926742435559,992452,1491110041
-588096226797053112,992452,1491110034
-3038039133158953622,975476,1491110031
7242992275603092646,992606,1491110048
6566574765651297616,992606,1491110053
-6646748255345153712,992223,1491110040
-7110279377637942707,992756,1491110052
279134665034356664,992756,1491110040
6996856575725792973,992756,1491110003
891436863574721005,992756,1491110041
-4216987562830937354,992613,1491110036
-2802664206870833107,992613,1491110038
6598485537614270694,338782,1491109994
-4015815745204005303,992765,1491110039
-2761065009150265402,992765,1491110038
-797527593157312810,992765,1491110036
-6269003804126379807,992765,1491110010
-8791400702910822699,992765,1491110013
8311827962668446839,992765,1491110051
5040219800355795763,992765,1491110020
-466561404100778110,992765,1491110022
3472973049486915699,992765,1491109996
7577368479436368709,992765,1491110049
815539659409160552,992765,1491110011
-1961184546922003531,992765,1491110007
-2666271499628214284,992765,1491110047
-6731710208378080853,992765,1491110033
8344234801883058451,992765,1491110007
8501617982704754197,992765,1491110035
271641493008012159,992765,1491110006
-4358341373314024574,975321,1491110015
-3873997559389589709,908110,1491110013
8554714755973013485,133121,1491110038
6887637519223083533,992763,1491110037
5554434227023882980,992763,1491109998
491673172126296189,992763,1491110043
-8791400702910822699,992763,1491110047
-5474340468367891901,992763,1491110007
-2503119558616518464,992763,1491110016
7064508642829120192,992763,1491110009
-2560348519529201297,347219,1491110009
-1171712742167265909,992701,1491110004
-5954232646504372059,992701,1491110006
6030784593695126503,992701,1491110037
-4063589929313722193,992701,1491110051
-8726810407405990331,877509,1491110004
-7176543471187434184,877509,1491110049
6154186726725341909,990915,1491110052
1145155959025480992,992608,1491110033
-1576760040553884098,992608,1491110053
5779551224964594524,992383,1491110005
2427995114712945578,992574,1491110003
7034731802418678556,992586,1491110027
7390024250734008559,992221,1491110027
-8898579557616672440,992221,1491110019
-2795794210507245370,992221,1491110034
8210039746309850808,992173,1491110023
8132780611494666304,992757,1491110007
-7911327580660537825,992757,1491110026
237152709337369253,992757,1491110007
-3654176779580199664,992757,1491110042
-2356397780226103445,992757,1491110033
-7110279377637942707,992757,1491110006
-4190267735151709455,992757,1491110042
-531025855230851746,992757,1491110045
-1210835729880553571,992757,1491110014
5466403073989524700,992757,1491109998
106420112242217740,992757,1491110024
7088127539623256648,992757,1491110038
5044615778338800351,992757,1491109997
-7673179778300453725,992757,1491110012
3962304369691640354,992757,1491110043
5554434227023882980,992757,1491110040
2941892596986643237,992757,1491109996
-5474340468367891901,992757,1491110044
-2503119558616518464,992757,1491110047
-9127665233949050580,992614,1491110010
3950282030482691793,992492,1491110001
-3808163023422632672,991743,1491110048
600266698732982683,991743,1491110041
2847984846945285764,992718,1491110004
7265000708704003927,992718,1491110009
8478310254746250010,992718,1491110025
-5658072594212216231,992718,1491110035
1485416032878811064,992718,1491110048
-5443013746672100260,992718,1491110022
-2899367073055682195,992566,1491110020
-4267101645312475069,992566,1491109997
-2346260299910471018,992566,1491110015
8197491859165820073,992566,1491110042
-6765818806788244027,992566,1491110028
7703180992859255965,897968,1491110029
-8379150881849603993,991684,1491110021
600266698732982683,991755,1491110041
-8106159449030203741,991755,1491110040
-6368921706353283258,992460,1491110043
6975485320755144130,992665,1491110031
7894817484259452110,992665,1491110012
-5717662973323574391,992591,1491110023
-7585198316229900248,992591,1491110033
-5537556885359216112,954486,1491110051
3602426681244550509,989605,1491110007
-5730806611257728157,992699,1491110030
-2255025510634189596,992601,1491110005
6449853421747031285,992601,1491110032
-1074211622301052006,342219,1491110034
-7512718713527284174,345524,1491110024
2631258697925063667,876751,1491110005
-975404592891191131,992447,1491110047
-7075386351188057242,990556,1491109996
3163471243668361397,992180,1491110028
-1976105217773035268,914353,1491110000
2311045069326682663,992794,1491110038
1327008261165784703,992794,1491110049
-549534253477116763,992576,1491109997
671370333686191226,992567,1491110024
-1328952738963775912,985902,1491110015
-4302755655151180656,988325,1491110019
1477184989395166985,988325,1491109998
-8707221134772068906,988325,1491110011
7667514810958622879,988325,1491110026
794302372635133140,988325,1491109994
2448481069353939634,988325,1491110054
6194186763802239387,988325,1491110052
5397996231082169143,991935,1491110023
8885440835859480750,991935,1491110012
-8102488576436510889,992751,1491110026
-2584063940569721515,992751,1491110021
3748365652319466007,992751,1491110015
1574172583503421948,992751,1491110016
5274081992480591619,992751,1491110016
9099355810737824806,992751,1491110053
-6591341942013890485,992751,1491110034
-6006633771685251681,992751,1491110052
-605299223577367781,992751,1491110026
9129029919807934548,992751,1491110018
4779825642604688514,992751,1491110021
-2236695711024279061,992751,1491110026
-2851693497893874639,992751,1491110037
2427571573931557711,992751,1491110027
6996856575725792973,992751,1491110006
5044615778338800351,992751,1491110049
8132780611494666304,992751,1491110017
3135540056165689111,992751,1491110004
8429431486406972058,992751,1491110053
-7978293751912817318,992751,1491110019
-3377445542914453245,992751,1491110030
5663453876058162630,992751,1491110053
6699693798743745795,992751,1491110020
1868818822303175445,992751,1491110049
-669626849327401404,992751,1491110033
1214517279470624649,992751,1491110021
-7110279377637942707,992751,1491110052
279134665034356664,992751,1491110040
-4662585029804737580,992751,1491110050
7836418297541928510,992544,1491110011
-2000257151665869209,992544,1491110036
6465723001173659059,992544,1491110044
-3336213651721894110,992544,1491110044
8358526167127234751,992598,1491110009
558185824803260483,992558,1491110005
-1309768788313106567,992558,1491110012
-8059717633209665975,992558,1491110047
6465723001173659059,992558,1491110006
-2573413627165497049,992558,1491110002
-698799155670798103,992558,1491110054
7938721879987539263,992558,1491110031
-8999690993272091375,992725,1491110044
-4403495198099226592,992725,1491110010
-2236695711024279061,992725,1491110029
1493393933491255011,992725,1491110020
-4344826073455850907,992725,1491110051
4448693902641172060,992725,1491110012
4839700187640958471,992815,1491110031
3815726145755187033,992815,1491109995
6410575843364753702,992815,1491110012
5145461098391746962,992815,1491110011
-8051294134462047759,992815,1491110023
-1824177847668207026,992815,1491110046
-8854110990188655406,992815,1491110034
-8691549970673453234,992815,1491110025
-3968151792377028328,992815,1491110027
-2840133536763790039,992815,1491110033
3482470386571319801,992815,1491110050
-1107220264320324878,992815,1491110015
-1278092950877000935,992815,1491110016
6559685576331243496,992156,1491110034
-2039162507679375119,992663,1491110043
5555048458408865952,992663,1491109996
-5324747673414521420,968892,1491110051
6610351531314935180,992581,1491110035
-2172394389572692418,992624,1491110000
4382222902066132276,992624,1491110016
8882988898852876469,992624,1491110016
-937347266319002713,992624,1491110021
4882573661474555342,992624,1491110000
-1700822944082166400,992624,1491110010
-2140100502220943770,992624,1491110034
868972689032091965,992624,1491110035
-7546063179763211161,992624,1491110001
-4011748752355715472,992624,1491110047
2308107114091836941,992624,1491110014
11260051100454018,992624,1491110045
7806007511785799099,992624,1491110040
-3232043151860816213,992624,1491110041
-4393171111512785437,992624,1491110017
-2615856329352493520,992624,1491110019
7338606444126121361,992624,1491110050
-1656131714198781527,992624,1491110047
7087887529473056060,992624,1491109998
22771720776825861,992624,1491110027
2119452496283634739,957580,1491110052
-396275496558773484,957580,1491110005
-2404225160654160529,957580,1491110051
-6499185562606665966,957580,1491110052
-3038039133158953622,974746,1491110000
1238532650356017066,991030,1491110036
-3261179356666897287,992721,1491110016
-490808212339876313,992721,1491110030
-9127665233949050580,992620,1491110002
-7909531034556672669,902722,1491110020
2850048907059578018,988454,1491110002
-6059121265296982029,988454,1491110041
-7731702485875169932,988454,1491110025
-7375668906026258436,988454,1491110002
5219973543672098032,988454,1491110000
-7346111042378349118,988454,1491110015
844402575715518485,988454,1491110008
-5602600977868370494,988454,1491110040
-6338798345354366214,988454,1491110019
-683413003459584923,991690,1491110036
-1155590463427614174,893377,1491110037
-5061134605465327307,893377,1491110044
1719603389184975945,992790,1491110021
7101897172068489825,992790,1491110033
-424170356696218979,992790,1491109995
-3917490129704583359,992790,1491109999
1220816758127873989,992790,1491110040
67942399574964752,992790,1491110044
-99445882902695343,992790,1491110040
-8696259683112892499,992790,1491110051
-2052529904115990791,992790,1491110035
6461680743074190823,992790,1491110012
6349435069479400783,992790,1491110018
5538654532754725232,992790,1491110004
-5873320396847554069,992790,1491110051
-1906309274071470622,992790,1491110026
-1973062461119729052,992790,1491110047
644640043575742562,992790,1491110045
3134164136593852051,992790,1491110031
-3705827818237721552,992790,1491109999
-7267076451509375267,992790,1491110035
884858103716832246,992790,1491110022
3245791242861068275,992790,1491110022
150670503311443760,992790,1491110010
-2596111056091270155,992790,1491110020
-5528653836035591531,992790,1491110025
5819911811354704970,992790,1491110048
1065263599617813449,992790,1491110052
3340790125473957269,992790,1491110047
2391465152975834498,992790,1491110050
-8563881715970337258,992790,1491110012
3151430263488891792,992790,1491110029
-1373983224171180856,992790,1491110023
3779675927953985700,992790,1491110008
7648157862057642772,992790,1491110035
296528157717702309,992776,1491110000
-1680436778638292793,992776,1491110048
6185484203560794079,992776,1491110026
-7960666223892052256,992776,1491110035
8085708207846943137,992776,1491109998
-8511851027171066866,992776,1491110052
5632275366208205150,992776,1491110036
1662047819458532212,992776,1491110015
-8980686133952694545,992776,1491110053
7826777486342510552,992776,1491110053
5838477286679844036,992776,1491110019
-2615856329352493520,992776,1491110016
-2232817454774247809,992776,1491110004
8795702487812128245,992776,1491110053
-6326229930005751788,992776,1491110010
3393579967521068067,992776,1491110001
8383133844344010617,992776,1491110036
-6000136145327960615,992776,1491110012
-4792788099064716813,992776,1491110008
3164588288232904196,992776,1491110051
-5240651275608507907,992776,1491110021
-7626355680840674821,992776,1491110048
-1303222499882716490,992776,1491110023
-1952399329248839379,992776,1491110007
-2501622310897193728,992776,1491110020
-1202593870081568949,992776,1491110013
5569708124489554633,992776,1491110035
-7072264614596011881,992776,1491110048
-167454806954808019,992776,1491110005
4227206764977563427,992776,1491110009
8747453160769395174,992776,1491110023
2724055938293555626,992776,1491110044
-7486816995588317923,992776,1491110026
-4381333096696122719,992776,1491110013
-2414469687891040667,992776,1491110034
4660027104607054603,992776,1491110041
-2414765979824800473,992776,1491110039
-4054770361071489585,992776,1491110015
737275893721234975,992776,1491109996
-7632255402018054098,992776,1491110030
-7324403735109952977,992776,1491110025
4011361605225221060,992776,1491110049
-3137385514884473342,992776,1491110024
7683863017960467177,992776,1491110023
2995829180094928259,992776,1491110019
-2060506908642020189,992776,1491110040
-5199851417093803938,992776,1491110046
-9056455159086924753,992776,1491110037
7832940369295923707,992776,1491109999
8169234811516724340,992776,1491110039
6932865849291340313,992776,1491110041
-1059361565376325552,992776,1491110036
844982870963727400,992776,1491110045
1396427536734585497,992776,1491110005
-7846627582366867591,992776,1491110020
-3712360512373623785,992776,1491109999
-5728773262659657814,992776,1491110022
5643085458495348842,992776,1491110053
5136776421696399414,992776,1491110008
1487868089689328087,992776,1491110042
-4236269185934228182,992776,1491110027
5695413295373882000,992776,1491109999
-481183126087162516,992776,1491110032
7963132779905660085,992776,1491110026
4267091005476272306,992776,1491110026
-3780717990714285207,992776,1491110032
-2465361942273623198,992776,1491110037
6987453127746455950,992776,1491110020
4951177328621199598,992776,1491110017
-6114429143423746784,992776,1491110000
8324366273962015551,992776,1491110005
4224677500054031180,992776,1491110046
-7356494646029120009,992776,1491110006
-5221933758858235688,992776,1491110046
-1714376759613914735,992776,1491110023
-4863326317047614516,992776,1491110046
-8164042808006410870,992776,1491110038
-9140573912805993360,992776,1491110034
-7141804146101038995,992776,1491110000
3019106361534860226,992776,1491110044
551818085673086246,992737,1491109996
891436863574721005,992737,1491110041
6996856575725792973,992737,1491109999
5847656906524357448,992737,1491110041
-3433819520246186474,992737,1491110015
5044615778338800351,992737,1491110046
279134665034356664,992737,1491110033
-7110279377637942707,992737,1491110041
-2347000736518721357,992737,1491110048
-4190267735151709455,992737,1491110050
7088127539623256648,992737,1491110048
-3654176779580199664,992737,1491110042
-2356397780226103445,992737,1491110034
-2000257151665869209,992552,1491110020
7145921856708281118,992345,1491110046
254177540860116770,992571,1491110027
-6104287054522093539,992571,1491110039
-7891305995492918570,992571,1491110013
7265517167755147118,992571,1491110044
-1819668291870732721,992571,1491110014
-1776966667244583722,992571,1491110028
2875756139573169181,992298,1491110031
-5756840083503837390,992298,1491110050
-7909531034556672669,902711,1491110020
-3808163023422632672,190150,1491110045
8787693295592051734,347363,1491110021
8787693295592051734,347097,1491110015
1595760155603543024,992218,1491110023
2208589267244569640,911440,1491110021
-1611383649839098561,992787,1491110028
-3663172589453941265,992787,1491110013
-9179501150469682611,992787,1491109997
212185447044957480,992787,1491110021
-3251280697331243311,992787,1491110031
2341874521994050666,992787,1491110043
-1914001733350357311,992787,1491110046
-6725700119212068872,992787,1491110020
-622220722859664274,992787,1491110000
-3705827818237721552,992787,1491110025
-7486816995588317923,992787,1491110002
1315906455584970471,992787,1491110045
8239371199185518486,992787,1491110033
-6541051984212997784,992787,1491110033
-7267076451509375267,992787,1491110052
-7828611733659297053,992743,1491110048
3022295076502206336,992743,1491110011
9186957173861146290,992743,1491110046
6683862466259168652,992743,1491110044
7892831186493562228,992671,1491110053
-3510806462198085591,423968,1491110009
-2982051287674522524,986053,1491110039
-1155590463427614174,892983,1491110053
8205703671273019807,992804,1491110032
-8131872258954834633,992804,1491110022
-3274389444950914472,992804,1491110042
4680682890587799272,992804,1491110023
-3565151199789096775,992804,1491110008
-1474156380536121500,992804,1491110025
-3875671155715258308,992804,1491110035
-3941753776776909598,992804,1491109995
-7285568156158839176,992804,1491110001
-5986569353103594361,992804,1491110024
-3076354697164962659,992804,1491110048
-7824545715003339450,992804,1491109997
-2224091695393550786,991196,1491110017
7777245977704011361,992674,1491110008
4941239383438919405,992674,1491110040
-9222087019871511134,992674,1491110029
-5311632178061272519,992767,1491110012
5040219800355795763,992767,1491110053
-8791400702910822699,992767,1491110022
-2503119558616518464,992767,1491109995
8311827962668446839,992767,1491110051
-5377905776664835771,991395,1491110015
4556498926742435559,992321,1491110041
-8342492965293183346,992321,1491110049
-1627126072531852570,992321,1491110042
-4142875436789482457,992321,1491109999
5773321917442675688,992321,1491110039
6360738320007327989,992321,1491110032
-6526346651078383234,992321,1491110037
-6129285904514317793,991466,1491110020
-1874881237093233575,992191,1491110039
6655870240214392582,991683,1491110034
1138434470219795886,991683,1491110000
-257520711755419797,991683,1491110018
-9094693142441611660,992570,1491110019
-6104287054522093539,992570,1491110039
3403283733040524389,914566,1491110045
-1445340674844204526,990691,1491110041
563757375051850660,990691,1491110025
8186042216239752291,990691,1491110022
-6474168286393563975,990691,1491110053
1335758999285655493,990691,1491110040
-4953931544771493395,992520,1491110030
-3215844761923414450,992520,1491110018
-681582330835378129,992520,1491109996
4046584043093802110,992806,1491110005
4673249653226291249,992806,1491110010
2452059967751140451,992806,1491110013
1054909557395966453,992806,1491110024
-5601559953252034724,992806,1491110002
-756923964623376245,992806,1491109997
-5924855019492805642,992806,1491110036
8274824626789778736,992806,1491110015
1067090141658057854,992806,1491110036
-3204732113051871806,992806,1491110006
-4972824163747949661,992806,1491110033
-7541998602148124650,992806,1491110007
6299507016097755604,992806,1491110017
5721140509819047310,992806,1491110046
-3992539826663139711,992806,1491110008
4838737326969892033,992806,1491110043
-328494927930215681,992806,1491109998
-2015584112842664796,992806,1491110032
8111301816824813411,992806,1491110054
-3565295371021623372,992806,1491110046
4945030333643828783,992806,1491110041
-2912002323519552397,992806,1491110044
-4586523559686404114,992806,1491110016
-4701919419089915342,992806,1491110021
-6450865670506651316,992806,1491110014
888925218153441052,992806,1491110052
4248375184712306071,992806,1491110041
2596875737156813495,992806,1491110004
-1100225897077395269,992806,1491110002
6756497764556443196,992806,1491109996
3631555559970087785,992806,1491110021
-8234152439318245407,992806,1491110044
-196607211610359322,992806,1491110021
-1257166382778299658,992806,1491110012
1508209794330205371,992806,1491110015
8925907372866502216,992806,1491110001
-3896732412858616297,992806,1491110050
-4076331174631863115,992806,1491109996
7874051929408521721,992806,1491110002
3741523773568972463,992806,1491110052
-7075337975459589901,992806,1491110052
1961230398551143206,992806,1491109998
-2574839039967986649,992806,1491110028
5161709775397490508,992806,1491110032
7335013606447846832,992806,1491110051
-5468063899368703054,992806,1491110006
487356579953991581,992806,1491110053
-3435565846672654381,992806,1491110019
1132338493306637709,992806,1491110037
632828069512813391,992806,1491110015
4859193621651064605,992806,1491110004
772621165144762662,992806,1491110029
-884660191070792892,992806,1491110026
-8895522424359957912,992806,1491110053
-2273582192740066381,992806,1491109999
-7794885387520885861,992806,1491110019
8112422991463110080,992806,1491110019
6209878968485026882,992806,1491110043
4026318821176682669,992806,1491110046
-6334119079802517019,992806,1491109995
869175074574521054,992806,1491110053
-7051124986143335650,992806,1491110026
-5149318716645137109,992806,1491110012
708107394518265572,992806,1491109998
-1656131714198781527,992806,1491110010
-5401679322134140189,992806,1491110045
5499909098989619856,992806,1491110018
523834083194323894,992806,1491110050
5449626470378791197,992806,1491110046
-2735941401576451625,992806,1491110049
-1495275429245766135,992806,1491110007
-5615729434190388516,992806,1491110026
4527179218636059842,992806,1491110046
-6612085306006518965,992806,1491110016
8115509367886418685,992806,1491110036
7088362275924222676,992806,1491110016
8910139903395257484,992806,1491110050
7127589852662729977,992806,1491110050
4610780307765101031,992806,1491110001
-551892210013522089,992806,1491110015
1270661725130926906,992806,1491110037
-4811713843909041174,992806,1491110050
5195996425342452578,992806,1491110028
7019151736667542022,992806,1491110009
-717998878943580525,992806,1491110051
9205790453152282932,992806,1491110037
5686965718426788246,992806,1491110033
2791844172885190338,992806,1491110046
-6471681746827986850,992806,1491110019
4311264315728993607,992806,1491110008
-7832601889283237695,992806,1491110043
-5263380254753602595,992806,1491110002
5206519226773097098,992806,1491110009
9192929367516432834,992806,1491110014
6826229081240305021,992806,1491110022
-6767236828679570412,992806,1491110030
-20370733804845087,992806,1491110048
-3580810856865216654,992806,1491110020
9200491609891755736,992806,1491110053
-8618779441754344524,992806,1491110049
3320568563158103372,992806,1491110002
6891663707705582720,992806,1491110041
7971093853508457313,992806,1491110010
-6263443919201067324,992806,1491110001
-5731292672790473116,992806,1491109996
6861600971418304316,992806,1491110043
6337328004992190298,992806,1491110033
-8509488283888565660,992806,1491110043
1950825714687879777,992806,1491110023
-6978044950955064364,992806,1491110038
-3663674697551396695,992806,1491110017
3165140371979139633,992806,1491110044
-8536575360105746986,992806,1491110037
5663453876058162630,992806,1491109996
-6313580343868273955,992806,1491110018
5027995115705446675,992806,1491109999
-9194092399810339121,992806,1491110042
-7065850405178610401,992806,1491110010
-1067085780319003772,992806,1491110038
3801075556847982194,992806,1491110001
-8610595425387193894,992806,1491110015
9012586149575600603,992806,1491110049
2930145680667147229,992806,1491110033
-8528481211718590821,992806,1491109995
4949153104815443474,992806,1491110024
-6968301361867287829,992806,1491109996
-4996587340071875253,992806,1491109996
-6143893215961765069,992806,1491110054
7390539421663039456,992806,1491110009
8646852650776482668,992806,1491110012
8928189582916357994,992806,1491110046
-7726235162627585563,992806,1491110040
2427571573931557711,992806,1491110019
5708095189772533893,992806,1491110038
-4700773408923694458,992806,1491110013
7097330516120791552,992806,1491110017
1949005336229388788,992806,1491110044
-8236833484513411544,992806,1491110010
-5678338133678966745,992806,1491110028
7416272409501111021,992806,1491110036
-1284017965603553715,992806,1491109999
-7734852143313862071,992806,1491110046
3930797467910632820,992806,1491110003
-8662379413365775057,992806,1491109999
5625110655702515322,992806,1491110035
4464685849993450076,992806,1491110052
-2183613202912814738,992806,1491110041
7025727526962503559,992806,1491110015
7083385407542509743,992806,1491110034
5523295328715245255,992806,1491110049
-4496439408389694312,992806,1491110005
-6643467787472771015,992806,1491110017
184803076971737552,992806,1491110014
-3660161343545778885,992806,1491110043
-8271899878108970973,992806,1491110037
-1966161821317553678,992806,1491110029
-4618502022980462724,992806,1491110025
-3880097577904348460,992806,1491110030
-995927217956726501,992806,1491110023
7642396460844308002,992806,1491110047
4701270244822568491,992806,1491110018
8380570103201065669,992806,1491110028
7303987897167337078,992806,1491110036
-7824545715003339450,992806,1491110008
-3941753776776909598,992806,1491110006
-5986569353103594361,992806,1491110035
-8835463570734872745,992806,1491110006
4914388289677724315,992806,1491110041
1312910458630149961,992806,1491110035
-5717132054033748068,992806,1491110043
-70629849333850543,992806,1491110052
-4529429138359887449,992806,1491110003
-7530487827945922910,992806,1491110009
554789456388960729,992806,1491110035
4075178379939375061,992806,1491110011
7519830215884695905,992806,1491110048
-5347256920612554929,992806,1491110000
-2131611722424087597,992806,1491109997
8886176544116153053,992806,1491110016
4351979895562329484,992806,1491110049
-3274389444950914472,992806,1491110042
-8620274595201597438,992806,1491110022
-3097513589750394413,992806,1491110012
-2885217110780720898,992806,1491110030
-4055978454030895382,992806,1491110022
-8648093017936755932,992806,1491110016
6986793687645120428,992806,1491110012
-5116568864894372496,992806,1491110041
-6124468352288316668,992806,1491110030
3321871616180238196,992806,1491110019
2174411602839141854,992806,1491110038
6811016275691567234,992806,1491110035
-2972268180677478263,992806,1491110031
-452787560103321274,992806,1491110021
2162637180650471948,992806,1491110009
-813980519532758065,992806,1491110045
151115850648726483,992806,1491110010
-8213029429872794914,992806,1491110026
7385094677431434478,992806,1491110049
-987683154672848928,992806,1491110015
-2909058077725904198,992806,1491110020
-6303761166162019367,992806,1491110038
-2087003029267630704,992806,1491109999
-7455605602351104299,992806,1491110050
8657978586132496704,992806,1491110004
5092552004614852273,992806,1491110014
-8495717610010687979,992806,1491110028
6679132288358054161,992806,1491109997
7558502337768703284,992806,1491110053
-6288757504314384026,992806,1491110025
2884787574288613186,992806,1491110038
2335843662087227258,992806,1491110030
4976412798635039786,992806,1491110000
8910475483567068987,992806,1491110027
-4155416318563227414,992806,1491110027
818088355063323924,992806,1491110032
-7939549548987870924,992806,1491109998
-346262479959551221,992806,1491110046
4694768044497640689,992806,1491110029
8632080704063978637,992806,1491110046
-7285568156158839176,992806,1491110002
6168131677018213554,992806,1491110025
-5653642764260104913,992806,1491110030
7649863099835997513,992806,1491110005
3122208630018998306,992806,1491110031
5885205852584303354,992806,1491110017
-1100702670576835053,992806,1491110036
6515746071672950675,992806,1491109998
2955120441248370027,992806,1491110039
5110365788285300835,992806,1491110045
-7536472879893563322,992806,1491110001
3614677838113757546,992806,1491110020
5475937545503252201,992806,1491110041
2808301069028135918,992806,1491110008
4945787769849857912,992806,1491110003
-273443411286857091,992806,1491110009
5630723228391061670,992806,1491109996
-9170272794054201995,992806,1491110054
-1474156380536121500,992806,1491110025
7260693814600403498,992806,1491110036
3921463844453015326,992806,1491110043
-6133381646738173617,992806,1491110030
2862907734208424437,992806,1491110017
4957796589050421868,992806,1491110043
7674728121848905504,992806,1491110017
4655572210480808631,992806,1491110017
8383683332428017864,992806,1491110005
-2748296961248034664,992806,1491110030
-5045112764175775552,992806,1491110036
-6262007420062192065,992806,1491109998
-4940133124090512244,992806,1491110009
7551214627134282144,992806,1491110032
-4635525442215115459,992806,1491110047
1827064764699599809,992806,1491110022
4492540575683417969,992806,1491110034
-1950967600062778185,992806,1491110045
8287871016448453141,992806,1491110024
-4976849310365853840,992806,1491110013
-3696665887096301653,992806,1491110040
-2293725047207778251,992806,1491110024
889176251232845602,992806,1491110021
-8684006352515226540,992806,1491110047
4803781014596090840,992806,1491110030
1111588582846029033,992806,1491110028
-7478303256396671413,992806,1491110011
-9014158496060270840,992806,1491110020
-3005391256364148264,992806,1491110012
5692597971945806718,992806,1491110024
-7347874857884222715,992806,1491110018
-4606352094569594989,992806,1491110032
4865296830722589086,992806,1491110006
-7326726441475811354,992806,1491110020
4685395751521084353,992806,1491109994
4456067531925031434,992806,1491110033
7707976366441230705,992806,1491110035
7629722763855069588,992806,1491110018
-3305160835993778654,992806,1491110027
-6481580074384148860,992806,1491110050
3719519773319663795,992806,1491110044
8205703671273019807,992806,1491110031
-683896985724363934,992806,1491110015
4485889890858410121,992806,1491110024
-8895560478256179017,992806,1491110020
-3076354697164962659,992806,1491110048
5101197551887315696,992806,1491110032
-7344571074165217664,992806,1491110006
-6202163054680113875,992806,1491110030
6950531983521681547,992806,1491110042
-5937916150108830598,992806,1491110038
6441718099002736324,992806,1491110024
-7673179778300453725,992806,1491110030
4782894175163966404,992806,1491110015
-3338805606836432172,992806,1491110024
-7960571218635790381,992806,1491110003
8262760977440977181,992806,1491110025
7280987414645627927,992806,1491110023
82126664842315165,992806,1491110031
5236505570104977970,992806,1491110046
676990836667784479,992806,1491110050
814468183782626021,992806,1491110022
-8131872258954834633,992806,1491110024
6106084520350585821,992806,1491110033
7815777472539456086,992806,1491110023
-7396533645741690959,992806,1491110041
-6298931364374860994,992806,1491110037
-3210748770847768648,992806,1491110035
-1855083444586374084,992806,1491110022
3100864244359351037,992806,1491110047
-4512055135068174322,992806,1491110045
-3982461193466027643,992806,1491110023
2466787275736809,992806,1491110036
3016862838205670982,992806,1491110026
3112593667035773032,992806,1491110021
2260308474072878171,992806,1491110010
2810343675544088937,992806,1491110010
-5793295352259324863,992806,1491110019
8451203380854467647,992806,1491110049
4244523653729057301,992806,1491110023
3373885819649641525,992806,1491110041
-5205513065135963837,992806,1491110019
-8946447646592160523,992806,1491110003
6763747939945396917,992806,1491110023
3768870242256685466,992806,1491110030
-2019073043473707817,992806,1491110007
7952852795561170870,992806,1491110006
-8362563103514652652,992806,1491110006
8427869634774502453,992806,1491110043
8572325358191439143,992806,1491110030
-3183177510978059524,992806,1491110026
4481189287037269094,992806,1491110035
2002089567839924135,992806,1491110020
-7879432223514062623,992806,1491110014
4321717169281922980,992806,1491110019
6065919140413604292,992806,1491110024
351216512596968707,992806,1491110043
6137819873121659598,992806,1491110020
-2322250294219424772,992806,1491110032
-251688734805972942,992806,1491110053
-3947141975824200289,992806,1491110047
5324977142737455546,992806,1491110039
-8954395945075717208,992806,1491110037
-249491467335663688,992806,1491110033
-8879346852636531053,992806,1491110042
-54964193146863655,992806,1491110040
8863571725642806249,992806,1491110026
6547374074892514477,992806,1491110016
8058322453546860027,992806,1491110027
5141321533989339445,992806,1491110031
6459855632622777726,992806,1491110032
-2880524310035065208,992806,1491110018
-6916737945525034076,992806,1491110039
8581151362363250894,992806,1491110027
4715851650720080784,992806,1491110051
-7259903793002295354,992806,1491110025
-5215674783540662352,992806,1491109996
-1773619026353732252,992806,1491110040
2408968734591126214,992806,1491110043
-7496326278220341819,992806,1491110052
-2595759668133828455,992806,1491110039
4646494958217300070,992806,1491110027
3303870585687313825,992806,1491110053
7777245977704011361,992668,1491110042
1866972617548581442,992668,1491110011
8485633281235312551,985447,1491110002
5478726689238085789,992638,1491110004
2097460615549605565,992642,1491109934
-4257586883155411096,992642,1491110013
8137053267156591477,992726,1491110013
226585365301166028,992726,1491110041
-8880488823365314527,992726,1491110005
-8011340306849781408,992726,1491110010
-490808212339876313,992726,1491110018
-7352316884295035944,992726,1491110032
2174315975453886947,992726,1491110050
-1570843633563411052,992726,1491110051
8296534706255157215,992726,1491110050
-560034578790427814,992726,1491110033
6944982649667968467,992726,1491110002
6683862466259168652,992745,1491110044
9186957173861146290,992745,1491110046
3022295076502206336,992745,1491110011
-7828611733659297053,992745,1491110038
-7734555216209769272,992745,1491110030
-5836547023549076539,992745,1491110043
6268909355256429407,992745,1491110008
8443549027654276611,992745,1491110047
705511190671324690,991826,1491110024
3985455004922218073,988895,1491110005
8678714720371600490,992720,1491110009
-3261179356666897287,992720,1491110040
-5748224289914450369,891795,1491110006
-2449503980964824462,992409,1491110037
324836735117747346,992139,1491109997
928692448222279023,992139,1491109997
3864764368456742257,992139,1491110051
-2330134714526997417,992139,1491110043
-5186879900211928438,992139,1491110048
-9176819525289573227,992139,1491110015
-598823666432535647,992139,1491110026
7145921856708281118,992349,1491110015
-1720387292507583530,992736,1491110038
-5836547023549076539,992736,1491110043
-6538469828316976458,992736,1491110031
9186957173861146290,992736,1491110013
8443549027654276611,992736,1491110047
-7734555216209769272,992736,1491110030
6268909355256429407,992736,1491110008
-7828611733659297053,992736,1491110031
-3596895672630486533,992736,1491110048
8448806617108936121,992736,1491110004
-4536897573697753519,992736,1491110028
-2999249225562633810,991888,1491110050
-4282735508982562741,991566,1491110032
-9050694579477705521,992750,1491110026
8448806617108936121,992750,1491110004
-1662831888852698836,992750,1491110013
4704007814964749411,992750,1491110026
-6002045420680264610,992750,1491110016
3456577653711945599,992750,1491110002
8190785979583173927,992750,1491110040
-7828611733659297053,992750,1491110026
-2091897150952661656,992750,1491110047
6268909355256429407,992750,1491109997
7729269428092176911,992750,1491110032
654025613831293351,992750,1491110049
7116841159769680430,992750,1491110028
-1196747694981555900,992750,1491109999
-4536897573697753519,992750,1491110028
-3528488025569514557,992750,1491110017
8158235444741442056,992750,1491110028
-3871223992654076012,992750,1491110012
-4019424815899162143,992750,1491110023
-8264402524576471555,992750,1491110016
6668388076429602049,992750,1491110032
-6766162490712339964,992750,1491110054
-6293800395720092351,992750,1491110037
-8402316784621818868,992750,1491110041
-3988489364824293899,992750,1491110023
-7197509072220885519,992750,1491110037
4035593983706698561,992750,1491110053
1557650759455042590,992750,1491110052
8984536502531710516,992750,1491110051
-8690249883456733670,992789,1491110017
8239371199185518486,992789,1491110017
-9222087019871511134,992789,1491110023
2341874521994050666,992789,1491110019
-4011241831746243703,992789,1491110046
-1914001733350357311,992789,1491110012
6718577739345230473,992789,1491110022
-6829877586458049734,992789,1491110011
-1906309274071470622,992789,1491110049
6349435069479400783,992789,1491110032
-7267076451509375267,992789,1491110044
-1973062461119729052,992789,1491110053
-3705827818237721552,992789,1491110006
6461680743074190823,992789,1491110012
6034556912319553305,992789,1491110042
67942399574964752,992789,1491110044
1220816758127873989,992789,1491110040
-200052462661000840,992789,1491110017
-5873320396847554069,992789,1491110052
5538654532754725232,992789,1491110004
1552085373820807112,992789,1491110000
-6872007399506534226,992789,1491110038
-4538010360254679999,992789,1491110020
-8696259683112892499,992789,1491110051
-99445882902695343,992789,1491110040
659340712511886877,992572,1491110016
-3138586429015681271,992715,1491110032
-4067314686250138593,992715,1491110037
6559685576331243496,992152,1491110003
-9045616380747877295,951665,1491110009
4879468792616515913,992359,1491110048
4170126400950432323,933698,1491110016
7064508642829120192,992762,1491110009
-2503119558616518464,992762,1491110007
491673172126296189,992762,1491109999
-8791400702910822699,992762,1491110031
9150174545503436334,992762,1491110015
5040219800355795763,992762,1491110053
-5717662973323574391,992545,1491110031
-3336213651721894110,992553,1491110044
6465723001173659059,992553,1491110044
-8059717633209665975,992553,1491110047
-2000257151665869209,992538,1491110043
-8691549970673453234,992817,1491110007
-110801209505977599,992817,1491110035
-1824177847668207026,992817,1491110038
-2840133536763790039,992817,1491110033
-8854110990188655406,992817,1491110028
-4948799644054672777,992817,1491110025
8462405780667735909,992817,1491110039
-1278092950877000935,992817,1491110016
8275647668945544970,992817,1491109995
2467717825929677847,992817,1491110003
-84071906592327446,992817,1491110002
-3334026883395821188,992817,1491110045
-3243658663210190385,992817,1491110045
6858662571735614423,992817,1491110046
7883248618774444875,992817,1491110033
-856478310729474626,992817,1491110051
-3297841082741501817,992817,1491110021
-1322090541387326332,992817,1491110018
5168467650164678031,992817,1491110051
128695789390413725,992817,1491110034
-8699905113041388071,992817,1491110023
-6537275334204923936,992817,1491110011
-2050002077994095787,992817,1491110053
9057488030902764838,992817,1491110030
3846990702287313131,988224,1491110013
-8321581324529091702,992596,1491110038
-2449503980964824462,992413,1491109996
-1284547338711839709,992039,1491110001
5175683451929112875,992039,1491110049
-1266043919078679330,992039,1491110028
-6036565753930341357,992039,1491110010
1753164188279653845,992039,1491109995
-8385980264520745356,992740,1491110035
-1531829570894679648,992740,1491110014
-2787377717652089286,992740,1491110001
6213964575638463311,992740,1491110017
-547665633242309741,992740,1491110042
596091658104303008,992504,1491110013
-8366640911089804563,991428,1491110025
5917214936197755948,342385,1491110052
3211907792355969681,989630,1491109996
-6474168286393563975,989630,1491110048
-2732534559419460584,880877,1491110023
-2658476801425373732,992612,1491110035
1657028745187837363,992612,1491110022
4871908523458595585,989011,1491110027
-1814309014327534466,992514,1491110022
2582440643745980572,914941,1491109997
1493393933491255011,992727,1491110020
6897605950148060034,992727,1491110020
-2787377717652089286,992727,1491110032
6859204266373872215,992727,1491110007
1736048263325830226,992727,1491109999
-2544986297796817048,992727,1491110008
6796707179112827254,992813,1491110008
1145926260870575209,992813,1491110014
5472375298441258561,992813,1491110045
1002322033408911363,992813,1491110053
8074011761762537709,992813,1491110028
6043228716390844305,992813,1491110001
5113088413506503627,992813,1491110021
8006327454700714185,992813,1491110001
-7576974544601665807,992813,1491110035
5313122232859143131,992813,1491110006
-4575738932898619513,992813,1491110008
-3042118979178175987,992813,1491109996
-5599373853597897571,992813,1491110030
6315968355921927780,992813,1491109996
-6132333598863654046,992813,1491110021
-8386084298658412529,992813,1491110029
-7517188180116654542,992813,1491110028
3441036285125214481,992813,1491110041
-5234424259195787288,992813,1491110036
-2826196295761901292,992813,1491110018
-1299139538270314474,992813,1491110019
3337914993513367387,992813,1491110003
-5770443335589926736,992813,1491110046
9060404566133354535,992813,1491110046
3686503304971889803,992813,1491110032
2500730562535524530,992813,1491110017
-70244133173432169,992813,1491110024
-2736640999356666758,992813,1491110027
-1979489853764284432,992813,1491110041
-3316087849298702480,992813,1491110025
333366755034050754,992813,1491110045
615760763425240919,992813,1491110015
8822781844828513380,992813,1491110051
2045118512289829826,992813,1491110040
-6723115719282369293,992813,1491110043
5604704526402748540,992813,1491110054
-7640731621740605929,992813,1491110020
3805970487518896901,992813,1491109996
655755003979009986,992813,1491110003
9002206589343026534,992813,1491110031
3472973049486915699,992813,1491110051
-4146320052090530390,992813,1491110008
-5685774028953503801,992813,1491110024
8404325351232644461,992813,1491110042
-8734458036690102751,992813,1491110041
4511669491136739806,992813,1491110004
1412499428905478989,992813,1491110009
2226180925741358964,992813,1491110001
8638410914271234350,992813,1491110012
-3377440890142064086,992813,1491109999
189004689874390953,992813,1491110007
-7340419304337788292,992813,1491110037
-8698014081846591701,992813,1491110029
-5222473188371255631,992813,1491110017
3595440014419846970,992813,1491110022
-8200568264443398266,992813,1491110033
3363076666241335557,992813,1491110009
4805285621905141389,992813,1491110045
-9111769148625240326,992813,1491110044
-415247104643647016,992813,1491110018
-3076354697164962659,992813,1491110003
7497415228232654916,992813,1491110005
-7797255466677499942,992813,1491110024
7832055240531382444,992813,1491110003
4707294156136846772,992813,1491110009
1405281794740376301,992813,1491110041
783674258605552062,992813,1491110010
5957557964393095884,992813,1491110017
7954425289307404550,992813,1491110051
-1279895682972129718,992813,1491110027
1084249093532949574,992813,1491110026
-3962492227150386706,992813,1491110018
-1890606396702749355,992813,1491110032
-8051294134462047759,992813,1491110037
-1040658603145288827,992813,1491110038
2342821667832984914,992813,1491110022
-141463053279404731,992813,1491109997
-6433001885734703364,992813,1491109995
-7957302396618782125,992813,1491110044
-7188340353204391778,992813,1491110009
-7227953241506749421,992813,1491110040
7700069694387797311,992813,1491110045
3774372694286525682,992813,1491110026
-3712334369905041785,992813,1491110017
-8722860476639519887,992813,1491110030
-4351082107885561573,992813,1491110029
9107499173575746172,992813,1491110037
8775899915013757226,992813,1491110008
5069621604892643576,992813,1491110045
3920792770980465172,992813,1491110021
-4948799644054672777,992813,1491110037
-2368843496349675014,992813,1491110011
4862259744077792381,992813,1491110046
1712767364479836090,992813,1491110007
-8726810407405990331,992813,1491110053
-3322436155687622893,992813,1491110029
-6984999447839289472,992813,1491110049
7382163607589693658,992813,1491110036
-9045747832464446414,992813,1491110046
6579989813623729715,992813,1491110048
-123889694117543555,992813,1491110031
1816481322244235261,992813,1491110033
642921947066091121,992813,1491110018
-2466470053180610593,992813,1491110044
-5539818919226551961,992813,1491110044
-424049062844717916,992813,1491109996
2350695862682211141,992813,1491110003
-8724218809344884006,992813,1491110028
-6300549360881812279,992813,1491110044
-8259367648430535713,992813,1491109999
5792943899306025225,992813,1491110047
-8404285427266232776,992813,1491110002
-8890743057325785763,992813,1491110002
-4965468514870597145,992813,1491110032
-4024455829511541098,992813,1491110010
1867119206337839717,992813,1491109999
2286461890406293293,992813,1491110039
579507723095064290,992813,1491110045
-6346896286291138465,992813,1491110047
7097781176802669849,992813,1491110018
7436545019091194321,992813,1491110013
-6281107271664680633,992813,1491110005
8751595330604541122,992813,1491110026
-5917723439304812312,992813,1491110006
6727280687195091167,992813,1491110045
-6362729594955867701,992813,1491110023
-4360073382855104695,992813,1491110023
683264038435983023,992813,1491110006
-4447691730671848078,992813,1491110033
4246928919796011061,992813,1491110045
4772847051817258418,992813,1491109995
5145461098391746962,992813,1491110018
-7146304002248350771,992813,1491110013
-4912426295061277576,992813,1491110049
-7321382443675796629,992813,1491110020
-191674826475370932,992813,1491110053
7489931190138087214,992813,1491110023
-1705778091131585153,992813,1491110032
4244523653729057301,992813,1491110045
-8311661243915259779,992813,1491110047
4283110212591691615,992813,1491110040
-7571313529449720529,992813,1491110014
-3688592122175794770,992813,1491110023
-4219428890958548035,992813,1491110050
-5255695643187823080,992813,1491110025
6031451929791388828,992813,1491110041
-3964425132463661188,992813,1491110006
-7721718723495689421,992813,1491110054
984806550648742263,992813,1491110035
-6747323284930700376,992813,1491110047
4136234683496986470,992813,1491110014
2519444605455171078,992813,1491110018
-8089008328574195103,992813,1491110043
2811803703725376870,992813,1491110054
4073263805471290956,992813,1491110013
-636361922829505277,992813,1491110035
-8307229739439497596,992813,1491109996
2302542847856612274,992813,1491110050
-8183594641489181373,992813,1491110027
7204446709676658647,992813,1491110013
-8164042808006410870,992813,1491110039
-8489136016566083604,992813,1491110025
5996866405274176982,992813,1491110019
6339886132212938077,992813,1491110022
1144634123972905365,992813,1491110044
5183635276892038719,992813,1491110053
1898319075892610237,992813,1491110000
-8939198043941396118,992813,1491110022
6323386239786523448,992813,1491110024
4743162283274629473,992813,1491110037
-43954254745437309,992813,1491110051
-500759303896457638,992813,1491110018
4661642614620524332,992357,1491110021
-4555504841548028839,992684,1491110004
-3859200853914687316,992684,1491110036
-3125752772521280200,992684,1491110014
-4059524213829235907,880391,1491110009
-8368228518742763437,992088,1491110051
-3905295330315202390,992088,1491109997
-4698029201263345435,992088,1491110039
4548063303263831679,992088,1491110036
7390024250734008559,992188,1491110034
-8898579557616672440,992188,1491110020
-5238943749437079304,986556,1491110021
-4239514533267916098,992777,1491110047
-506238745003717939,992777,1491110022
-6753149577915523359,992777,1491110043
8383133844344010617,992777,1491110051
1662047819458532212,992777,1491110026
-167454806954808019,992777,1491110020
1707050300896119744,992777,1491109996
-1952399329248839379,992777,1491110019
-7486816995588317923,992777,1491110033
-7960666223892052256,992777,1491110047
8085708207846943137,992777,1491110046
8407588463146607472,992777,1491110003
8186042216239752291,992289,1491110023
-8326739596014157173,979695,1491110044
7088127539623256648,992758,1491110048
-4190267735151709455,992758,1491110050
-7110279377637942707,992758,1491110009
-531025855230851746,992758,1491110045
5128819958567779650,990094,1491110043
2275353590460617299,990094,1491110046
4940898534244443887,992562,1491110048
-8641022539556702342,405142,1491110009
-8641022539556702342,405035,1491110009
-8127340857714158012,992031,1491110033
-5234200297155789191,992692,1491110050
-8166319413209157633,914135,1491110023
-121088218597912645,908952,1491110052
-7484250975123176767,992769,1491110052
1559331138338757820,992769,1491110012
6413494292693438485,992769,1491110027
8501617982704754197,992769,1491110017
-2013046572169830806,992769,1491110026
2684243486027914564,992769,1491110018
7577368479436368709,992769,1491110012
-167454806954808019,992769,1491110053
1662047819458532212,992769,1491110051
8187697039715778171,992769,1491110040
6897605950148060034,992735,1491110020
1736048263325830226,992735,1491109999
-2787377717652089286,992735,1491110032
-8385980264520745356,992735,1491110046
-8059574603557301628,992735,1491110039
3340790125473957269,992793,1491110047
150670503311443760,992793,1491110010
644640043575742562,992793,1491110029
-1373983224171180856,992793,1491110023
-5873320396847554069,992793,1491110016
3151430263488891792,992793,1491110029
3245791242861068275,992793,1491110021
2391465152975834498,992793,1491110050
-1906309274071470622,992793,1491110000
-3705827818237721552,992793,1491109996
-2596111056091270155,992793,1491110020
-8563881715970337258,992793,1491110012
1065263599617813449,992793,1491110052
-1973062461119729052,992793,1491110028
-7267076451509375267,992793,1491110034
740984663226609727,992793,1491110039
4697934124045012759,992793,1491109996
9089209008287288299,992793,1491110046
-7220587919001015308,992793,1491109996
8112654887964054585,992793,1491110028
-8819056744674093259,992793,1491110044
5838042537549860735,992793,1491110043
-6988264707181782628,992793,1491110051
2304769111043142211,992793,1491110051
5449626470378791197,992793,1491110051
1662047819458532212,992772,1491110051
-167454806954808019,992772,1491110047
-2013046572169830806,992772,1491110002
7577368479436368709,992772,1491110003
2684243486027914564,992772,1491109996
8634112871675760479,992772,1491110002
1707050300896119744,992772,1491110001
375847808831618843,984652,1491110005
8175054554022356963,992749,1491110002
6996856575725792973,992749,1491110018
-6359065054468458086,136253,1491110027
-2089056123664857044,992580,1491110020
6610351531314935180,992580,1491110051
-84071906592327446,992812,1491110033
-4267101645312475069,992565,1491110018
-2652818591655101326,992565,1491110038
4703018080431847614,992554,1491110036
-2090588126422588652,992554,1491110020
-5685924159604020020,992554,1491110014
-8819056744674093259,992554,1491110029
7604979915920184850,992554,1491110045
3776043905061593413,992554,1491110027
-6222734862486843801,992554,1491110021
-1060325184070512310,992554,1491110042
7683244308889088130,992554,1491110026
-7583894035709420119,992554,1491110047
6248776105292359245,992554,1491109995
-6525214893795081564,992554,1491110031
-8549612419274400171,992554,1491110012
8562365444562794939,992554,1491110002
-8621883230754499436,992554,1491109999
-3613577178559303735,992554,1491110007
3352832453737020228,992554,1491110049
1328962485770378833,992554,1491110011
-7184026108082113640,992554,1491110030
-5658072594212216231,992716,1491110035
-4687902607541714124,992716,1491110014
8478310254746250010,992716,1491110025
8678714720371600490,992716,1491110037
4115115576516156702,991305,1491110000
6154186726725341909,992010,1491110049
-63156868068024745,992764,1491110032
-6611951103343147154,985050,1491110047
-5221933758858235688,992779,1491110019
-5696069937367241115,992779,1491110030
-1236382420446145069,992779,1491110050
6856063847216925057,992779,1491110033
7268160627321012470,992779,1491110022
6954136533572536765,992779,1491110027
-5199851417093803938,992779,1491110003
-4770195742979611389,992779,1491109995
4295116948128396279,992779,1491110032
-9002415876849379471,992779,1491110052
6932865849291340313,992779,1491110001
-2475269236044299642,992779,1491110052
6804503470427991197,992779,1491110018
-140516482532779315,992779,1491110041
2724055938293555626,992779,1491110014
6307039883036521407,992779,1491110044
7199577304862604027,992779,1491110030
-157423090279276177,992779,1491110054
1680432823666875669,992779,1491109997
2327348348387271809,992779,1491110047
6507791892990710961,992779,1491110040
-784997641066652235,992779,1491110030
-2498912694046225802,992779,1491110048
-7486816995588317923,992779,1491110018
1559331138338757820,990383,1491110039
-7467607950090254971,992145,1491109998
2941892596986643237,992759,1491109996
7088127539623256648,992759,1491110015
-5474340468367891901,992759,1491110044
5554434227023882980,992759,1491110040
-2503119558616518464,992759,1491110047
-531025855230851746,992759,1491110000
7265000708704003927,992713,1491110019
3855683564726348445,976415,1491110001
-2268641013300901713,992687,1491110033
8609479374655660281,992687,1491110035
382169848660010335,992687,1491110012
-7295423367137897019,992687,1491110047
5999039997309988190,992687,1491110032
5109726213271072636,992687,1491110018
7427644278004453263,992687,1491110010
2429410780657087213,991841,1491110005
376851105444461612,992200,1491110025
-6505628150184680006,992200,1491110033
5796656882786371336,992200,1491110051
7524987651207428710,992200,1491110014
-7546063179763211161,992143,1491110027
7770772194874825296,989131,1491110016
753178279937476880,992631,1491109997
54932227927042783,992631,1491110030
563757375051850660,992631,1491110029
5592668536371480625,992810,1491110028
-8438296617777107257,992810,1491110021
8233575486874677067,992810,1491110043
-3165647568216384424,992810,1491110039
6991336006137105359,992810,1491110008
31451643030330614,992810,1491110002
-3106643580822225205,992810,1491109995
2171133970447214930,992810,1491110024
-2434082527025037107,992810,1491110026
-3076354697164962659,992810,1491110021
9002206589343026534,992810,1491110044
82940409432379719,992810,1491110054
-2306824220597844393,992810,1491110002
8006327454700714185,992810,1491110042
3363076666241335557,992810,1491110039
-7517188180116654542,992810,1491110049
-1890606396702749355,992810,1491110050
7831253349314402662,992810,1491110001
-3377440890142064086,992810,1491110053
1084249093532949574,992810,1491110039
985173868718484961,992810,1491110051
4846805788602593460,992810,1491110021
-3874448668938764581,992810,1491110018
-2549702317490148434,992810,1491110000
-5954296742190070053,992810,1491110030
3805970487518896901,992810,1491110047
-7576974544601665807,992810,1491110054
-4407657911138287280,990301,1491110041
-1478371597190949179,992801,1491110051
-5115387227221065116,992801,1491110019
600266698732982683,991756,1491110003
-8106159449030203741,991756,1491110027
-2293212536245904239,991756,1491110046
-4465088865458309946,991756,1491110015
1235173124428787125,897254,1491110035
-8991529405211941199,991662,1491110007
-7091107265906683966,991662,1491109999
7611833258115374433,991662,1491110054
8194907041396372135,991662,1491110050
-1226203157923773330,343517,1491110027
5926300035702445577,992462,1491110006
-5717662973323574391,992506,1491110037
-63599272358684457,990070,1491109998
-2205132324311009176,992343,1491110013
2233226036829262887,990837,1491110001
6154186726725341909,990246,1491110054
943661155498215033,931135,1491110052
-1334584454970906210,990998,1491110029
2962735381626912596,992768,1491110050
-7000653822657755176,992768,1491110043
2245424850496731133,419761,1491110033
1420218325927340912,992003,1491110023
822485697171570152,989665,1491110019
2847984846945285764,992537,1491110029
7265000708704003927,992537,1491110019
-376703355994673724,992791,1491109996
1866972617548581442,992670,1491110011
7777245977704011361,992670,1491110042
-4481201102635826461,992458,1491110002
-7901795701145779238,992169,1491110054
-1819082131640590947,989818,1491110015
6559685576331243496,992162,1491110034
-8670685457967490571,992798,1491109996
-911319034883773746,992798,1491110020
-1339247560028918163,992798,1491110037
-4570678041576396195,992798,1491110044
-2624699326015163420,992798,1491110037
-6625459344779169360,992798,1491110016
1961230398551143206,992798,1491110015
-7835331443913862855,992798,1491109999
-3402784201871946229,992798,1491110026
-739180826950110329,992798,1491110003
7058955141782911100,992798,1491110007
-825664185424480670,992798,1491110004
1355972349381471769,992798,1491110025
3228161923205034160,992798,1491110049
4189182197212250326,992798,1491110040
-7650819250486626415,992798,1491110023
-8098130690126108512,992798,1491109998
-3431970955951196764,992798,1491110011
-7267076451509375267,992798,1491110003
5838042537549860735,992798,1491110001
-4620816946695053178,992798,1491110052
448781326771989757,992798,1491109997
-7824545715003339450,992798,1491110038
5204839178144339038,992798,1491110015
5397941467490961919,992798,1491109996
-3718297444218349239,992798,1491110042
-8936581867734972936,992798,1491110045
1143545471090330279,992798,1491110014
184803076971737552,992798,1491110050
-426700304593479915,992798,1491110039
-4640456263215582148,992798,1491110046
4866752039193280623,992798,1491110053
-8990902449002999007,992798,1491110046
8243946295829362140,992798,1491110052
2174315975453886947,992724,1491110050
2667563889191177542,992724,1491109995
-490808212339876313,992724,1491110010
226585365301166028,992724,1491110012
-4403495198099226592,992724,1491110020
6261830138176184883,992603,1491110053
-2243691069870036875,992603,1491110043
8651798122657150662,992603,1491110011
3269477595137897589,992603,1491110010
6566574765651297616,992603,1491110053
-4839582882904734135,992603,1491110022
-2107734645560211606,966491,1491110053
-5974641650001626105,987194,1491110009
8398719454363934763,992809,1491110030
-6670339776163278813,992809,1491110041
4680682890587799272,992809,1491110005
2220583471866868846,992809,1491110047
-1474156380536121500,992809,1491110001
-3274389444950914472,992809,1491110011
2171133970447214930,992809,1491110052
-3076354697164962659,992809,1491110038
-5986569353103594361,992809,1491110005
31451643030330614,992809,1491110007
4841108300146256716,992809,1491110016
7416576227461466575,992809,1491110008
5592668536371480625,992809,1491110028
9002206589343026534,992809,1491110044
-3165647568216384424,992809,1491110039
-2434082527025037107,992809,1491110026
8795702487812128245,992778,1491109995
4011361605225221060,992778,1491110049
-3780717990714285207,992778,1491110031
5693369408248906330,992778,1491110033
6932865849291340313,992778,1491110040
-5221933758858235688,992778,1491110046
-5199851417093803938,992778,1491110046
6987453127746455950,992778,1491110020
5136776421696399414,992778,1491110008
2724055938293555626,992778,1491110041
-4381333096696122719,992778,1491110012
-7486816995588317923,992778,1491110023
-5257770601316621578,992778,1491110049
6954136533572536765,992778,1491110027
-5075433699904246757,992778,1491110008
7199577304862604027,992778,1491110054
-4770195742979611389,992778,1491110000
7268160627321012470,992778,1491110054
-1890606396702749355,992816,1491110025
-6900898525160967891,992816,1491110024
-4351082107885561573,992816,1491110029
333366755034050754,992816,1491109995
5145461098391746962,992816,1491110018
-8051294134462047759,992816,1491110029
-1824177847668207026,992816,1491110048
6410575843364753702,992816,1491110013
-1627126072531852570,992431,1491109998
-7637389389956269607,992431,1491110023
6532303051744371262,992431,1491110042
-5186879900211928438,992431,1491110035
8376173817721939068,992431,1491110053
1131231742142407525,992431,1491110029
-1962677760195120976,992431,1491109997
2805250602269002511,992431,1491110014
4503020404046894145,992431,1491110049
7460223110371189154,992431,1491110016
7775129335987218851,992431,1491110023
8635003259059246319,992431,1491110022
558185824803260483,992656,1491110013
-9092345717488723811,992656,1491110040
-4004307390052789584,992656,1491110050
7390754391271193027,992656,1491110051
2667563889191177542,992746,1491109996
-4536897573697753519,992746,1491110026
-8264402524576471555,992746,1491110016
-1455072373782267122,992746,1491110047
-141272907694419376,992746,1491109996
-3528488025569514557,992746,1491110017
-7448661988141508412,992746,1491110044
-6766162490712339964,992746,1491110054
-3677514413805426347,992746,1491109998
-7266021528458572032,992746,1491110047
8984536502531710516,992746,1491110049
-7828611733659297053,992746,1491110000
8175054554022356963,992746,1491110053
-2130865977795107806,992746,1491110009
6018790765361127131,992746,1491110013
-7821509929393529200,992746,1491110048
-3941753776776909598,992746,1491110011
70345471582072433,992746,1491110035
7226517735220014142,992746,1491109996
-7849601188477550823,992746,1491110044
4789060017837810038,992746,1491110039
6996856575725792973,992746,1491110028
-6764118427566659386,992746,1491110023
-4219428890958548035,992746,1491110005
4536657862355529217,992746,1491110036
8529928996669789283,992746,1491110019
-5161704550259177048,992746,1491110004
-2107734645560211606,75792,1491110035
-8953239382159491917,956510,1491110048
6313716394660954216,945201,1491110019
8175054554022356963,992747,1491110053
6018790765361127131,992747,1491110013
-7828611733659297053,992747,1491109996
7226517735220014142,992747,1491109996
-1339370138435939832,992747,1491110025
6996856575725792973,992747,1491110028
-6661625517102774084,986967,1491110021
8221535216852375777,992195,1491110013
324836735117747346,991568,1491110030
-5061537689334247087,991568,1491110018
5446330594713617123,974441,1491110003
4386546248976805203,992220,1491110037
-8059717633209665975,992615,1491110019
1657028745187837363,992615,1491110007
-9127665233949050580,992615,1491110018
-2000257151665869209,992549,1491110014
-8930271278787877305,992611,1491110035
1556557091332217017,992611,1491110017
-3197830107635114869,992611,1491110008
5382117076657243716,992611,1491110053
8508659755505659216,992611,1491110032
930930259588672894,992800,1491109997
9205694133079146001,992800,1491110054
2304769111043142211,992800,1491110032
1106756966573137763,992800,1491110042
8881754676508689973,992800,1491110029
448781326771989757,992800,1491110044
-222622810736321961,992800,1491110000
8593714029164283345,992800,1491110004
-8670685457967490571,992800,1491110017
7058955141782911100,992800,1491110027
-7835331443913862855,992800,1491110017
-3402784201871946229,992800,1491110041
-3431970955951196764,992800,1491110022
-7824545715003339450,992800,1491110049
-7267076451509375267,992800,1491110013
-4570678041576396195,992800,1491110052
5204839178144339038,992800,1491110024
5838042537549860735,992800,1491110006
-7650819250486626415,992800,1491110027
-4620816946695053178,992800,1491110052
1961230398551143206,992800,1491110015
3228161923205034160,992800,1491110049
-2624699326015163420,992800,1491110037
-739180826950110329,992800,1491110003
-1339247560028918163,992800,1491110037
1355972349381471769,992800,1491110024
-6625459344779169360,992800,1491110016
-8098130690126108512,992800,1491109998
-825664185424480670,992800,1491110004
-5118435139081397464,972031,1491110024
-1814309014327534466,992505,1491110022
7268160627321012470,992783,1491110010
6856063847216925057,992783,1491110021
-5696069937367241115,992783,1491109999
6954136533572536765,992783,1491110019
-784997641066652235,992783,1491110030
-2475269236044299642,992783,1491110047
-2498912694046225802,992783,1491110048
6507791892990710961,992783,1491110040
7199577304862604027,992783,1491110029
6932865849291340313,992783,1491109996
-1236382420446145069,992783,1491110031
6307039883036521407,992783,1491110042
-157423090279276177,992783,1491110054
-140516482532779315,992783,1491110038
2724055938293555626,992783,1491110011
-9002415876849379471,992783,1491110047
4557552665791175519,992783,1491110054
2327348348387271809,992783,1491110046
-6366615162790493003,992783,1491110024
4295116948128396279,992783,1491110021
6804503470427991197,992783,1491110014
1680432823666875669,992783,1491109997
-7486816995588317923,992783,1491110017
1358417555508302589,992783,1491110043
2775684158285892186,992783,1491110019
-4992439263873673838,992783,1491110039
-6097697830797094604,992783,1491110047
-1537083398178668672,992783,1491110044
-4985732972940899580,992783,1491109998
131568825232954915,992783,1491110011
1927270348655019506,992783,1491110001
-1135730662497693591,992783,1491110007
-622220722859664274,992783,1491110017
-4019040434103403717,992783,1491110014
-2135084257333331734,992783,1491110003
-6409548503222843037,992783,1491110008
3526734996033984117,992783,1491110040
-7772956494154354306,992783,1491110025
3899716939509143825,916669,1491110007
818222548726584565,884122,1491110014
-2664295172758894338,991545,1491110007
7675199714407222024,991545,1491109995
8770299897977449430,991545,1491109996
5192866576756466105,991545,1491110030
7216181936451465845,991545,1491110044
7900842276400437158,992673,1491110009
-9060801208646334904,992673,1491110004
8574431478228847326,992799,1491110030
4866752039193280623,992799,1491110053
-2624699326015163420,992799,1491110017
-426700304593479915,992799,1491110039
3964467054636423350,992799,1491110034
-3402784201871946229,992799,1491110011
4293131435722427956,992799,1491110021
1355972349381471769,992799,1491110013
-6625459344779169360,992799,1491109996
-3718297444218349239,992799,1491110042
-8990902449002999007,992799,1491110046
-8936581867734972936,992799,1491110045
-4570678041576396195,992799,1491110020
5762799817111354824,992799,1491110027
-1339247560028918163,992799,1491110007
-4640456263215582148,992799,1491110046
-825664185424480670,992799,1491109995
-3431970955951196764,992799,1491110004
-7824545715003339450,992799,1491110033
3228161923205034160,992799,1491110040
5838042537549860735,992799,1491109996
8243946295829362140,992799,1491110053
7058955141782911100,992799,1491109996
-4620816946695053178,992799,1491110047
5452522986812634418,992799,1491110045
5204839178144339038,992799,1491110010
4189182197212250326,992799,1491110034
7266434080804407507,992799,1491110002
184803076971737552,992799,1491110050
-7267076451509375267,992799,1491109997
-7650819250486626415,992799,1491110016
8646852650776482668,992799,1491110040
3867605866062039446,992799,1491110049
-7734852143313862071,992799,1491110054
-4946890189160017927,992799,1491110006
-7777851409652388416,992799,1491110053
-318776057669457713,992799,1491110015
-1994392020462117961,992799,1491110017
7213418669996112297,992799,1491110012
5721140509819047310,992799,1491110049
-2668011015984782524,992799,1491110029
-2322281194051347535,992799,1491110040
-4076331174631863115,992799,1491110050
4135466345443270551,992799,1491110027
5862862958778258620,992799,1491110012
6852752427751996129,992799,1491110033
4732822664625573612,992799,1491110054
-5408989752029262920,992799,1491110023
-756923964623376245,992799,1491110046
3990592681688303449,992799,1491110028
-6517235575754635846,992799,1491110001
8882988898852876469,992618,1491110045
1773521315609799355,992618,1491110000
-937347266319002713,992618,1491110021
832370377429490700,990960,1491110049
-8083009595467320796,991931,1491109996
-8402364885971004969,991931,1491110040
1977014971357486180,992711,1491110002
-2396954133031118975,992711,1491109998
-2069777663505882808,992711,1491110017
-5152601390079091137,992711,1491110015
-8816008043585677173,992711,1491110051
-376703355994673724,992782,1491109996
-7000653822657755176,992782,1491110043
4959296334026769556,992782,1491109999
-3096738053136890060,992782,1491110051
6421256882975607770,992782,1491110025
-1290622102315176393,992782,1491110032
3764918695207955962,992814,1491110023
-4575738932898619513,992814,1491110052
-8474292077980419336,992814,1491109998
8006327454700714185,992814,1491110038
3389795214821377417,992814,1491110017
-2434082527025037107,992814,1491109996
1605933264033870622,992814,1491110008
-70244133173432169,992814,1491110048
8074011761762537709,992814,1491110050
1145926260870575209,992814,1491110035
3805970487518896901,992814,1491110016
-3377440890142064086,992814,1491110018
9098768909126458145,992814,1491110008
9164467729480786318,992814,1491110002
-8051294134462047759,992814,1491110054
177512205486224422,992814,1491109999
3363076666241335557,992814,1491110023
-7517188180116654542,992814,1491110040
-7576974544601665807,992814,1491110047
2342821667832984914,992814,1491110034
-8588057897340549842,992814,1491110001
-7640731621740605929,992814,1491110028
1166556662155110801,992814,1491110032
-5288403238473572876,992814,1491110002
-8341855931569087203,992814,1491109999
-8734458036690102751,992814,1491110048
3595440014419846970,992814,1491110029
9060404566133354535,992814,1491110053
8404325351232644461,992814,1491110049
1084249093532949574,992814,1491110033
-141463053279404731,992814,1491110003
1405281794740376301,992814,1491110048
333366755034050754,992814,1491110051
-1890606396702749355,992814,1491110037
-3962492227150386706,992814,1491110025
-5599373853597897571,992814,1491110034
-3076354697164962659,992814,1491110007
9002206589343026534,992814,1491110035
5313122232859143131,992814,1491110009
615760763425240919,992814,1491110019
3441036285125214481,992814,1491110043
6315968355921927780,992814,1491109996
1002322033408911363,992814,1491110053
189004689874390953,992814,1491110007
-1279895682972129718,992814,1491110027
5957557964393095884,992814,1491110018
4707294156136846772,992814,1491110009
6796707179112827254,992814,1491110008
2500730562535524530,992814,1491110017
-3316087849298702480,992814,1491110025
-8698014081846591701,992814,1491110029
-5234424259195787288,992814,1491110036
-8386084298658412529,992814,1491110033
-9131138267045244918,992730,1491110002
7768026470648764332,992730,1491110004
964144248024494137,992277,1491110018
-6474168286393563975,992453,1491110046
3867331621586020362,992453,1491110010
479921103781686615,992676,1491110027
3421136490711047193,896977,1491110001
3974836205447284905,990802,1491110046
-3038039133158953622,975473,1491110031
8358526167127234751,992594,1491110009
-8508886178948956486,991062,1491110005
6313716394660954216,982365,1491110051
-8969405277316985146,985834,1491110016
5425496769767387508,990487,1491110001
6291576225739896502,972370,1491110048
-5234200297155789191,992696,1491110041
2790102073416987679,406104,1491110010
7611833258115374433,991835,1491110047
-4464822947285039468,991835,1491110010
1104946231186088919,991835,1491110048
5120630581810771276,991835,1491110024
-5234200297155789191,992688,1491110039
1235173124428787125,907351,1491110035
9012239434374159943,977099,1491110012
1451503232335957499,992738,1491110017
6897605950148060034,992738,1491110010
-8059574603557301628,992738,1491110039
-2787377717652089286,992738,1491110026
-37846707600089162,992738,1491110043
4278327619927239567,992738,1491110005
-8089776233180209334,992738,1491109998
-8385980264520745356,992738,1491110045
-1531829570894679648,992738,1491110014
7186281316338745506,992738,1491110050
-3305359127089436988,992738,1491110051
6213964575638463311,992738,1491110017
-683413003459584923,991716,1491110035
-6871657053264667134,991716,1491109997
8646883674633758269,992353,1491110053
822485697171570152,992510,1491110006
7145921856708281118,992348,1491110039
154485124354435403,990710,1491110049
2358060209494795000,989487,1491110014
-8127340857714158012,992137,1491110033
-5274085672641420077,987471,1491110005
7201549594954453460,992805,1491110044
1116352086328563919,992805,1491110046
-7074447652776389482,992805,1491110026
7512422338631638133,992805,1491110048
-606240606469272528,992805,1491110035
-5565016656820754843,992805,1491110011
-294907383187119034,992805,1491110037
-8924449406958571275,992805,1491110043
5387543920098820877,992805,1491110017
-1316534873244726377,992805,1491110031
-8479166513972605122,992805,1491110030
4681347471913130339,992805,1491110052
5658885826174721422,992805,1491110043
8380570103201065669,992805,1491110035
-8431253094418167770,992805,1491110018
-2894132518692227207,992805,1491110045
4511669491136739806,992805,1491110024
7297962447600549586,988019,1491110033
4115115576516156702,989118,1491110000
