-5175148829811279792,972937,1491701938
744727435292289666,972937,1491701902
7068421845498843137,995748,1491701923
5875983214469460300,995519,1491701928
1749409068543170655,995368,1491701905
4289307330690669109,995776,1491701935
-4615839749266926582,995776,1491701936
-468567181032840473,995776,1491701916
4526895619277299018,995776,1491701944
5207065762104258284,995776,1491701958
1960029600093440778,995830,1491701903
-36121222964687583,982112,1491701937
-5887130515149644300,994467,1491701926
-485487585515288354,995359,1491701912
421827062230352092,995878,1491701932
5784782620434457420,995878,1491701909
5727683950570429573,995878,1491701931
7658686913765286319,995878,1491701923
1225720435854141517,995878,1491701938
5220268163403954316,995878,1491701930
-4141563091131333658,419587,1491701915
-3709293063432211117,995527,1491701958
5220268163403954316,995880,1491701904
7745765185890524050,995880,1491701927
-3701021038599000193,995880,1491701930
5226770576546279195,995880,1491701950
1225720435854141517,995880,1491701926
-3746281906035857570,995880,1491701947
-8353791721872708639,995880,1491701938
1498937248313126936,995880,1491701931
980124974995924724,995880,1491701926
6373454203922640510,995880,1491701900
8305108814361254905,995880,1491701935
3951942976508512454,995863,1491701924
-2986134216285468511,995863,1491701936
1118601250006370738,995863,1491701947
-2059668427240072625,995676,1491701956
3969145356605963508,995858,1491701940
-8354101301624651084,995858,1491701929
4005468433176029126,995858,1491701946
6661343544393902000,995858,1491701958
-8942014449093060767,995333,1491701902
1156678218141686368,994120,1491701927
6929047664952739335,995558,1491701904
761670287984584707,995623,1491701951
1509823545744878599,995619,1491701906
761670287984584707,995619,1491701953
5784782620434457420,995879,1491701955
7202500611786065758,995879,1491701938
-4537906211002263986,995879,1491701901
4268098096345408388,995879,1491701908
7658686913765286319,995879,1491701942
333705004269484788,995879,1491701913
5727683950570429573,995879,1491701932
421827062230352092,995879,1491701932
5974656585755892278,995869,1491701922
910364305737436902,995869,1491701919
3126444834687439623,995869,1491701927
2024528365579492112,995869,1491701931
1849062552153205697,995869,1491701947
8481854475494286916,995869,1491701908
-2778663743304084499,995869,1491701952
-7517156491702310009,995869,1491701935
6842334735775227094,995869,1491701938
-1433660401976368647,995869,1491701957
9011312835767587480,995869,1491701904
-6888774262575726395,995869,1491701958
413189308462936250,995869,1491701932
-1250651166431422563,995869,1491701923
-9091792612441154936,995869,1491701948
1354639215588258872,995869,1491701954
-276791421977778988,995869,1491701956
5396471062209058627,995869,1491701956
4107528640761317777,995869,1491701924
1293189788085539596,995869,1491701941
1437857142129638890,995869,1491701903
8468918947919037906,995869,1491701934
-4857473133514487944,995869,1491701922
-4362329813514624361,995869,1491701921
5218836494287556460,995869,1491701948
531665389031150698,995869,1491701920
7894318050892835735,995869,1491701934
6426960889980441996,995869,1491701935
-6073740177687273896,995869,1491701917
2065847914902924269,995869,1491701927
-2111126621090290488,995869,1491701928
788348974816519115,995869,1491701947
-6567348175977408027,995869,1491701937
2685734481120001061,995869,1491701908
-7322994313687708858,995869,1491701950
-4091540951608368167,995869,1491701898
2921845172157701571,995869,1491701942
263282136096081485,995869,1491701907
1635923130477868608,995869,1491701930
-3417123303500211128,995810,1491701957
-7777265549398478127,995729,1491701907
8173811655225594455,987688,1491701937
-7694273327525834273,995358,1491701931
-5569471680913657139,995358,1491701936
1509823545744878599,995617,1491701917
4133625366102465136,930038,1491701901
-3492904201171530750,404264,1491701958
-7648526014291259178,995535,1491701955
-3906053991284591458,995781,1491701905
552746603296402702,995781,1491701923
2785332480732736816,995781,1491701913
475962182497988071,995781,1491701956
5165167732040109111,995781,1491701957
-4408144248480445464,995781,1491701922
-7918478562077330281,995781,1491701951
-4178908680003086700,995837,1491701955
-3391859365997096946,995837,1491701900
-6976350471769401119,995837,1491701935
-935897250030945586,995837,1491701945
-6416254855831579240,995721,1491701951
198575260331607412,995774,1491701903
3721957894997342312,995774,1491701926
475962182497988071,995774,1491701958
-2121038842479302455,995774,1491701945
-4293639342217637946,995871,1491701958
1559608743576045052,995871,1491701898
-9133342017362377267,995871,1491701906
-6794736073295048499,995871,1491701924
7799713432254209173,995871,1491701906
-8729579568606144481,995871,1491701943
-248608248241902855,995871,1491701950
6040774674724171430,995871,1491701957
6730721771239727061,995871,1491701929
-7540000638112343965,995871,1491701931
-4226324322471510113,995871,1491701946
-7781227747546311398,995871,1491701908
248289226882381666,995871,1491701924
-3225510405914505612,995871,1491701925
-8038746387798878039,995871,1491701917
5507428604740851455,995871,1491701909
-5573706249389880201,995871,1491701899
-7322350651065333734,995871,1491701934
-7166991957366831134,995871,1491701899
-6199739334661921175,995871,1491701902
6485751660185717606,995871,1491701915
-1988611637436849359,995871,1491701951
6743924089184762900,995871,1491701944
-8720856556667764318,995871,1491701954
5152225588622371614,995871,1491701938
-3957486145680639772,995871,1491701956
4119288422537151133,995871,1491701929
2435773949792974451,995871,1491701955
7300478067016084327,995871,1491701908
-8164852195758223368,995871,1491701923
8694176283473341546,995871,1491701940
7431967850364000350,995871,1491701936
3526582380789874096,995871,1491701906
1389480717092658478,995871,1491701956
-208169032487847112,995871,1491701953
-3414034414437300878,995871,1491701951
-1852425983223071331,995871,1491701926
2069073288247120561,995871,1491701953
-246335913279739515,995871,1491701905
-6215621110146096891,995871,1491701933
8280291920081908400,995871,1491701937
-9157619135049078705,995871,1491701944
-8633542226451312090,995871,1491701906
2479370965686550158,995853,1491701914
-6500367248602210904,995853,1491701941
-7514820031558724984,995853,1491701951
-8205344246039646155,995853,1491701937
-1462319626996126466,995853,1491701902
-6199739334661921175,995853,1491701948
2672600954767856511,995853,1491701951
-3747537772277446501,995853,1491701948
3653017973303871973,995853,1491701953
8179213801481137492,995794,1491701939
-6170600869576426517,995794,1491701904
-8131909161380931547,995794,1491701926
-3284549152453063565,995794,1491701949
-8906292394477208516,995794,1491701944
-2627338519022399067,995794,1491701911
-8246541907650732906,995794,1491701947
1960029600093440778,995794,1491701928
1977553153445466804,995794,1491701955
-2128236390841195398,995885,1491701925
6108086031914465882,995885,1491701923
7718189265940281920,995765,1491701935
-4492771041137482404,995765,1491701916
1199088831835925551,995765,1491701943
2479370965686550158,995854,1491701916
-7514820031558724984,995854,1491701955
-2271648161363618982,995860,1491701905
-8354101301624651084,995860,1491701943
-7514820031558724984,995860,1491701901
542832839886267557,995860,1491701921
-2402614752726491961,991496,1491701908
-6442845211074248136,995819,1491701913
-4302375497609602820,995356,1491701958
-9104135361864957966,995112,1491701938
3653017973303871973,995857,1491701906
-2271648161363618982,995857,1491701927
7060105556677515319,995857,1491701910
-8354101301624651084,995857,1491701954
-7514820031558724984,995857,1491701907
542832839886267557,995857,1491701921
-5777964155340806093,995804,1491701930
4981715767713182222,995804,1491701921
-5128529161819349959,995804,1491701908
-616633715836109862,995804,1491701920
-2386093788276413872,995804,1491701947
-6878532738719463255,995804,1491701914
-4925641606303875716,995804,1491701943
-81118782052202612,995804,1491701937
6646364693870678680,995804,1491701939
6500150748562048080,995816,1491701939
-3417123303500211128,995816,1491701955
217041473002708294,995816,1491701951
8713110767198129789,995816,1491701902
-6637089763545915888,995816,1491701945
-5569471680913657139,995691,1491701936
-7694273327525834273,995691,1491701931
8755024908389432278,995690,1491701957
7818629716445039433,995125,1491701907
3002820278837837096,995125,1491701938
-5748940785765030935,995886,1491701958
5631710297796854891,995886,1491701915
4134156209888819916,995886,1491701916
4203640122102666411,995886,1491701929
-6201201264053334854,995886,1491701936
-3209855636700030589,995886,1491701947
3968129197285784833,995886,1491701911
-6224034451976008265,995886,1491701950
-5684977995402467813,995886,1491701950
-2657301694336124938,995886,1491701914
8204142272032574815,995886,1491701946
5001237256654273604,995886,1491701957
5963344688340931074,995886,1491701917
-4936177465502378098,995886,1491701945
-3532652370072371974,995886,1491701903
-5610995555806872150,995886,1491701930
-3414034414437300878,995886,1491701949
1498937248313126936,995886,1491701909
1018767399788324749,995886,1491701913
-3086077306187354019,995886,1491701952
2219335831495673772,995886,1491701911
5777483390077469151,995886,1491701939
-5154289171922491216,995886,1491701946
9124538186738365029,995886,1491701958
-1409100138555603006,995886,1491701945
-2454636847783471595,995886,1491701938
2857347818509323097,995886,1491701932
7058992256097734182,995886,1491701904
2552780917727723418,995886,1491701903
4370201365946672390,995886,1491701939
4999084891938051384,995763,1491701917
4289307330690669109,995763,1491701935
-4615839749266926582,995763,1491701936
-7353442518760276369,995584,1491701939
5308119013715799010,995769,1491701908
8863530203761881566,995769,1491701916
-2948269577125660829,995847,1491701906
-5815033240810621799,995847,1491701903
2479370965686550158,995847,1491701926
-5226688959838028384,995847,1491701930
195118484803864603,995847,1491701910
-2225501683807993869,995846,1491701913
-2948269577125660829,995846,1491701909
-1635487975878228483,130544,1491701918
-1699101124384063905,984344,1491701920
-3795561983494957536,995563,1491701940
-453022101759631047,995799,1491701916
-3611846004578565594,995799,1491701905
-5226688959838028384,995839,1491701930
195118484803864603,995839,1491701910
-3709293063432211117,995660,1491701901
6502064174730656882,990096,1491701899
-3178030691449020952,995687,1491701918
2220491296719446919,995687,1491701914
8378280775763451529,954084,1491701950
-5875953031351529407,994707,1491701941
4662507759038756087,977272,1491701947
-8439329708557137167,989035,1491701944
-8306731614033439985,995590,1491701915
6096969569354448821,995844,1491701911
-9210441385675246571,995844,1491701903
-4265131154161772178,993812,1491701938
-3675509478402313712,995578,1491701947
-1699101124384063905,978904,1491701940
475962182497988071,995787,1491701916
7782478897007356345,995787,1491701955
3541656562281677284,995796,1491701900
1782751480946111143,995796,1491701933
2359449421722649524,995796,1491701907
-23897337966423952,995796,1491701909
-453022101759631047,995796,1491701916
5572848180365043055,995796,1491701943
809738535019258823,995796,1491701903
-5128529161819349959,995796,1491701951
2079918004466424500,995796,1491701907
4662507759038756087,977031,1491701932
-7353442518760276369,995581,1491701958
7066006849392173855,975858,1491701942
631367258934168138,975858,1491701954
-2761383991416449493,994457,1491701919
-6127627411106692357,994457,1491701954
-546616648946226261,995707,1491701941
-6759376002541179193,995707,1491701911
5598130840594181378,995707,1491701914
-8074088255768037282,995707,1491701932
-8710366869929172568,992099,1491701911
-9104135361864957966,995114,1491701947
-4302375497609602820,995267,1491701958
7066006849392173855,995728,1491701947
-565682138918038637,995822,1491701942
-4777375585492547327,995684,1491701900
-3096828929660431107,995684,1491701916
-3391859365997096946,995828,1491701906
-2366929992568819175,995828,1491701952
-4178908680003086700,995828,1491701955
-693869229322746380,995828,1491701941
-2589073533937231424,995828,1491701915
8330017749400292816,995739,1491701914
4235032056369819673,995867,1491701907
-1590048882946768174,995867,1491701921
6730721771239727061,995867,1491701937
6661343544393902000,995867,1491701932
1500904141680006558,974441,1491701906
957525177579667742,974441,1491701937
7368427718159518062,995718,1491701930
6958288244711532005,995718,1491701906
1161524875507990729,995718,1491701947
-7777265549398478127,995718,1491701938
-6416254855831579240,995718,1491701951
-3848989992606128841,994050,1491701945
8110504988279708360,995882,1491701925
8305108814361254905,995882,1491701935
6373454203922640510,995882,1491701900
1225720435854141517,995882,1491701903
5226770576546279195,995882,1491701923
-8353791721872708639,995882,1491701923
1498937248313126936,995882,1491701919
-929603762162264707,995882,1491701955
-6201201264053334854,995882,1491701955
-5610995555806872150,995882,1491701956
2127311176491165026,995882,1491701956
390118111701298456,995882,1491701953
-5684478461271045953,995639,1491701914
-3727703324802442537,995528,1491701953
5212530041951721742,995041,1491701908
6691525094772839521,995833,1491701949
8765928475675742933,995833,1491701935
-1837897026933221846,995833,1491701942
1912738463564975189,995833,1491701904
-2761383991416449493,995833,1491701951
-1462319626996126466,995833,1491701914
8340028246184158888,995833,1491701945
-7782423712975361421,995833,1491701901
3226923012861923361,995833,1491701924
-616633715836109862,995833,1491701924
-4307537416001764074,995833,1491701955
7958143978307869146,995833,1491701955
1398716722097540171,995172,1491701906
-3543698240700354373,995172,1491701925
-5118550471066300681,995732,1491701927
-9064372195418177236,995675,1491701916
7866625422506770675,993382,1491701902
-6060806801575896649,995883,1491701911
-1294068130847577983,995883,1491701949
7401785720897369489,995883,1491701941
-4984539272565132852,995883,1491701907
-2340985658826517969,995883,1491701940
-7680462271270363826,995883,1491701946
4959463328987082321,995883,1491701955
1813229225894349040,995883,1491701907
939303015560732585,995818,1491701947
-9017664154724746986,957509,1491701920
-9104135361864957966,995116,1491701947
-7437091866420472524,995378,1491701941
-1094721942818499375,995378,1491701957
-3468212807818423424,994678,1491701917
475962182497988071,995784,1491701910
-4777375585492547327,995671,1491701941
-4265131154161772178,995663,1491701929
3185194275168673761,874317,1491701940
6328193457837060356,994887,1491701918
3457420702759005189,994887,1491701921
-220901670453420197,994887,1491701905
4834591227916785225,994887,1491701908
-8354101301624651084,995861,1491701937
542832839886267557,995861,1491701918
3969145356605963508,995861,1491701941
5875983214469460300,995513,1491701928
-3727703324802442537,995513,1491701953
4268822794234534186,994963,1491701917
1152011894711651519,995239,1491701946
5220268163403954316,995881,1491701930
2661509727013262667,995881,1491701934
1225720435854141517,995881,1491701938
7658686913765286319,995881,1491701901
5226770576546279195,995881,1491701950
-8353791721872708639,995881,1491701938
7745765185890524050,995881,1491701927
1295656617355490935,981680,1491701924
-1006867262779661237,994431,1491701938
-2072159452237029832,994436,1491701904
-3139451021107181104,994436,1491701939
-7598568817904197813,994436,1491701948
7852472948171279156,994436,1491701927
8291557203736087785,994436,1491701905
7118251631834126160,958588,1491701944
-169643429285924607,995889,1491701926
16413250332982154,995889,1491701930
-8075204152218886712,995889,1491701907
-1564717664532698388,995889,1491701912
5963344688340931074,995889,1491701903
-1105711200103953673,995889,1491701923
-138734626807055349,995889,1491701916
6113963188790216246,995889,1491701949
-2176423506303019670,995889,1491701945
7058992256097734182,995889,1491701904
9090253219659037173,995889,1491701935
-6224034451976008265,995889,1491701922
9124538186738365029,995889,1491701958
8612441340229928729,995889,1491701907
3803209075391530229,995889,1491701948
2552780917727723418,995889,1491701903
5001237256654273604,995889,1491701935
-3086077306187354019,995889,1491701949
2857347818509323097,995889,1491701931
4849848525335811670,995889,1491701937
-5684977995402467813,995889,1491701922
5922125015955062364,995889,1491701935
4826842935854143811,995889,1491701906
-2454636847783471595,995889,1491701938
-2344043601520090840,995889,1491701946
2574870615179960150,995889,1491701954
-6957180017544390836,995889,1491701952
7310792672357448480,995889,1491701920
-5154289171922491216,995889,1491701946
3769014360201413094,995889,1491701948
-4936177465502378098,995889,1491701933
-3116057709752126030,995889,1491701931
5777483390077469151,995889,1491701939
3819771673322736627,995889,1491701943
4370201365946672390,995889,1491701939
-4387113879221254776,995889,1491701925
-5610995555806872150,995889,1491701919
7351303781872595893,995889,1491701919
-3414034414437300878,995889,1491701944
533511452263116178,995889,1491701904
1498937248313126936,995889,1491701904
8204142272032574815,995889,1491701922
4284079966700189239,995889,1491701906
-1409100138555603006,995889,1491701945
-5983928567679062807,995889,1491701911
-818294589529218803,995889,1491701942
1018767399788324749,995889,1491701911
7376523753933261830,995889,1491701927
3076980724631114984,995889,1491701929
7879175247499644653,995889,1491701912
-7212267481361093078,995889,1491701901
-30461042845010497,995889,1491701951
3004761745869134922,995889,1491701926
-9218507493278317747,995889,1491701942
4679146791341454068,995889,1491701953
6802288573064224451,995889,1491701951
-3565955212559350003,995889,1491701939
6387938236833974184,995889,1491701941
359865043170753566,995889,1491701907
-7953253467468583850,995889,1491701958
-5832049711854296220,995889,1491701948
-8417407467174434741,995889,1491701946
-8803449833973307338,995889,1491701924
7486634241549443351,995889,1491701953
9158231690674265663,995889,1491701942
6078061793947885583,995889,1491701954
3161083246382304346,995889,1491701916
-9218367561177487733,995889,1491701901
6866401642279273657,995889,1491701950
3163707010225915999,995889,1491701939
1292992461337964127,995889,1491701899
3158449551053896295,995889,1491701947
5087200995817134300,995889,1491701952
1995855154469440732,995889,1491701917
5855423547165444341,995889,1491701952
-5760379811154350127,995889,1491701936
-5652374556307406558,995889,1491701919
305634127762816655,995889,1491701918
-1323201797076116063,995889,1491701926
-8147773091009940579,995889,1491701923
-3712488672330871393,995889,1491701907
2612906606344228979,995889,1491701945
-5280601023699575856,995889,1491701953
-2508844850393348,995889,1491701942
-3058319328489242715,995889,1491701923
2496057098251232058,995889,1491701958
4215031239082491006,995889,1491701939
3430745919709184867,995889,1491701952
-8665971485267734966,995889,1491701946
4728961180292931799,995889,1491701929
7183022587813203819,995889,1491701932
-5542828345868446125,995889,1491701906
-301533378506633050,995889,1491701902
-7939285208162466048,995889,1491701936
-5320676067763441241,995889,1491701953
-6674719704338917448,995889,1491701906
4324544181109687919,995889,1491701913
-6398551522704463401,995889,1491701929
-4934839970360733778,995889,1491701903
7080733775360571007,995889,1491701949
4634510475465076791,995889,1491701944
-7585148208573543921,995889,1491701939
3583488580627399269,995889,1491701943
-2993424912894519722,995889,1491701938
3539227149920618122,995760,1491701916
-2948269577125660829,995845,1491701909
2479370965686550158,995845,1491701928
8022411795641842041,995868,1491701918
-1590048882946768174,995868,1491701913
8766078500292552506,995868,1491701937
-3747537772277446501,995868,1491701927
6661343544393902000,995868,1491701928
-8735661310708220546,995868,1491701923
5454849313878482257,995868,1491701911
7948551943224667432,995868,1491701957
-2926545191359107273,995868,1491701951
-7781227747546311398,995868,1491701942
-7476034910768056619,995868,1491701900
7799713432254209173,995868,1491701933
-5007489302345102339,995868,1491701915
-4647502839296669648,995868,1491701921
-7720259078043732261,995868,1491701939
-332118463951395714,995868,1491701914
8548023104243821287,995865,1491701951
-7000812527920766907,995865,1491701942
7423266954243512623,995865,1491701926
-2610554510140838903,995865,1491701948
542832839886267557,995865,1491701905
4362893689725429612,995865,1491701958
6661343544393902000,995865,1491701953
4005468433176029126,995865,1491701926
-8354101301624651084,995865,1491701902
-1590048882946768174,995865,1491701955
475962182497988071,995778,1491701934
359791683248429820,344502,1491701947
7644453141865945371,994967,1491701941
-2761383991416449493,994967,1491701923
7513100737452968800,995855,1491701942
-7514820031558724984,995855,1491701955
1111719293274514264,995855,1491701926
-6500367248602210904,995855,1491701941
-7453460875656776678,995848,1491701939
1488364595256963308,995848,1491701928
-8341736737236042812,995848,1491701901
-8205344246039646155,995848,1491701934
3653017973303871973,995848,1491701954
-7514820031558724984,995848,1491701922
1872774521338380740,995848,1491701914
3774654110696919690,995848,1491701920
-8354101301624651084,995848,1491701954
2200584744501921377,995848,1491701916
-2271648161363618982,995848,1491701927
-8629683313537348096,995848,1491701920
8757165074233122499,995848,1491701943
5643516022434530564,995848,1491701936
7402512412975117692,995848,1491701947
7084651557327125964,995848,1491701951
-2548892539524413002,995848,1491701948
7791141860261551131,995848,1491701940
-8792951574710088469,995848,1491701901
139676370529156219,995848,1491701952
7060105556677515319,995848,1491701911
-1381657689647307778,995848,1491701937
6929047664952739335,995547,1491701918
4662507759038756087,977257,1491701955
4975081205888014848,995034,1491701909
-5808941785577906431,995034,1491701917
-4777375585492547327,995682,1491701934
1949245698462481033,995815,1491701911
-3417123303500211128,995815,1491701957
8960442704233430946,995815,1491701932
4049183419614850138,988482,1491701958
-3067458624530702099,988482,1491701931
6525640565707698045,988482,1491701936
7066006849392173855,995751,1491701950
7066006849392173855,995773,1491701919
7894318050892835735,995773,1491701927
475962182497988071,995773,1491701958
3721957894997342312,995773,1491701926
198575260331607412,995773,1491701903
-469245440903492859,995193,1491701934
6325451841936275480,995193,1491701941
1749409068543170655,995365,1491701943
3163707010225915999,974615,1491701932
6842334735775227094,974615,1491701950
-3795561983494957536,995571,1491701939
761670287984584707,995571,1491701953
-3569186992664879049,995705,1491701925
-2950684313680201654,995705,1491701944
-2682461373403854043,995705,1491701956
115168103000238179,995705,1491701902
6436339846918409912,995705,1491701901
458620792688409471,995705,1491701900
-6961065462285179855,995705,1491701949
7975895556627762589,995705,1491701947
-7353442518760276369,995586,1491701902
-4777375585492547327,995672,1491701941
-2386093788276413872,995825,1491701914
-4925641606303875716,995825,1491701919
3470400191566613072,995825,1491701957
3939308853764137069,995825,1491701918
6646364693870678680,995825,1491701939
-555609096612461625,995825,1491701938
3646903988206772552,995825,1491701939
-7537320900850613512,995825,1491701951
7575896045013520034,995825,1491701957
-8601534382049479842,995825,1491701945
5319909377194152232,995825,1491701943
7238849396882730853,995825,1491701952
6941939881232592624,995825,1491701919
6691525094772839521,995825,1491701949
-5714714604642705516,995825,1491701946
37475835563144359,995825,1491701945
-6786691945876649148,995825,1491701929
4217614721581201553,995825,1491701947
7184539468240991242,995825,1491701924
-4280586264559868704,995825,1491701935
8253048469276680926,995825,1491701938
-561808492431145219,995825,1491701916
3819662566370707620,995825,1491701932
-4178908680003086700,995834,1491701917
6311288925242739324,912873,1491701926
2987559028500400001,995311,1491701904
8913992079857217828,995311,1491701958
-5016226457460154951,995790,1491701944
5112670264077600151,995790,1491701924
2359449421722649524,995790,1491701936
-3249070643271232987,995870,1491701954
-2397671402817234738,995870,1491701958
-3548305599117927423,995870,1491701917
6730721771239727061,995870,1491701932
-4293639342217637946,995870,1491701958
6040774674724171430,995870,1491701957
-3225510405914505612,995870,1491701935
-6794736073295048499,995870,1491701924
1559608743576045052,995870,1491701958
-7540000638112343965,995870,1491701932
-2352463680300983915,995734,1491701946
1161524875507990729,995734,1491701918
8330017749400292816,995734,1491701914
8173811655225594455,991407,1491701935
7757135922661212694,991407,1491701935
6871200472169842168,991407,1491701937
-4223238682668432822,991407,1491701909
-5128529161819349959,995801,1491701951
-8131909161380931547,995801,1491701939
-6170600869576426517,995801,1491701904
3416882169223600523,995801,1491701914
-7321860174511010706,995709,1491701925
-1387937583162662585,995569,1491701943
3362243302708758763,995569,1491701914
-5718604759223396754,992883,1491701936
-5472994022491815268,995473,1491701940
-3578212313228340805,972031,1491701948
4974169471585067444,972031,1491701906
-4863637881579839962,995746,1491701928
3099391673817190774,995746,1491701954
-5118550471066300681,995724,1491701927
-6416254855831579240,995724,1491701942
7975895556627762589,911545,1491701945
4191186667700240096,995499,1491701955
-3453021812956944095,995873,1491701940
243000304661680131,995873,1491701905
2767734048903310618,995873,1491701958
-3906053991284591458,995873,1491701945
-9132139887814624702,995873,1491701926
1914173582477546557,995873,1491701923
1509823545744878599,995624,1491701899
7952620718412138380,995644,1491701939
-3139451021107181104,994237,1491701939
-3067458624530702099,984943,1491701935
-8085682840787294716,994958,1491701900
720738159146037623,994958,1491701930
5987375559932079960,410077,1491701949
-2147747276281926691,995783,1491701949
475962182497988071,995783,1491701925
3539227149920618122,993813,1491701904
4999084891938051384,993813,1491701917
-7707545058300304592,995888,1491701948
6827684326356218236,995888,1491701947
7686219857597121891,995888,1491701918
4662507759038756087,977264,1491701955
1971736180912612012,995715,1491701933
7956714104582180637,995715,1491701956
3448113827182766851,910385,1491701935
-5875953031351529407,994754,1491701919
-6759376002541179193,995716,1491701911
-546616648946226261,995716,1491701918
7001809586954165657,995716,1491701921
6958288244711532005,995716,1491701923
-3565390910746873499,995716,1491701956
-7777265549398478127,995716,1491701938
1161524875507990729,995716,1491701947
3335974161043601188,995227,1491701924
5013440284239511954,995884,1491701914
-2925619656917271274,995884,1491701946
-929603762162264707,995884,1491701953
-5923833732298386688,995884,1491701922
7402512412975117692,995884,1491701935
-8353791721872708639,995884,1491701914
8305108814361254905,995884,1491701912
3716174614315574945,995884,1491701936
8110504988279708360,995884,1491701900
2127311176491165026,995884,1491701956
2065847914902924269,995884,1491701927
-5610995555806872150,995884,1491701956
-2332525245485897590,995884,1491701905
2661509727013262667,995884,1491701916
-6201201264053334854,995884,1491701955
5226770576546279195,995884,1491701913
6169159150810663075,995884,1491701910
2441775464355231411,995884,1491701901
1498937248313126936,995884,1491701919
-3453021812956944095,995884,1491701944
-1294068130847577983,995884,1491701953
6485000633865738547,995884,1491701943
4116487584875042625,995884,1491701946
1822727018080851995,995884,1491701904
-5748940785765030935,995884,1491701958
5507428604740851455,995884,1491701952
-3209855636700030589,995884,1491701947
5631710297796854891,995884,1491701929
-2309349604502660947,995884,1491701947
-3961382900716371246,995884,1491701958
8204142272032574815,995884,1491701946
-4991192582370219209,995884,1491701928
-3086077306187354019,995884,1491701952
-5684977995402467813,995884,1491701950
-2205304546293987808,995884,1491701903
3968129197285784833,995884,1491701911
-4936177465502378098,995884,1491701945
-6224034451976008265,995884,1491701950
4203640122102666411,995884,1491701929
-4315574952346442202,995884,1491701949
-3033363459942558936,995884,1491701912
-8562841942340589339,995884,1491701951
-5569471680913657139,995693,1491701901
-7694273327525834273,995693,1491701914
359791683248429820,156246,1491701940
8691873156590561988,994486,1491701955
-2147747276281926691,995782,1491701952
475962182497988071,995782,1491701928
4005468433176029126,995864,1491701922
518800606042442165,995864,1491701905
-7000812527920766907,995864,1491701931
8548023104243821287,995864,1491701937
2393041019103063281,995864,1491701928
-2610554510140838903,995864,1491701942
4362893689725429612,995864,1491701953
1328775842197996775,995864,1491701911
-1590048882946768174,995864,1491701955
7423266954243512623,995864,1491701916
6661343544393902000,995864,1491701949
542832839886267557,995864,1491701900
-7811014809724585186,995864,1491701923
-2113074356319015014,995864,1491701908
475962182497988071,995775,1491701948
-6444241546548108682,992128,1491701911
-3469317885484350330,992128,1491701931
-1539709678328358431,995550,1491701918
1290295909250678336,995550,1491701909
2024528365579492112,992039,1491701932
2812603582000605936,995531,1491701936
6525640565707698045,989653,1491701933
-2589073533937231424,989653,1491701939
1295656617355490935,979651,1491701913
1956687825108115587,995575,1491701939
7066006849392173855,995733,1491701955
7368427718159518062,995706,1491701949
160713406407009858,905276,1491701922
6040774674724171430,995874,1491701917
8565888406149986498,995874,1491701907
4268098096345408388,995874,1491701923
5784782620434457420,995874,1491701955
-4537906211002263986,995874,1491701901
7658686913765286319,995874,1491701942
-5684478461271045953,995634,1491701914
2102201544525666365,995785,1491701914
-4707952591970158788,995785,1491701920
7894318050892835735,995785,1491701923
-3559206360643151359,995785,1491701924
-6878532738719463255,995785,1491701944
4981715767713182222,995785,1491701939
-4925641606303875716,995785,1491701956
475962182497988071,995785,1491701921
-5016226457460154951,995785,1491701947
-5777964155340806093,995785,1491701931
-2386093788276413872,995785,1491701947
-4397210114876388484,995435,1491701952
5452404531419954176,995811,1491701926
-4836818104899123867,995541,1491701946
-1880034245114528449,995541,1491701927
-3209855636700030589,995876,1491701906
1949697872854007398,995876,1491701917
-2111046702835043348,995478,1491701949
1088995870382727528,888311,1491701912
475962182497988071,995780,1491701942
-6035960698410363060,995266,1491701949
-5569471680913657139,995692,1491701917
-7694273327525834273,995692,1491701925
8755024908389432278,995692,1491701958
910364305737436902,989184,1491701938
1912337522927633946,995859,1491701925
7206012887848315181,995859,1491701911
9002394698806613907,995859,1491701901
2231533837630151730,995859,1491701941
7887484421390589541,995859,1491701956
2779948639360583026,995859,1491701957
499272711314633162,995859,1491701901
-7270994082861717849,995859,1491701933
-5711629436952188319,995859,1491701944
4962415482315327286,995859,1491701900
-4380087196956465171,995859,1491701951
-4178908680003086700,995859,1491701923
-6962335231191521489,995859,1491701904
-6108706752318150489,995859,1491701952
-2141878561242680183,995859,1491701919
-6378559903302690225,995859,1491701947
3170602364080875986,995859,1491701954
-4751800174151320410,995859,1491701937
91827604547920454,995859,1491701927
1367187113196961359,995859,1491701909
5931694056597648628,995859,1491701918
2749723973947580980,995859,1491701905
-1758488532577017981,995859,1491701913
-2329314291248128594,995859,1491701923
5324334793486361752,995859,1491701953
-9116011171161432292,995859,1491701910
-5351536730238613849,995859,1491701921
1849537740375461497,995859,1491701930
5367159852163822841,995859,1491701956
-3414846564203376293,995859,1491701909
2619118385545794232,995859,1491701940
1139494800527001692,995859,1491701924
-208169032487847112,995859,1491701909
-3994995439722919647,995859,1491701946
37686638083527466,995859,1491701919
-2451351350011721534,995123,1491701956
1971736180912612012,995696,1491701933
4526895619277299018,995779,1491701944
5207065762104258284,995779,1491701957
4289307330690669109,995779,1491701913
-4615839749266926582,995779,1491701924
-468567181032840473,995779,1491701908
475962182497988071,995779,1491701937
2102201544525666365,995779,1491701914
-6878532738719463255,995779,1491701944
-4707952591970158788,995779,1491701920
4981715767713182222,995779,1491701939
-3559206360643151359,995779,1491701924
631367258934168138,995754,1491701954
160713406407009858,905283,1491701914
788348974816519115,986008,1491701899
-616379348204388291,995806,1491701929
-5015409320672097516,995866,1491701956
8548023104243821287,995866,1491701907
-2610554510140838903,995866,1491701917
4362893689725429612,995866,1491701929
7423266954243512623,995866,1491701910
475962182497988071,995866,1491701903
-7000812527920766907,995866,1491701899
-1590048882946768174,995866,1491701938
8565888406149986498,995866,1491701921
6661343544393902000,995866,1491701943
-2814992746028186980,995866,1491701905
4235032056369819673,995866,1491701907
5530979510725715560,995866,1491701909
-5525659502237004503,995866,1491701913
-419205623478962459,995866,1491701953
-4178908680003086700,995838,1491701951
6671588838555429679,995838,1491701918
-5815033240810621799,995838,1491701904
-7777265549398478127,993406,1491701902
-5128529161819349959,995803,1491701921
3969145356605963508,995862,1491701917
4005468433176029126,995862,1491701946
-8354101301624651084,995862,1491701918
542832839886267557,995862,1491701912
6661343544393902000,995862,1491701958
8548023104243821287,995862,1491701951
-2610554510140838903,995862,1491701948
4362893689725429612,995862,1491701958
-7000812527920766907,995862,1491701942
18772279911846363,995697,1491701937
5989221425743947029,995697,1491701915
-3857391420460905084,995697,1491701916
7770575095006066116,995697,1491701919
-8392458212320608418,995697,1491701901
-469245440903492859,995697,1491701956
881681882311635557,995697,1491701904
-4710348266500454014,995697,1491701953
455302616933949447,995697,1491701914
-1532038953636904042,995697,1491701944
-7103049918478424643,995697,1491701937
5152298716544119606,995659,1491701919
-8617054293700711948,995659,1491701909
4892390438660568783,995659,1491701927
7434123782048514973,995659,1491701958
1245293399116392312,995659,1491701947
3002627130099321167,995659,1491701956
4199622743316309209,995659,1491701949
5224868736887387575,995659,1491701944
-7255637425292707689,934107,1491701926
-3795561983494957536,995622,1491701906
-5684478461271045953,995622,1491701911
4679286290426116734,995622,1491701953
6244679346391314431,995622,1491701923
-5875953031351529407,994750,1491701941
-8716309393122287500,995176,1491701944
-7210661773649628630,995176,1491701899
-1539709678328358431,995176,1491701929
4204679278194620572,995176,1491701949
-616379348204388291,995805,1491701929
-3612318346702184832,995805,1491701904
-485487585515288354,995343,1491701918
-8342679041035422280,993462,1491701942
-723009592814891170,995761,1491701918
631367258934168138,995761,1491701947
3539227149920618122,995761,1491701916
-541854673744671486,995330,1491701934
182641332581081292,995603,1491701915
3185194275168673761,413001,1491701940
2359449421722649524,995793,1491701903
-5490784653450815878,995793,1491701944
-5681869598267534156,995793,1491701900
6929047664952739335,995559,1491701918
-1094721942818499375,995417,1491701899
1152011894711651519,995218,1491701900
-4946253523897392515,344444,1491701944
1156678218141686368,993598,1491701954
-2357526885494346149,988454,1491701933
3886307067557317688,988454,1491701907
-2451351350011721534,995122,1491701956
7066006849392173855,995743,1491701953
-3178030691449020952,995701,1491701918
-3709293063432211117,995605,1491701958
-4302375497609602820,995355,1491701953
-8716309393122287500,979231,1491701944
