-8739761678076909933,877629,1491112524
5612518532907749229,992650,1491112534
-8346486748472275349,992650,1491112571
-7100233926426736152,992650,1491112546
-9177512897564428172,935402,1491112537
-9100790390241770110,992512,1491112572
2413797152875532029,986789,1491112518
7125681416133343912,144382,1491112517
-2540195504732964809,992744,1491112544
2234865686507388791,992744,1491112530
5570430460312799346,86938,1491112529
-2432820776256716690,990326,1491112531
-5180761861720408663,990326,1491112536
6715955583806990155,885526,1491112529
-2430838312878618639,990773,1491112554
-8758729839331291065,989035,1491112539
-8614033391784441589,975858,1491112526
-4489622673045145795,992717,1491112540
7606802411826452770,992717,1491112534
1673670051009095224,992165,1491112540
8242666565615609463,992165,1491112536
786959543050212190,992165,1491112531
-4705339724267217931,992165,1491112551
-4046176069577176986,989213,1491112564
-8113257939510348954,992677,1491112516
2760276568068214577,992677,1491112550
2482068393609512572,992677,1491112567
6029317629034448563,343785,1491112536
9164528119569528850,992694,1491112567
-7110262045192883253,992719,1491112548
4560050602138287085,992719,1491112526
-5925684329219219596,992719,1491112529
3183235504006777779,992719,1491112529
408275313969138063,992719,1491112572
-3769289550669813038,992719,1491112560
-5660652000173105209,992675,1491112532
-7170564951959349368,992675,1491112536
-4398401570475713902,992675,1491112570
575890528635819011,991512,1491112565
-2449335936435100182,991512,1491112546
-4844491019218757680,991512,1491112566
5190935199266499154,991512,1491112518
1037385050169167651,991512,1491112554
307981011765575013,991512,1491112552
242013154796433272,991512,1491112555
-3882812906381845298,991512,1491112544
2281535587995678847,991512,1491112557
2017448399847220515,992073,1491112543
-5157964203439312013,981869,1491112538
5976305861942356412,992217,1491112514
-3311276305702822125,992217,1491112526
-1313434340292628270,992217,1491112531
-8936113882149800602,992217,1491112544
-5709876080752203426,992217,1491112538
-69542979116864759,992217,1491112549
-4602972196340962240,992217,1491112544
-3444650972651649742,992217,1491112569
4353942144359397160,992217,1491112566
-7678275403853689509,992217,1491112563
-4906684251385977959,992217,1491112552
-1901731951071995451,992217,1491112537
-6750586745428494822,992217,1491112566
929703733731649161,992217,1491112563
5407583800387603401,984510,1491112570
-8937955825825572070,931020,1491112563
-4025204489075200613,985735,1491112543
-4948461031232791929,991997,1491112569
1315906455584970471,992712,1491112522
-891924377976768613,992712,1491112521
426938947535907622,992712,1491112554
-721874220371707909,992712,1491112561
4017543084581770372,343731,1491112519
-6240477720093597910,409502,1491112565
6318458599760917260,992060,1491112535
-1942620802174434016,992610,1491112517
-392835107618553407,95772,1491112533
-6762741349041025280,992424,1491112516
-4290003056915152686,116548,1491112563
-4028029128612092380,991731,1491112522
865914772785194038,992201,1491112527
4673598326072328301,734203,1491112572
5065025565399874426,992212,1491112564
6429779035183943508,992577,1491112536
6864778883571568208,992577,1491112518
7052175346031326430,992577,1491112519
1125587917753756932,992430,1491112570
8856686962360236916,989642,1491112524
8466736046456865203,417520,1491112551
-6750586745428494822,990369,1491112566
5850968171704789059,990369,1491112527
6050593108531550589,990369,1491112572
-9222685383887931491,990369,1491112569
2421712437832273047,990369,1491112529
-3333857930191934994,990369,1491112533
-5305191917882499077,990369,1491112535
-7075386351188057242,985517,1491112527
5043297463794102990,992786,1491112532
-6304257376585662718,992786,1491112538
-8167374945512614989,992786,1491112556
-3769289550669813038,992786,1491112519
-8761387824137744908,992786,1491112516
-2744639847188700868,992786,1491112520
2341761517282273468,992786,1491112519
-8552438307311313385,992786,1491112538
2287536003370067941,992786,1491112562
6164805754243153335,992786,1491112574
-7059043263346353898,992667,1491112538
3723668264155098716,992667,1491112550
-1625733991857289666,992667,1491112561
4649102087981675858,992667,1491112549
-4889525298420579247,992346,1491112539
-5009456092551605505,197175,1491112521
8495750818129534728,889165,1491112553
1495720703766342137,992362,1491112540
7741905029141571134,992362,1491112550
-1366636432749191468,992362,1491112531
299765415911793735,992362,1491112529
1150471342296805033,992796,1491112570
-775983168661757669,992796,1491112540
-6481775165647833694,992796,1491112533
-1561412267700601529,992796,1491112572
2913423117296652219,992796,1491112544
-5520835843107892150,992796,1491112542
6949469798789047636,992796,1491112522
7065796829340186754,992796,1491112542
-5835302786520657038,992796,1491112566
8131470297268892258,992796,1491112540
4480428965050692568,992796,1491112538
7168918065498244385,992796,1491112565
-5411484744856943312,992796,1491112523
-457988021200776005,992796,1491112558
-7113091471934667457,992796,1491112555
-3000372077315964366,992796,1491112555
1922998072118093923,992796,1491112555
438257442012189837,992796,1491112537
-1162641534034040696,992796,1491112525
-8766669482127125186,992796,1491112531
6128894327320350741,992796,1491112553
-1838442817416767872,992796,1491112557
1871736473910720682,992796,1491112566
8081496775739429398,992796,1491112550
7260432197819636324,992796,1491112565
601866519388979681,992796,1491112548
-838134305607815734,992796,1491112564
2480231838470062734,992796,1491112571
4972274101246523860,992796,1491112569
-6615712742729632220,992796,1491112563
-2460833442435653823,992796,1491112571
7142793136191236449,992796,1491112558
-443835431796278957,992681,1491112530
2482068393609512572,992681,1491112541
2877723105653646620,992681,1491112524
-7605890002906709186,949672,1491112553
4761102194367864917,992160,1491112566
4217090893532348907,992160,1491112532
7783506569159206967,992160,1491112540
7367143010308514185,992788,1491112569
-4479132619589400743,992788,1491112544
2287536003370067941,992788,1491112538
-8552438307311313385,992788,1491112528
6575882509124963974,992788,1491112529
-8789191495717560234,992788,1491112552
-4985732972940899580,992788,1491112556
-7568114889760894602,992788,1491112548
1456163859906335868,992788,1491112561
-2205749893861153414,992788,1491112526
-2834400602833147354,992788,1491112557
3276454987314233017,992788,1491112540
-8695512963753032685,992788,1491112569
1066589321012790057,992788,1491112558
5850968171704789059,991392,1491112552
6050593108531550589,991392,1491112572
5629524344348027680,988179,1491112516
817009949040290141,151083,1491112549
-392835107618553407,95773,1491112525
-7820203095629508089,992807,1491112544
1572004692622023681,992807,1491112526
3048335554252797514,992807,1491112542
5142633562984978400,992807,1491112571
5674722619273956456,992807,1491112562
2162579161531160326,915950,1491112537
-8361646697434214931,992658,1491112531
4119673109201404078,992658,1491112529
7643787204728011821,992658,1491112539
-2748600933772278255,992310,1491112540
2858219191300464909,992310,1491112565
1602889267103450052,904013,1491112535
2205971656555199282,992228,1491112521
6429779035183943508,992575,1491112572
-5997797006073924924,992641,1491112552
-6268839722655865695,888462,1491112572
-2267017046997955126,992666,1491112554
-5305191917882499077,992666,1491112525
-1173425962364323671,992666,1491112540
-2588855310325977532,992666,1491112553
5533218732941077786,992666,1491112528
656235832504098999,992226,1491112559
-4699847277371656021,989402,1491112529
-6203032709698434774,991133,1491112528
5529136588956325902,991983,1491112564
-8706388846764640256,992398,1491112544
-3323306081901513564,992329,1491112528
5190935199266499154,992397,1491112524
575890528635819011,992397,1491112567
164777757191674331,992397,1491112569
-4844491019218757680,992397,1491112566
-2449335936435100182,992397,1491112546
-3602066898723724168,992397,1491112524
-8739761678076909933,878027,1491112573
5570430460312799346,86941,1491112528
8282524053555181581,992258,1491112553
7643787204728011821,992395,1491112568
-3323306081901513564,992363,1491112515
-7053809764877952921,992739,1491112521
-723989468845989064,992739,1491112563
3315979697813542898,992739,1491112559
-897179242549551420,992739,1491112523
450795780964178948,992739,1491112554
6933575507101252365,992739,1491112568
8278127143478662843,992739,1491112566
-2390801976302099458,992739,1491112564
-6541051984212997784,992739,1491112514
3224527865205433149,992739,1491112563
5771885698212500887,992739,1491112519
-3336213651721894110,992532,1491112556
-2105338139238651467,992532,1491112515
6845878346356092255,992532,1491112570
8357147384083616582,992532,1491112565
-8957553512610988204,992532,1491112568
5094742274909821277,213264,1491112567
-5411484744856943312,986781,1491112525
-5687044905462695510,986781,1491112565
-8739761678076909933,878029,1491112541
-801976411651504228,878029,1491112538
2760276568068214577,992685,1491112547
2482068393609512572,992685,1491112567
7776447398678716902,992685,1491112542
-443835431796278957,992685,1491112530
-6886522907434068289,992685,1491112522
9214432193569996183,992685,1491112545
-6473741820250590101,992685,1491112520
-8508223879576068775,992780,1491112559
-8376292364034026675,992780,1491112572
6714522684119850457,992780,1491112544
6784788464409181925,992780,1491112534
2258411365573834604,992780,1491112565
2341761517282273468,992780,1491112548
-558070787791355409,992780,1491112518
411193684910338223,992780,1491112515
-66786600948314577,992780,1491112515
-4223510638290848357,992780,1491112517
-4028029128612092380,991730,1491112561
-5321590893855202312,989696,1491112529
-5843205541061137610,990765,1491112540
-1967757211903925526,992467,1491112528
6467980960630349350,886563,1491112548
848838438255479887,992350,1491112528
-3323306081901513564,992350,1491112560
-4771878943899353475,992148,1491112525
-6237108974691281108,992753,1491112541
7751122224029313607,992647,1491112541
282782552366225837,981236,1491112515
-4028029128612092380,991735,1491112546
-7996348088265468738,988274,1491112550
-7170564951959349368,988274,1491112560
6715955583806990155,885509,1491112529
4998922451471326739,992795,1491112548
2913423117296652219,992795,1491112532
-6813357319680224200,992795,1491112574
601866519388979681,992795,1491112548
-7113091471934667457,992795,1491112549
5381484485702202328,992795,1491112570
8131470297268892258,992795,1491112527
4972274101246523860,992795,1491112569
-457988021200776005,992795,1491112551
-838134305607815734,992795,1491112564
7260432197819636324,992795,1491112565
-1162641534034040696,992795,1491112525
-3000372077315964366,992795,1491112550
2480231838470062734,992795,1491112571
6128894327320350741,992795,1491112553
-1838442817416767872,992795,1491112557
1871736473910720682,992795,1491112566
-440267830706877715,992795,1491112546
-6615712742729632220,992795,1491112563
-8766669482127125186,992795,1491112531
-5520835843107892150,992795,1491112526
8081496775739429398,992795,1491112549
-5835302786520657038,992795,1491112552
-2460833442435653823,992795,1491112571
7065796829340186754,992795,1491112529
-1561412267700601529,992795,1491112552
7168918065498244385,992795,1491112556
4480428965050692568,992795,1491112527
438257442012189837,992795,1491112537
7142793136191236449,992795,1491112558
-5240869977092345341,992795,1491112546
-5653786561853172786,992795,1491112549
1922998072118093923,992795,1491112554
-8175384660869764685,992795,1491112565
-5361586958401540618,992795,1491112537
-3580730508659277466,992795,1491112539
-7130559921802616611,992795,1491112538
-8103257207542792578,992795,1491112572
-1285587608113417735,992795,1491112536
-2000748854248697026,992795,1491112554
-3862158855620701396,992795,1491112557
5015376571105375712,992795,1491112549
-4981886481974738931,992795,1491112535
-5029550129498082211,992795,1491112525
5995708962248848965,992795,1491112563
-5520039741043632855,992795,1491112538
-6280531704300223647,992795,1491112560
-6237108974691281108,992754,1491112532
5407583800387603401,983939,1491112532
7643787204728011821,992659,1491112527
4906290593880656871,992626,1491112525
-4535661931711486371,992626,1491112524
-4066418879557185275,992626,1491112543
-7833069638985728828,992626,1491112541
4168354599106055512,992626,1491112521
1935082886356278031,992626,1491112572
-3752733222755732796,992626,1491112568
5890817816982137105,992626,1491112554
6701134611296951293,992626,1491112567
-4450278899606850972,992626,1491112517
-307825885918223451,992626,1491112561
-4688608957625451264,992626,1491112574
-5170230544211284152,991944,1491112546
-5736300792702288694,989959,1491112552
8271653347437968366,975842,1491112542
-3649778556496016435,975842,1491112524
7682539160415361905,975842,1491112529
5122824457932292256,992355,1491112534
7028808418240056264,992355,1491112544
5407583800387603401,984738,1491112570
-1451330082597836690,990974,1491112515
-7264848101049992034,992811,1491112519
-899321555966986609,992811,1491112574
-6288094598828393123,992811,1491112567
8264594070452452743,992811,1491112521
3726147082240411927,992811,1491112544
5142633562984978400,992811,1491112536
-6865694169338074129,992811,1491112548
-8169777021616829434,992811,1491112545
1860604742622978931,992811,1491112523
-2981204953776972339,992811,1491112555
-6967535202655967287,992811,1491112550
8271793109073328845,992811,1491112560
-7288689632464365075,992811,1491112519
3750785561213386955,992295,1491112566
6233022685757964377,992047,1491112555
8612694237055990732,992047,1491112558
-7642133220132325022,992457,1491112559
8582737885505305277,992728,1491112569
898578053595636655,992728,1491112521
-2440915516377504632,992728,1491112564
1241424006583452573,992728,1491112536
1657028745187837363,992559,1491112534
3764096048025884229,992559,1491112562
6172797550767632220,991955,1491112522
1673670051009095224,991955,1491112540
-5786407386952292778,992700,1491112545
6485771599396719013,991233,1491112571
-7527928007661347449,991233,1491112542
7829045493251240015,992775,1491112522
-839908292235949545,992775,1491112526
-1523474829239564459,992775,1491112525
-1349745440587280319,992775,1491112530
-6486763923822517706,992775,1491112566
3884136495291576396,992775,1491112517
-8758572960901925761,992775,1491112546
-2969822505865939985,992775,1491112532
-3614188366156485454,992775,1491112540
7108096365437348296,992775,1491112571
7324980493275088273,992775,1491112551
-3680140573469358766,992775,1491112567
411193684910338223,992775,1491112552
-4420431758950719299,992775,1491112546
8930581983796888494,992775,1491112558
6784788464409181925,992775,1491112569
4661407331819452290,992775,1491112534
4783914333306293288,992775,1491112536
4419044111788187615,992775,1491112528
9143826490464092770,992775,1491112567
-66786600948314577,992775,1491112563
-1506769942983581848,992775,1491112564
-3404340111321322084,992775,1491112536
-6256124700326766759,992775,1491112516
-7883331501809901127,992775,1491112573
8369711678667924366,992775,1491112526
-4028029128612092380,991678,1491112561
6575525212583635312,992197,1491112570
333293736508192032,422388,1491112535
-3274586261391455170,973667,1491112566
3868816515522531165,992595,1491112554
-7733435750915494536,992595,1491112532
-1263611021234575920,992752,1491112539
7981225623541603138,992752,1491112573
-3115159652512927051,992752,1491112573
-8614033391784441589,992032,1491112537
772621165144762662,992802,1491112522
421284064871581307,992802,1491112565
1600105214950220908,992802,1491112543
-3190999530330914435,992802,1491112552
1898072514173804635,992802,1491112536
1040316574643625539,992802,1491112560
-3762258773343524153,992802,1491112573
-5544598861108730421,992802,1491112571
1688192572380697367,992802,1491112539
-1623205552570254651,992802,1491112517
-9175051847371010913,992802,1491112522
3342384368057294682,992802,1491112558
1574275874544841751,992802,1491112516
280145639872898765,992802,1491112543
4808815058963582647,992802,1491112517
4887074262600116586,992802,1491112542
-3931271837997398903,992802,1491112542
-2460833442435653823,992802,1491112529
-3505727977648552938,992802,1491112559
-8409675960207171986,992802,1491112517
5842820254044509075,992802,1491112548
-3862158855620701396,992802,1491112525
6936473644627168385,992802,1491112521
2010316146532666806,992802,1491112518
-6345091392059109248,992802,1491112524
1512163810339686007,992802,1491112559
4265690216295130274,992802,1491112563
6461904339251414959,992802,1491112518
6120383949591840997,992802,1491112564
4640285625102028287,992802,1491112549
3855865717491097217,992802,1491112551
-6710644260495249138,992802,1491112574
4429631182943507777,992802,1491112558
8443735594557441892,992802,1491112545
-1553219592666205647,992802,1491112523
-8683340571941752321,992802,1491112573
-1352533852234511326,992802,1491112565
-6323037794112486539,992802,1491112559
4574141986207850900,992802,1491112530
-5789950025948574029,992802,1491112544
-3070010851340539067,992802,1491112555
-2121169507586146124,992802,1491112545
-5484711394660220281,992802,1491112560
-8440746249491494914,992802,1491112518
2838388270000750435,992802,1491112531
6408949430265987648,992802,1491112524
7793076266837073972,992802,1491112553
-1262016820456181382,992802,1491112567
9023663354180869920,992802,1491112539
2908407523938142846,992802,1491112540
-7802027284874989923,992802,1491112560
4902489394703186481,992802,1491112530
2881550523569042315,992802,1491112532
2265849436640493591,992802,1491112516
-4506985928275609752,992802,1491112556
6135008588185372948,992802,1491112527
8447051309574426398,992802,1491112573
6574406997831396643,992802,1491112544
3663101284995634676,992802,1491112542
8469715030573165505,992802,1491112566
-4743503095757654649,992802,1491112560
-3047136320536528681,992802,1491112550
6192395055952655953,992802,1491112534
-6516578264597566608,992802,1491112555
6548832935283244639,992802,1491112525
-1108614363157855023,992802,1491112555
-2558691616155355447,992802,1491112570
9214839198073335268,992802,1491112542
-996675612582422474,992802,1491112544
1322271082354579020,992802,1491112514
8720728334878177650,992802,1491112533
4806929539815744277,992802,1491112526
-2615664588637137165,992802,1491112568
-8024878465002383487,992802,1491112568
-1006247540483282974,992802,1491112531
7416512744228873637,992802,1491112552
-2705892770728242368,992802,1491112532
-3178843752855359848,992802,1491112571
-5724263848379023784,992802,1491112551
-9202746978851801356,992802,1491112561
-6060041998325343385,992802,1491112524
-1912879562145427932,992802,1491112525
6010479452647505162,992802,1491112565
8889304236135248490,992802,1491112529
1309715490499005667,992802,1491112569
1732109834596019116,992802,1491112552
-5223199056439230231,992802,1491112555
-5413165088268058635,992802,1491112533
-6684636457999089076,992802,1491112539
4691513122614849140,992802,1491112524
6884017765720605613,992802,1491112544
1559387306988549968,992802,1491112570
-81447259164053236,992802,1491112547
6644079776794373342,992802,1491112571
-4018274303183396903,992802,1491112528
-5482047285884906927,992802,1491112562
487934115069244269,992802,1491112517
-5059330007053056020,992802,1491112536
-6529467031470541925,992802,1491112534
-4796754216310279433,992802,1491112516
-7433191474964391683,992802,1491112519
-8350254366458872850,992761,1491112528
-8115658883234093524,992761,1491112542
-7665716858799147098,992761,1491112570
-2198817871874576242,992761,1491112546
-8350254366458872850,992760,1491112547
-8115658883234093524,992760,1491112549
-9182803564339219978,992760,1491112563
4330870812163607540,987901,1491112567
-8494714692415230008,992785,1491112552
-2748600933772278255,992149,1491112540
-4069338661799602661,898233,1491112566
-4720632987261164612,991971,1491112534
4961425744002807917,992320,1491112562
9090172253254550688,992129,1491112540
4822907473775968961,992534,1491112517
6845878346356092255,992534,1491112564
3809305823215941856,992534,1491112573
8248426344157362643,992534,1491112516
-247040041880597908,992623,1491112567
-3573736196913424003,992168,1491112514
-5976321699188663275,992230,1491112540
-4290003056915152686,116552,1491112554
-1600428018711312334,992773,1491112542
-2969822505865939985,992773,1491112569
-839908292235949545,992773,1491112564
-8758572960901925761,992773,1491112572
3884136495291576396,992773,1491112533
5275377269378002796,992773,1491112516
411193684910338223,992773,1491112562
7829045493251240015,992773,1491112557
-4420431758950719299,992773,1491112556
-3614188366156485454,992773,1491112571
7108096365437348296,992773,1491112573
1315906455584970471,992709,1491112539
-1531829570894679648,991669,1491112562
-4046176069577176986,989430,1491112570
5146135069213641644,992435,1491112535
-6809819125458122078,991722,1491112521
-5170230544211284152,992024,1491112546
2133208877846883540,992818,1491112531
1682880305309813599,992818,1491112548
-7736878385330998670,992818,1491112557
5074164991629085833,992818,1491112532
-5712077560896399431,992818,1491112558
8040794953284937744,992818,1491112528
635724722049573702,992818,1491112525
6805122265286833022,992818,1491112549
-4018931313618043831,992818,1491112550
-4060552883445472708,992818,1491112550
-56544523575118884,992818,1491112554
6684972870465985157,992818,1491112568
-6283038410690707546,992818,1491112520
-513941244920050278,992818,1491112560
124217041898229421,992818,1491112548
3225905255772803215,992818,1491112562
-4483423771882838870,992818,1491112519
3296210070612873479,992818,1491112559
1345661569954207954,992818,1491112566
-5194879224008515677,992818,1491112543
2792028646295304925,992818,1491112565
3438872416383660718,992818,1491112540
3907054080176743810,992818,1491112539
-7264415122624311471,992818,1491112538
-7051095707605054619,992818,1491112540
-260694241535293353,992818,1491112515
8705041810554116271,992818,1491112554
-3076122622492464990,992741,1491112545
6175955149570351642,992741,1491112571
-5208358730477725339,992741,1491112534
-705084784099641086,992741,1491112566
1356239580673732322,992741,1491112531
5138039935964067165,992741,1491112547
-897179242549551420,992741,1491112546
-723989468845989064,992741,1491112573
5781531052022394839,992741,1491112564
2488328507673553982,992741,1491112555
-6612739194286891863,992741,1491112566
5725546239014317213,992741,1491112528
-8905101566869065871,992633,1491112544
8531510680383223615,991988,1491112566
-2180920477941585306,992766,1491112540
1798892209859757199,992766,1491112528
2105478002804974440,992766,1491112519
-4870975373338555209,992766,1491112566
-5990104353556882896,992766,1491112566
7409220021032790142,992766,1491112537
-3103283935140102556,992766,1491112565
6429779035183943508,992579,1491112529
-7612489185342092156,992223,1491112560
325307134007405960,991917,1491112538
2858219191300464909,992452,1491112565
4136461881470362259,954037,1491112559
4016664162622462291,992585,1491112562
1095382738785237554,992784,1491112533
-3875309274586896058,992784,1491112535
-7768565331572044267,992784,1491112526
5543904601150495904,992784,1491112541
7827168591641084966,992784,1491112543
5089975121705872641,992784,1491112525
-3376329860341041616,992784,1491112556
1622701172043500957,992784,1491112528
-5814450406369446445,992784,1491112524
4066091796682739025,992784,1491112572
4133180635022103948,992784,1491112543
-6209068163468493539,992784,1491112537
2258411365573834604,992784,1491112515
-380858702631251390,992784,1491112531
-8761387824137744908,992784,1491112546
-3994363682896383296,992784,1491112551
7634334802145424583,992784,1491112530
5043297463794102990,992784,1491112557
-3769289550669813038,992784,1491112542
4618022016829162675,992784,1491112560
-6304257376585662718,992784,1491112559
-2130610455878424658,992784,1491112569
-4551981996568261178,992784,1491112546
34018424826637962,992784,1491112522
2341761517282273468,992784,1491112527
-8853672573999218920,992784,1491112537
-1464709189273348810,992784,1491112532
-2744639847188700868,992784,1491112521
-6525996236301397386,992784,1491112566
-1318324157635601646,992784,1491112524
-8167374945512614989,992784,1491112556
-8215745883839912669,992784,1491112555
-2272251341430511526,992784,1491112551
-8727820967358723855,992784,1491112573
-2217373449222437666,992784,1491112528
8333488490507545345,992784,1491112547
2296093192777549243,992784,1491112560
-4449591455805240612,992784,1491112537
338550355060899187,992784,1491112561
554146046266236652,992784,1491112520
7398033796762012417,992784,1491112550
6787630429469192113,992784,1491112521
-7984753341154810328,992784,1491112523
8372409929388047400,992756,1491112560
-2222512213846463671,992756,1491112525
9197379069768767652,992756,1491112560
-7100233926426736152,992652,1491112545
-1372260881960827872,992652,1491112569
-260614313028114012,992652,1491112568
-1891430034407174231,992652,1491112571
-5558817758207951149,992652,1491112545
-4727041031421035530,992652,1491112527
7864036566980812790,992652,1491112516
4412690723210386913,992652,1491112538
-4749134308903010751,991969,1491112515
5028730172677831380,992370,1491112539
7071344643949882760,879399,1491112550
8856686962360236916,985239,1491112561
-6762741349041025280,992606,1491112530
-4063812406167446164,947890,1491112545
7282508399669668697,184631,1491112564
458818189554763416,969920,1491112560
-3323306081901513564,992224,1491112523
800897316022546474,992613,1491112560
-4906684251385977959,992613,1491112574
6550889640507645963,992613,1491112570
786959543050212190,991732,1491112556
-8937955825825572070,932752,1491112538
-913970479343686320,932752,1491112532
-994817240137640368,930364,1491112518
-8115658883234093524,992763,1491112532
-7665716858799147098,992763,1491112570
1125587917753756932,992434,1491112521
421284064871581307,992708,1491112536
1582362933882265857,992708,1491112537
-9181170178979338663,992765,1491112532
2401401280414303608,992765,1491112526
472570196703076202,992765,1491112551
5501824996257417362,992765,1491112543
2098680744694969943,992765,1491112536
1246026407023684493,992765,1491112538
-2545258158484792855,992765,1491112568
2593615539798773985,992765,1491112542
-6402890925116017592,992765,1491112551
8192488390079547378,992765,1491112569
4476769655059574956,992765,1491112518
-5257875031779470360,992765,1491112559
1798892209859757199,992765,1491112528
2411244702039552160,992765,1491112520
973923135493083884,992765,1491112527
-5326391051425545942,992765,1491112543
7409220021032790142,992765,1491112537
2105478002804974440,992765,1491112519
-6178288118549723286,992765,1491112537
-4870975373338555209,992765,1491112566
-5990104353556882896,992765,1491112566
8976658336056213027,992765,1491112543
3690002655630588503,992765,1491112517
-229552803717596818,992765,1491112531
-4188686284422426494,877509,1491112541
-7870553900029892859,877509,1491112549
8773796217944161942,877509,1491112574
3805183364297707536,877509,1491112572
-6742237376005976170,992701,1491112558
9164528119569528850,992701,1491112563
2257178701269031693,992701,1491112547
5328077333172337022,992701,1491112519
8329633713140903370,992701,1491112537
3903920504124527893,953888,1491112535
-2015955319459882413,990496,1491112525
6429779035183943508,992574,1491112563
5643831777217098436,992216,1491112517
-8315552168350941874,992216,1491112568
-5535480169280862222,991743,1491112554
-2449503980964824462,991875,1491112548
5385100902008702518,992757,1491112567
260857533100980893,992757,1491112517
-6112378624235867513,992757,1491112562
6787630429469192113,992757,1491112572
-4743214704363303619,992757,1491112521
-1079743378930348560,992757,1491112515
1140668099695739552,992757,1491112546
7821539796531636597,992757,1491112563
-32379108519860727,992757,1491112545
-609769988627695033,992757,1491112523
-5809953109156153237,992757,1491112539
508120047686863192,992757,1491112552
-8943507360646386258,992757,1491112569
2459075270254730944,992757,1491112556
-5511274226254835747,992757,1491112526
-7512040494746045661,992757,1491112522
-519717056731281996,992757,1491112527
-6257955088653380266,992757,1491112533
-3792365135729052264,992757,1491112559
-7536615192009265654,992757,1491112570
597151697012056455,992757,1491112556
9157778626350608383,992757,1491112574
5643831777217098436,992173,1491112541
4235771730440421321,992383,1491112558
-7022025117101015197,992589,1491112526
-5857002263234931620,992589,1491112566
-2771604619418682374,991755,1491112538
-5535480169280862222,991755,1491112525
3217619915790712145,992608,1491112541
-3752115689708796161,992608,1491112537
-8758729839331291065,992608,1491112528
-1942620802174434016,992608,1491112517
-2972095705059262749,985845,1491112558
-3829894896887846933,920098,1491112536
5544500233694713647,935233,1491112535
7643787204728011821,992661,1491112519
-4102357019751567856,89994,1491112549
3625822342215140727,992651,1491112571
7600797375782857526,992718,1491112560
-6148362954783609880,992718,1491112558
7928645130959564462,992718,1491112522
9195500299775105668,992718,1491112527
-1432632880164156894,992718,1491112517
-167454806954808019,992718,1491112547
-2771604619418682374,992718,1491112571
-6917017646211781466,987577,1491112567
701340076295621668,987577,1491112569
-1531829570894679648,991667,1491112572
5026788569522539779,992614,1491112550
9090172253254550688,992267,1491112539
6336792715292028940,992665,1491112548
-2182160175440010226,992665,1491112538
-3772672152385077572,992665,1491112545
-4483415151143586001,992665,1491112545
3725185599538595997,992665,1491112550
1671330286983042541,992734,1491112546
-3530345736850963234,992460,1491112560
8387187321588698947,992460,1491112515
-6630421369967249622,992699,1491112572
4300560367142928554,895610,1491112559
3640646901062584858,992601,1491112538
6029317629034448563,343777,1491112544
-6314146741886659105,992588,1491112537
1794384746780732236,937005,1491112574
1794384746780732236,936838,1491112530
6345149510401673273,936838,1491112538
-2102557321160956799,984703,1491112562
6429779035183943508,992576,1491112549
3924418415309423775,992116,1491112531
304512602677775708,400838,1491112557
4769647962091818160,988325,1491112544
-667773527080132739,988325,1491112571
-2237942068332576357,988325,1491112541
3846865008996184147,988325,1491112526
-3444650972651649742,988325,1491112569
-6921763189069648869,991935,1491112527
-825289990146941367,991935,1491112540
6282302256575091514,991935,1491112516
-4665586303393838706,991935,1491112549
5237615985248485037,991935,1491112545
2354573471611067870,991935,1491112568
-1082225910876041578,991935,1491112516
-8800792394848140219,992794,1491112531
-6280031277904902858,992794,1491112535
-3303132949291180240,992794,1491112544
-4062064279885368028,992794,1491112545
4085888159854264767,992794,1491112558
2399011303145222277,992794,1491112538
4519832003715567556,992794,1491112559
-3530345736850963234,992459,1491112560
6536598215838247074,992622,1491112516
-116223505370556800,968892,1491112562
-8514262449877678096,968892,1491112554
-7341156777019573344,968892,1491112563
-2588855310325977532,992725,1491112529
2934479337796959431,992725,1491112550
8582737885505305277,992725,1491112517
-2440915516377504632,992725,1491112545
-7179067748459043619,992725,1491112561
6933575507101252365,992725,1491112568
-3366014753713959006,992725,1491112555
8357147384083616582,992544,1491112558
-8455995555899496444,402764,1491112514
1799814285055970500,992663,1491112569
-4517324497246708933,992663,1491112545
4674950919125434168,992663,1491112562
-1982872202508299671,992663,1491112554
-1923074255325124911,992663,1491112568
-8928076737971822542,992663,1491112565
5220195788837387870,992558,1491112534
6827466398859791470,992558,1491112556
8357147384083616582,992558,1491112536
6183838320091767760,992558,1491112567
7783506569159206967,992558,1491112572
-8383116332995369965,341703,1491112560
-1638635369587814450,992624,1491112569
-2426557786146286611,992624,1491112552
-6741915722314046595,992624,1491112558
-4576201898464873458,992624,1491112525
7193425112986533288,992624,1491112542
-669583126190250388,992624,1491112516
-4339430010792060177,992624,1491112532
2633716153646923589,992624,1491112526
-2739273163353422929,992624,1491112563
-7993608282077337486,992815,1491112535
1993476735953263529,992815,1491112540
5074164991629085833,992815,1491112568
-8717556116233280976,992815,1491112565
6520190416001870121,992815,1491112554
-6283038410690707546,992815,1491112536
3021382101528747398,992815,1491112550
1682880305309813599,992815,1491112564
635724722049573702,992815,1491112538
124217041898229421,992815,1491112557
3296210070612873479,992815,1491112568
3225905255772803215,992815,1491112566
-4483423771882838870,992815,1491112523
-513941244920050278,992815,1491112562
-5712077560896399431,992815,1491112558
-6215843745682162837,992815,1491112571
-6746187458483525379,992815,1491112555
6805122265286833022,992815,1491112549
-4060552883445472708,992815,1491112550
2977579214337608058,992815,1491112556
-4018931313618043831,992815,1491112551
-5429828774824012814,992815,1491112515
6692569240303199406,992815,1491112533
-6651335814841694917,992751,1491112526
-6479681212344333398,992751,1491112520
374386660988892801,992751,1491112536
3224527865205433149,992751,1491112562
5656268132504864260,992751,1491112530
8278127143478662843,992751,1491112566
-7162381848694759682,992751,1491112567
3918139532913890221,992751,1491112571
5771885698212500887,992751,1491112519
3043891210474125440,992751,1491112524
3293325148152430783,992751,1491112569
2234865686507388791,992751,1491112530
3315979697813542898,992751,1491112542
6842722777680754443,992751,1491112571
4018103087460905407,992751,1491112540
6933575507101252365,992751,1491112566
6492881469865418590,992751,1491112525
-6369077139478981813,992751,1491112547
8999067838631919853,992751,1491112571
8372409929388047400,992751,1491112560
8652508756863932566,992751,1491112522
-1391587657765590447,992751,1491112550
9197379069768767652,992751,1491112560
4563881227063515709,992751,1491112521
682498731983653003,992751,1491112564
-318978529796596921,992751,1491112517
-2604569519365379665,992751,1491112537
-1115526147051069701,992751,1491112560
7639984318088501422,992751,1491112573
-1138709975293521900,992751,1491112572
-3366014753713959006,992751,1491112523
-6940046799531249139,992751,1491112539
2009118810478906864,992751,1491112537
-7282458485596969227,992751,1491112532
-8025348715175903953,992751,1491112562
-8455995555899496444,402805,1491112516
-4489622673045145795,992721,1491112552
5026788569522539779,992620,1491112550
6536598215838247074,992620,1491112518
4330870812163607540,984450,1491112550
-4465085656952693721,988454,1491112541
5185546301536861059,988454,1491112552
6947274845069539822,988454,1491112517
-7996348088265468738,988454,1491112552
2465929588697090700,942389,1491112553
-7170564951959349368,992671,1491112558
-5660652000173105209,992671,1491112538
7694344943231912810,991690,1491112526
6753248041367423258,992790,1491112571
-1268759653609882521,992790,1491112540
-8762711273546121372,992790,1491112567
-1820728389004781619,992790,1491112568
-7483178827986577643,992790,1491112533
-9137889296047408327,992790,1491112548
8627803390718602477,992790,1491112521
8496353818318056659,992790,1491112549
1913435975973966073,992790,1491112551
6575882509124963974,992790,1491112517
1456163859906335868,992790,1491112531
-7847950844022569239,992790,1491112565
426872484433818387,992790,1491112572
4618022016829162675,992790,1491112531
5345038597199655687,992790,1491112571
4691998447464254427,992790,1491112541
1066589321012790057,992790,1491112516
-3209657128602658139,992790,1491112523
6551808128384839037,992790,1491112564
-8789191495717560234,992790,1491112544
4539791796637560315,992790,1491112546
-2834400602833147354,992790,1491112551
6949469798789047636,992790,1491112552
-5411849271234158030,992790,1491112521
1922998072118093923,992790,1491112559
-775983168661757669,992790,1491112563
-7113091471934667457,992790,1491112565
-4216514334543651274,992790,1491112524
7115951517539010074,992790,1491112553
-8164593819143514419,992790,1491112518
2913423117296652219,992790,1491112559
8359675559471902718,992790,1491112515
6957784540622364472,992790,1491112532
-5520835843107892150,992790,1491112553
-6481775165647833694,992790,1491112545
7938964671760512491,992790,1491112532
-3000372077315964366,992790,1491112573
-3162994885933937616,992790,1491112529
8131470297268892258,992790,1491112555
601866519388979681,992790,1491112572
-849914310134802300,992790,1491112518
8738891526215343372,992790,1491112547
4480428965050692568,992790,1491112546
-808034137656701289,992571,1491112518
-8614033391784441589,991784,1491112537
-2390801976302099458,992743,1491112564
641888699240852816,992743,1491112533
450795780964178948,992743,1491112545
-723989468845989064,992743,1491112541
-3918347716454372775,992743,1491112572
7119324798077538201,992743,1491112571
-5180761861720408663,991724,1491112535
3321443216391450217,991724,1491112543
7783506569159206967,911440,1491112569
3068265788891328337,991687,1491112543
6575525212583635312,991567,1491112569
-6256124700326766759,992776,1491112516
-1506769942983581848,992776,1491112564
4419044111788187615,992776,1491112528
-4420431758950719299,992776,1491112543
7108096365437348296,992776,1491112563
-3680140573469358766,992776,1491112562
8903210431367858468,992776,1491112548
8930581983796888494,992776,1491112558
-6486763923822517706,992776,1491112535
8369711678667924366,992776,1491112526
4661407331819452290,992776,1491112534
-2258403700775745566,992776,1491112528
-8404015595731538450,992776,1491112532
7303424360969228916,992776,1491112560
-5401609969548863028,992776,1491112569
9143826490464092770,992776,1491112567
-3404340111321322084,992776,1491112536
7324980493275088273,992776,1491112545
-66786600948314577,992776,1491112563
-3614188366156485454,992776,1491112532
6345845998282596145,992776,1491112570
-7301733124785345488,992776,1491112562
411193684910338223,992776,1491112548
-3144862840719218550,992776,1491112532
-8758572960901925761,992776,1491112516
6784788464409181925,992776,1491112569
-3549380986306521939,992776,1491112538
-3436331051204902780,992776,1491112540
579175613234709481,992776,1491112570
-6348550260077388679,992776,1491112556
-6178288118549723286,992776,1491112535
8184943741086937668,992776,1491112542
-432400924259171644,992776,1491112567
2652051227145969868,992776,1491112521
3873267890768912629,992776,1491112569
2341761517282273468,992776,1491112558
7747028480887429779,992776,1491112557
109335587863872794,992776,1491112549
-677699587593095214,992776,1491112530
7237494276311468559,992776,1491112526
5109827370402691742,992776,1491112520
-5670954402277785771,992776,1491112561
8048037530443039038,992776,1491112549
-4248686713012554331,992776,1491112556
-7965453380703950061,992776,1491112539
-2868198906281177067,992776,1491112562
3518540676511905652,992776,1491112553
-633791377678498939,992776,1491112541
-3183138770109936347,992776,1491112548
8872201180937612254,992776,1491112547
-3591306713177751693,992776,1491112556
5225464495024371439,992776,1491112533
-1848720682261541712,992776,1491112539
2258411365573834604,992776,1491112574
2235536659005417724,992776,1491112570
-6441643005650138082,992776,1491112519
-331593075932060740,992776,1491112561
3040085779445730706,992776,1491112527
594013598155448077,992776,1491112531
6042420825811137376,992776,1491112553
2300453639280051930,992776,1491112552
-1557030598535809499,992776,1491112543
5114226198587247415,992776,1491112544
5181718252586887532,992776,1491112552
750573856136677232,992776,1491112536
137713418052676786,992776,1491112560
-453281733913350262,992776,1491112550
-8785028778889766769,992776,1491112547
8491615355517658300,992776,1491112552
1879066965637540868,992776,1491112540
-5597882536811410639,992776,1491112523
6714522684119850457,992776,1491112551
7809520828250837209,342637,1491112559
-4028029128612092380,991742,1491112534
-4758114724089250542,992080,1491112519
2287536003370067941,992787,1491112562
-8167374945512614989,992787,1491112533
-8552438307311313385,992787,1491112534
-4479132619589400743,992787,1491112544
-2834400602833147354,992787,1491112574
9197379069768767652,992737,1491112528
8278127143478662843,992737,1491112518
-3939536211509723540,992737,1491112525
9183380804620066360,992737,1491112535
-5809953109156153237,992737,1491112570
1140668099695739552,992737,1491112574
-32379108519860727,992737,1491112555
641028846730019263,992737,1491112524
260857533100980893,992737,1491112564
-1448607907867702518,991612,1491112566
7752122975165936713,935870,1491112546
3846124060440982419,992674,1491112557
405788891459468153,992674,1491112516
-945142788376101139,992674,1491112524
2495040795056336453,992674,1491112521
4017543084581770372,343869,1491112550
4902489394703186481,992804,1491112517
3048335554252797514,992804,1491112562
1572004692622023681,992804,1491112537
-7334430154886849166,992804,1491112525
-7820203095629508089,992804,1491112544
-131075522589927785,992321,1491112546
2858219191300464909,992321,1491112541
-4602972196340962240,992321,1491112549
5562374865332893262,992321,1491112518
-8485347615582185168,992321,1491112536
7778498772974015829,992321,1491112534
4257046193216744433,992823,1491112570
3401609393983017601,992823,1491112565
-5465923086995484529,992823,1491112547
1186919174793994149,992823,1491112534
-4294302927785205019,992823,1491112532
75415866143552164,992823,1491112556
-5687044905462695510,992823,1491112562
-4947084520650667954,992823,1491112570
-1807046243396172744,992823,1491112553
-8118068642474153822,992823,1491112562
124217041898229421,992823,1491112533
-7243033251768590047,992823,1491112529
-2997218412416772410,992823,1491112516
-703105951611013528,992823,1491112518
-6014232620466491535,992823,1491112553
5238089135234489766,992823,1491112561
-1282102797052660349,992823,1491112570
-7144296092865595267,992823,1491112545
-2427223865482579299,992823,1491112566
7435712742831455075,992823,1491112559
5195431556178556164,992823,1491112534
-6958224988220667521,992823,1491112573
8822443238161044339,992823,1491112539
-2991870590954433474,992823,1491112533
6102597805649874616,992823,1491112566
-8791560079594002652,992823,1491112547
-9221662914025179703,992823,1491112552
-6657965240685483895,992823,1491112518
5570430460312799346,86940,1491112525
-5621304064934106657,992767,1491112550
472570196703076202,992767,1491112569
4476769655059574956,992767,1491112534
2401401280414303608,992767,1491112535
-6402890925116017592,992767,1491112551
-2545258158484792855,992767,1491112568
5501824996257417362,992767,1491112543
7809520828250837209,990268,1491112559
2920610577567081665,992570,1491112573
-5987502021499941696,970880,1491112519
3764096048025884229,992548,1491112562
1657028745187837363,992548,1491112534
-5885039922640009610,977400,1491112561
5176525432871712485,990691,1491112532
845360197135883182,990691,1491112548
9013794462486628719,992806,1491112571
6120383949591840997,992806,1491112531
-3430004289667025135,992806,1491112556
-674371704712931799,992806,1491112548
4218281911046878018,992806,1491112528
8688220503713161843,992806,1491112532
4499608832875507006,992806,1491112566
-3178843752855359848,992806,1491112571
-4619835077938658767,992806,1491112515
4806929539815744277,992806,1491112526
6644079776794373342,992806,1491112571
6010479452647505162,992806,1491112565
5195939535951226487,992806,1491112552
-4796754216310279433,992806,1491112516
5216393769465681205,992806,1491112556
2881550523569042315,992806,1491112532
6135008588185372948,992806,1491112527
6701134611296951293,992806,1491112566
-8983196908657886378,992806,1491112536
-4159648698040187265,992806,1491112563
2908407523938142846,992806,1491112540
6408949430265987648,992806,1491112519
-1262016820456181382,992806,1491112567
4429631182943507777,992806,1491112530
7529601014645766527,992806,1491112521
1594516852666611234,992806,1491112530
3087106965683907711,992806,1491112533
3638309831235366797,992806,1491112514
8017152084789152648,992806,1491112556
5769989207887585148,992806,1491112568
-4677200194223107420,992806,1491112535
-7802027284874989923,992806,1491112560
7241111536624166137,992806,1491112569
7725610659770528254,992806,1491112552
-1006247540483282974,992806,1491112531
-7007429156188039152,992806,1491112569
5684939501538637194,992806,1491112531
1669387995314167409,992806,1491112514
487934115069244269,992806,1491112517
8469715030573165505,992806,1491112566
6192395055952655953,992806,1491112534
5394239155636316280,992806,1491112518
3140715073488951588,992806,1491112541
4425831034083725499,992806,1491112574
-5724263848379023784,992806,1491112551
-7285518501377419193,992806,1491112518
-3404661970274883369,992806,1491112560
-5484711394660220281,992806,1491112553
-4506985928275609752,992806,1491112556
-1352533852234511326,992806,1491112548
8447051309574426398,992806,1491112573
3855865717491097217,992806,1491112519
3684735952769563538,992806,1491112539
-5059330007053056020,992806,1491112536
6825677444658784216,992806,1491112571
-8440746249491494914,992806,1491112517
-4018274303183396903,992806,1491112528
7793076266837073972,992806,1491112553
-5678085058304897172,992806,1491112572
4691513122614849140,992806,1491112524
-9202746978851801356,992806,1491112561
-5789950025948574029,992806,1491112532
-437673159545152983,992806,1491112526
-1912879562145427932,992806,1491112525
-5482047285884906927,992806,1491112562
-2705892770728242368,992806,1491112532
-5413165088268058635,992806,1491112533
2838388270000750435,992806,1491112525
2167189651057223225,992806,1491112525
-3070010851340539067,992806,1491112543
-1333165291234392777,992806,1491112546
-6749561720767661952,992806,1491112553
2053148289426720858,992806,1491112522
-7499264329692324231,992806,1491112556
6904515693103189032,992806,1491112556
4574141986207850900,992806,1491112515
-4743503095757654649,992806,1491112560
6548832935283244639,992806,1491112525
1852472681477429978,992806,1491112549
8720728334878177650,992806,1491112533
-7433191474964391683,992806,1491112519
-2121169507586146124,992806,1491112537
6076254986572828744,992806,1491112533
-157202969426420455,992806,1491112574
-6060041998325343385,992806,1491112522
3349847152882583988,992806,1491112548
8884491942870241870,992806,1491112573
8548530855585031690,992806,1491112568
-996675612582422474,992806,1491112544
-802187663401585107,992806,1491112560
-1490839257747405784,992806,1491112564
8277341868101869699,992806,1491112551
-3558084766667889819,992806,1491112519
591955668273238347,992806,1491112544
-3047136320536528681,992806,1491112550
-4228706417619104394,992806,1491112518
-2558691616155355447,992806,1491112570
5907951250364453419,992806,1491112559
9214839198073335268,992806,1491112542
7090049178104284886,992806,1491112532
-1108614363157855023,992806,1491112555
8587878973073899164,992806,1491112557
2140087993122625842,992806,1491112525
1512163810339686007,992806,1491112525
-7691129774603438313,992806,1491112563
-468054257607357308,992806,1491112574
3268994507261065379,992806,1491112519
-6446738073715764716,992806,1491112546
4047941874582702319,992806,1491112560
-5743857088577722433,992806,1491112572
4459457838185525607,992806,1491112559
8443735594557441892,992806,1491112516
4640285625102028287,992806,1491112517
-2571612375202806486,992806,1491112555
-8746293724851676816,992806,1491112574
343709116281203889,992806,1491112535
-6323037794112486539,992806,1491112540
7201774004155927468,992806,1491112521
-6288094598828393123,992806,1491112536
2116291410737458553,992806,1491112547
7789728296325166663,992806,1491112545
3663101284995634676,992806,1491112542
-6710644260495249138,992806,1491112542
-2106347787238719018,992806,1491112519
2091609300331763826,992806,1491112547
-6516578264597566608,992806,1491112555
-8447374137714373628,992806,1491112546
-3986649562380762489,992806,1491112550
7851615961023222769,992806,1491112547
-642441040689641680,992806,1491112550
-4241401189189919536,992806,1491112572
-2356130182536517309,992806,1491112527
7600166809481483550,992806,1491112518
1182044222505432949,992806,1491112514
3135916853010706663,992806,1491112534
920553918938555465,992806,1491112557
-1271164244896526361,992806,1491112565
-8629115616647918255,992806,1491112566
-8683340571941752321,992806,1491112550
-35407707070513291,992806,1491112525
526251239234575490,992806,1491112529
-2739273163353422929,992806,1491112561
237826362657458920,992806,1491112552
-3218269623421294413,992806,1491112565
-1765797759008706547,992806,1491112572
-2854615037788102527,992806,1491112553
6917585353670754094,992806,1491112531
4902489394703186481,992806,1491112530
-7368122475593340687,992806,1491112573
8738891526215343372,992806,1491112527
-6346316413128580818,992806,1491112564
-5144278306277111334,992806,1491112532
7851439737644943658,992806,1491112540
3048335554252797514,992806,1491112567
7113020421051568505,992806,1491112573
6972086870786070559,992806,1491112551
-2813443485562401921,992806,1491112555
-4238547507934576171,992806,1491112542
20924162922836142,992806,1491112557
-5557967099346441916,992806,1491112552
8912142318791047781,992806,1491112529
7816983729676023725,992806,1491112554
6192659831434867314,992806,1491112565
-2874614349233121643,992806,1491112554
5947124317338012717,992806,1491112557
4776761795422170006,992806,1491112558
-4419448546701432204,992806,1491112541
-3110632826253367087,992806,1491112567
1197962244690227112,992806,1491112528
-1203663060448467740,992806,1491112533
9009073125611242071,992806,1491112520
-6522672518354001976,992806,1491112523
6961527243565421063,992806,1491112543
-3296990228205937744,992806,1491112555
-9056182522299517629,992806,1491112530
8721030507829935641,992806,1491112528
5898107223189639869,992806,1491112523
3698543341873173323,992806,1491112525
8417014176510383117,992806,1491112526
-6355693247986114042,992806,1491112559
-6360211740723196527,992806,1491112558
-902174540453394930,992806,1491112559
-1624601526797088215,992806,1491112557
-7046209066503582265,992806,1491112549
-1078401473098218683,992806,1491112550
6113477424926899063,992806,1491112525
3395355050751533726,992806,1491112537
-3754617509304424357,992806,1491112557
-1047867594478962688,992806,1491112554
279772106019837460,992806,1491112567
-7558700700648487625,992806,1491112555
-7230717364929408894,992806,1491112536
2129079716513117605,992806,1491112551
2978153629647944860,992806,1491112568
-6290955868392568061,992806,1491112563
6401146868252637249,992806,1491112517
-2907788451821335761,992806,1491112532
4574733608858920811,992806,1491112546
1604295630527404261,992806,1491112555
944957079339917086,992806,1491112560
-4914814046534529300,992806,1491112572
-633043243120997396,992806,1491112548
-748490800058335422,992806,1491112527
5571845870786151337,992806,1491112563
-5307714520474664299,992806,1491112567
-5180079290414035804,992806,1491112546
4158232569436734861,992806,1491112562
-275849215862132105,992806,1491112523
8063838006765522550,992806,1491112532
445481312509840274,992806,1491112531
-7434611481803017301,992806,1491112573
1572004692622023681,992806,1491112537
4963391859204527945,992806,1491112562
-1983022464025303986,992806,1491112542
4870446906478888646,992806,1491112519
-3147509820717383599,992806,1491112524
7133053077474065532,992806,1491112538
1365756966406418788,992806,1491112540
7002996118606404127,992806,1491112535
9072596327018221043,992806,1491112558
5342937908820197273,992806,1491112534
-3852863324412613949,992806,1491112539
412527834344932070,992806,1491112560
2130977872424378574,992806,1491112549
-3381127272675049269,992806,1491112532
-374367191962818816,992806,1491112572
-3671374102730221666,992806,1491112550
5144068343283563161,992806,1491112537
4956268925272139086,992806,1491112522
-2881730960601412510,992806,1491112555
-5348565395460315941,992806,1491112573
-8002075132711648523,992806,1491112558
5011265590203609516,992806,1491112565
-444796624022824138,992806,1491112552
4560329397148453217,992806,1491112522
3052699037701881489,992806,1491112522
2524621228927722121,992806,1491112533
9128224099670777348,992806,1491112531
-2775425598744612331,992806,1491112533
-2657163505839008215,992806,1491112572
-2422204288724814694,992806,1491112517
6157896512043466526,992806,1491112569
-1085635181092488511,992806,1491112573
7393226050393018016,992806,1491112530
8146017991715553774,992806,1491112538
-932291061430507439,992806,1491112564
6498499532148421900,992806,1491112550
529054111857726303,992806,1491112524
-394681451463909896,992806,1491112528
-3027533657237185584,992806,1491112563
5749764434046781986,992806,1491112563
-8584779159702027712,992806,1491112568
3786915655060076077,992806,1491112565
7258326678924252750,992806,1491112531
-7971925164945315606,992806,1491112556
-8462710969363256222,992806,1491112531
-4008764153098671839,992806,1491112574
-2816943914893022781,992806,1491112550
-7261753028819229270,992806,1491112542
-5399791715838791964,992806,1491112553
-864818615101061978,992806,1491112565
2234433075656196659,992806,1491112517
7243569707049548406,992806,1491112522
169803185983727735,992806,1491112568
-6605377109225584674,992806,1491112551
-8477069223597283044,992806,1491112518
-5798903284495193868,992806,1491112567
4943565774316149463,992806,1491112534
-6672045733630088055,992806,1491112528
-6348679698744506500,992806,1491112531
-6208639866182386987,992806,1491112556
-5327401081067057154,992806,1491112542
1768656592749867743,992806,1491112572
1147425212461785013,992806,1491112531
2895969879331411418,992806,1491112562
-1575254486119417814,992806,1491112522
8561675674029046347,992806,1491112565
-3546325837167533451,992806,1491112555
2933829567328945184,992806,1491112546
-2070935812111289001,992806,1491112569
471237333935116115,992806,1491112568
885274496099223599,992806,1491112537
2831773438111334585,992806,1491112559
7644778013642189318,992806,1491112523
7722679435825268463,992806,1491112557
6267736547260740985,992806,1491112544
2122836487597987242,992806,1491112573
-8293392450136383413,992806,1491112558
-8973906174752637775,992806,1491112531
-7342319727260650088,992806,1491112561
-6882297839971130086,992806,1491112548
3128123224074967136,992806,1491112555
8782185014513573672,992806,1491112559
-5035524458326094217,992806,1491112542
-8414271828781431551,992806,1491112565
-668578879714044548,992806,1491112554
-4338201260765625269,992806,1491112515
6146910761432282371,992806,1491112515
5187101692472681375,992806,1491112521
7011413772935802486,992806,1491112564
6619020317400663420,992806,1491112541
-5920780790582681239,992806,1491112527
-6665488104766064308,992806,1491112521
-2571116476916965372,992806,1491112536
-1309774175827810729,992806,1491112559
6710127763680512349,992806,1491112538
6027710866147511534,992806,1491112545
-6388990001181485599,992806,1491112518
4098033514627780201,992806,1491112547
-3687732750245474876,992806,1491112556
5545776750207682320,992806,1491112535
2743216069007544825,992806,1491112547
-2761972502860525998,992806,1491112571
2956000227794539317,992806,1491112515
6221121615267851428,992806,1491112553
484536345625660035,992806,1491112517
2919949149067550011,992806,1491112557
-7960098123157108696,992806,1491112565
2212170897061850151,992806,1491112552
-6696772565995326537,992806,1491112544
-5217346959144594250,992806,1491112566
9126499072151107830,992806,1491112535
3424145908988714106,992806,1491112574
-7534031709193046279,992806,1491112546
-133587094564497487,992806,1491112555
-1634650800977609224,992806,1491112548
-329170062895034319,992806,1491112527
7829015066084890914,992806,1491112515
-2540201255646206988,906462,1491112564
-1372260881960827872,991683,1491112569
1347918874258863917,991683,1491112524
-7506670970153838578,991683,1491112548
7751122224029313607,992638,1491112541
3625822342215140727,992638,1491112571
886433361542137551,876169,1491112517
9150004577599554990,992520,1491112550
-3875309274586896058,992520,1491112537
-7420865194111003649,992520,1491112535
8387187321588698947,992520,1491112572
3349847152882583988,992520,1491112551
-1923074255325124911,992668,1491112530
6112131446206061656,965400,1491112574
-2972095705059262749,987307,1491112558
5039770241604504074,988895,1491112556
-6313548983215897842,988895,1491112541
5709151144853538958,988895,1491112557
-7972192854114307166,988895,1491112531
-7663824359041623033,988895,1491112557
7119324798077538201,992745,1491112570
-3918347716454372775,992745,1491112569
-2390801976302099458,992745,1491112526
450795780964178948,992745,1491112521
-723989468845989064,992745,1491112532
-5158004014495958850,992745,1491112557
-4495268370770580148,992745,1491112562
1574038932063014534,992745,1491112569
-6891359856135178903,992745,1491112573
4057008640653599402,992745,1491112564
-8480287494491156385,992139,1491112524
-846175758358077573,992139,1491112519
-69542979116864759,992139,1491112542
-4906684251385977959,992139,1491112552
4445087604902107255,992139,1491112551
2388460440768244429,992139,1491112566
-5645180302880781854,992139,1491112574
5841954041918243377,992139,1491112515
-4489622673045145795,992720,1491112552
-8383116332995369965,341700,1491112560
5147058999329637642,992642,1491112570
6576887744107065422,988542,1491112527
9012224710390508917,991826,1491112525
786959543050212190,991826,1491112544
-3323306081901513564,992349,1491112560
1125587917753756932,992428,1491112562
352377016778222298,992750,1491112574
-830641940848444222,992750,1491112558
-277750371144545665,992750,1491112551
5524511797481302872,992750,1491112560
-7683512144008934069,992750,1491112522
6365361063819549028,992750,1491112523
4795886435867200720,992750,1491112557
-6891359856135178903,992750,1491112552
-2513205913698919737,992750,1491112524
4311677246162162776,992750,1491112538
6079928796723537301,992750,1491112562
1574038932063014534,992750,1491112553
6350965667015567067,992750,1491112526
-5348565395460315941,992750,1491112542
8944264750159172305,992750,1491112553
-7921319443921424723,992750,1491112552
9147499119005918220,992750,1491112567
-8511214802770127870,992750,1491112564
1283687110995951004,992750,1491112525
-3918347716454372775,992750,1491112523
-5158004014495958850,992750,1491112544
-2087795494849467952,992750,1491112543
839611218854270044,992750,1491112529
4445087604902107255,992750,1491112535
335147089203137253,992750,1491112539
5670319191501303767,992750,1491112557
-1496245563980179521,992750,1491112527
6982025121324014872,992750,1491112561
-4293281079973146591,992750,1491112545
8858367908031687847,992750,1491112558
-1778891146289566410,992750,1491112515
7821539796531636597,992750,1491112569
7913350630470143066,992750,1491112566
-6981320938524611115,992750,1491112551
3253465886148329174,992750,1491112544
-637537573285504080,992750,1491112517
8427542649105758217,992750,1491112548
-6398671690338070073,992750,1491112540
-1769294879792382156,992750,1491112556
-7568114889760894602,992789,1491112548
-8695512963753032685,992789,1491112569
-5182132557879631777,992789,1491112557
3276454987314233017,992789,1491112539
-4985732972940899580,992789,1491112556
1066589321012790057,992789,1491112558
-2205749893861153414,992789,1491112526
-8552438307311313385,992789,1491112517
1456163859906335868,992789,1491112561
4691998447464254427,992789,1491112564
6575882509124963974,992789,1491112529
6949469798789047636,992789,1491112562
-8789191495717560234,992789,1491112552
-2834400602833147354,992789,1491112557
-5411849271234158030,992789,1491112526
-7847950844022569239,992789,1491112565
-7483178827986577643,992789,1491112533
-3219006466868870093,992789,1491112540
426872484433818387,992789,1491112572
-9137889296047408327,992789,1491112548
-1268759653609882521,992789,1491112541
8496353818318056659,992789,1491112550
4539791796637560315,992789,1491112544
-8762711273546121372,992789,1491112567
7119324798077538201,992736,1491112521
4057008640653599402,992736,1491112564
-723989468845989064,992736,1491112521
-4495268370770580148,992736,1491112558
-6891359856135178903,992736,1491112573
1574038932063014534,992736,1491112569
-5158004014495958850,992736,1491112549
-3918347716454372775,992736,1491112526
-2513205913698919737,992736,1491112524
8944264750159172305,992736,1491112553
5524511797481302872,992736,1491112560
-7921319443921424723,992736,1491112552
-4576201898464873458,992736,1491112563
-277750371144545665,992736,1491112551
-7749332579441024884,992726,1491112560
8819750343851773384,992726,1491112535
-6873638404738705225,992726,1491112537
-2272251341430511526,992726,1491112522
6753571109605166682,992726,1491112567
6287639372673921275,992726,1491112566
6348990687285808133,992726,1491112541
-306063742331593520,992726,1491112516
6575525212583635312,991566,1491112532
-6660391400032049579,991566,1491112534
-8228540769539996686,951665,1491112545
6107155206524019814,951665,1491112534
-7665716858799147098,992762,1491112567
2401401280414303608,992762,1491112560
-8115658883234093524,992762,1491112526
4476769655059574956,992762,1491112534
472570196703076202,992762,1491112569
-6337854722256762780,344227,1491112561
-5629493009577029568,992715,1491112533
-7310052092606983049,992359,1491112567
6529889503096373471,992359,1491112566
8357147384083616582,992553,1491112544
3809305823215941856,992553,1491112554
6827466398859791470,992553,1491112556
-2579058885740643627,990749,1491112559
-2325292445983489825,992820,1491112539
-260694241535293353,992820,1491112515
3822224919580270792,992820,1491112548
-7688960155266590746,992820,1491112522
-4060552883445472708,992820,1491112524
1345661569954207954,992820,1491112562
-6746187458483525379,992820,1491112554
2792028646295304925,992820,1491112565
-6961483116534359376,992820,1491112559
-5712077560896399431,992820,1491112520
6805122265286833022,992820,1491112522
3021382101528747398,992820,1491112533
5247811661559354204,992820,1491112558
-6827085193059244236,992820,1491112539
-4018931313618043831,992820,1491112519
-2884847966578661660,992820,1491112565
-7051095707605054619,992820,1491112539
-5861453213097175225,992820,1491112546
3225905255772803215,992820,1491112552
-6535416796253042499,992820,1491112540
6684972870465985157,992820,1491112544
1207195667286167379,992820,1491112543
423138793452875829,992820,1491112541
-4466421414849566024,992820,1491112537
-5194879224008515677,992820,1491112541
-2409385276727139830,992820,1491112568
3296210070612873479,992820,1491112555
-8229374595881883273,992820,1491112541
915579228250952034,992820,1491112574
4845835433489625248,992820,1491112553
8705041810554116271,992820,1491112553
-9185552622244673437,992820,1491112539
-513941244920050278,992820,1491112546
124217041898229421,992820,1491112536
-860903329889000220,992820,1491112546
-4191757383301864068,992820,1491112533
7054622619418946018,992820,1491112547
-4651690753516422180,992820,1491112553
-8611833244910683511,992820,1491112556
-7043979573148405893,992820,1491112568
9077589232535712805,992820,1491112529
8726433901187842437,992820,1491112565
-8228677734240897684,992820,1491112565
-4947084520650667954,992820,1491112570
3036601135942126059,992820,1491112534
7480523288826499861,992820,1491112522
930172496888301035,992820,1491112521
3625996228363438753,992820,1491112562
-6239086498559851693,992820,1491112540
865914772785194038,992820,1491112562
3418335164375692520,992820,1491112529
4260032703688492321,992820,1491112535
4257046193216744433,992820,1491112570
-7243033251768590047,992820,1491112529
7454880568614874805,992820,1491112547
-8997465092407010705,992820,1491112549
3401609393983017601,992820,1491112565
2602504846142032839,992820,1491112532
-6735120848029437557,992820,1491112572
-973075024613776409,992820,1491112552
2912222473561928611,992820,1491112527
-1239736001072446576,992820,1491112573
-142005032976758008,992820,1491112550
6363119011695192388,992820,1491112547
-8933678109038238652,992820,1491112559
-558833688942742133,992820,1491112521
-8612915744426881311,992820,1491112568
-5149117877655150363,992820,1491112559
-682630891671130454,992820,1491112524
1097065618344803074,992820,1491112570
-7932409709729096164,992820,1491112528
-8790808613096751864,992820,1491112522
2602379857402406129,992820,1491112518
328984115256732695,992820,1491112543
3472973049486915699,992820,1491112568
922273521050205264,992820,1491112564
8116986120128675260,992820,1491112574
-5465923086995484529,992820,1491112547
2593615539798773985,992820,1491112565
-2290006852998010998,992820,1491112556
-5275087478854602652,992820,1491112564
5894084555833470241,992820,1491112531
5568227141138019838,992820,1491112515
8357147384083616582,992538,1491112565
-2440915516377504632,992727,1491112535
6373000427533073375,992727,1491112562
4132783299679811345,992727,1491112572
-3814069926531903142,992727,1491112520
-6215843745682162837,992817,1491112571
2478220142889385743,992817,1491112573
6520190416001870121,992817,1491112536
-1705078785739506237,992817,1491112570
7279647426854626866,992817,1491112555
-2942246151934711216,992817,1491112564
-3014779378355083474,992817,1491112570
-5496514440902440007,992817,1491112515
1309715490499005667,992817,1491112543
3903920504124527893,953890,1491112559
282782552366225837,982366,1491112515
-3952249226647446103,992612,1491112545
-2632073334947949769,992416,1491112556
-287215059098798781,992416,1491112568
-7299689114292793606,991428,1491112560
6529889503096373471,991428,1491112543
-4463252419708582272,991428,1491112549
-1094867934136888089,991428,1491112546
4016664162622462291,992582,1491112562
-6723264008287813128,986657,1491112523
-4178152278379405808,992514,1491112523
573875557912803523,989630,1491112526
7368936868895696507,989630,1491112555
577678404828158678,992740,1491112522
-5424379624377596235,992740,1491112539
1356239580673732322,992740,1491112556
-897179242549551420,992740,1491112559
-723989468845989064,992740,1491112573
-705084784099641086,992740,1491112566
5138039935964067165,992740,1491112547
-5208358730477725339,992740,1491112534
-5857002263234931620,992590,1491112565
-2005575757813239195,938401,1491112544
-4099681819350356719,992188,1491112557
5643831777217098436,992208,1491112550
1140668099695739552,992758,1491112574
-5809953109156153237,992758,1491112570
-32379108519860727,992758,1491112555
641028846730019263,992758,1491112524
6444413788318423766,990094,1491112574
5850968171704789059,990094,1491112574
2357328317781173860,992088,1491112537
6231484106704462649,992088,1491112527
-8794971887671064853,992088,1491112529
6389291205773716713,992088,1491112559
-116340667919042763,992684,1491112547
2482068393609512572,992684,1491112521
7689905963494393700,992684,1491112559
5065025565399874426,992289,1491112564
7694959949935055836,962074,1491112568
-3825866729958894436,992813,1491112537
-899321555966986609,992813,1491112539
-7110262045192883253,992813,1491112540
-1234079691527857484,992813,1491112529
4861476175953839129,992813,1491112565
8271793109073328845,992813,1491112557
-2981204953776972339,992813,1491112549
-6967535202655967287,992813,1491112550
2754345726573031732,992813,1491112515
4862386950226642437,992813,1491112544
-63660604903364445,992813,1491112533
6960742314907705403,992813,1491112558
-8510638023200560565,992813,1491112557
-232916048628471398,992813,1491112543
4357377428120805504,992813,1491112520
1853576961113693638,992813,1491112567
-2363996098428848867,992813,1491112555
-6865694169338074129,992813,1491112538
-7495226131903412274,992813,1491112529
-443239712420259081,992813,1491112548
3023224520412733789,992813,1491112542
4011648204138057310,992813,1491112549
-1390400528290758128,992813,1491112563
3726147082240411927,992813,1491112522
2400381651177572367,992813,1491112552
8962875881117590713,992813,1491112533
720160249230059493,992813,1491112521
-794144419288939984,992813,1491112570
-7288689632464365075,992813,1491112517
-6283038410690707546,992813,1491112555
1547111368087404421,992813,1491112534
7181987297322139487,992813,1491112567
-4900110791787797572,992813,1491112561
4310471449156919802,992813,1491112518
2095657892359805242,992813,1491112529
7089324228582288321,992813,1491112519
5410926649730755058,992813,1491112561
-4265045026071042308,992813,1491112553
4357863986641008691,992813,1491112515
3345908103297029099,992813,1491112551
-5239118036382388004,992813,1491112539
-6987180822154511755,992813,1491112569
2624327518446110049,992813,1491112519
-7250670017610068812,992813,1491112517
-429857241556962783,992813,1491112568
-2258403700775745566,992813,1491112540
6520190416001870121,992813,1491112563
-3814891275179224766,992813,1491112568
3428412360908869813,992813,1491112559
6477701420814465899,992813,1491112542
5226817709744877904,992813,1491112561
-6200849068495739916,992813,1491112557
-4325099427070358529,992813,1491112559
5674961292147103296,992813,1491112515
-2944699253312272309,992813,1491112558
3588930544818700171,992813,1491112538
635724722049573702,992813,1491112550
-851754258625671904,992813,1491112563
-3452983697666889109,992813,1491112556
-2522535129871094907,992813,1491112537
5027499005256029509,992813,1491112564
-1740147610571916858,992813,1491112519
-9100303917258994663,992813,1491112518
-8896351083732841702,992813,1491112531
-5972535974285505677,992813,1491112557
-1661369778516864050,992813,1491112550
-6407817865477377336,992813,1491112573
-705465302196177982,992813,1491112527
2879922229619027580,992813,1491112567
-4165299818111543721,992813,1491112568
7829045493251240015,992777,1491112557
-3614188366156485454,992777,1491112571
-839908292235949545,992777,1491112547
-2969822505865939985,992777,1491112549
-8758572960901925761,992777,1491112557
-4420431758950719299,992777,1491112556
411193684910338223,992777,1491112560
3884136495291576396,992777,1491112524
-1349745440587280319,992777,1491112530
7108096365437348296,992777,1491112574
4661407331819452290,992777,1491112575
-6486763923822517706,992777,1491112567
-1531829570894679648,991389,1491112572
-167454806954808019,992716,1491112547
4560050602138287085,992716,1491112526
-329170062895034319,992793,1491112526
-6259988034977425001,992793,1491112535
9200386451932263525,992793,1491112521
-8789191495717560234,992793,1491112515
-2356130182536517309,992793,1491112566
-775983168661757669,992793,1491112563
-2834400602833147354,992793,1491112531
6957784540622364472,992793,1491112532
6949469798789047636,992793,1491112541
-3000372077315964366,992793,1491112573
8131470297268892258,992793,1491112555
5345038597199655687,992793,1491112520
426872484433818387,992793,1491112520
-6481775165647833694,992793,1491112545
-4216514334543651274,992793,1491112524
-5520835843107892150,992793,1491112553
601866519388979681,992793,1491112571
-7113091471934667457,992793,1491112565
2913423117296652219,992793,1491112559
4480428965050692568,992793,1491112546
-5411849271234158030,992793,1491112515
1922998072118093923,992793,1491112558
7168918065498244385,992793,1491112565
-457988021200776005,992793,1491112558
1150471342296805033,992793,1491112570
-5835302786520657038,992793,1491112566
-1561412267700601529,992793,1491112572
-838134305607815734,992793,1491112574
7065796829340186754,992793,1491112542
7142793136191236449,992793,1491112515
-6596882055381167640,992769,1491112549
-5990104353556882896,992769,1491112545
-4870975373338555209,992769,1491112543
7409220021032790142,992769,1491112534
2674431434269872880,992769,1491112534
-5614882981510099037,992769,1491112535
-1600428018711312334,992769,1491112561
411193684910338223,992769,1491112568
6185843231619974301,992565,1491112553
-6237108974691281108,992749,1491112541
-329170062895034319,992735,1491112519
4132783299679811345,992735,1491112572
6373000427533073375,992735,1491112562
-3814069926531903142,992735,1491112520
-5424379624377596235,992735,1491112572
-4758114724089250542,992079,1491112531
-2449503980964824462,991714,1491112525
-2906345601976111587,992554,1491112535
3853030008434335733,992554,1491112564
2845064416349779497,992554,1491112543
-3667138324972058971,992554,1491112541
-1457336276846549142,992554,1491112522
4517556253267463301,992554,1491112517
-648118812887819691,992554,1491112573
-6953901805943168339,992554,1491112536
6559807727810548805,992554,1491112525
4271160498458228528,992554,1491112569
-2820396066042357192,992554,1491112570
4708110098278414692,992554,1491112536
-7375278436754286514,992554,1491112571
6434720526380582811,991351,1491112563
-8668908164758752523,992036,1491112570
-6449177774857104795,990029,1491112518
5643831777217098436,992215,1491112550
-3234589225026280370,888708,1491112538
-3829894896887846933,920160,1491112536
8357147384083616582,992617,1491112516
-6708706978184965709,992779,1491112562
8628535156995826743,992779,1491112515
7634334802145424583,992779,1491112572
-8508223879576068775,992779,1491112531
2341761517282273468,992779,1491112539
2258411365573834604,992779,1491112553
6714522684119850457,992779,1491112522
-8376292364034026675,992779,1491112545
-1519279257981456507,992779,1491112561
2234865686507388791,992764,1491112515
1652162019786470568,992764,1491112561
-4397528947944174785,992764,1491112553
1582362933882265857,992703,1491112537
4217090893532348907,992145,1491112561
3884136495291576396,992772,1491112566
-1600428018711312334,992772,1491112561
5275377269378002796,992772,1491112538
7409220021032790142,992772,1491112521
411193684910338223,992772,1491112568
-839908292235949545,992772,1491112564
-2969822505865939985,992772,1491112569
-8758572960901925761,992772,1491112573
-8361646697434214931,992655,1491112564
4119673109201404078,992655,1491112551
7643787204728011821,992655,1491112558
-1012467251400167583,992202,1491112525
-3914296433865641074,951001,1491112558
6429779035183943508,992580,1491112518
5185546301536861059,969992,1491112546
-8943507360646386258,992759,1491112569
-3792365135729052264,992759,1491112559
4076211392874794967,992759,1491112520
-8115658883234093524,992759,1491112549
-8350254366458872850,992759,1491112547
426938947535907622,992713,1491112537
-1364841910457485348,992713,1491112515
-2871114256130305622,992713,1491112569
2969293007925551094,992713,1491112546
-6148362954783609880,992713,1491112572
-7972565758795895775,992810,1491112541
-7264848101049992034,992810,1491112546
4483370613574542309,992810,1491112546
-6865694169338074129,992810,1491112563
-8712144192191640826,992810,1491112526
5142633562984978400,992810,1491112544
-7084533537154435312,992810,1491112552
-6759951347250329392,992810,1491112542
3726147082240411927,992810,1491112544
-977542287746333585,992108,1491112566
5969023018945981178,136473,1491112559
8282524053555181581,992300,1491112547
-8354155414625604062,972937,1491112545
701340076295621668,987516,1491112569
-4303189530626216248,962350,1491112572
3917770318855102435,992631,1491112547
75415447496876403,992200,1491112524
-390601848181622393,992200,1491112529
-8707163826804430223,992200,1491112565
3936770092360752329,344327,1491112550
-9140581804867043903,990837,1491112565
-2906345601976111587,990920,1491112538
5364339575187677104,992687,1491112538
-8221036719120558228,992687,1491112570
6550889640507645963,992687,1491112556
1398273700180054753,992687,1491112516
2933410981528742179,991011,1491112539
-4028029128612092380,991694,1491112555
-5736300792702288694,989993,1491112552
701340076295621668,987543,1491112534
-9008141829891390799,992791,1491112572
4085888159854264767,992791,1491112558
-7405201473329625434,992791,1491112559
4519832003715567556,992791,1491112559
9089412399588734486,992791,1491112535
-3187882800136423769,992791,1491112515
-3112944493573273323,992791,1491112548
6361110095696159963,992791,1491112516
-272914567063700654,992791,1491112555
2664797145713219468,992791,1491112572
3426416510129327785,992791,1491112549
3699625198093783754,992791,1491112560
-4138768591383625300,992791,1491112567
6040549165868161446,992791,1491112563
-2891883479934427199,992791,1491112562
-1094867934136888089,992185,1491112534
-4397528947944174785,992768,1491112553
-4511568947987195803,992768,1491112530
-6280031277904902858,992768,1491112556
1842188398133606848,992768,1491112571
-4961702025838526508,992801,1491112539
-156963795728221884,992801,1491112572
-7027227272120483280,992801,1491112517
-7299689114292793606,992194,1491112565
5013765244493620402,989184,1491112567
6742826492451177580,989184,1491112556
5190935199266499154,992343,1491112555
-3565469118174330132,992343,1491112547
-7967157265111257794,992343,1491112564
-9192961073181320743,940557,1491112566
-392835107618553407,95774,1491112519
1207677685137778444,990070,1491112558
3379522366390681659,991756,1491112558
-1762242420001899323,991756,1491112557
217744807820997661,991421,1491112540
-3504562998919208064,992630,1491112520
3175670913079486927,992630,1491112554
-6148362954783609880,992537,1491112572
9195500299775105668,992537,1491112537
5235136328212287162,992537,1491112535
4280275956061557625,991662,1491112521
-8613809809687714869,991662,1491112553
-4213456353226612148,991662,1491112525
4599886832453732001,150602,1491112526
5570430460312799346,86939,1491112523
-7402260732994472505,955144,1491112572
-5194879224008515677,902684,1491112550
-1923074255325124911,992670,1491112548
8511327221558457231,942435,1491112551
-5857002263234931620,992506,1491112517
-7334180084220213587,992003,1491112534
-2105338139238651467,992529,1491112573
898578053595636655,992724,1491112521
8582737885505305277,992724,1491112569
-7340419304337788292,992603,1491112552
-7624329002949170500,992603,1491112522
-3752115689708796161,992603,1491112542
-6762741349041025280,992603,1491112535
3217619915790712145,992603,1491112543
724529951045998120,992603,1491112518
-282729200023130197,992603,1491112563
-6754604627626091572,992431,1491112571
-9222685383887931491,992431,1491112564
8271653347437968366,992431,1491112562
2388460440768244429,992431,1491112534
5761017506554289458,992431,1491112544
3925907105703733899,992431,1491112520
-3882812906381845298,992431,1491112566
255885836385482664,992431,1491112537
-9186799398808815218,992431,1491112547
1572004692622023681,992809,1491112518
5674722619273956456,992809,1491112562
3048335554252797514,992809,1491112535
3861719414846414967,992809,1491112522
5142633562984978400,992809,1491112563
-8570749170535929821,992809,1491112572
5455399654042690138,992809,1491112523
-7972565758795895775,992809,1491112541
-7264848101049992034,992809,1491112546
-6865694169338074129,992809,1491112562
2480231838470062734,992798,1491112532
-973676774603686560,992798,1491112516
7616759101918905788,992798,1491112555
-3580730508659277466,992798,1491112531
-1553219592666205647,992798,1491112568
-496815714243324033,992798,1491112551
8081496775739429398,992798,1491112517
7266880330181860591,992798,1491112538
-7761771530759750369,992798,1491112542
-8409675960207171986,992798,1491112541
-2000748854248697026,992798,1491112536
1871736473910720682,992798,1491112520
-8175384660869764685,992798,1491112552
2420448589480179725,992798,1491112539
-2121169507586146124,992798,1491112566
-8103257207542792578,992798,1491112561
-1623205552570254651,992798,1491112560
-2460833442435653823,992798,1491112546
1600105214950220908,992798,1491112571
7694308207533789898,992798,1491112525
-3862158855620701396,992798,1491112542
-5240869977092345341,992798,1491112533
-3070010851340539067,992798,1491112562
-838134305607815734,992798,1491112520
1753164188279653845,992798,1491112539
6936473644627168385,992798,1491112569
-4961702025838526508,992798,1491112539
1922998072118093923,992798,1491112553
8443735594557441892,992798,1491112546
5828804360958933322,992798,1491112559
-7330267513621946441,992798,1491112552
-6931642794307868010,992798,1491112564
1512163810339686007,992798,1491112572
8525673657989600773,992798,1491112559
4412690723210386913,992656,1491112538
-1891430034407174231,992656,1491112571
-1372260881960827872,992656,1491112554
-4727041031421035530,992656,1491112526
7864036566980812790,992656,1491112516
544249822004148371,992656,1491112572
-260614313028114012,992656,1491112566
56444266714797107,992656,1491112554
-2267017046997955126,992656,1491112554
-705465302196177982,992816,1491112527
-6283038410690707546,992816,1491112549
635724722049573702,992816,1491112550
6520190416001870121,992816,1491112563
-4483423771882838870,992816,1491112525
1993476735953263529,992816,1491112540
3225905255772803215,992816,1491112566
-4835035841379294446,992816,1491112549
9090172253254550688,992364,1491112517
6828772823477256160,992364,1491112560
-2596015997841859175,991568,1491112544
1378729385170426155,991568,1491112557
8872201180937612254,992778,1491112547
9143826490464092770,992778,1491112528
-6441643005650138082,992778,1491112519
-6178288118549723286,992778,1491112529
-633791377678498939,992778,1491112541
6784788464409181925,992778,1491112551
-66786600948314577,992778,1491112528
2341761517282273468,992778,1491112558
411193684910338223,992778,1491112525
2258411365573834604,992778,1491112574
6714522684119850457,992778,1491112551
-558070787791355409,992778,1491112522
-8508223879576068775,992778,1491112559
-8376292364034026675,992778,1491112572
-3126655912455173347,991629,1491112570
6732460533534143553,992615,1491112536
-4720632987261164612,992615,1491112541
6827466398859791470,992615,1491112540
8357147384083616582,992615,1491112525
3809305823215941856,992555,1491112519
6864778883571568208,992555,1491112571
-8315552168350941874,992220,1491112568
-1260436084847860085,992800,1491112571
7168918065498244385,992800,1491112539
7142793136191236449,992800,1491112548
6128894327320350741,992800,1491112521
-1838442817416767872,992800,1491112525
-3000372077315964366,992800,1491112517
-1285587608113417735,992800,1491112536
-6615712742729632220,992800,1491112533
-1561412267700601529,992800,1491112532
7260432197819636324,992800,1491112532
-2000748854248697026,992800,1491112554
-5835302786520657038,992800,1491112530
4972274101246523860,992800,1491112530
-3862158855620701396,992800,1491112557
1871736473910720682,992800,1491112534
-8175384660869764685,992800,1491112565
8081496775739429398,992800,1491112527
438257442012189837,992800,1491112524
-8103257207542792578,992800,1491112572
-3580730508659277466,992800,1491112539
-838134305607815734,992800,1491112526
2480231838470062734,992800,1491112538
-2460833442435653823,992800,1491112552
-5240869977092345341,992800,1491112538
1922998072118093923,992800,1491112553
2420448589480179725,992800,1491112539
-1553219592666205647,992800,1491112568
1753164188279653845,992800,1491112539
-2121169507586146124,992800,1491112566
-496815714243324033,992800,1491112551
1600105214950220908,992800,1491112571
7694308207533789898,992800,1491112525
-8409675960207171986,992800,1491112541
7266880330181860591,992800,1491112538
-973676774603686560,992800,1491112516
-6891359856135178903,992746,1491112523
6982025121324014872,992746,1491112561
839611218854270044,992746,1491112522
7913350630470143066,992746,1491112566
-6610625148671033163,992746,1491112527
1574038932063014534,992746,1491112531
1391843415803943136,992746,1491112520
47189172944826682,992746,1491112537
-6507462104984797003,992746,1491112542
588510582278681731,992746,1491112530
-1561716873565889310,992746,1491112524
2824859801741082640,992746,1491112570
2547896762278337076,992746,1491112537
426938947535907622,992710,1491112554
5354361205285743076,992710,1491112553
-2871114256130305622,992710,1491112569
-150617875611589386,338878,1491112573
5865894734625969407,910435,1491112531
8943382413186527327,992611,1491112517
-529328969407076356,992611,1491112570
886433361542137551,873897,1491112525
-672645941410121532,873897,1491112540
1602889267103450052,939496,1491112558
-1531829570894679648,991675,1491112532
-6048019367606421411,991934,1491112554
3175670913079486927,992635,1491112554
4865967201757245547,992673,1491112570
-1973660511634113392,992783,1491112545
-8907217236173666237,992783,1491112529
748749040595554126,992783,1491112517
-8508223879576068775,992783,1491112526
-8376292364034026675,992783,1491112542
-8948292945895759509,992783,1491112553
-1519279257981456507,992783,1491112561
6714522684119850457,992783,1491112519
2258411365573834604,992783,1491112549
7634334802145424583,992783,1491112564
-3769289550669813038,992783,1491112555
2341761517282273468,992783,1491112535
1622701172043500957,992783,1491112528
-4551981996568261178,992783,1491112547
5043297463794102990,992783,1491112557
-6209068163468493539,992783,1491112537
4066091796682739025,992783,1491112573
-3994363682896383296,992783,1491112551
5543904601150495904,992783,1491112542
-6304257376585662718,992783,1491112559
-3376329860341041616,992783,1491112556
-7768565331572044267,992783,1491112526
-8761387824137744908,992783,1491112546
7398033796762012417,992783,1491112575
6020002827057345941,992799,1491112543
5828804360958933322,992799,1491112559
-496815714243324033,992799,1491112534
-6931642794307868010,992799,1491112564
-7330267513621946441,992799,1491112552
8525673657989600773,992799,1491112559
-8175384660869764685,992799,1491112542
-5240869977092345341,992799,1491112528
-8103257207542792578,992799,1491112554
6936473644627168385,992799,1491112567
-2000748854248697026,992799,1491112522
1922998072118093923,992799,1491112551
2420448589480179725,992799,1491112530
-1623205552570254651,992799,1491112553
-7761771530759750369,992799,1491112529
1753164188279653845,992799,1491112535
4808815058963582647,992799,1491112544
-1553219592666205647,992799,1491112546
1600105214950220908,992799,1491112564
7266880330181860591,992799,1491112521
-9175051847371010913,992799,1491112538
-2121169507586146124,992799,1491112558
1512163810339686007,992799,1491112572
-8409675960207171986,992799,1491112529
-3862158855620701396,992799,1491112536
-2460833442435653823,992799,1491112540
4640285625102028287,992799,1491112559
4265690216295130274,992799,1491112571
4887074262600116586,992799,1491112546
7694308207533789898,992799,1491112519
-3070010851340539067,992799,1491112558
-838134305607815734,992799,1491112515
8443735594557441892,992799,1491112546
6461904339251414959,992799,1491112518
-6710644260495249138,992799,1491112574
1040316574643625539,992799,1491112560
3342384368057294682,992799,1491112558
-6345091392059109248,992799,1491112525
-5724263848379023784,992799,1491112574
-3190999530330914435,992799,1491112552
4429631182943507777,992799,1491112558
6120383949591840997,992799,1491112564
5842820254044509075,992799,1491112548
280145639872898765,992799,1491112543
-9177512897564428172,941955,1491112537
-3149475399589539484,974441,1491112546
3924548429175490520,974441,1491112522
-4063812406167446164,947352,1491112518
8387187321588698947,992448,1491112570
1846138854468203830,992448,1491112566
-2116137968475052465,992099,1491112516
-7775996830569301644,979683,1491112568
7357652945786248016,990483,1491112559
8035232259737226967,991545,1491112519
7061419174111232887,991545,1491112527
791016152734316990,991545,1491112560
383626793104603782,991545,1491112569
7695557383316444291,991545,1491112565
8206441427545039142,991545,1491112529
602752902992384,991545,1491112528
2760276568068214577,992676,1491112556
-8113257939510348954,992676,1491112516
5094742274909821277,156037,1491112558
575890528635819011,987702,1491112516
5220195788837387870,992453,1491112526
3230971713294925354,992730,1491112541
2927676162925736850,992730,1491112517
-4673360990575646446,992594,1491112560
-2996805934446354424,992594,1491112573
1860604742622978931,992814,1491112523
-443239712420259081,992814,1491112567
5142633562984978400,992814,1491112527
2754345726573031732,992814,1491112528
-7495226131903412274,992814,1491112541
3726147082240411927,992814,1491112534
-899321555966986609,992814,1491112549
1547111368087404421,992814,1491112542
-6865694169338074129,992814,1491112546
-2981204953776972339,992814,1491112555
8271793109073328845,992814,1491112560
-7288689632464365075,992814,1491112519
4357377428120805504,992814,1491112521
8962875881117590713,992814,1491112535
4861476175953839129,992814,1491112565
-1390400528290758128,992814,1491112563
3023224520412733789,992814,1491112542
-8510638023200560565,992814,1491112557
4862386950226642437,992814,1491112544
-794144419288939984,992814,1491112570
-1234079691527857484,992814,1491112529
-1982872202508299671,992664,1491112566
-4555420231317588306,992664,1491112568
-1923074255325124911,992664,1491112568
-4517324497246708933,992664,1491112545
4674950919125434168,992664,1491112562
1799814285055970500,992664,1491112569
4017543084581770372,343870,1491112550
1125587917753756932,992433,1491112529
1315906455584970471,992711,1491112539
-2588855310325977532,992711,1491112539
-891924377976768613,992711,1491112525
-8746843516608613103,992711,1491112565
-8937955825825572070,931357,1491112563
-5786407386952292778,992688,1491112545
-653793066235296939,992755,1491112529
8770918602402245078,992755,1491112519
-6234900049044424141,992755,1491112525
-5362523411404732587,992755,1491112562
4209875614658143342,992755,1491112537
7175984533989238169,992755,1491112560
-198763940074552671,992755,1491112545
5602097578070461892,992755,1491112532
-2090534302028866286,992755,1491112524
9049737751576540464,992755,1491112535
-8146311848337763454,992755,1491112550
2645489939895052181,992755,1491112538
2151330655661666197,992755,1491112522
733937003673421396,992714,1491112527
2129079716513117605,991835,1491112527
-4213456353226612148,991835,1491112519
5888042223015279792,991835,1491112552
-9188894279242567998,991835,1491112570
-7683340818808019023,991835,1491112532
-7787711663065836226,991835,1491112562
-4313199318724221712,991835,1491112566
6529889503096373471,991835,1491112563
2235100343841139492,991835,1491112546
-3227666237644961769,991835,1491112523
-7445469979574915856,991835,1491112565
-8725302034080338494,991835,1491112570
3141849215184306313,991835,1491112517
-596747042436992028,991835,1491112548
-8212196468995408614,991835,1491112562
-566490415410808603,991835,1491112535
3212348194210266612,991835,1491112556
5113908657827473819,991835,1491112537
-4085113254190763360,944439,1491112533
5620570221666109425,992782,1491112528
-6280031277904902858,992782,1491112556
-278481163079458757,992782,1491112565
-9041119251955020228,992782,1491112537
-2034852976917113106,992476,1491112559
-6440331011009601935,992476,1491112560
8511327221558457231,963275,1491112551
5570430460312799346,86937,1491112529
7643787204728011821,992657,1491112568
-8361646697434214931,992657,1491112564
5799624177350743722,991716,1491112569
7694344943231912810,991716,1491112526
2553386085169486764,991716,1491112559
-5535480169280862222,991716,1491112559
8856686962360236916,988631,1491112556
-2105338139238651467,992531,1491112573
-8079355268280594175,990487,1491112567
3903920504124527893,953891,1491112553
-9100790390241770110,992510,1491112572
6429779035183943508,992578,1491112547
-3323306081901513564,992339,1491112519
-8704673950826709918,992738,1491112532
4132783299679811345,992738,1491112537
-5424379624377596235,992738,1491112572
-3814069926531903142,992738,1491112517
-9123747107021382420,992738,1491112539
6373000427533073375,992738,1491112556
7991294983833182435,992738,1491112573
931315997652508364,992738,1491112556
87839114204868878,992738,1491112573
3809305823215941856,992738,1491112530
-4796545423889329227,992738,1491112566
3014674078364254268,992738,1491112554
1356239580673732322,992738,1491112556
-8854894792747716191,992738,1491112521
577678404828158678,992738,1491112522
7658172042749197438,992805,1491112537
4857533625737696152,992805,1491112538
-7416322690294666755,992805,1491112558
2424637196488160907,992805,1491112523
-7932409709729096164,992805,1491112545
4431422498831189553,992805,1491112555
-1878215328900564288,992805,1491112548
-8739761678076909933,878070,1491112519
8002747101400030331,898952,1491112531
4570913877493785422,992137,1491112529
3924418415309423775,992117,1491112531
-2158795758283176320,992653,1491112564
