-3512006543854754117,994421,1491780371
-9080940174883155231,995314,1491780340
-3016911663520358411,199142,1491780350
2194988537040148157,342746,1491780320
-9091460375596882784,193883,1491780347
-8291149647487206575,996129,1491780344
946204174514848476,996129,1491780350
-6144071615662170841,996129,1491780374
5154903335971678916,996129,1491780350
8784961646011808146,996129,1491780377
-8016402851551754308,936665,1491780367
-286787597853832476,982010,1491780353
-1148666724564067700,996115,1491780370
2076621936296692279,996115,1491780330
8409637285971787898,994970,1491780336
5356202604692411597,339981,1491780346
477156315357670047,994059,1491780338
5335068086205724731,996136,1491780354
5545162493645237636,996136,1491780346
-5450650293043174969,996136,1491780348
-7541919010236306893,996136,1491780332
-3480318787415674876,996136,1491780374
-4809358086721744219,996136,1491780323
-5865335355373927016,993841,1491780347
-3629798932057817272,996105,1491780370
-2237940349257947967,996105,1491780325
5765755640675104263,995434,1491780375
5480023730456319444,995434,1491780351
-1494060387420917285,995966,1491780361
4203526649681283035,995966,1491780364
7660080157185828286,995954,1491780325
9064739261688090802,996131,1491780344
-1930261403688582770,995907,1491780350
-1304210620603525199,996021,1491780355
-4916810473552729536,996096,1491780336
2934275220967227100,996096,1491780377
-6089158828265253368,996096,1491780375
-4230363310152359609,996096,1491780354
3725747475428236903,996096,1491780356
2747443428400859433,996094,1491780347
-8920019252603689235,996094,1491780335
-4916810473552729536,996094,1491780359
-4546820419345603672,983458,1491780362
981357647076899938,996067,1491780377
-8140188402434782134,996067,1491780370
-6945821429683367680,996067,1491780373
9196983305129715093,996067,1491780331
-7937768329577123035,995859,1491780348
7216776148759231294,996059,1491780345
-1361531991253946241,996059,1491780344
9219859554687007025,995990,1491780365
-6831982154767759646,996056,1491780378
2520294128813572684,995977,1491780352
1493532747145036269,995977,1491780343
-5569514674131914431,995977,1491780331
2654540602632433071,995977,1491780323
-3523490077934640083,994990,1491780368
-3931156752854657951,996063,1491780347
1413690663146351133,996063,1491780333
2786600455629423091,996063,1491780344
-8235989652291515146,996063,1491780330
9004493662957476385,996063,1491780364
1060781131177420014,996063,1491780343
8496955144336951145,996063,1491780378
6535172090471830738,996063,1491780331
6578496468188923002,996063,1491780336
4175617516705200499,996063,1491780367
-8069440983248809951,996063,1491780330
-8068262013497772202,996063,1491780376
-6702847156139002268,996063,1491780337
9148632185206018242,996063,1491780375
8579470627325270862,992446,1491780348
7564577561565542631,992446,1491780336
5480023730456319444,995403,1491780351
5765755640675104263,995403,1491780344
-4319661531467359362,995403,1491780369
-4199488069383571079,995403,1491780373
3391981593435830310,995403,1491780378
5154903335971678916,996134,1491780330
-3486022358575004442,996134,1491780360
5470588347780184473,996134,1491780358
8579470627325270862,995988,1491780343
2005762647611183723,995659,1491780352
8212080540990967980,995696,1491780335
3224198608280700978,996089,1491780338
8740633187537633377,977763,1491780344
-8551693952001833840,996137,1491780331
-4938392720330213819,996137,1491780371
8784961646011808146,996137,1491780360
-8291149647487206575,996137,1491780324
-6144071615662170841,996137,1491780367
860913094193346069,996137,1491780377
6642895574000854816,996137,1491780328
946204174514848476,996137,1491780339
-7688195494146800757,996137,1491780361
-2714144555160384186,996137,1491780349
7291060191565499636,996137,1491780356
-4655178846138399461,996137,1491780335
1259810482607477696,996137,1491780370
-6687135955043389156,996137,1491780327
1524792044764383823,996137,1491780358
-4199636145788799598,996130,1491780370
-5865335355373927016,993759,1491780347
9219859554687007025,995981,1491780372
3091226997489113635,995697,1491780329
-8596768474359921188,995697,1491780334
-8830226029269532739,995697,1491780336
-7080755402476259077,995697,1491780334
6604762796230521615,996000,1491780337
1400292972459741985,996111,1491780333
-7099570502086457121,996111,1491780339
-6967387306375792783,996111,1491780351
8152292780506336834,996125,1491780337
-2211146124969136262,996125,1491780377
2599575505129940122,996125,1491780345
-8729812225364428343,996125,1491780346
-8159526338846676201,994999,1491780341
5356202604692411597,339986,1491780354
-4088773579954814136,995336,1491780324
-5831549487213809093,996077,1491780376
1373260088100121494,996035,1491780349
3973657505424221207,996035,1491780323
-1887140781219132161,995176,1491780334
-7617950514079164715,928908,1491780323
8045296493890518584,995970,1491780379
-5738590512706532054,995970,1491780373
-1725612842304831970,996037,1491780369
8810648904644886778,996037,1491780327
-9097903106403049690,996037,1491780346
6533949970425676307,996037,1491780328
3204299432001750546,993619,1491780334
6489919682833451330,996044,1491780360
8697467192464565044,996044,1491780372
-7858041690811875766,996044,1491780377
2651920658425680734,996044,1491780366
-8140188402434782134,996044,1491780327
-1992513122965344700,996044,1491780343
-6061314782480391120,996044,1491780364
5057799084868835051,996044,1491780364
8614029746538708794,996109,1491780338
-767939599315059747,996109,1491780326
-4912701107037318491,996109,1491780355
8561571407646447704,996109,1491780365
-2147492832714824141,996109,1491780337
-8333063006159402526,996109,1491780326
1758723998903790334,996109,1491780326
1781409580095408554,996109,1491780339
2755325456656499769,996109,1491780336
6286710861080687856,996109,1491780368
2845182665938633028,996109,1491780378
1837062806290038275,996109,1491780379
-8586599740657657256,996109,1491780364
54616238431032131,996109,1491780355
-7099570502086457121,996109,1491780368
-2295424542323103449,996109,1491780329
6072879227410608625,996109,1491780354
306373424303763184,996109,1491780355
4590684586073224327,996109,1491780359
-1135141177095444416,996109,1491780347
-7605214583558318442,996109,1491780354
3367449185422585301,996109,1491780374
-6943332371606915736,996109,1491780356
6973832890785841244,996109,1491780373
1244414260855746313,996109,1491780360
804393914117910704,996109,1491780378
4687646956198476031,996109,1491780370
2614842637603085848,996109,1491780367
-3065603743442714282,996109,1491780355
-575564269332613602,996109,1491780363
-2025897073212595939,996116,1491780362
5149339908517123111,996116,1491780365
5733750125997730286,995935,1491780342
-5396884167866468483,995670,1491780342
494405173987117548,996104,1491780335
-2237940349257947967,996104,1491780338
-3629798932057817272,996104,1491780370
-8483957463844840377,877107,1491780328
5149339908517123111,996120,1491780356
-6172189413140713884,996120,1491780350
9219859554687007025,995993,1491780358
-2685898483277494442,907656,1491780357
6787728211884711075,996119,1491780331
-4401372884475265508,996119,1491780377
-9173877764882943724,996119,1491780353
-5799722294637715621,996119,1491780376
-6223760244810554160,996119,1491780378
1638241531752971402,996119,1491780360
-6172189413140713884,996119,1491780350
3293070747375752044,996119,1491780365
5149339908517123111,996119,1491780351
612658739206216784,996119,1491780374
-8968621934019855651,996119,1491780336
-2101378837532331223,996119,1491780347
6952480677021486784,996119,1491780352
-2934625187409837545,996101,1491780372
3779482704324755465,996101,1491780359
1796448776795669270,996101,1491780364
3725747475428236903,996101,1491780335
6587661639011173017,996101,1491780323
-4898547199637249486,894764,1491780339
-4199636145788799598,996133,1491780368
5311240546784403543,996133,1491780358
-6144071615662170841,996133,1491780374
-8291149647487206575,996133,1491780346
-6171943883248952647,948676,1491780375
-6076190302804968657,193916,1491780350
9219859554687007025,995992,1491780340
9219859554687007025,995983,1491780369
3224198608280700978,996091,1491780336
-479475580154577791,996091,1491780361
8770182360487477665,996081,1491780325
-9043787074620985253,996081,1491780355
-6171943883248952647,959808,1491780362
3647866856948048670,988274,1491780341
5898468495966858975,994587,1491780364
7466577702470560099,994587,1491780357
2123858578364418530,994587,1491780353
6401568007534270882,994587,1491780343
-4628209782888598121,994587,1491780342
-127180064873855376,994587,1491780358
3391981593435830310,994587,1491780331
3369337804519041203,994587,1491780325
3647866856948048670,994587,1491780347
-6457069706355272223,994587,1491780325
-3438887647971062753,991287,1491780334
2230116936979989473,996071,1491780360
2360897167402494925,996071,1491780366
-6945821429683367680,996071,1491780343
2950443882002644585,996071,1491780326
529809517036128961,995679,1491780375
-11331124016125577,995880,1491780372
-6061314782480391120,996075,1491780355
5057799084868835051,996075,1491780353
-1992513122965344700,996075,1491780322
-1531687499250084919,996075,1491780370
2651920658425680734,996075,1491780342
-4516811189123716784,996075,1491780336
2360897167402494925,996075,1491780374
-1304210620603525199,995886,1491780349
-7971717735021196883,119788,1491780367
-1614727592125204714,345041,1491780364
1556361226130823552,995839,1491780368
-8140188402434782134,996069,1491780348
-1992513122965344700,996069,1491780349
2651920658425680734,996069,1491780366
6489919682833451330,996069,1491780360
-7318243607158277666,996069,1491780368
8653280867756439549,996128,1491780343
-5969855536748046839,996128,1491780324
3829810130769354501,996128,1491780339
4216533026476083296,996128,1491780378
-4989583753778238210,996128,1491780358
-1985866899976247993,996128,1491780372
-8729812225364428343,996132,1491780356
-6419406513817164175,996132,1491780331
5154903335971678916,996132,1491780350
8784961646011808146,996132,1491780376
-8291149647487206575,996132,1491780330
946204174514848476,996132,1491780345
-4938392720330213819,996132,1491780376
-6144071615662170841,996132,1491780370
2320373327133877473,996132,1491780349
-2376547073650560069,419091,1491780370
1382586548398298767,995822,1491780352
-3152442069816245468,995937,1491780339
2486039523594849656,995937,1491780375
851536268667288053,995937,1491780338
-1228649689313692724,996020,1491780365
4893880221131711438,995378,1491780332
660426503288898651,994537,1491780377
-4319661531467359362,994537,1491780355
-7586239605887067091,994537,1491780362
2527013963075749073,994537,1491780359
-6695631257085731995,994537,1491780346
-7599352736289292728,995328,1491780338
6720794529467833445,344456,1491780367
5733750125997730286,995936,1491780337
-1067805074634391529,996084,1491780341
-2018040164666297912,996084,1491780367
3224198608280700978,996084,1491780352
-5815330453686410281,996084,1491780325
3399348200132317759,996084,1491780377
93035175685775541,996084,1491780373
-8050891992937327123,996084,1491780361
-1361531991253946241,996065,1491780330
-8140188402434782134,996065,1491780370
981357647076899938,996065,1491780377
-3867550244562844121,162972,1491780350
-8576355185633912353,995849,1491780374
1267103195816897077,994873,1491780363
3091226997489113635,996030,1491780329
8810648904644886778,996039,1491780342
8752962537090263149,995410,1491780342
-8601213123967218057,995506,1491780332
-3736614122837166598,996114,1491780338
2076621936296692279,996114,1491780330
7501382618770906933,996114,1491780352
-6672778334695668613,996114,1491780353
2092447422890846396,996114,1491780321
655773821838295958,996114,1491780342
8045296493890518584,995973,1491780330
4709213574498304122,343191,1491780319
-6171943883248952647,973400,1491780369
-6719762903013612731,996062,1491780341
-6831982154767759646,996062,1491780335
-3931156752854657951,996062,1491780352
2786600455629423091,996062,1491780348
-1361531991253946241,996062,1491780346
7216776148759231294,996062,1491780345
-5427502486922562768,996062,1491780322
-7552750498631301048,995984,1491780359
6604762796230521615,995984,1491780337
-4187920413795081043,346926,1491780371
3669335111274017838,994678,1491780340
5520979781136839260,996054,1491780353
-6719762903013612731,996054,1491780355
-1361531991253946241,996054,1491780356
-6831982154767759646,996054,1491780344
-4850224155226332916,907069,1491780371
981357647076899938,996052,1491780375
-8140188402434782134,996052,1491780368
-483803887362454869,996052,1491780333
-1992513122965344700,996052,1491780376
-5865335355373927016,993768,1491780331
1106342568423182232,996025,1491780369
-1304210620603525199,995909,1491780331
-4088773579954814136,995556,1491780324
-1599681246627796258,994688,1491780324
-6175285502635178282,995848,1491780359
-1304210620603525199,995848,1491780364
-1304210620603525199,996029,1491780368
-3598600383014643447,996110,1491780352
-2147492832714824141,996110,1491780356
1758723998903790334,996110,1491780343
-5541256907292991683,996110,1491780373
180211119286315998,996110,1491780357
-767939599315059747,996110,1491780339
8996117078780215034,996110,1491780333
-8586599740657657256,996110,1491780370
-4912701107037318491,996110,1491780361
-7099570502086457121,996110,1491780372
3399348200132317759,996110,1491780329
8119972902703518563,996110,1491780344
8614029746538708794,996110,1491780338
-7992414012823462985,996110,1491780371
-1910925449055679546,996110,1491780366
9219859554687007025,995991,1491780364
8479926435747279968,995991,1491780324
9219859554687007025,995957,1491780376
-1361531991253946241,996060,1491780337
-2537118812687785736,996060,1491780358
981357647076899938,996060,1491780321
2486039523594849656,995947,1491780348
-1228649689313692724,996041,1491780328
-270212367301144473,996015,1491780362
-5290161224579257513,996015,1491780335
-3272590611261065026,996015,1491780359
106499217098517617,996015,1491780376
5783031528371824699,996015,1491780361
-6900917062423589475,940519,1491780325
-6171943883248952647,408275,1491780341
-8097596133271317753,996112,1491780338
655773821838295958,996112,1491780341
-6109253388489707093,996112,1491780334
-6222650009494989112,996112,1491780333
7501382618770906933,996112,1491780344
3524099164002201841,996112,1491780329
-6672778334695668613,996112,1491780353
-3736614122837166598,996112,1491780325
-8968621934019855651,996112,1491780328
-1306410689542171884,996112,1491780323
5542718819153233319,996112,1491780326
-7662686456647132242,996098,1491780339
-6304238879143420386,996098,1491780354
8722685269453649843,996098,1491780351
-5778971827195602125,996098,1491780346
-8830226029269532739,996098,1491780363
316768871373444190,995473,1491780356
8045296493890518584,995967,1491780379
-479475580154577791,996093,1491780351
9214628931422776138,996093,1491780379
7660080157185828286,996048,1491780336
-4647267878336911200,996048,1491780367
-9004289677046644144,996095,1491780342
-8242176052075411111,996095,1491780348
2747443428400859433,996095,1491780348
-5750332181070700374,996095,1491780358
1367924489196162160,996095,1491780362
-6462672795391765305,996072,1491780374
2612652637089294147,996072,1491780361
-4516811189123716784,996072,1491780334
-5715051657113190510,996072,1491780326
-575564269332613602,996072,1491780349
833194086189513767,996072,1491780369
6753878948560000057,996072,1491780365
8100291209699656370,996072,1491780343
-7375315575006247787,996072,1491780370
-8103725222711845090,996072,1491780323
6443915812537262610,996072,1491780346
-4428309781746158854,996072,1491780329
-5406247441570261719,996072,1491780327
-1145303109216577874,996072,1491780336
1922465418567006684,996072,1491780363
3042045329858426450,996072,1491780332
7109168493480793465,996072,1491780330
-6040342220741340245,996072,1491780324
-2459678529572548263,996072,1491780351
-8986072382772319341,996072,1491780353
6699955852105158655,996072,1491780335
4942191494150817064,996072,1491780377
-3126377187653339325,996072,1491780326
-7684664602881081064,996072,1491780375
-3558489866526659482,996072,1491780370
-8324486035762186371,996072,1491780335
-1546952866142088999,996072,1491780374
-4834692284073046216,996072,1491780366
8167209782636771819,996072,1491780368
-4626156629528092888,996072,1491780375
6749339087263255034,996072,1491780330
2107959898583442678,996072,1491780341
-4862582842267699604,996072,1491780367
2629118917061807151,996072,1491780337
2868934870740116956,996072,1491780354
-3381458728468487650,996072,1491780375
5969969727228114863,996072,1491780327
-7210838031653122593,996072,1491780356
5365801991639129797,996072,1491780366
6399703592562005390,996072,1491780335
-2065025992156668855,996072,1491780335
-270212367301144473,995945,1491780332
5783031528371824699,995945,1491780360
-6452449667808228106,975415,1491780326
8609421757750088970,993742,1491780319
9219859554687007025,995994,1491780347
-8325534063692942008,903805,1491780360
-7617950514079164715,910494,1491780375
8223497675363407548,995871,1491780350
-5499632461899694286,995871,1491780349
-2911109813779180302,988454,1491780376
-6900917062423589475,940557,1491780335
-802973703700031208,994486,1491780363
-9189742267680180587,995917,1491780338
4172992009427111200,995917,1491780359
-8291149647487206575,985195,1491780378
1534634706435549479,923716,1491780375
-4506851367444404722,981743,1491780321
-6360331942937437815,995866,1491780378
1567769167761782290,995866,1491780378
-893177369907053842,996002,1491780358
-7363529762236413735,996002,1491780356
-5800186924063574910,996124,1491780328
-2101378837532331223,996124,1491780347
6952480677021486784,996124,1491780351
6377180738909533112,996124,1491780380
5149339908517123111,996124,1491780337
8744564649454666576,996124,1491780352
8590312664569515985,996124,1491780328
-4637066535494359965,996124,1491780353
-8598769371609726865,996124,1491780367
-7016924427061566992,996124,1491780371
-4242215185447501183,996124,1491780343
-5386318662084935419,996124,1491780377
-8209590534438165941,996124,1491780352
-8236996350561029767,996124,1491780378
1170728438518663079,996124,1491780370
-840113479055375021,995489,1491780374
-1089800783252689208,972937,1491780351
2310058102406908640,972937,1491780331
-193468407865163450,972937,1491780373
-6076190302804968657,193914,1491780335
3893869265376892376,996118,1491780363
-4043172789410345796,996118,1491780337
-3589068243226300768,996118,1491780336
2867959628986583516,996118,1491780333
-6672778334695668613,996118,1491780339
3253334215222151927,996118,1491780341
6309516052961685,996118,1491780368
-6377727477316943638,996118,1491780327
9064739261688090802,996121,1491780339
7429640389139600295,992482,1491780365
-7916061661044456879,992482,1491780357
-3003662780185301208,992482,1491780339
-2317723107334495050,176219,1491780337
-4546820419345603672,985873,1491780353
-1073559296719618584,995455,1491780327
-6320867814356432862,996001,1491780336
6604762796230521615,996001,1491780328
4894433504039954196,994222,1491780321
-1494060387420917285,995963,1491780376
-8920019252603689235,996099,1491780335
2277416149159117045,996099,1491780378
-4916810473552729536,996099,1491780359
3973657505424221207,996031,1491780323
-1304210620603525199,996031,1491780336
6346275513112116744,996031,1491780358
-5513590591310308940,996103,1491780366
6587661639011173017,996103,1491780323
-3629798932057817272,996103,1491780381
494405173987117548,996103,1491780335
7574898208508330438,996103,1491780331
9214628931422776138,996086,1491780379
-5917570551500440625,996086,1491780348
-479475580154577791,996086,1491780326
-8380893917733293863,996086,1491780375
-8631538130461696703,996086,1491780331
4126701835290707647,996086,1491780377
6290933841742250379,996086,1491780353
4559892179328060860,996086,1491780373
-2770277128420337476,996086,1491780364
8791249345479118475,996086,1491780370
-1171162750094627296,996086,1491780382
-7355801760495627554,996086,1491780363
5758957092713262891,996086,1491780332
31588939769215050,996086,1491780332
-5250372133630018226,995750,1491780351
-8159526338846676201,994933,1491780335
9219859554687007025,995976,1491780376
1291110482483309384,992140,1491780344
7358427993040305681,992140,1491780355
-939600554400396646,992140,1491780354
2606202205093556300,992140,1491780340
-6770837904949582292,996036,1491780368
8810648904644886778,996036,1491780342
-2018040164666297912,996080,1491780322
2344883375473726889,996080,1491780333
-5815330453686410281,996080,1491780350
3680168059177854662,996080,1491780361
3224198608280700978,996080,1491780378
2123858578364418530,975842,1491780344
-1416306562215430666,981437,1491780381
8653280867756439549,996127,1491780375
-1148666724564067700,996127,1491780370
-5060061448178409805,996127,1491780342
3912367260309665639,996127,1491780330
-1930261403688582770,995903,1491780350
-3523490077934640083,994012,1491780370
-547326205295920224,961282,1491780373
606467630599714056,961282,1491780350
-479475580154577791,996088,1491780361
3224198608280700978,996088,1491780328
-2685898483277494442,907697,1491780359
-3282408835368235142,993719,1491780331
-2046026697711367730,995684,1491780351
-29617282484141321,994457,1491780337
-7858041690811875766,996073,1491780334
-1992513122965344700,996073,1491780331
-6061314782480391120,996073,1491780364
5057799084868835051,996073,1491780364
2651920658425680734,996073,1491780358
-3393066312646665235,995939,1491780335
-2750690335616199623,995939,1491780357
-2594487226991008309,995939,1491780356
-7552750498631301048,995995,1491780369
-11331124016125577,995882,1491780372
2512893818044341667,995833,1491780360
1382586548398298767,995833,1491780352
-2332639430705455618,946722,1491780361
-5815330453686410281,996082,1491780328
3224198608280700978,996082,1491780356
-4413597185652713061,995987,1491780379
-11331124016125577,995987,1491780357
-7552750498631301048,995987,1491780369
1291110482483309384,991074,1491780358
-304307311187168693,996126,1491780360
8653280867756439549,996126,1491780366
3829810130769354501,996126,1491780339
5771015463033633470,996126,1491780355
7660080157185828286,996050,1491780323
864674301973955623,996050,1491780323
6231130547387830766,996050,1491780352
-4898547199637249486,894770,1491780339
8740633187537633377,996097,1491780344
-8830226029269532739,996097,1491780347
-6304238879143420386,996097,1491780356
-6272677661367898564,996097,1491780367
-8943444638973607712,996097,1491780369
2755325456656499769,996097,1491780360
-3158937924648497997,996097,1491780372
-3943896923751870654,995926,1491780378
-4188696141435813911,995926,1491780343
4856643990036501084,995404,1491780354
8479926435747279968,995959,1491780365
-7585980578964738993,994963,1491780346
-9097903106403049690,995243,1491780346
2606202205093556300,995243,1491780380
-1779115520932352275,995705,1491780356
-6889892739392347457,995705,1491780341
-6743416735623577963,996046,1491780367
6008492754428905358,996046,1491780368
-6831982154767759646,996046,1491780378
493293160307961036,996046,1491780372
-3629798932057817272,996107,1491780347
-7099570502086457121,996107,1491780380
-4912701107037318491,996107,1491780362
1758723998903790334,996107,1491780343
-2147492832714824141,996107,1491780357
-8729812225364428343,996107,1491780374
-3598600383014643447,996107,1491780352
-767939599315059747,996107,1491780339
-8314784434567013750,969508,1491780378
-6452449667808228106,977621,1491780344
2486039523594849656,995953,1491780375
-8325534063692942008,936427,1491780353
5294540666765944975,995889,1491780380
-4940200277678711731,995889,1491780350
5625379419689167588,995889,1491780362
-1304210620603525199,995889,1491780346
4136337308836500143,995889,1491780334
-6790754402895468030,995889,1491780353
1183752778221055358,995889,1491780376
-8885239961118098442,995193,1491780326
-893177369907053842,996005,1491780358
-192234691280298091,996076,1491780326
-4372254097318889060,996074,1491780336
-7418875805901957407,996074,1491780342
-1531687499250084919,996074,1491780354
2651920658425680734,996074,1491780336
2360897167402494925,996074,1491780374
2847419745546113388,996074,1491780351
7396040766775880194,996074,1491780365
-2166827829450365813,996074,1491780376
-4187920413795081043,346938,1491780371
-6244612922407115297,996011,1491780382
-3699461879768852493,996011,1491780331
1629872165501186850,996040,1491780382
-1228649689313692724,996040,1491780330
7660080157185828286,996040,1491780374
-6714672506685765054,995896,1491780369
9219859554687007025,995989,1491780348
-4895372064071761477,995311,1491780366
-9080940174883155231,995313,1491780340
798470152795022227,992414,1491780323
-3129522019732540899,996066,1491780349
-1992513122965344700,996066,1491780376
-483803887362454869,996066,1491780324
-8140188402434782134,996066,1491780350
-7434876767106423991,995825,1491780327
8223497675363407548,995870,1491780350
-7432615588693016003,996043,1491780330
-473002905192051437,995746,1491780369
-1485575895109944149,972031,1491780350
-4609480271128950912,342143,1491780361
-7432615588693016003,996106,1491780361
4445058054247370849,996117,1491780343
-8729812225364428343,996117,1491780354
8152292780506336834,996117,1491780340
-2211146124969136262,996117,1491780377
-213655312597296763,994237,1491780361
5589351968018278659,994237,1491780365
7712622949530068701,995274,1491780339
5081163917007590996,995109,1491780371
3173014180219211645,872967,1491780332
4704023482185838052,995956,1491780355
6231130547387830766,996057,1491780352
-6743416735623577963,996057,1491780367
1556361226130823552,995888,1491780368
-649100576195811571,996014,1491780360
1835255872980604503,996014,1491780332
9064739261688090802,996014,1491780373
895376639610155517,995915,1491780368
7660080157185828286,996047,1491780374
5808380824477921783,996047,1491780335
-6872396192973246309,419840,1491780345
3961897125727032153,990939,1491780355
-2612438289970126580,990939,1491780328
1291110482483309384,990939,1491780333
-1073559296719618584,994915,1491780323
73904262703585014,994915,1491780325
-5101767616866807179,994915,1491780382
7191164453822755269,994915,1491780342
-4230363310152359609,996102,1491780354
93035175685775541,996102,1491780360
3725747475428236903,996102,1491780356
-2934625187409837545,996102,1491780382
3779482704324755465,996102,1491780359
-8576355185633912353,996140,1491780358
-8016402851551754308,341296,1491780358
6346275513112116744,996034,1491780358
-6360331942937437815,995864,1491780378
946204174514848476,996139,1491780336
-5889629460437598089,996139,1491780373
9169522493174551889,996139,1491780357
-2774390724642003750,996139,1491780328
6305641776802827540,996139,1491780340
3159083684821490998,996139,1491780352
-1666594334308529674,996139,1491780372
2827688858439860453,996139,1491780352
-5273174716532304919,996139,1491780341
890189008370356509,996139,1491780381
-8940924245163596881,996139,1491780324
-1630616321006418411,996139,1491780361
5695902775804167153,996139,1491780324
1922333101669149377,996139,1491780368
-8643664135906275297,996139,1491780327
-7526185762185245611,996139,1491780351
7576819690238979037,996139,1491780351
2887310671573692565,996139,1491780379
-3512006543854754117,994247,1491780324
-6831982154767759646,996061,1491780369
-3435328338527152628,996061,1491780369
-919870552339874453,996061,1491780382
5520979781136839260,996061,1491780353
-3943896923751870654,995923,1491780378
5765755640675104263,995000,1491780376
-3108019406083153166,995920,1491780374
2950443882002644585,996070,1491780325
2360897167402494925,996070,1491780345
-6945821429683367680,996070,1491780338
-6040342220741340245,996070,1491780336
-2459678529572548263,996070,1491780362
2612652637089294147,996070,1491780361
-1990216436570455471,996070,1491780352
6753878948560000057,996070,1491780365
-5715051657113190510,996070,1491780325
