-6793081881003705249,992782,1491189671
-443585856423044555,991683,1491189621
-9105781966271587521,991683,1491189674
-1974241837866325580,992896,1491189665
7016733299297095197,926400,1491189642
-9105781966271587521,992652,1491189674
4234457135129158210,992477,1491189627
-6849901270202997668,992467,1491189616
-5603404144685430455,992494,1491189657
-1599818720220538522,976415,1491189660
-9096997802314794195,991343,1491189635
6438082918872714685,992904,1491189645
-4655034613782924283,992904,1491189636
4576643934141425936,992904,1491189628
-836328136342021253,992904,1491189662
-7842063909128932457,992904,1491189618
8345459906690069526,992904,1491189672
-353694296951074751,992904,1491189637
-2529507858660384885,992904,1491189667
-6413289327661289997,992904,1491189627
-3495606583428813163,992904,1491189672
-616276755404246814,992904,1491189662
-1721851805557827550,992904,1491189633
4445268299752599005,992904,1491189626
2944753014847022101,992904,1491189628
-2118929609843660945,991826,1491189660
-392821789865860675,992809,1491189643
9072233691187193053,992820,1491189661
-3199357234613751878,992939,1491189620
2765121122443113244,992939,1491189661
7780907839520318759,992939,1491189633
-2171962055226801180,992939,1491189656
4971877580915494748,992939,1491189641
3070989566788133750,992939,1491189634
3063197781178356720,166305,1491189667
1644358555253418862,992795,1491189662
5497493661340864014,992795,1491189654
-6718111273868422026,992404,1491189643
-592989358102903240,992404,1491189649
-8149777566998711895,992404,1491189615
-927440285919692760,992404,1491189641
8820087765725951629,992404,1491189633
1598469328291691376,992404,1491189631
6934885766028128078,992404,1491189625
2509640309109601111,992404,1491189639
6923878583707824455,992404,1491189630
-8468647418799233951,992404,1491189627
4008234352370804487,992404,1491189633
6079622472129745232,992404,1491189671
1386149871539377783,992404,1491189665
-6778721579663348203,993043,1491189642
-2171962055226801180,992945,1491189622
7780907839520318759,992945,1491189624
2765121122443113244,992945,1491189621
5562192982893320788,992945,1491189667
4662142634140735804,412541,1491189663
-8035957156598400973,992986,1491189624
-9087672304254350944,992986,1491189656
5715881158312595291,990462,1491189650
6934885766028128078,990462,1491189637
2661292084341374027,990462,1491189673
-3137827175317336635,990462,1491189656
-6136398281544545982,991969,1491189616
-3209138770416855419,992999,1491189671
2296716831402991753,992999,1491189641
-1884429943168297534,992999,1491189633
-1303243907391551351,992999,1491189667
2449119492534470569,992999,1491189650
-8635612759550055380,992999,1491189673
5600322701400182146,992999,1491189631
7640097463314341766,992999,1491189645
-3132266509951718628,992999,1491189669
-518867206220765639,992999,1491189669
7302113666627454331,992999,1491189658
-3542596452175946558,992999,1491189631
3668654301746244655,992999,1491189657
2019596079682753460,992999,1491189635
8905072054449255373,992999,1491189638
-7213023055948600688,992999,1491189639
-8310134409718461490,993028,1491189639
5721216635343648654,993028,1491189650
2621574921220052568,993028,1491189642
2694419634520308954,993028,1491189620
4301439445050850132,993028,1491189639
-9198731794158687477,993028,1491189654
-3785122524451721926,993028,1491189632
1660922901237144573,993028,1491189624
6443872392822765584,993028,1491189649
-3368675077593661209,993028,1491189622
4140546524752563144,993028,1491189669
7164284623781278170,905228,1491189623
-1795582612244237520,993015,1491189624
-4339766999525540512,993015,1491189642
3781821776066604556,993015,1491189643
-3500661097847930956,993015,1491189620
5206352970610618999,993015,1491189665
1629685945267592694,993015,1491189619
-2160437551149465730,993015,1491189627
-7673770606070996999,993015,1491189668
8541586711876026064,993015,1491189665
-4372452767843470949,993015,1491189671
1332157077583784944,993015,1491189650
2161056310268087282,993015,1491189650
-3436828243445364348,993015,1491189674
5272133018546582584,993015,1491189627
3007789610212378405,993015,1491189656
-2294015993265833227,993015,1491189632
-1843369404369115214,990463,1491189672
-9046312683830239948,990463,1491189645
-6831764812774521891,990463,1491189632
-3464979130376533863,992737,1491189634
8601492472207541053,992773,1491189667
6355460888873315807,992836,1491189667
78687941362170701,992864,1491189658
787055405498047931,992864,1491189669
-4587218651802613657,992864,1491189628
-114432985285967110,992864,1491189656
1018714614410595179,992864,1491189668
1533788279105953565,992864,1491189663
-392821789865860675,992810,1491189643
-314114870615199749,992403,1491189670
3641625754122676965,992844,1491189649
-8971403295229423813,992837,1491189626
8534932492909457309,992932,1491189660
8422700924124748288,992951,1491189663
4147497043468763003,992951,1491189620
4589712591196657545,992951,1491189643
-1892623149577942220,992951,1491189648
-6900378063320599894,992951,1491189632
-8426436601640812051,992894,1491189670
-1974241837866325580,992894,1491189666
648132827028793027,993006,1491189665
5664418344095466784,993006,1491189646
-721153575515367226,993006,1491189647
-518867206220765639,993006,1491189642
-2493841893282281483,993006,1491189654
-4497385390213198141,993006,1491189639
4711724167661164272,993006,1491189625
4018382148653879155,993006,1491189645
-9089506772830508457,993006,1491189648
-6697794482742544196,993006,1491189666
-3240834292492590246,993006,1491189665
-5347425807669395460,992840,1491189628
2693740976547353728,992840,1491189655
3641625754122676965,992840,1491189649
-5803622573423247886,992840,1491189673
355791868385922682,992401,1491189618
-1365990135014876719,992401,1491189654
3224815000438705937,992401,1491189618
2184862180645926874,992401,1491189645
-1685262926181246525,992401,1491189647
6515116096183318832,992401,1491189671
516636701718117304,992401,1491189665
7469692985010714938,992401,1491189615
-5137885383731699156,992239,1491189655
-8089776233180209334,992984,1491189619
-4107006652496477686,992984,1491189657
363514093437249204,992984,1491189670
-8035957156598400973,992984,1491189638
-327544057111387682,992984,1491189636
-5767569620616937540,992984,1491189618
-9158022841880703342,992984,1491189655
-8766348058274874746,992984,1491189652
-8583230256891161074,992984,1491189643
-7589528692152042060,992984,1491189642
7991860317857100966,342746,1491189639
-8307894359431627784,992624,1491189648
-649082502561964901,992624,1491189624
2291244192019372352,992624,1491189637
-8971403295229423813,992842,1491189618
-9105781966271587521,992656,1491189671
769880634313318171,992874,1491189644
3807095291574142074,992874,1491189621
-2632726635106754847,992874,1491189661
-1816871761427950755,992874,1491189666
3538039011253325203,992874,1491189642
-282249004311635873,992874,1491189619
3205485943756499800,992874,1491189637
-5264115125419463004,992874,1491189631
2463335505825067522,992874,1491189647
-6149577081615715297,992874,1491189665
1503537047498099657,992874,1491189674
5233845110536102721,992874,1491189621
-5503471287356214618,992874,1491189639
-6668370084471726221,992874,1491189643
-3439757439228745492,992874,1491189642
824136164375592959,992874,1491189669
20507348751089245,992874,1491189635
398429345011119501,992874,1491189655
-226883692437473938,992874,1491189626
-5049795001898592918,992874,1491189671
5638201902344616158,992874,1491189669
9097328015717878047,992874,1491189668
4495095197483281010,992874,1491189624
-2174467909409604532,992874,1491189670
-8305397221735334485,992874,1491189619
1561291628296346976,992874,1491189652
7238354353588053668,992874,1491189668
-5074597845298496088,992874,1491189643
8006498145295926103,992874,1491189624
3830627053644560494,992874,1491189638
-742612945518091535,992874,1491189663
-836899930689757681,992874,1491189649
1014189011722800064,992874,1491189669
2281291095556625888,992874,1491189639
-9041949921440016048,992874,1491189673
-1855113411632090156,992874,1491189666
-7973487246523458649,992874,1491189615
8312286711854860577,992874,1491189627
9080333243338802829,992874,1491189643
4063432536789095430,992874,1491189621
-3592362888797255327,992874,1491189669
-9155961670439487670,992874,1491189645
1002901570497199673,992874,1491189659
8494309689964077377,992874,1491189657
-4967585158492474856,992874,1491189649
7164853382506832857,992874,1491189628
-544140204990166705,992874,1491189615
-7061777815634563679,992874,1491189639
8600851652600584823,992874,1491189659
-2008126641086953323,992874,1491189626
8517910197838161462,992874,1491189673
3545585658004451154,992874,1491189655
1236168231521917727,992874,1491189637
96706930878665597,992874,1491189621
-4569226400483647846,992874,1491189635
6380708755179399566,992874,1491189651
-1488839063794867262,992874,1491189625
8228584943109327455,992874,1491189618
-5947989237758410233,992874,1491189659
8948570768813616426,992874,1491189643
4437711933443070166,992874,1491189672
6282271987981704385,992874,1491189623
-6087600066197088122,992874,1491189654
-4348305440431664059,992874,1491189616
5080239646724341790,992874,1491189649
-6340416419608818757,992874,1491189619
-8379751080019989461,992874,1491189632
2928916074378469345,992874,1491189622
-6231262449217915779,992874,1491189659
4026119166155315746,992874,1491189633
2670387359922841835,992874,1491189653
1368108462198676871,992188,1491189671
-2953515215281842360,992975,1491189639
8748773483432159733,992975,1491189617
-887657708522299763,992975,1491189657
5071442658139067579,992806,1491189637
-6736405015982525983,990369,1491189655
-3469838884965691477,992981,1491189643
-8035957156598400973,992981,1491189640
6310347087230189590,992981,1491189656
6248124039113029475,992981,1491189632
363514093437249204,992981,1491189670
-4107006652496477686,992981,1491189657
6055514229666906117,992924,1491189616
-8223832275518615906,992924,1491189621
7780907839520318759,992924,1491189667
8534932492909457309,992924,1491189644
-4373331154274540836,992924,1491189670
464616813752341493,992924,1491189668
4790426536338947470,992924,1491189620
-3000548374831807887,418437,1491189632
-3988731264510462980,993022,1491189625
3354416861702757392,992983,1491189628
7024995293816879286,992983,1491189647
-1080818760589769803,992983,1491189618
-5140942097858349289,992983,1491189618
-757028085980564232,992983,1491189635
395029882020420565,992983,1491189640
5577498540272781675,992983,1491189658
8040794953284937744,992983,1491189630
-8035957156598400973,992983,1491189648
-2269359147252850245,992983,1491189654
918766384978137719,992983,1491189621
-327544057111387682,992983,1491189673
-4209227961016864979,992983,1491189646
5950168652204446115,992983,1491189667
6555520714328108233,992983,1491189654
8103310679953098506,992983,1491189628
1503227731227026123,974441,1491189645
-6592835616039854021,974441,1491189619
239727859423342764,974441,1491189667
-6681768473761788009,992504,1491189673
4234457135129158210,992504,1491189618
-3175641049696770906,992905,1491189654
2155955412517270981,992893,1491189624
-2268574605287330276,990808,1491189661
-4582189846449680747,992675,1491189618
-6236676030059585973,992675,1491189629
-230380899488347039,992786,1491189629
-6359078338817746064,982542,1491189668
6372075318752472857,992090,1491189660
301522048171026708,992991,1491189623
-5681789059111717802,992991,1491189627
-9087672304254350944,992991,1491189649
-7226408267562531675,992991,1491189674
484239786010795722,992991,1491189621
-2948187603214429939,992991,1491189651
-6162618120539522440,992991,1491189669
9202227038753027561,992991,1491189638
-3427923235227053949,992991,1491189667
-392821789865860675,992813,1491189620
4026341105538431824,992813,1491189660
-767564333002735603,992813,1491189644
9072233691187193053,992815,1491189664
3766504287765276150,992815,1491189671
-8975632407251789947,992815,1491189639
6919318313082362188,992958,1491189670
6355460888873315807,992835,1491189644
-8971403295229423813,992835,1491189639
4142359851488197250,992858,1491189667
1018714614410595179,992858,1491189668
-4587218651802613657,992858,1491189624
-114432985285967110,992858,1491189654
787055405498047931,992858,1491189665
78687941362170701,992858,1491189645
1533788279105953565,992858,1491189663
-8176751463375505544,992858,1491189641
-5803622573423247886,992858,1491189622
9072233691187193053,992831,1491189621
-1892623149577942220,992961,1491189640
-6900378063320599894,992961,1491189630
-2118929609843660945,991732,1491189674
-1352559536965908857,987938,1491189671
-2715235734579297911,971769,1491189659
-8025899153533282266,338545,1491189654
5013680467154941,992957,1491189642
-1892623149577942220,992957,1491189666
4147497043468763003,992957,1491189660
8775390162430008372,993017,1491189628
-2326508105964592359,993017,1491189668
-1289641135671576143,993017,1491189658
8541586711876026064,993017,1491189629
-5267257002203250550,993017,1491189650
-2075650362765446926,993017,1491189663
3187254182681696727,993017,1491189632
-2548588822661804376,993017,1491189642
-5483306119117830082,993017,1491189638
3999988090435083539,993017,1491189647
-2949024895200932109,993017,1491189642
4358658636355703336,993017,1491189674
-2959163531517939083,993017,1491189655
-5112904558769438278,993017,1491189672
-2728983985159774342,993017,1491189662
5573488802922689843,992888,1491189670
5251557287718399043,992888,1491189648
5931707435786928781,991935,1491189617
4234457135129158210,991935,1491189653
8474389785019540778,904041,1491189619
-9105781966271587521,992725,1491189636
4826726214047538287,938401,1491189640
3626883979002026032,992885,1491189643
-2131654043308910138,992885,1491189660
7520532903552305967,992885,1491189634
5999756361207846539,992885,1491189651
7397178520177826494,992885,1491189673
-6058282052880565901,992885,1491189652
7100354102617835270,992885,1491189663
-1425844791392037597,992885,1491189639
-6038227473878463375,992885,1491189618
1664709208705366655,992885,1491189674
2618839827091892928,992885,1491189641
1471851063065636621,992885,1491189653
-4373555692458792425,990452,1491189655
-6314055377704725520,990452,1491189664
-2057149543655519092,990452,1491189640
-4794024014459102704,990102,1491189642
-6247378315521194905,990102,1491189634
-2442860034676265859,992689,1491189626
6079622472129745232,992689,1491189664
8307612201837187243,992849,1491189651
3641625754122676965,992849,1491189627
6391586556387730056,928886,1491189651
8567924743638556967,993036,1491189623
-8640468123302849003,993036,1491189652
-9201053503982135171,993036,1491189655
991863915325276742,993036,1491189665
-3628084274551580467,993036,1491189620
2083817395221062217,993036,1491189636
6650784689231465223,992460,1491189668
7130541810415432798,993040,1491189640
5736448296241121700,993040,1491189619
-6778721579663348203,993040,1491189647
4445268299752599005,992992,1491189619
-6834818310192393393,992992,1491189662
-8694241498758535668,992992,1491189630
8620552218877694125,993003,1491189625
9137986534475962683,993003,1491189655
2438916091451538759,993003,1491189620
7599669612072692972,993003,1491189658
-2160437551149465730,993003,1491189671
338591266580400427,993003,1491189665
-8528340394049945551,992985,1491189641
-4675313687712792902,992985,1491189620
2851264093079807611,992343,1491189656
-9181553585363209196,874852,1491189646
-6736405015982525983,989918,1491189655
2592264607303633205,989918,1491189615
-4360207635668643867,989918,1491189640
667973249107904939,992909,1491189642
-1306364983793572944,992909,1491189658
6079622472129745232,992616,1491189642
2685005018081208335,992616,1491189615
-4761271664481235722,992877,1491189662
8268580189440890114,992877,1491189665
-3736288044814263921,992877,1491189661
7841343918102031150,992877,1491189646
-4674851610240956435,992877,1491189660
8761597710520625326,992877,1491189663
6429822893690102654,992877,1491189626
3807095291574142074,992877,1491189658
7066812921087022632,931704,1491189660
4234457135129158210,992265,1491189660
-2619817680303079470,990631,1491189632
-1405439375992811458,992789,1491189619
8103048138033583987,992099,1491189645
7486774244383290548,972031,1491189631
-4746581951372316969,972031,1491189663
1795429062514435054,894116,1491189667
8433568597775803391,991043,1491189650
6934885766028128078,991043,1491189654
-8669197116559823307,992989,1491189635
-2945838701939960716,992989,1491189625
2062998288663227821,992989,1491189641
-5654729565161360741,992665,1491189658
-4992521810823053626,992954,1491189674
5562192982893320788,992954,1491189651
4658398711917310910,992954,1491189621
-7397831477303858047,992954,1491189656
-2881492056013881087,991566,1491189656
-4372565926998733077,943132,1491189674
7200101526348598417,990550,1491189662
3668654301746244655,993000,1491189667
5600322701400182146,993000,1491189640
-3542596452175946558,993000,1491189638
-518867206220765639,993000,1491189669
7640097463314341766,993000,1491189645
-3132266509951718628,993000,1491189669
-1303243907391551351,993000,1491189667
-6802717229979578413,992980,1491189616
4971877580915494748,992948,1491189641
5562192982893320788,992948,1491189667
5077186657770826738,992948,1491189658
7633701861246827757,992948,1491189666
5865064062616311985,992948,1491189636
3905735133470989660,992948,1491189657
-1141940928617056853,992948,1491189638
3498858497937098231,992948,1491189638
-4511771481244116657,992948,1491189655
-2827898574395314291,992948,1491189624
-3904161831179148426,992721,1491189664
2341353193915560832,992938,1491189628
6055514229666906117,992938,1491189626
8534932492909457309,992938,1491189650
7780907839520318759,992938,1491189670
5055051036972033147,992938,1491189623
-1677694189562904179,992938,1491189634
-5803622573423247886,992154,1491189622
-114432985285967110,992154,1491189645
-8176751463375505544,992154,1491189641
78687941362170701,992154,1491189639
1533788279105953565,992154,1491189658
787055405498047931,992154,1491189655
8259797014466910415,992154,1491189645
-6095006538837933764,992154,1491189659
-7546466159534650818,992154,1491189661
8440039007040700090,992154,1491189627
-1892623149577942220,992964,1491189629
6668239782958308604,992520,1491189654
338591266580400427,993012,1491189665
7599669612072692972,993012,1491189647
-2160437551149465730,993012,1491189671
4137583696744895535,993012,1491189644
-9104683388925997945,993012,1491189662
904972003446276975,993012,1491189648
4301439445050850132,993034,1491189664
-9201053503982135171,993034,1491189671
-3628084274551580467,993034,1491189636
1660922901237144573,993034,1491189650
-8640468123302849003,993034,1491189663
6355460888873315807,992834,1491189667
1240758695016573794,992997,1491189674
1655819724582459927,992997,1491189670
2170141558931947981,992997,1491189668
-6659582786117444579,992997,1491189656
2750313145838565854,992997,1491189658
-8185017424818940376,992997,1491189643
658284533847011304,992997,1491189619
-3564059071627565185,992997,1491189660
-5983993566494652677,992997,1491189647
8155465235749578364,992997,1491189629
-4037031496436191849,992997,1491189617
817905967932112016,992997,1491189658
-5749514206217648082,992997,1491189674
5871045066234774341,992997,1491189629
-6097221906468447229,992997,1491189666
924793145811660804,992997,1491189666
5185129192600527161,992997,1491189669
-7991785755248872895,992824,1491189645
9072233691187193053,992824,1491189642
-3904161831179148426,992717,1491189664
8534932492909457309,992936,1491189660
2341353193915560832,992936,1491189632
7780907839520318759,992936,1491189670
8345459906690069526,992918,1491189618
7084188356696628483,992918,1491189670
-7673770606070996999,993018,1491189658
2161056310268087282,993018,1491189650
5272133018546582584,993018,1491189627
3329772809053745098,993018,1491189626
5206352970610618999,993018,1491189644
3007789610212378405,993018,1491189656
-4372452767843470949,993018,1491189668
6328716874124330822,993018,1491189650
4805465849412816161,993018,1491189674
-2160437551149465730,993018,1491189616
1332157077583784944,993018,1491189650
8541586711876026064,993018,1491189655
-9095313697955841397,993018,1491189670
-2507422423584452217,993018,1491189662
-3436828243445364348,993018,1491189674
-7213023055948600688,993018,1491189624
8707055737282864954,993018,1491189659
-240989794741754390,993018,1491189619
-4560882330544577287,993018,1491189651
5941148201395527480,993018,1491189632
-6796820324093599140,993018,1491189647
-6093614391535596447,993018,1491189669
-5316668565140146561,993018,1491189662
2149162038953880430,993018,1491189667
-8733991826775849742,993018,1491189669
-8665586836178504927,993018,1491189666
-956884309243319270,993018,1491189673
7945628900023717750,993018,1491189671
-5163766116962638223,993018,1491189656
-4690643471823672188,993018,1491189672
-5267257002203250550,993018,1491189673
-6782434712620934904,993018,1491189655
2705913804508110843,993018,1491189630
7835085674694123215,993018,1491189664
8969085503498356769,993018,1491189661
3466987171139869618,993018,1491189658
5253052881956842609,993018,1491189675
-2337339155849889129,993018,1491189642
6696611686688463160,993018,1491189634
-2294015993265833227,993018,1491189631
2140065799930974788,992875,1491189636
-5798116927252584326,992875,1491189637
6707593514854282547,992875,1491189654
-4843544681981256329,992875,1491189615
2797803816801818238,992875,1491189623
6399603110633818696,992875,1491189672
441809134326047009,992875,1491189661
7841343918102031150,992875,1491189654
-4761271664481235722,992875,1491189666
8883295244772893523,991582,1491189653
-4394257624491068729,990773,1491189632
-5960720765804612408,993050,1491189674
-7846071740428218025,993050,1491189651
-3237898897153295924,993050,1491189672
-4577086516581785564,993050,1491189639
-340898861949377999,993050,1491189643
4780404542496402628,993050,1491189626
-9031029670458075669,993050,1491189616
-6778721579663348203,993050,1491189637
6149065715308116423,993050,1491189646
-6263977436870724773,993050,1491189646
-7027477308738454980,993050,1491189619
-6958290350621441609,993050,1491189627
-7132845444621951383,993050,1491189648
220291842310755086,993050,1491189632
-8934656270607506034,993050,1491189644
-6281054086914827060,993050,1491189636
8754993152223926171,993050,1491189663
2070007507886663678,993050,1491189669
2600056579955426078,993050,1491189649
-521623706027944424,993050,1491189673
3888327656566426247,993050,1491189667
-4815374561275280796,993050,1491189660
-7838849808060345744,993050,1491189641
341034636121764749,993050,1491189624
2441946765069374778,993050,1491189659
1591106033579086793,993050,1491189635
5388609012554612222,993050,1491189629
8103048138033583987,992109,1491189617
-6935793324660303425,992200,1491189655
6057117901772400185,992200,1491189664
8859107321124694652,972937,1491189615
9103130688964989285,972937,1491189664
-4042850290445972655,972937,1491189641
2291244192019372352,992217,1491189662
8905072054449255373,993001,1491189638
3668654301746244655,993001,1491189646
-3132266509951718628,993001,1491189638
-3542596452175946558,993001,1491189620
7302113666627454331,993001,1491189642
-518867206220765639,993001,1491189651
-7894789699591703781,993001,1491189618
5664418344095466784,993001,1491189646
-2493841893282281483,993001,1491189654
-4497385390213198141,993001,1491189640
4353942144359397160,992150,1491189644
-1685262926181246525,992150,1491189636
5515785257986557685,992150,1491189631
-1038363147693101959,992150,1491189622
-1051766340239423120,992150,1491189661
-6050301116895832079,992150,1491189671
-4753099041106201497,992150,1491189672
2367341985389221111,992150,1491189635
-625977666826609138,891116,1491189617
2851264093079807611,992431,1491189656
8958930489516875799,992919,1491189636
-5603404144685430455,990533,1491189657
9041822274762740716,990533,1491189655
-7365410578196374709,990533,1491189641
-1843369404369115214,990533,1491189672
-9198731794158687477,993037,1491189635
2348924062689295340,951665,1491189647
-4177494499136407947,951665,1491189628
4384396690381376998,951665,1491189669
-4928367791173840887,951665,1491189640
-1405592214458478815,993025,1491189631
7154924751747972653,993025,1491189627
-3628084274551580467,993025,1491189665
4301439445050850132,993025,1491189665
2620606167265138604,990913,1491189642
-5173334397318160119,988454,1491189617
-997619421167359482,993047,1491189618
-2447148866074992814,993047,1491189645
-3237898897153295924,993047,1491189672
2020563765211778769,891093,1491189670
4234457135129158210,992232,1491189674
-2481964390833154281,992998,1491189670
-5983993566494652677,992998,1491189647
817905967932112016,992998,1491189658
-4037031496436191849,992998,1491189617
-8185017424818940376,992998,1491189627
2750313145838565854,992998,1491189640
-161244130934661544,992998,1491189650
-2624164514534249376,992998,1491189653
1863036714689539343,990502,1491189616
3976943059031225195,990502,1491189668
6934885766028128078,990502,1491189647
-8218420049442414971,990502,1491189634
-2851341728444767014,992891,1491189659
542443898346931504,990487,1491189659
2310442972788636681,402663,1491189665
-6681768473761788009,991776,1491189673
-2118929609843660945,991724,1491189674
-945770806531239956,921468,1491189664
2101920024116631781,992287,1491189653
-392821789865860675,992811,1491189630
-4106432013833284060,992860,1491189662
-9105781966271587521,992711,1491189648
-4445679799457946101,992785,1491189634
5753592716430762224,970331,1491189671
3641625754122676965,992845,1491189631
8307612201837187243,992845,1491189651
-5496484439589843662,992848,1491189670
-6681768473761788009,992848,1491189659
7520532903552305967,992848,1491189644
-1893028909875526431,992848,1491189665
7397178520177826494,992848,1491189673
-2131654043308910138,992848,1491189660
-7777794245709317444,992848,1491189661
-7173440098937285505,992685,1491189658
-8450729572427020869,992519,1491189660
4234457135129158210,992223,1491189674
4147497043468763003,992959,1491189660
-1892623149577942220,992959,1491189662
-6900378063320599894,992959,1491189632
4589712591196657545,992959,1491189643
429148658345794116,992959,1491189653
-230380899488347039,992787,1491189618
806305339217039,992787,1491189663
2951479707685124431,992952,1491189633
4623032169926213449,992952,1491189642
-6852224854653740342,992952,1491189663
7220876018616041151,992952,1491189642
7130541810415432798,993041,1491189624
-6778721579663348203,993041,1491189646
-443585856423044555,992633,1491189621
-8450729572427020869,992441,1491189660
-8935728374587846497,992039,1491189631
6565116318415470649,992039,1491189622
1512985404846151606,969147,1491189645
8171603073686374245,144382,1491189637
-3401073915180209179,144382,1491189657
-2481964390833154281,991974,1491189635
5156424392467891440,991974,1491189627
7100354102617835270,991974,1491189662
-6175690588413532648,991974,1491189632
1769626319722482169,991974,1491189672
5438827100539587677,991974,1491189648
7340568187655414060,991974,1491189670
-1392356838268997631,991974,1491189663
7019183104240112044,991974,1491189669
1685833974252453146,991974,1491189650
7848573705966506183,991974,1491189666
-7085957251735065191,991974,1491189621
-8971403295229423813,992603,1491189641
-8694241498758535668,992995,1491189630
-6834818310192393393,992995,1491189653
-1708211998860024335,992995,1491189630
658284533847011304,992995,1491189674
-488715743362496872,992995,1491189663
6041037593452232512,992995,1491189634
-6817203254036298880,992995,1491189667
3670543172760275005,343559,1491189624
3285495916126397970,877509,1491189674
5488737914384484644,992987,1491189670
2274030023361605584,992987,1491189674
-8766348058274874746,992987,1491189652
-8035957156598400973,992987,1491189631
-9087672304254350944,992987,1491189656
2159614041787950252,877470,1491189671
3643880273660471461,990503,1491189617
-5930760960376221651,990503,1491189648
-2660856828445139010,990503,1491189650
-1051766340239423120,990503,1491189672
1861652794546402931,990503,1491189631
-1209247278013895603,990503,1491189648
3224815000438705937,990503,1491189628
2738770605814009891,990503,1491189656
3695849843753604117,990503,1491189645
-8149777566998711895,990503,1491189646
-3520366206918206932,990503,1491189650
-161244130934661544,990503,1491189657
5807730847109291142,990503,1491189631
-6394237176210213980,990503,1491189635
-214652961957733475,990503,1491189647
2150500515762056796,990503,1491189674
8523373658506735334,990503,1491189658
-3628084274551580467,993029,1491189642
1660922901237144573,993029,1491189655
4301439445050850132,993029,1491189664
-6834818310192393393,992996,1491189640
-6817203254036298880,992996,1491189667
658284533847011304,992996,1491189674
6041037593452232512,992996,1491189634
-8185017424818940376,992996,1491189643
-6659582786117444579,992996,1491189656
2750313145838565854,992996,1491189658
3695849843753604117,991345,1491189639
-231337203589654537,991345,1491189654
9079735908470754885,991345,1491189659
8436349592681176987,991345,1491189642
-4360207635668643867,991345,1491189622
5939496153292651721,991345,1491189666
-492299747493132573,951001,1491189629
1644358555253418862,992798,1491189650
-1352559536965908857,985834,1491189670
-17528156004972129,992930,1491189649
-2059908377080626494,992930,1491189670
-519758969245152474,992901,1491189675
-7325754756740594446,992901,1491189649
-7357999876910044900,883108,1491189634
-2728983985159774342,993026,1491189662
3395970686693505236,993026,1491189635
-1405592214458478815,993026,1491189631
-3628084274551580467,993026,1491189665
4234457135129158210,992492,1491189622
8534932492909457309,992942,1491189639
7780907839520318759,992942,1491189639
-7282378718138452781,992942,1491189669
4499323366957012659,992942,1491189653
2765121122443113244,992942,1491189661
-3199357234613751878,992942,1491189620
-7991785755248872895,992827,1491189634
9072233691187193053,992827,1491189637
-392821789865860675,992814,1491189624
2459633547705315710,888109,1491189638
9016364451719498149,992718,1491189641
-3671155207503344545,976822,1491189619
-2102110414089800899,948944,1491189651
5573488802922689843,992926,1491189652
2362963222112862928,992926,1491189617
1660096021629102670,992007,1491189656
-9105781966271587521,992666,1491189655
8433568597775803391,992525,1491189658
355583879482114626,992525,1491189627
5577125477679147240,992525,1491189671
-2529507858660384885,992525,1491189667
-7842063909128932457,992525,1491189618
2543739198292140276,992525,1491189674
2353700367924589993,992525,1491189616
4576643934141425936,992525,1491189628
-353694296951074751,992525,1491189637
-4196926808548177168,992525,1491189653
8345459906690069526,992525,1491189672
2295087604968110649,992525,1491189653
4289382174422332288,992398,1491189659
-5498108999165900743,946169,1491189625
4234457135129158210,992452,1491189632
-3904161831179148426,992726,1491189625
-2966062808605895666,992726,1491189666
1963432729744882601,992726,1491189638
-2583973212776316438,991218,1491189640
7751310251521846285,992873,1491189631
-3969605636347810554,992873,1491189667
2963654945525680803,992873,1491189637
4195346636264245614,992873,1491189638
-5073013582970345434,992873,1491189633
-3514772357896827407,992873,1491189656
-8305397221735334485,992873,1491189656
3422694851859858535,992873,1491189642
2859738159187115453,992873,1491189626
-6151100239321393476,992873,1491189629
3807095291574142074,992873,1491189634
-998484704258747983,992873,1491189652
-6668370084471726221,992873,1491189670
-5264115125419463004,992873,1491189669
-325005465602767750,991421,1491189646
2438916091451538759,993011,1491189641
8620552218877694125,993011,1491189638
7599669612072692972,993011,1491189658
8883295244772893523,991592,1491189671
-7977218303636519850,992148,1491189656
-4015322560547306496,992784,1491189647
-230380899488347039,992784,1491189629
-4240962046332871472,992762,1491189671
6357139449759336866,990326,1491189649
2700143525727708407,990530,1491189633
9072233691187193053,992830,1491189616
-6603381159849187221,988458,1491189664
-314114870615199749,992278,1491189664
-6900378063320599894,992962,1491189627
-6974631745536000151,890609,1491189661
7351517001920951219,989749,1491189628
5246122233521299339,989749,1491189627
6820197022036989191,992884,1491189654
-998484704258747983,992884,1491189652
3422694851859858535,992884,1491189631
-5264115125419463004,992884,1491189669
-6668370084471726221,992884,1491189670
-6151100239321393476,992884,1491189622
-8305397221735334485,992884,1491189640
-3514772357896827407,992884,1491189632
3807095291574142074,992884,1491189630
-5503471287356214618,992884,1491189644
-6149577081615715297,992884,1491189665
5638201902344616158,992884,1491189669
-5049795001898592918,992884,1491189671
20507348751089245,992884,1491189635
-8178523407247044453,992950,1491189620
3905735133470989660,992950,1491189657
4658398711917310910,992950,1491189640
5562192982893320788,992950,1491189655
-4992521810823053626,992950,1491189674
-2171962055226801180,992946,1491189656
2765121122443113244,992946,1491189633
7780907839520318759,992946,1491189627
5071442658139067579,992802,1491189652
-2953434130757366144,992912,1491189672
-4618636965730243121,990474,1491189632
1644358555253418862,992799,1491189643
-1767073467597651912,345531,1491189671
1036073642726214809,992838,1491189660
521950100888188915,992838,1491189650
-5170043226526080724,992838,1491189658
448377701834210476,988530,1491189621
5715881158312595291,988530,1491189661
-6603381159849187221,988450,1491189664
-3460870008995423132,992298,1491189642
7016733299297095197,974805,1491189642
1660922901237144573,993031,1491189642
-8640468123302849003,993031,1491189663
-9198731794158687477,993031,1491189663
2083817395221062217,993031,1491189644
-3628084274551580467,993031,1491189628
4301439445050850132,993031,1491189646
-9201053503982135171,993031,1491189662
9016364451719498149,992537,1491189641
3031112988601393573,957357,1491189635
796505685071714861,962363,1491189657
-4240962046332871472,992765,1491189660
-7991785755248872895,992900,1491189654
-5816988979348466319,992900,1491189626
-6697794482742544196,993004,1491189645
-7806017089055578015,993004,1491189663
-7631421464669239484,993004,1491189667
-7706563503586789698,993004,1491189628
-1755782717358225289,993004,1491189656
3866507576357781670,993004,1491189658
2549156346117468220,993004,1491189656
915002395087000428,993004,1491189647
-8419884789766660778,993004,1491189633
3234644236810094777,993004,1491189654
-9158022841880703342,993004,1491189644
6273727965639744796,993004,1491189622
4447622015943073701,993004,1491189628
6323655959281039274,993004,1491189635
791095067552507231,993004,1491189637
3689985766625901458,993004,1491189652
-7463219244834713397,993004,1491189655
-5782545863797037247,993004,1491189625
4717023267119332137,993004,1491189648
-2493841893282281483,993004,1491189617
2438916091451538759,993004,1491189656
8620552218877694125,993004,1491189651
-518867206220765639,993004,1491189615
-546150502715508809,993004,1491189675
3984293077952774266,993004,1491189673
2229579206470314526,993004,1491189654
3081320018630499760,993004,1491189669
132682388033914007,993004,1491189615
-7128936263253110172,993004,1491189638
-3359233747156983241,993004,1491189651
1645796925299508942,993004,1491189672
-7885932037322402643,993004,1491189655
4854882935036109755,993004,1491189634
8858382682335357557,993004,1491189622
8685910048168606062,993004,1491189645
2449119492534470569,992993,1491189657
-6834818310192393393,992993,1491189662
806305339217039,992788,1491189655
-7847082706685497707,992788,1491189628
5573488802922689843,992929,1491189649
5114086605887810263,993013,1491189642
-2160437551149465730,993013,1491189657
3781821776066604556,993013,1491189671
904972003446276975,993013,1491189628
4137583696744895535,993013,1491189623
8541586711876026064,993013,1491189672
-3500661097847930956,993013,1491189624
-1795582612244237520,993013,1491189624
-4339766999525540512,993013,1491189642
5206352970610618999,993013,1491189665
1629685945267592694,993013,1491189619
-4372452767843470949,993013,1491189671
-7673770606070996999,993013,1491189668
-2294015993265833227,993013,1491189632
-4674851610240956435,992880,1491189630
8761597710520625326,992880,1491189650
6429822893690102654,992880,1491189620
3807095291574142074,992880,1491189654
7002199691993309510,992880,1491189670
2859738159187115453,992880,1491189638
-3514772357896827407,992880,1491189656
2963654945525680803,992880,1491189637
-5073013582970345434,992880,1491189633
-8305397221735334485,992880,1491189656
4195346636264245614,992880,1491189638
3422694851859858535,992880,1491189643
-3692660953151304750,992571,1491189635
-57271876851800746,992571,1491189651
8861845084478399119,989480,1491189645
-8921435059807822637,992871,1491189656
-3625288133096282938,992871,1491189669
-6095006538837933764,992871,1491189653
-7546466159534650818,992871,1491189644
787055405498047931,992871,1491189618
1533788279105953565,992871,1491189629
-3199153194043249747,992871,1491189659
2140065799930974788,992871,1491189636
2797803816801818238,992871,1491189623
-1699053840297836680,992871,1491189646
-5798116927252584326,992871,1491189637
-2168982170235608244,992871,1491189670
-4385093405576728433,992199,1491189650
5562192982893320788,992956,1491189642
-7397831477303858047,992956,1491189656
-4992521810823053626,992956,1491189645
-6915796799509175365,992956,1491189649
5497493661340864014,992800,1491189654
1644358555253418862,992800,1491189657
521950100888188915,992862,1491189627
-5170043226526080724,992862,1491189658
-114432985285967110,992862,1491189664
-5495602233119009390,993046,1491189624
-3790081660430182085,993046,1491189635
-4881846905891312716,993046,1491189667
-9071696681780362155,993046,1491189617
-8544724816238635158,993046,1491189644
-6642845900772398751,993046,1491189639
4066460707648646086,993046,1491189644
4780404542496402628,993046,1491189627
3080750386399039596,993046,1491189615
-8802836397882710264,877795,1491189672
-6877775002058122187,992321,1491189651
-5137885383731699156,992397,1491189644
2851264093079807611,992397,1491189623
-5650580272568341898,990778,1491189668
2395809759958948085,990778,1491189644
-7173720272734028927,990778,1491189671
5865064062616311985,990778,1491189629
-8025899153533282266,345393,1491189617
-1008596570134317168,992476,1491189627
-7425922950215625820,992872,1491189625
8861845084478399119,992872,1491189645
-3464979130376533863,992757,1491189633
9072233691187193053,992823,1491189650
-7991785755248872895,992823,1491189653
1283953672183095886,64507,1491189638
8883295244772893523,991591,1491189671
2291244192019372352,992626,1491189635
-7065246113202297583,993014,1491189669
-9104683388925997945,993014,1491189661
338591266580400427,993014,1491189640
904972003446276975,993014,1491189648
-5864305448549810533,993014,1491189651
7599669612072692972,993014,1491189628
4137583696744895535,993014,1491189636
-2160437551149465730,993014,1491189663
-8850180828520491888,993014,1491189625
5114086605887810263,993014,1491189642
3781821776066604556,993014,1491189671
8541586711876026064,993014,1491189672
-901305541456149758,993014,1491189640
7130541810415432798,993039,1491189658
5736448296241121700,993039,1491189625
669267391790843332,993039,1491189669
3527494768844361396,993035,1491189642
-1979886341086775427,993035,1491189650
4662142634140735804,404988,1491189664
8307612201837187243,992846,1491189642
3641625754122676965,992846,1491189626
1036073642726214809,992846,1491189660
521950100888188915,992846,1491189650
-8381164480777740137,890987,1491189637
-6440376489079636913,890987,1491189634
-6935793324660303425,991428,1491189662
-314114870615199749,992413,1491189670
-6136398281544545982,991943,1491189665
-3628084274551580467,993027,1491189653
4301439445050850132,993027,1491189665
1660922901237144573,993027,1491189655
473808154722398571,992937,1491189660
-4753099041106201497,991958,1491189641
-4493541726821725897,991958,1491189628
495522580794437296,968892,1491189661
-8468647418799233951,991491,1491189627
-1023449439907265650,991491,1491189657
6934885766028128078,991491,1491189616
-7847082706685497707,991491,1491189647
-9146358558983893920,991491,1491189646
-161244130934661544,991491,1491189667
4241142849214561477,991491,1491189634
8000230138934933947,991491,1491189624
-2102391229812019200,992267,1491189645
473808154722398571,992911,1491189661
8259797014466910415,992867,1491189645
78687941362170701,992867,1491189618
787055405498047931,992867,1491189646
-7546466159534650818,992867,1491189661
1533788279105953565,992867,1491189639
-6095006538837933764,992867,1491189659
1179099717084755303,992867,1491189618
-8921435059807822637,992867,1491189656
-3625288133096282938,992867,1491189669
-5879525074706665140,992976,1491189622
-5000168762391059261,992976,1491189637
-4603497359211124188,992976,1491189629
-1080818760589769803,992976,1491189646
395029882020420565,992976,1491189668
3354416861702757392,992976,1491189636
-2269359147252850245,992976,1491189660
-757028085980564232,992976,1491189640
7024995293816879286,992976,1491189652
-8035957156598400973,992976,1491189651
7483178788038853025,992976,1491189670
-6289014913483347635,992976,1491189640
2449119492534470569,992976,1491189657
1700273833447008754,992976,1491189630
-5140942097858349289,992976,1491189618
7296059249921634759,992970,1491189658
-4582744729870189921,992970,1491189622
-4563360085643692433,992970,1491189674
3430083459661664907,992970,1491189654
2001950532347317652,992970,1491189665
-9197227067801322285,992776,1491189671
-4359890759677952703,992776,1491189673
6216781922401953244,992776,1491189647
-8576742021540859340,993019,1491189669
1332157077583784944,993019,1491189641
-3256043328497507387,993019,1491189670
-5316668565140146561,993019,1491189662
-5118380788923028602,993019,1491189641
6328716874124330822,993019,1491189639
-9196182455761446542,993019,1491189625
2149162038953880430,993019,1491189667
-4560882330544577287,993019,1491189648
-3757774851389152391,993019,1491189616
-7141852070041417523,993019,1491189643
5253052881956842609,993019,1491189675
8934696694964659377,993019,1491189626
7453979121887890691,993019,1491189644
6696611686688463160,993019,1491189634
-2294015993265833227,993019,1491189631
-7487433228337864091,993019,1491189665
1427941142224858071,993019,1491189641
-1527399021479408519,993019,1491189656
-2526251968116414276,993019,1491189670
2760978812903103469,993019,1491189673
-4341006248594441519,993019,1491189641
-1809276865227631057,993019,1491189652
5251557287718399043,992925,1491189648
5573488802922689843,992925,1491189666
-4109459456662373082,992925,1491189632
-3594823768087728862,992925,1491189642
399091733071711866,992925,1491189666
-3303663251849271531,992672,1491189672
-211068167608955585,993045,1491189670
-1790058105100928353,993045,1491189657
-3790081660430182085,993045,1491189641
5179903874629886148,990604,1491189619
5753592716430762224,970344,1491189671
2587919083234433477,992687,1491189636
7520532903552305967,992687,1491189644
2970686922524146283,992687,1491189648
-8975632407251789947,992818,1491189639
9072233691187193053,992818,1491189664
-2670368362146998145,992953,1491189674
429148658345794116,992953,1491189652
7296059249921634759,992953,1491189658
-4582744729870189921,992953,1491189622
-8675393804207606831,992953,1491189633
-8814342657235035329,992953,1491189624
-3168223514764911149,992953,1491189633
7530513834596182659,992953,1491189635
-4497385390213198141,993008,1491189635
-4928449394220202546,993008,1491189651
-9089506772830508457,993008,1491189648
4711724167661164272,993008,1491189625
-3240834292492590246,993008,1491189665
-2493841893282281483,993008,1491189647
-6697794482742544196,993008,1491189666
-518867206220765639,993008,1491189634
2549156346117468220,993008,1491189669
-3359233747156983241,993008,1491189669
3689985766625901458,993008,1491189668
-7706563503586789698,993008,1491189633
791095067552507231,993008,1491189672
-8419884789766660778,993008,1491189667
-1786481279578810813,993008,1491189649
4447622015943073701,993008,1491189640
-7806017089055578015,993008,1491189673
-4240962046332871472,992767,1491189671
6399603110633818696,992876,1491189672
-5798116927252584326,992876,1491189621
6707593514854282547,992876,1491189641
7841343918102031150,992876,1491189654
-4761271664481235722,992876,1491189666
-4674851610240956435,992876,1491189660
-1405439375992811458,992876,1491189638
-3736288044814263921,992876,1491189661
8268580189440890114,992876,1491189665
8761597710520625326,992876,1491189663
9072233691187193053,992825,1491189628
-6949657246517229422,989612,1491189616
4301439445050850132,993038,1491189620
1660922901237144573,993038,1491189617
5736448296241121700,993038,1491189629
7130541810415432798,993038,1491189658
-5808540345006440870,993038,1491189651
2223595072669347971,992949,1491189672
3846772179420123821,992949,1491189648
-4992521810823053626,992949,1491189628
-7397831477303858047,992949,1491189633
-6915796799509175365,992949,1491189632
-8848870450546959118,992949,1491189630
-9122673866796145422,992949,1491189657
5562192982893320788,992949,1491189616
-3719518450292531556,992949,1491189659
-2781251839734844588,992949,1491189674
-1892623149577942220,992949,1491189666
3577887653482950190,992949,1491189653
5013680467154941,992949,1491189642
-4382979601817283817,992949,1491189644
-339803087015123301,992949,1491189675
6394596989579640006,992949,1491189628
-7101465625443762101,992949,1491189634
451423031577422253,993033,1491189634
900191106892612467,993033,1491189639
6922585422627025000,993033,1491189658
-4860032472320950987,992294,1491189652
5784033009618410341,989865,1491189628
-2624164514534249376,992994,1491189653
2750313145838565854,992994,1491189617
5600322701400182146,992994,1491189640
3668654301746244655,992994,1491189667
-3542596452175946558,992994,1491189638
-2660856828445139010,991990,1491189649
-6796820324093599140,991990,1491189619
4313663634854893042,991990,1491189666
-3520366206918206932,991990,1491189650
3132883682700090381,991990,1491189664
-7958993362820902170,991990,1491189640
-5913315602052197259,991990,1491189670
-5370693856116488173,991990,1491189624
75415866143552164,991990,1491189623
5515785257986557685,991990,1491189641
-8758433608407657906,991990,1491189621
-4493541726821725897,991990,1491189636
-349394617706042858,991990,1491189670
-3858972374492952464,991990,1491189672
172201570615646132,990127,1491189672
1019495493488451419,165783,1491189615
-5170043226526080724,992471,1491189638
-114432985285967110,992471,1491189664
-1528639349943678890,992471,1491189617
787055405498047931,992471,1491189670
-4587218651802613657,992471,1491189628
78687941362170701,992471,1491189658
245290482475596046,993009,1491189625
-3240834292492590246,993009,1491189618
-8419884789766660778,993009,1491189667
791095067552507231,993009,1491189672
-1786481279578810813,993009,1491189649
3689985766625901458,993009,1491189668
2549156346117468220,993009,1491189669
4447622015943073701,993009,1491189640
-2493841893282281483,993009,1491189629
-7806017089055578015,993009,1491189673
-6697794482742544196,993009,1491189651
-7706563503586789698,993009,1491189633
-518867206220765639,993009,1491189620
-1755782717358225289,993009,1491189656
-7631421464669239484,993009,1491189667
3234644236810094777,993009,1491189654
915002395087000428,993009,1491189647
7815410842406407601,992715,1491189669
-214652961957733475,991871,1491189647
7483178788038853025,991871,1491189628
3224815000438705937,991871,1491189628
3030566105074203671,991871,1491189636
-1352559536965908857,989430,1491189656
-1974241837866325580,992902,1491189651
2781556608798353076,992902,1491189653
-7383151858911321565,992902,1491189615
-1677694189562904179,992902,1491189646
-519758969245152474,992902,1491189675
-3852214684634629153,990938,1491189649
-6503334430201053388,990938,1491189624
-6831764812774521891,990938,1491189632
5577125477679147240,990938,1491189654
-4797116513777156433,990938,1491189651
2750012921146392907,990938,1491189638
-927440285919692760,990938,1491189641
-4051518734764345123,990938,1491189652
-6877775002058122187,992273,1491189672
-3218649631698283999,992273,1491189622
6812976077177945579,992273,1491189619
7705303298732821068,990986,1491189645
-7173720272734028927,990986,1491189671
-8302548767021542001,990986,1491189669
2395809759958948085,990986,1491189640
-3227511651671574978,990986,1491189644
-4504142148225391910,990986,1491189675
-1529626361895060323,990986,1491189668
-3831191203316921279,990986,1491189659
1213537567709678504,990986,1491189632
5158338397485238340,990986,1491189663
3988152964515403682,990986,1491189615
967473935946628322,990986,1491189668
1483409613719543860,990986,1491189637
-4797116513777156433,990986,1491189660
8145496466167521466,990986,1491189673
3643880273660471461,990986,1491189617
5287154400621571757,993024,1491189649
-1164062142438019800,993024,1491189654
7024274963489729216,187072,1491189629
2001950532347317652,992971,1491189665
-4563360085643692433,992971,1491189674
3430083459661664907,992971,1491189654
3218998810479159123,992971,1491189616
-5879525074706665140,992971,1491189639
-5000168762391059261,992971,1491189637
-8035957156598400973,992971,1491189651
-2269359147252850245,992971,1491189660
-2753677393970688265,992971,1491189669
3354416861702757392,992971,1491189636
-1080818760589769803,992971,1491189646
-913834788412483153,992803,1491189637
-6796820324093599140,993021,1491189645
5638749155015379592,993021,1491189660
4893425733791112097,993021,1491189645
1781641802977152423,993021,1491189647
-2925751755174527973,993021,1491189640
-3347076560111849961,993021,1491189639
-2337339155849889129,993021,1491189642
-366535330323293452,993021,1491189660
7945628900023717750,993021,1491189671
3466987171139869618,993021,1491189658
3007789610212378405,993021,1491189642
-8665586836178504927,993021,1491189666
8825794688759923290,993021,1491189632
-8945002282220195827,993021,1491189664
-2507422423584452217,993021,1491189658
1410307801872939962,993021,1491189650
4291928375165034252,993021,1491189661
5610459464658462565,993021,1491189622
-8723193682820365667,993021,1491189636
3012819106942655153,993021,1491189663
-288388540815587783,993021,1491189659
2705913804508110843,993021,1491189629
2161056310268087282,993021,1491189631
-5163766116962638223,993021,1491189656
-2589505004853944526,993021,1491189649
5145710126212780854,993021,1491189649
7835085674694123215,993021,1491189664
8969085503498356769,993021,1491189661
-8369145369498315606,993021,1491189641
-4690643471823672188,993021,1491189671
-9095313697955841397,993021,1491189666
8124000912488549770,993021,1491189648
3623671622857911173,993021,1491189641
-744263067744085144,993021,1491189652
6357939284544286924,993021,1491189627
-5267257002203250550,993021,1491189673
-3436828243445364348,993021,1491189669
-6782434712620934904,993021,1491189655
-7213023055948600688,993021,1491189620
-6093614391535596447,993021,1491189668
-3843107135432134119,993021,1491189667
4351518913203189063,993021,1491189665
-956884309243319270,993021,1491189673
8541586711876026064,993021,1491189648
-3585466934319575166,993021,1491189646
5206352970610618999,993021,1491189631
4805465849412816161,993021,1491189664
-988946718438636304,993021,1491189666
8707055737282864954,993021,1491189656
-4372452767843470949,993021,1491189656
-8201508921017556242,993021,1491189673
-7463219244834713397,993021,1491189624
6875157176005315518,993021,1491189638
5941148201395527480,993021,1491189630
-8733991826775849742,993021,1491189669
-6490182344978892217,993021,1491189632
46981678135242509,993021,1491189629
-5681789059111717802,993021,1491189661
8707691999063965758,993021,1491189645
4385664364171101918,993021,1491189627
-319438635933495488,993021,1491189621
2376674698373926121,993021,1491189620
-3880410273347149866,993021,1491189651
6261739935968849100,993021,1491189646
-24051863813183873,993021,1491189637
7122930779994905773,993021,1491189675
4672639612484857041,993021,1491189660
-3536805281107545569,993021,1491189647
-5461324195253876999,993021,1491189658
9025748688505374056,993021,1491189657
3594526853874493139,993021,1491189663
-6054284135874328853,993021,1491189673
1065920756906958399,993021,1491189661
-2602978203453205803,993021,1491189664
3549481808090949170,993021,1491189640
7154924751747972653,993021,1491189659
-3713203705790876438,993021,1491189616
-7861240103091519457,993021,1491189661
4456202480040985111,993021,1491189652
-7680718866144541207,993021,1491189668
8421231446405939302,993021,1491189660
-2326508105964592359,993021,1491189668
6490189647655697506,993021,1491189643
-6268796244610213466,993021,1491189629
-5329705889044562434,993021,1491189666
-5806296372509535459,993021,1491189645
5560916186367456102,993021,1491189627
575515013297652262,993021,1491189668
8007672465071754854,993021,1491189624
2475788003606924857,993021,1491189632
2849196242810032792,993021,1491189665
8822513854876150813,993021,1491189648
-6650885928808815330,993021,1491189647
2960397619767907761,993021,1491189667
7938993559440810506,993021,1491189620
8583884227999421284,993021,1491189643
1992015602685998540,993021,1491189643
-244073953150676185,993021,1491189662
-456619809274820069,993021,1491189649
-4167285663676277234,993021,1491189654
1449376883294052738,993021,1491189645
6430801373841599213,993021,1491189632
-4577086516581785564,993021,1491189674
783369329193289028,993021,1491189634
-6683489093413957389,993021,1491189671
8103048138033583987,992110,1491189639
1826761364030825299,992679,1491189663
