3116353310264475915,991656,1491023119
5178877179911897694,991343,1491023155
-8993961400806492333,991343,1491023137
9166292846972688150,991343,1491023127
-6118399727072004311,992452,1491023149
5094868504624257422,992452,1491023150
3621363392106465606,992452,1491023161
-5002708168667449125,992452,1491023172
3253401923307464851,992284,1491023145
-5786754471639776690,992119,1491023136
1668941050244058472,991883,1491023149
7682823328643688715,991883,1491023114
3808763822375474152,992570,1491023129
8802155864079108338,992570,1491023151
5331701416570497235,992570,1491023136
-4113067631305097713,992570,1491023157
61088059989958327,992570,1491023168
-4603554671867016195,992570,1491023155
-5958209181004588482,992570,1491023117
-2019949467046056770,992570,1491023154
-4814346244933721333,992570,1491023151
-3922702687677272922,992570,1491023164
-3563646403253723928,992570,1491023170
-1809846621368409160,992570,1491023130
-412337566449843812,992570,1491023124
-7524328881817434485,992570,1491023132
-8862005650561048950,992570,1491023164
-4867241127772198915,992570,1491023170
4835163046151339943,992484,1491023169
-6166955076070419675,992484,1491023121
4607835955044669846,992484,1491023114
-2232154115606349479,992551,1491023148
5420091292786159310,992551,1491023133
-7628753973347644763,992551,1491023147
-732942586415686557,992551,1491023132
8447329787207373250,992551,1491023145
8431405141498378349,992551,1491023141
476678096040994611,992551,1491023138
8976389787535998122,992551,1491023169
3182175024995972025,420573,1491023166
1567441362078502448,991076,1491023150
-6953184888155078855,910145,1491023158
-6953184888155078855,910133,1491023128
3380830538600923622,992039,1491023118
7621836860153401141,992039,1491023123
1139810996926087243,992039,1491023170
-5591940998361103215,992039,1491023166
5793058973687741892,992039,1491023159
3961905873177944405,992039,1491023125
6937989647730799240,992039,1491023132
608619942318062387,992039,1491023170
3042519713502732707,992039,1491023122
9085438591050521951,992039,1491023166
-8746452045209164896,992039,1491023160
7628007917902032988,992039,1491023156
8741747784541193764,992039,1491023114
1209124063923136901,992039,1491023142
1409149124160142501,992039,1491023155
-8589102095590855448,992039,1491023146
9035249305623231125,992039,1491023151
5312965605423910356,992039,1491023159
-5019126736715392120,992039,1491023137
4123643945753080163,992039,1491023137
-1083081215798738804,992039,1491023156
-2547667662375104860,992039,1491023132
1489480601618188630,992039,1491023161
6907831643131002058,992039,1491023124
-8530607206160575417,992039,1491023157
1885558942721192085,992039,1491023145
5597254377789493748,992039,1491023165
-6112745776481193138,992039,1491023134
8854111898831321362,992039,1491023116
1730657488262622305,991882,1491023145
-2069777663505882808,992227,1491023139
-7906308232605489382,992227,1491023143
4558973062267141582,992227,1491023137
1541022449807919769,992353,1491023173
-6030143969543155901,992305,1491023168
5191391986942862250,992448,1491023156
-6516404060995962656,992448,1491023146
-2518618213017079794,992448,1491023115
-7262248715482061855,992448,1491023165
-7846071740428218025,992594,1491023162
-57723705685738195,992594,1491023129
-2021724618117862303,992594,1491023146
3422812620896537148,992594,1491023170
-329349088397529254,992594,1491023156
-1838721524731458246,992594,1491023133
-8566990954178904721,992594,1491023135
721109158384382455,992594,1491023158
9166421416415092098,992594,1491023114
956465550410986323,992594,1491023153
6023305889538025226,990504,1491023134
-440823259482321572,992158,1491023158
7369040581261128990,989589,1491023150
6900205822268285478,989589,1491023141
8082756691925823031,992300,1491023137
-8339867539532270000,992300,1491023160
927267150890224208,991547,1491023158
4309749107838339569,991547,1491023171
7073137220323513290,992201,1491023157
-5032265155662452633,992201,1491023163
-487708562742548200,992201,1491023129
9166292846972688150,992201,1491023127
-8308966746319122892,992201,1491023159
6566092217939709300,992201,1491023143
6448929450756865504,992201,1491023161
-5735177182712434548,992201,1491023130
43791727172281469,992201,1491023128
602949411730446094,992201,1491023121
1555754388406147718,992201,1491023162
2445428743930187940,992390,1491023155
3522197142040771157,990383,1491023142
-8545269931116514171,982353,1491023114
1818947267620205795,992365,1491023142
1048637763807232721,992365,1491023139
2092179638659653726,992202,1491023119
6932545024509792177,992202,1491023117
2638439995208954296,992221,1491023159
3182175024995972025,992221,1491023127
5734621230477740673,59022,1491023121
6595845109668997304,992072,1491023128
-6378380677470705227,991395,1491023148
3856069808084276095,156060,1491023137
5312965605423910356,992050,1491023159
8238095811780603592,992050,1491023148
-8758402067468087178,992228,1491023133
6380378430872453531,992237,1491023141
5224192120469104852,992237,1491023171
-4346295745158624739,992237,1491023141
-7067834383443017251,992237,1491023155
649093368453188816,895398,1491023117
-9119488370098833390,991989,1491023162
8184250698069459500,991989,1491023160
542627286165603211,991989,1491023136
-4603593227072030230,991228,1491023154
8967979625941840254,991997,1491023152
6646582728191186723,992374,1491023171
-1414819062679894899,992374,1491023157
8433116514991206842,992374,1491023153
-4349416481340541020,992374,1491023127
-453681712597419001,992374,1491023158
8417245501511138791,992460,1491023172
4765681024629403189,992460,1491023140
9130517622501242764,992173,1491023129
8208220669524999226,992173,1491023164
4024881455506117160,992173,1491023141
-7906308232605489382,992173,1491023168
4558973062267141582,992173,1491023160
-4805436126924850496,902921,1491023151
-3789475244189031240,991216,1491023161
-4676033085468282003,992346,1491023152
-2253877562856506211,992346,1491023152
7434309824343562487,992346,1491023146
-726426753170945047,992346,1491023121
-5300444448165129843,992346,1491023135
6127244183443164022,992457,1491023153
4082620353628717606,992457,1491023141
4765681024629403189,992457,1491023166
-4345222820269899755,992457,1491023148
4736444288615172672,992160,1491023162
-1571025089721598633,992160,1491023118
-1678730026328437375,992160,1491023126
-6641194169098924328,992160,1491023171
-813575138120709536,992160,1491023121
372166226117683735,992160,1491023141
-43270580842791500,992160,1491023172
5527219687174855289,992160,1491023168
-897557205238963859,992596,1491023162
-7137500230855682144,992596,1491023155
216319273312680420,992596,1491023157
-3969117141124895664,992596,1491023162
1818006459022617857,992596,1491023151
-5762513638666310641,992596,1491023172
7822018820137271910,992596,1491023135
5821649945085899182,992596,1491023167
-5341202123385514657,992596,1491023126
-6853653252414201437,992596,1491023135
-1661734232650935895,992596,1491023130
-2986800818380716176,992596,1491023150
5839997682465735769,992596,1491023147
-5505460915190728262,992596,1491023117
-3044305954032517973,992596,1491023129
-8683875163680021570,992596,1491023159
-1712768696033039186,992596,1491023137
-1838721524731458246,992596,1491023142
-57723705685738195,992596,1491023137
-8566990954178904721,992596,1491023135
7206404686581825336,992596,1491023162
-6164836235556519757,992596,1491023134
-1231984131678485539,992596,1491023163
2401799426668951114,992596,1491023152
6479075341465854849,992596,1491023167
-189231008344057757,992596,1491023114
-1752668642719479985,992596,1491023131
6862093879311824144,992596,1491023127
-3424753777108948869,992596,1491023114
7672033031635270568,992596,1491023138
4414929299124499217,992596,1491023123
-2040887830517032167,992596,1491023166
8740886618138845268,992467,1491023144
8208220669524999226,992467,1491023136
2106838289594235785,992467,1491023169
-4926995663765111924,992311,1491023153
-1960477691540449948,992311,1491023166
-9070673182456083293,992311,1491023131
-3762890139426236157,992311,1491023114
-7906308232605489382,992220,1491023152
4558973062267141582,992220,1491023144
-2069777663505882808,992220,1491023139
-8712086663744546508,986789,1491023153
-2253877562856506211,992334,1491023124
7389030100950949182,992334,1491023127
-5949320399226274653,989363,1491023166
9172936606510758523,992520,1491023134
6492236694519497896,992520,1491023171
-3727547196145051281,992520,1491023161
7798990233402944559,992520,1491023173
-2534469788003054458,992520,1491023160
-2473190909204883936,992520,1491023152
4969113126631409660,992520,1491023120
6731316245926532435,992520,1491023163
4845592993623320393,992520,1491023162
-3865048847144487805,992520,1491023144
4537170491519546988,992520,1491023153
-8318254117825284187,992520,1491023152
-1084417316629058157,992520,1491023164
4927481532806512995,992520,1491023123
-4295905830205762408,992520,1491023126
-6168944851203739372,992520,1491023169
2965803547996779255,992520,1491023129
-8150780043059894320,992520,1491023161
9056900107544149912,992520,1491023136
30358389256506011,992520,1491023142
6031148395469449717,992520,1491023136
-3276496100747319473,992520,1491023124
-8758076543889703886,912025,1491023133
-1601189650875236036,991299,1491023173
3100089078670598184,992224,1491023166
2756548794639018590,991884,1491023121
-3779726771370118650,991884,1491023133
5100327373310961497,992435,1491023139
7045138190087842159,992435,1491023159
6056642133823212666,992435,1491023163
8274497297055630940,992435,1491023128
-8022602684392936336,992435,1491023145
306114686474857002,991532,1491023142
34994927288823351,991955,1491023164
6175574914820913859,991955,1491023127
-6760847644279588237,992080,1491023125
-641757996604875933,992080,1491023173
-6736423616522751729,992080,1491023147
-4682302059647008798,992080,1491023151
5957281524503594981,850226,1491023141
-2735515063070295844,992410,1491023137
5800979783715872384,992410,1491023131
8871370885118032804,992236,1491023163
6380378430872453531,992236,1491023155
6033588715683677085,992271,1491023116
-6579102101586201533,992271,1491023147
-4552695104309578462,992271,1491023153
6609224858367840202,992271,1491023144
1611480626464519031,992271,1491023159
-8746659807964046965,992271,1491023131
5836537368706442234,992271,1491023161
4703320069631132781,992261,1491023160
5356927486829589300,992261,1491023140
-9155186958382613154,992261,1491023151
1469723025424075743,992261,1491023145
-38311441628306092,992261,1491023160
-155922438887016375,992261,1491023144
3554399706732730885,992261,1491023147
-1939625050907798291,992261,1491023163
-4067800089454183976,992261,1491023151
-3663725835759831925,992261,1491023129
-9116900778842947447,992261,1491023147
3183674813203171109,992261,1491023148
-3541175222356612199,992261,1491023131
6529100361809109949,992261,1491023144
2689185479147052799,992261,1491023149
-3396262749610364050,992261,1491023149
-2033622219769299715,992261,1491023155
6012828575761916679,992261,1491023155
-1165467250849412650,992261,1491023136
923956639017289419,992261,1491023168
-6981704521271046436,992261,1491023143
-3405067674220076933,992368,1491023131
1517941775779561141,992172,1491023171
-2735515063070295844,992405,1491023138
9130517622501242764,990301,1491023151
8049790569482026493,990301,1491023131
6389551033076123172,990301,1491023143
-3336240551131028207,990859,1491023134
4607835955044669846,992474,1491023167
-8992375968370378284,992461,1491023166
-4947159632962069395,992461,1491023170
4565094027970744010,992461,1491023136
4765681024629403189,992461,1491023117
6066145039340908813,992461,1491023130
-6118399727072004311,992461,1491023149
-8747685652772761541,992598,1491023115
-6234900049044424141,992598,1491023122
7088369459420254671,992456,1491023127
3856069808084276095,156064,1491023137
-2308270308893109904,876869,1491023117
-7720673115573151566,986219,1491023120
-1414819062679894899,992370,1491023122
-3401709644466399930,992370,1491023161
4757051021487133059,992370,1491023150
-7189025637117641646,992370,1491023128
4234916874674988285,992370,1491023159
2376856317765209156,992370,1491023173
754236596817348069,992581,1491023134
-8355251834274312635,992581,1491023150
-2776000164643513883,992581,1491023161
-3956975761669858938,992581,1491023147
898728819673436897,992491,1491023139
6961639217582514175,991998,1491023144
4865845790150780105,992345,1491023123
1567441362078502448,990269,1491023148
8452235446745090256,986921,1491023162
2225223575021253316,991451,1491023168
-4567822494659054221,992301,1491023147
-6953184888155078855,910140,1491023160
9213492002429087376,992131,1491023114
5440674933145321701,923487,1491023170
1439493393240905428,344524,1491023172
4607835955044669846,992469,1491023154
6138553077260194750,992469,1491023115
-7728342382641361665,992125,1491023172
4499999375848084605,992125,1491023156
-3240828929008638424,345189,1491023166
1069918285515476588,989482,1491023156
8967808054669785808,992506,1491023151
1941758504331140890,992506,1491023116
-1260977446245154722,992506,1491023127
6709814694895036315,992506,1491023154
6121877489426298843,992506,1491023143
1507895814169077843,992506,1491023119
-6571682340389816755,992557,1491023129
-6848683952484078233,992557,1491023114
-4043571968280208056,992557,1491023146
8637477263578646506,992557,1491023127
5178877179911897694,990928,1491023155
1199070040736768551,992575,1491023143
4119556985266400506,992575,1491023125
-6457271274765675356,992575,1491023172
4190236006364256484,992575,1491023132
-1615336915735857880,992575,1491023164
-7735016115343986214,992575,1491023116
-7477999486298662779,992575,1491023161
-6553749108190338700,992575,1491023165
-4561572936502837537,992575,1491023143
-8891372864949883195,992575,1491023123
-8127995529335970914,992575,1491023120
-4533924255928168122,992575,1491023135
1164166907455936427,992575,1491023146
-34305973086332471,992575,1491023118
-7042889006639259673,992575,1491023172
-1470936093534866835,992575,1491023163
-5651662677412548299,992575,1491023149
-5003240553694886542,992575,1491023142
-9214215627552069750,992575,1491023165
-2665690664651737018,992575,1491023171
-2998864938499295304,992575,1491023167
-2779165712768100367,992575,1491023154
-824545919299921827,992575,1491023168
7148337595597130840,992575,1491023165
4917674738305238137,992575,1491023169
-4814346244933721333,992575,1491023139
-4805041982948497181,992575,1491023166
-4272882386557178958,992575,1491023158
-8862005650561048950,992575,1491023137
-8489580177321628570,992575,1491023168
-4491039275411752689,992575,1491023166
-3922702687677272922,992575,1491023146
3971881041557002754,992575,1491023171
-7403010720268996935,992575,1491023167
-2216669692606580434,992575,1491023157
7747414263246042747,992575,1491023171
-6281155078121168694,992575,1491023169
-7726368240076660589,992575,1491023129
-2464082643850502869,992575,1491023139
61088059989958327,992575,1491023132
6064831133926402222,992575,1491023127
-2416003867879363019,992575,1491023170
-5054909629651559856,992575,1491023126
832338269379632084,992575,1491023155
-3320603075241037283,992575,1491023162
4057759776691616042,992575,1491023137
1643330820395054220,992575,1491023137
-8360166927469785336,992575,1491023149
6926380107130827092,992575,1491023145
-3224914707306247549,992575,1491023122
-4341619328698870110,992575,1491023115
7004418568091730788,992575,1491023115
8526281745702129696,992575,1491023146
8947230152174759398,992575,1491023165
-8526368812049817206,992575,1491023160
8245147696955007044,992575,1491023166
-4861846703176710905,992575,1491023168
-4679953282307178583,992575,1491023138
8600628051768203419,992575,1491023165
-2470392942034565042,992575,1491023134
-6747716978901972145,992575,1491023153
-664200252512788277,992575,1491023158
6574406417564078736,992575,1491023121
825793686875770051,992575,1491023136
8571995756111256033,992575,1491023159
1000972575037076289,992575,1491023160
-8711671714655470188,992575,1491023122
8924418186447895421,992575,1491023117
1133464127844426229,992188,1491023171
8536953050412735407,992188,1491023156
-8721636273951775390,992377,1491023115
-6953184888155078855,910136,1491023164
5975667160820742447,990944,1491023144
-1719070975373540057,992361,1491023169
-3286170880840646888,992361,1491023159
-3642924626276662333,986225,1491023117
441472165452516924,986225,1491023138
7953364701010447863,992587,1491023122
-4798727818935908658,992587,1491023170
2413255809808769071,992587,1491023133
-5340388055688304912,992587,1491023164
8554527592962698433,992587,1491023116
-5807825819157328831,992587,1491023158
1828666145226796380,992587,1491023150
2580942219065676559,992587,1491023135
4234897491430850190,992587,1491023142
2129103106543022655,992577,1491023160
928696000650629663,992577,1491023162
4842952209835217251,992577,1491023163
367625876701298062,992577,1491023161
5190801492907957916,992577,1491023159
2166799883583869909,992577,1491023130
-63460517029085439,992577,1491023122
-5178033329819460499,992577,1491023120
7550871590902325630,992577,1491023152
-5265277015721836949,992577,1491023150
-4481340658554518685,992577,1491023119
3062170132668313009,992577,1491023113
17690898477362020,992577,1491023148
-2614198840821865094,992577,1491023148
2354374948925938898,992577,1491023170
2651272939270611799,992577,1491023135
-8318971892606868771,992577,1491023132
-6343831178040590026,992577,1491023171
5521839287440023926,992577,1491023149
-210111036292592098,992577,1491023151
-2178958798658884161,992577,1491023126
3262468274578679398,992577,1491023145
-3794687793308074926,992577,1491023163
-7191422362550725146,992577,1491023160
4377537433575903391,992577,1491023170
-4480358935652188756,992577,1491023147
-384808754178468920,992577,1491023120
-7718671014153555088,992577,1491023157
-5569037913336210752,992577,1491023166
3110690484320589863,992577,1491023118
744019933530115103,992577,1491023116
-1211548814974715044,992577,1491023168
3434891803427805671,992577,1491023140
3397372140514960760,992577,1491023152
-7722452744591848694,992577,1491023130
5950110118816079700,992577,1491023165
-7581050882579200792,992577,1491023122
7132037889535092119,992577,1491023114
-684956047357928216,992577,1491023156
8987326866595227401,142143,1491023115
9213492002429087376,992037,1491023114
5833380837303923841,992415,1491023141
-8558613181049007161,991467,1491023158
1094720536245703346,992330,1491023132
4668217675869587377,992330,1491023170
4668217675869587377,992332,1491023149
-3129927460791333954,991835,1491023137
-8924458737328264238,991835,1491023120
1517941775779561141,992193,1491023171
-5503326115529166588,987177,1491023162
7508014381686805619,344398,1491023166
-5304915008217124122,344870,1491023118
8015004279920014165,338560,1491023154
6023305889538025226,990215,1491023143
3113202863599301555,938401,1491023120
6595845109668997304,992061,1491023141
6336917317711645393,992187,1491023161
-5157195597392181601,991981,1491023130
-109885700275193468,951665,1491023127
-6484139475812974178,951665,1491023164
1694097653244490185,903003,1491023158
1336551338954056453,976094,1491023139
4040846719240137418,992428,1491023154
1394247952042802912,992428,1491023131
5833380837303923841,992428,1491023117
-6833547913246506630,992428,1491023157
3308973239046211334,991941,1491023167
43791727172281469,991941,1491023145
-455884001346012326,991553,1491023138
1980842068122440825,898764,1491023137
-4610461817580257363,990826,1491023132
1136454821322644054,992568,1491023161
-7513187333349736995,992568,1491023172
6353069325414198098,992568,1491023136
582315049050188401,992568,1491023141
-3794687793308074926,992568,1491023147
109300224978929676,992568,1491023166
-4043571968280208056,992568,1491023119
-1482718597503148519,992568,1491023164
3319731885200342222,992568,1491023152
6151959180350500667,992568,1491023165
-3922702687677272922,992568,1491023171
4284088124049120301,992568,1491023155
8631406853662289810,992568,1491023115
-9069035044324612029,992568,1491023148
4550230520492211031,990954,1491023128
-7468308434683196532,990954,1491023147
-2484638971634022370,992339,1491023167
2434693648178568260,992245,1491023151
2150378299145895535,992278,1491023164
-604387455374606747,992278,1491023114
-793407726165894484,992278,1491023137
-4030503560500315024,992278,1491023139
7646087122462933184,992278,1491023168
5246411851028597121,992278,1491023114
5833380837303923841,992278,1491023151
3100089078670598184,992278,1491023124
-8489580177321628570,992576,1491023119
-4861846703176710905,992576,1491023122
7550871590902325630,992576,1491023156
4284088124049120301,992566,1491023155
8631406853662289810,992566,1491023115
6151959180350500667,992566,1491023165
-1482718597503148519,992566,1491023158
7663886663453814187,992566,1491023168
109300224978929676,992566,1491023154
9052145826239769018,992566,1491023167
-3360069542575300288,992566,1491023138
-7513187333349736995,992566,1491023124
3319731885200342222,992566,1491023152
5699585863197940740,992566,1491023165
582315049050188401,992566,1491023116
3343562991767603467,992566,1491023173
-3794687793308074926,992566,1491023135
-9069035044324612029,992566,1491023148
3808763822375474152,992566,1491023157
-3922702687677272922,992566,1491023171
-6144021939719028355,992566,1491023142
5069526313791218068,992566,1491023136
-2382376733301482075,992566,1491023124
-2019949467046056770,992566,1491023154
7517694903101467947,992566,1491023147
-1851469846969462612,992566,1491023143
4476907875868445902,992566,1491023158
-5037609647802194959,992566,1491023164
8802155864079108338,992566,1491023151
-4814346244933721333,992566,1491023151
2136111612181107652,992566,1491023163
-4113067631305097713,992566,1491023157
-4603554671867016195,992566,1491023155
1101792830601155012,992566,1491023150
2739276265688687706,992566,1491023173
-8906699084846390049,992566,1491023154
61088059989958327,992566,1491023168
3116353310264475915,991660,1491023116
582315049050188401,992565,1491023166
-5629976860336582219,992565,1491023122
-4043571968280208056,992565,1491023124
1136454821322644054,992565,1491023161
-7513187333349736995,992565,1491023172
109300224978929676,992565,1491023166
4534231696978016641,992583,1491023160
-8355251834274312635,992583,1491023123
4082620353628717606,992455,1491023153
-7621738085578127909,992266,1491023148
4685970511590371349,992266,1491023115
-2697744006336903183,992383,1491023128
8283190543652577421,992383,1491023156
-1601189650875236036,991334,1491023133
7736697186597170157,990326,1491023160
6961639217582514175,991991,1491023144
-4021089631186256131,992497,1491023155
1047080494445658438,992497,1491023121
-5003240553694886542,992497,1491023168
-3573198731200195968,992497,1491023129
5655375976183636758,992497,1491023138
-8543285005562562040,992497,1491023155
-6995651902435096992,992497,1491023146
3306466714878383352,992497,1491023172
-2980021567352656225,992497,1491023126
814500522230212050,992497,1491023116
6855289862318397488,992497,1491023151
6821739362779001947,992497,1491023117
-8805149066485586011,992497,1491023146
-684956047357928216,992497,1491023156
2473016117840466324,992310,1491023116
6874583132844244941,992310,1491023117
-4385084129879949034,992310,1491023162
8452235446745090256,992310,1491023164
-3143946800358398045,992486,1491023155
4234916874674988285,992486,1491023143
-6166955076070419675,992486,1491023145
4607835955044669846,992486,1491023126
1662305162006179255,992486,1491023140
-2776000164643513883,992582,1491023138
7953364701010447863,992582,1491023161
-4412093143004560658,992582,1491023138
1470465396741984169,992259,1491023117
-4508137800142342839,991622,1491023130
-6953184888155078855,910152,1491023140
2445428743930187940,992458,1491023151
-2802957095495216774,992458,1491023129
2883242150618549688,992458,1491023118
4607835955044669846,992458,1491023142
-5198495990205570654,992458,1491023141
5707596072087130405,992458,1491023116
-4412093143004560658,992585,1491023138
7953364701010447863,992585,1491023139
-4798727818935908658,992585,1491023170
-5340388055688304912,992585,1491023164
2413255809808769071,992585,1491023133
2377657334477800765,992505,1491023128
434956210210955991,992505,1491023144
7230924966069822156,992505,1491023160
-6623223560541072541,992505,1491023134
976344697877407866,992505,1491023172
2954011385570931691,992505,1491023165
-7666028938506247996,992505,1491023172
-5251011600169871724,992505,1491023142
-1831180741775015100,992556,1491023134
-6571682340389816755,992556,1491023129
-3579032049669408954,992352,1491023143
2433156086334120269,991901,1491023162
5833380837303923841,992416,1491023151
-4840785488642728832,992416,1491023121
6151193018327429685,992036,1491023121
-7108165939275381092,992036,1491023130
1517941775779561141,992196,1491023137
-9187298709984420854,992196,1491023143
4208994325586196026,992519,1491023139
-3925954130474582228,992519,1491023161
4607835955044669846,992451,1491023163
-6936279975272076319,984703,1491023156
3961905873177944405,984703,1491023126
-1416585145714076653,984703,1491023137
6380378430872453531,992232,1491023153
5224192120469104852,992232,1491023171
3253401923307464851,992277,1491023168
6595845109668997304,992065,1491023141
1567441362078502448,990275,1491023144
8082756691925823031,992279,1491023137
-2859538582115305994,992073,1491023126
-1253623562239335626,992073,1491023121
1497817149292434023,992073,1491023151
5050357668911404473,992073,1491023140
-1636038699257898028,902834,1491023163
-6061680855477023332,992025,1491023152
-7175984677812354014,992025,1491023141
-3050166824594390212,992399,1491023168
-8209225321055853323,992571,1491023156
-4867241127772198915,992571,1491023170
-412337566449843812,992571,1491023124
-4603554671867016195,992571,1491023137
5487700510072896921,992571,1491023169
-1809846621368409160,992571,1491023130
908256368136938071,992571,1491023171
-3563646403253723928,992571,1491023166
-2019949467046056770,992571,1491023146
-6868413242255456254,992571,1491023140
-4113067631305097713,992571,1491023126
617302196004023507,992571,1491023140
-8686452114556087365,992571,1491023144
-7524328881817434485,992571,1491023132
-8150780043059894320,992571,1491023123
7149730774622722292,992571,1491023114
8940734410742312992,992571,1491023114
-8862005650561048950,992571,1491023164
-5003240553694886542,992571,1491023168
-3922702687677272922,992571,1491023159
61088059989958327,992571,1491023139
-4814346244933721333,992571,1491023144
-4533924255928168122,992571,1491023135
-8489580177321628570,992571,1491023168
1199070040736768551,992571,1491023143
-7403010720268996935,992571,1491023171
-5423666001373048864,992571,1491023167
8489927706106550025,992571,1491023151
-9175989197998198633,992571,1491023173
-6811732231678538963,992571,1491023129
-2779165712768100367,992571,1491023155
-2334515879516925194,992571,1491023142
-2923046444977452710,992571,1491023166
200879494181300208,992571,1491023120
-2665690664651737018,992571,1491023172
-8891372864949883195,992571,1491023123
-7416284793206102962,992571,1491023154
1651060154915051460,992571,1491023130
-2756055262070858890,992571,1491023128
1335758999285655493,992571,1491023167
-9214215627552069750,992571,1491023165
-824545919299921827,992571,1491023168
-6457271274765675356,992571,1491023172
-5651662677412548299,992571,1491023149
-2464082643850502869,992571,1491023142
1560485778342559212,992571,1491023134
5174008405775718939,992571,1491023159
-860251511168243657,992571,1491023155
2420029500890150958,992571,1491023172
4343919315209644398,992571,1491023142
5973829355962074635,992242,1491023140
8116475402804794833,992313,1491023121
-793407726165894484,992313,1491023137
1452070940713822678,992324,1491023170
-8161559256488874278,991047,1491023149
8253077278207139749,992559,1491023142
5634853199502063662,992559,1491023151
6435659199375215723,992559,1491023138
-556614918558827282,992559,1491023122
4877342438377316924,992559,1491023137
47678178021436608,992559,1491023129
-1831180741775015100,992559,1491023134
-4896972745662169612,992559,1491023148
-6559063870054440848,992504,1491023155
-1793009325045230017,992504,1491023135
725978159339056036,992504,1491023169
8730573871555023965,992504,1491023166
6325465729353259322,992504,1491023130
8764383280759385899,992504,1491023131
-3394462702585412213,992504,1491023171
434956210210955991,992504,1491023155
7230924966069822156,992504,1491023166
6388640755634047090,992504,1491023156
-57781592195447356,992504,1491023168
9037399406856284042,992504,1491023151
8127675089692729604,992504,1491023159
2377657334477800765,992504,1491023128
-1586582345294414397,980354,1491023135
-2480355572366805532,992480,1491023120
2147505988290576421,992480,1491023155
-1774992229402903013,992480,1491023157
-3443118332467607163,992480,1491023173
7088369459420254671,992480,1491023118
-8142870363648089997,992480,1491023119
407263551574296652,992480,1491023145
-1005109005794962781,992480,1491023172
949429480098370950,992480,1491023165
4256606813619573359,992480,1491023149
-5948005458061097176,992480,1491023168
-3728747774584140543,992480,1491023160
6048592575750318682,992480,1491023132
-2129648522134754260,992480,1491023134
3353301432762423488,992480,1491023123
-5258175155923407769,992480,1491023139
1268462432245456862,992480,1491023161
-7571541747497194751,992480,1491023156
4742249970545295271,992480,1491023118
7260550809193127673,992480,1491023158
-8844447771636134604,289445,1491023118
6336917317711645393,992169,1491023115
2551600933839564824,992182,1491023122
235146689809417623,992182,1491023154
-3162903559067912190,992182,1491023137
-4647316250512521026,992182,1491023121
7723573593755268720,991659,1491023170
-9119488370098833390,992256,1491023162
8961480454172631534,991983,1491023123
2035681492934184453,992056,1491023145
-8308966746319122892,992203,1491023164
-5852816359264432990,992425,1491023164
-6466045417528696496,992425,1491023124
7086334271900157653,992425,1491023160
-8161559256488874278,991259,1491023149
-6297722790052574377,992223,1491023116
-8934113911734399987,992223,1491023116
-5130034618414810628,992223,1491023130
43791727172281469,992223,1491023114
-5009987843258772588,992223,1491023152
-4552695104309578462,992223,1491023153
2278211518502429645,992223,1491023155
-8308966746319122892,992195,1491023164
73508983587844883,992175,1491023139
976344697877407866,992514,1491023172
434956210210955991,992514,1491023123
-7666028938506247996,992514,1491023172
7230924966069822156,992514,1491023148
2954011385570931691,992514,1491023165
-5251011600169871724,992514,1491023142
5568877132476790563,992514,1491023164
4018076577749820101,992514,1491023114
-1348925901181428910,992514,1491023126
4530034167349068621,992514,1491023133
-4840785488642728832,991403,1491023139
9105056646039829064,929884,1491023138
-2253877562856506211,992328,1491023169
-4676033085468282003,992328,1491023152
4666507477321608166,897989,1491023153
5833380837303923841,992419,1491023136
4040846719240137418,992419,1491023167
5753909144626525487,992419,1491023170
1120811992158060691,421282,1491023157
7980560417109186587,990458,1491023154
-5266749539728864072,992555,1491023158
8976389787535998122,992555,1491023152
-1478030847962198495,992555,1491023150
6353805751714195828,992555,1491023116
-7745673789774674860,992555,1491023138
476678096040994611,992555,1491023122
-8500320912890216926,992555,1491023125
5707104420742208641,992555,1491023146
-6954608718965834029,992180,1491023162
6484794976947826578,992180,1491023129
-1596961157835646040,992295,1491023128
-8571402233132279038,992295,1491023117
2638439995208954296,992295,1491023118
-2544849130684158802,992295,1491023140
-6043081225528635549,992295,1491023137
6254737136032560586,992295,1491023124
8377145108758942702,992295,1491023133
7928533733794571504,992295,1491023117
3333636107628043250,992295,1491023124
7468468816534534910,992295,1491023147
-4238696472514989879,992295,1491023158
-1233846642183446156,992295,1491023133
-5771835295300249849,992295,1491023167
8536953050412735407,992295,1491023134
-8422292583460757721,992295,1491023130
5279684570728245927,884070,1491023142
5267693645631360531,954091,1491023119
7508014381686805619,346433,1491023166
-4610461817580257363,990829,1491023158
2088128617721866620,992560,1491023147
-8766478284467051414,992560,1491023170
992849605569522567,992560,1491023143
-6345756911406410038,343072,1491023142
6709814694895036315,992595,1491023121
-2585994479924987577,992595,1491023118
-3172668796873023525,992595,1491023146
3905990072757121333,992595,1491023116
7610878322819400195,992595,1491023160
7994060031216087799,992595,1491023120
1071388783344354181,992595,1491023118
4800225120619344014,992595,1491023159
-5673593304357348688,992595,1491023123
5912815944617172158,992595,1491023145
-6887809991506262733,992595,1491023150
759481739269860398,992595,1491023153
-57723705685738195,992595,1491023148
-55910458662041933,992595,1491023127
-5505460915190728262,992595,1491023127
-1838721524731458246,992595,1491023150
6187606222790224125,992595,1491023134
-8683875163680021570,992595,1491023166
-2264810161293646722,992595,1491023141
3935867177631859359,992595,1491023128
-8349989319292658950,992595,1491023152
865459310180152927,992595,1491023140
3696609888594889106,992595,1491023158
-1712768696033039186,992595,1491023137
-9006664055162930674,992595,1491023125
-5762513638666310641,992595,1491023172
1818006459022617857,992595,1491023151
-7137500230855682144,992595,1491023155
-6060123893376067489,992595,1491023140
4523979027147265787,992595,1491023144
-3969117141124895664,992595,1491023162
-1598941446172728861,992595,1491023122
2950204472056498169,992595,1491023169
5821649945085899182,992595,1491023172
-3904459186927767729,992595,1491023163
4944364750573163637,992595,1491023154
7177544457979696297,992595,1491023151
3253401923307464851,992286,1491023129
4607835955044669846,992473,1491023167
-4616910334314967957,992544,1491023169
-5235741474354322151,992544,1491023125
-5148295471596004925,992544,1491023166
-2808776391718637850,992544,1491023145
5854982698558999694,992544,1491023164
5010512430753375157,992544,1491023173
5568877132476790563,992441,1491023115
-2053602362755681160,992441,1491023114
-3925954130474582228,992441,1491023161
4208994325586196026,992441,1491023139
8871370885118032804,992229,1491023163
6380378430872453531,992229,1491023155
793907147399706543,985873,1491023169
306114686474857002,990822,1491023150
-7673783171261205747,992137,1491023122
5899353950498290983,979729,1491023172
3253401923307464851,992247,1491023168
-3050166824594390212,992394,1491023168
8139663252414861704,992394,1491023140
1468091723014294229,992394,1491023137
-3939681816539296974,992394,1491023123
-3808813034168916656,992394,1491023136
8367720406674741519,992394,1491023124
-2926540037794226466,992394,1491023121
8250765433410227163,989303,1491023122
2046896311026965983,912644,1491023143
-4792210074283862648,912644,1491023132
-3779726771370118650,991878,1491023133
2756548794639018590,991878,1491023121
771376849055980566,992588,1491023142
-6090830692101766344,992588,1491023142
1666309698105717844,992588,1491023166
-8126510751296037799,992588,1491023148
2831396332618980407,992588,1491023119
199802865305372626,992588,1491023169
3848028184442036910,992588,1491023128
6595872344297112442,992588,1491023158
-5340388055688304912,992588,1491023116
-1260977446245154722,992588,1491023169
-7227714838821321684,992588,1491023127
1828666145226796380,992588,1491023130
-7657434089174680518,992588,1491023162
-5285579441281720027,992588,1491023136
690527741719107944,992588,1491023154
-6953184888155078855,910156,1491023131
-1421724133389467317,992264,1491023119
-8945679911839194597,992264,1491023135
-7067834383443017251,992238,1491023141
5224192120469104852,992238,1491023152
5336504273974272447,992238,1491023167
-3663725835759831925,992238,1491023169
-668588030225731382,992005,1491023134
-1930287007498053957,992171,1491023168
2077112632729759995,992347,1491023158
8116475402804794833,992347,1491023160
4822744133533816094,992347,1491023125
604094538615993703,992307,1491023170
517446348258629306,424213,1491023134
-8190125464533732362,972031,1491023149
-5003975000462402862,992392,1491023129
8961480454172631534,991932,1491023123
3116353310264475915,991010,1491023125
-1930287007498053957,992167,1491023169
4040846719240137418,992433,1491023123
-6833547913246506630,992433,1491023157
-2518618213017079794,992433,1491023170
-571615502513254310,992364,1491023151
-1719070975373540057,992364,1491023169
7592728098583104687,992364,1491023170
2225223575021253316,991442,1491023120
4558973062267141582,992226,1491023123
-1002502727999519430,992226,1491023167
-8442537256631538840,991860,1491023133
-5735177182712434548,992208,1491023130
-8308966746319122892,992208,1491023114
336363950509358590,934581,1491023113
-1121919360345683408,992376,1491023119
1777502970790059923,992492,1491023121
274520436012113453,992492,1491023153
4029669139421720846,992492,1491023145
7842068633610240179,992492,1491023171
-3137724982617419088,992492,1491023172
-4616910334314967957,992492,1491023165
167442003342766083,992492,1491023150
1578524992986284161,992492,1491023136
8612260597474979241,992492,1491023132
9157415223061961066,992492,1491023147
1193765694312919294,992492,1491023169
-3708905236575943174,992492,1491023137
-130075229244810749,992492,1491023159
6031148395469449717,992492,1491023160
-9187531728531545991,992531,1491023130
7887927121339954400,992531,1491023163
-8401689024274781627,992531,1491023169
6688599094119559072,992531,1491023127
-3353083457669991917,992531,1491023163
3465516227870392028,992531,1491023136
-6677324872496451353,992531,1491023119
-7356781046877343474,992531,1491023130
-2904516812574130645,992531,1491023139
-3573198731200195968,992531,1491023167
2938671190612331165,992531,1491023142
-5196941654447027222,992531,1491023144
3212101527420056633,992531,1491023133
-3905197875289829075,992531,1491023138
6365917066809176668,992531,1491023128
3062170132668313009,992531,1491023158
-2576192816054801221,992531,1491023162
1688266338157356065,992531,1491023128
-7719518136031277840,992531,1491023156
-2407587850019593237,992531,1491023165
-684956047357928216,992531,1491023156
8266848724154081454,992289,1491023149
-8443221347023882370,992549,1491023153
8447329787207373250,992549,1491023161
476678096040994611,992549,1491023155
8431405141498378349,992549,1491023152
5420091292786159310,992549,1491023132
-7628753973347644763,992549,1491023147
4505022369730187508,969490,1491023113
-1402131474838707918,992299,1491023157
-2230386581697787378,992255,1491023171
3183674813203171109,992255,1491023166
-9155186958382613154,992255,1491023167
-155922438887016375,992255,1491023154
-1292460813415324898,992255,1491023171
-3663725835759831925,992255,1491023132
5356927486829589300,992255,1491023140
-1939625050907798291,992255,1491023164
-8767847955475342309,992510,1491023171
-8531399782389495319,991350,1491023159
6079299130945423176,343089,1491023117
-9182386073526995356,974441,1491023146
1442232967443357720,992163,1491023123
5785466641170584669,992163,1491023158
-3189477224079910773,992163,1491023161
8149902051244836623,992163,1491023122
4447877906072093269,986229,1491023133
-8746659807964046965,992391,1491023121
-1077603687245024345,992391,1491023148
3148090185534838214,992391,1491023143
8764383280759385899,992391,1491023147
7230924966069822156,992391,1491023166
-5412517958453442179,992391,1491023149
8730573871555023965,992391,1491023167
-6559063870054440848,992391,1491023156
-4866638763932316680,992391,1491023152
2035681492934184453,992028,1491023170
2225223575021253316,991100,1491023168
-2859538582115305994,992071,1491023126
-7576610429652720525,992593,1491023136
-4288999878596595783,992593,1491023173
250225834848853748,992593,1491023134
-5673593304357348688,992593,1491023166
-1601800944000223653,992593,1491023162
3905990072757121333,992593,1491023139
6709814694895036315,992593,1491023129
1071388783344354181,992593,1491023124
4800225120619344014,992593,1491023163
-57723705685738195,992593,1491023148
-1838721524731458246,992593,1491023151
-5505460915190728262,992593,1491023127
-4086755347765086475,992593,1491023127
6820509829691336977,992593,1491023149
2755892456713897646,992593,1491023163
-6163775031078984631,992593,1491023149
5912815944617172158,992593,1491023145
-55910458662041933,992593,1491023128
-2585994479924987577,992593,1491023118
-8683875163680021570,992593,1491023166
5710002048067856579,900210,1491023126
4040846719240137418,992430,1491023167
5833380837303923841,992430,1491023125
9029588779107460469,992430,1491023145
7835674092843406193,982417,1491023170
4558973062267141582,992216,1491023160
-7906308232605489382,992216,1491023168
8789008856317034263,992216,1491023154
-1719070975373540057,992356,1491023147
-2119377751264314178,992356,1491023155
-6166955076070419675,992481,1491023170
4607835955044669846,992481,1491023132
-3143946800358398045,992481,1491023155
-5148295471596004925,992547,1491023124
9023728730970591541,992547,1491023161
5854982698558999694,992547,1491023153
2659400419095284213,905022,1491023130
6336917317711645393,992164,1491023120
7284730895973093004,975402,1491023153
-2808776391718637850,992553,1491023128
5010512430753375157,992553,1491023163
476678096040994611,992553,1491023130
-7745673789774674860,992553,1491023173
-1591662010059677928,992553,1491023153
1088391224663088991,992553,1491023172
2883242150618549688,992477,1491023166
4607835955044669846,992477,1491023146
274520436012113453,992477,1491023158
-2802957095495216774,992477,1491023131
-7625853762198298315,992477,1491023127
-6570015182227639613,992477,1491023148
265584431547867492,344340,1491023160
2118957477203305855,991825,1491023135
2473016117840466324,991825,1491023129
-4356909708152321140,992234,1491023131
-6954608718965834029,992218,1491023162
2445428743930187940,992257,1491023161
6250420591799541414,992194,1491023139
3359928695925026135,992194,1491023148
-5019126736715392120,992194,1491023165
1076466875282285898,972937,1491023166
-7963852275986466204,972937,1491023136
3308973239046211334,992060,1491023168
-9028210773258771222,992558,1491023152
1088391224663088991,992558,1491023172
8637477263578646506,992558,1491023127
5010512430753375157,992558,1491023155
-6848683952484078233,992558,1491023114
-1591662010059677928,992558,1491023152
-4043571968280208056,992558,1491023146
-5629976860336582219,992558,1491023137
-9098583270401966206,992558,1491023139
-1988721982070906002,992558,1491023154
-432199563179351730,992558,1491023159
-6798461711960345645,992558,1491023137
-4267215172887116953,992558,1491023167
3401062601269938604,992558,1491023173
8116371156740930840,992558,1491023154
2809913654316558088,992558,1491023160
-1948003454942204537,992558,1491023117
2118957477203305855,992149,1491023123
2473016117840466324,992149,1491023129
-4280979007077921273,992149,1491023158
910548778947167813,992149,1491023133
6620612230652259312,992298,1491023148
5790252055632935373,992298,1491023168
1133464127844426229,992298,1491023124
8770947360943660366,992298,1491023114
-7380505792072944546,992298,1491023114
-1678730026328437375,992298,1491023145
372166226117683735,992298,1491023154
4367002126140114140,992298,1491023138
4736444288615172672,992298,1491023162
-297846471573189616,992298,1491023131
778448774148260660,992298,1491023116
-555530533838430994,992298,1491023132
1616442500764316226,992298,1491023161
-3021315499555990912,992298,1491023154
-813575138120709536,992298,1491023121
1485943977230478358,991500,1491023137
5264809821798437094,992348,1491023121
8266848724154081454,992348,1491023136
4607835955044669846,992478,1491023159
-4335904925854892363,979849,1491023151
-4334203601580525472,992231,1491023159
6158930715986817654,992267,1491023125
-3612024856192541006,992267,1491023170
-5021441401782114787,991731,1491023161
1957820261428947563,984462,1491023165
8612260597474979241,992500,1491023128
-8543285005562562040,992500,1491023156
-1231984131678485539,992591,1491023117
-6676510265081062275,992591,1491023121
6121877489426298843,992591,1491023127
6709814694895036315,992591,1491023136
4800225120619344014,992591,1491023167
-6082932903629053192,992591,1491023145
-5673593304357348688,992591,1491023166
-4288999878596595783,992591,1491023173
-6006447053932498292,991209,1491023134
-7091162644773210479,992262,1491023162
1567441362078502448,990310,1491023124
4765681024629403189,992459,1491023151
8417245501511138791,992459,1491023172
-2931252766927480630,985075,1491023141
456234436527444923,987707,1491023134
476250140344188490,404669,1491023124
-1741771923878922452,990773,1491023135
7990696894433740559,990773,1491023130
-5952217823609155521,990773,1491023155
-1601189650875236036,991324,1491023173
-415916198265586642,983968,1491023158
-597730032299758966,992114,1491023138
5911865407400082748,933626,1491023158
7896199095322164882,992047,1491023113
-4861846703176710905,992574,1491023168
-824545919299921827,992574,1491023124
-8489580177321628570,992574,1491023145
61088059989958327,992574,1491023130
2286572073097992222,992490,1491023173
4835163046151339943,992490,1491023138
1578524992986284161,992490,1491023151
1582362933882265857,992490,1491023172
-162414683721564472,992490,1491023136
-7099689847288154281,992580,1491023140
-8355251834274312635,992580,1491023150
754236596817348069,992580,1491023134
456234436527444923,986675,1491023138
-7730084192760345342,992468,1491023146
3621363392106465606,992468,1491023142
-1414819062679894899,992468,1491023131
-3401709644466399930,992468,1491023161
5336504273974272447,992031,1491023166
-5003240553694886542,992031,1491023168
5224192120469104852,992031,1491023147
-3663725835759831925,992031,1491023169
4820022040517784877,992031,1491023122
-155922438887016375,992031,1491023154
-7673783171261205747,992031,1491023122
-9155186958382613154,992031,1491023167
-1292460813415324898,992031,1491023171
-2230386581697787378,992031,1491023171
-990691562956333108,991723,1491023146
6253622757152626132,992529,1491023135
-3353083457669991917,992529,1491023171
6688599094119559072,992529,1491023138
-7356781046877343474,992529,1491023134
8130910167843931429,992529,1491023114
-8401689024274781627,992529,1491023169
7887927121339954400,992529,1491023163
2281046966488263690,992523,1491023170
6253622757152626132,992523,1491023172
6688599094119559072,992523,1491023174
313917333031008667,992523,1491023162
5854982698558999694,992538,1491023171
-5235741474354322151,992538,1491023131
-2808776391718637850,992538,1491023150
-5148295471596004925,992538,1491023166
9109151408773785822,991861,1491023141
-2518618213017079794,992434,1491023170
-6833547913246506630,992434,1491023115
-440823259482321572,992156,1491023156
7798689688074664867,992156,1491023140
-4025353440118540514,992156,1491023170
4585869217800039834,992156,1491023148
-1920625477700052371,992156,1491023132
8910528096579134859,992156,1491023123
1582362933882265857,992439,1491023172
-162414683721564472,992439,1491023136
1578524992986284161,992439,1491023151
4835163046151339943,992439,1491023135
8612260597474979241,992439,1491023140
1324623003556640527,903531,1491023171
2816400136490759933,991649,1491023162
-1618901919671741841,992123,1491023148
-2065504990579188908,992123,1491023116
-6730498079030729748,989132,1491023139
6260180138992676115,991971,1491023160
441472165452516924,992165,1491023138
-4763143686747220672,992165,1491023137
3810080375020863924,992165,1491023133
-9069418207099408577,992165,1491023140
432854980701233760,992165,1491023167
-6006447053932498292,992165,1491023169
-7592166905938455849,992165,1491023130
6390682177675799140,992165,1491023149
3879967028451948317,992165,1491023115
5666627410447564742,990246,1491023133
7104022681173045143,990246,1491023153
-1180963635180238675,992545,1491023123
6709814694895036315,992545,1491023145
-1260977446245154722,992545,1491023115
6121877489426298843,992545,1491023134
4800225120619344014,992545,1491023167
-6676510265081062275,992545,1491023121
-3704873961465791546,992423,1491023156
6138553077260194750,992423,1491023115
-2802957095495216774,992423,1491023147
4607835955044669846,992423,1491023149
2883242150618549688,992423,1491023166
5469404184453532997,992423,1491023142
-1601189650875236036,991323,1491023142
-6897704325414867137,992263,1491023129
-3005838461889463462,992362,1491023138
-1234274263806309529,992362,1491023119
3915426636946287615,992362,1491023167
4953899751702943224,992362,1491023117
-2113563583325966005,992362,1491023160
419871255618456141,992362,1491023144
7232205495803629101,992362,1491023144
-1283675949446528848,992362,1491023131
8138156989245751513,992362,1491023143
-6825935835344125066,992362,1491023156
-8028386865303688552,992362,1491023142
-8760951104158423318,992362,1491023161
6566092217939709300,992362,1491023165
-2282907223031878858,992362,1491023125
3554399706732730885,992362,1491023149
2595546162971828101,992362,1491023156
7741656064440727771,992362,1491023154
3469732873074508218,992362,1491023166
-4380420983611322657,992362,1491023131
-162414683721564472,992499,1491023128
1582362933882265857,992499,1491023127
4835163046151339943,992499,1491023131
1578524992986284161,992499,1491023144
8612260597474979241,992499,1491023140
-1416585145714076653,992562,1491023156
7682823328643688715,991907,1491023115
-4346295745158624739,992225,1491023141
6380378430872453531,992225,1491023126
-1408412196657893550,992225,1491023137
-7067834383443017251,992225,1491023155
5224192120469104852,992225,1491023165
-1719070975373540057,992360,1491023157
-5997186173459811445,992360,1491023158
754236596817348069,992584,1491023117
-8355251834274312635,992584,1491023137
-4096438319079811338,192167,1491023170
4765681024629403189,992463,1491023118
2281046966488263690,992526,1491023127
6688599094119559072,992526,1491023165
6253622757152626132,992526,1491023148
-3353083457669991917,992526,1491023171
-8442537256631538840,991739,1491023154
8967808054669785808,992268,1491023151
8002376852355904314,992548,1491023135
2547430135015421194,992548,1491023152
-7745673789774674860,992548,1491023124
8253077278207139749,992548,1491023143
4877342438377316924,992548,1491023139
5634853199502063662,992548,1491023151
-556614918558827282,992548,1491023122
2473188210996987725,897686,1491023154
-1618901919671741841,992122,1491023161
-3905660607181437529,991687,1491023139
199802865305372626,992589,1491023139
-1260977446245154722,992589,1491023158
6595872344297112442,992589,1491023130
1828666145226796380,992589,1491023126
6709814694895036315,992589,1491023172
-7688217879234903087,992589,1491023160
-7227714838821321684,992589,1491023116
1941758504331140890,992589,1491023138
-8922546336568772033,992589,1491023118
331843921536809331,992589,1491023126
-6290259596946773547,992589,1491023146
4009752160213713297,992589,1491023156
9130517622501242764,992014,1491023151
608619942318062387,991946,1491023149
6336917317711645393,992189,1491023161
-7728342382641361665,992127,1491023172
-3524984300787182271,342746,1491023144
4082620353628717606,992438,1491023149
6127244183443164022,992438,1491023157
4765681024629403189,992438,1491023166
2046896311026965983,911569,1491023153
-5095991025970727371,992312,1491023156
-1529626361895060323,992312,1491023156
-9119488370098833390,992312,1491023136
-2426352782653011840,992312,1491023147
5707596072087130405,992479,1491023116
4607835955044669846,992479,1491023136
-2802957095495216774,992479,1491023117
-6166955076070419675,992479,1491023170
1677306048957430662,992479,1491023124
4715241549154087122,991466,1491023120
-259660182709046248,179361,1491023114
2046896311026965983,912602,1491023148
-5786754471639776690,992124,1491023120
-3984081568584361800,992066,1491023145
4447877906072093269,977179,1491023150
-9098583270401966206,992561,1491023139
2809913654316558088,992561,1491023160
7414678453618900045,992561,1491023147
-5629976860336582219,992561,1491023134
-4043571968280208056,992561,1491023135
582315049050188401,992561,1491023167
-4260173016205749251,992561,1491023151
-8788848558001013444,992561,1491023136
6961639217582514175,991995,1491023130
-6541901870640303288,991889,1491023127
73508983587844883,992168,1491023139
-2544986297796817048,992168,1491023146
1987776670045856303,992168,1491023168
-698195670146761528,992168,1491023131
-6539020113904475353,991935,1491023165
1648622236383326071,991935,1491023125
1656281164903642424,991935,1491023116
-1045408366232865564,991935,1491023168
2700219989019406399,991935,1491023118
7124116944313676166,991935,1491023134
235146689809417623,991935,1491023157
2938663991513878735,991935,1491023136
9129064371362606493,991935,1491023140
-688483158644724542,991935,1491023117
-8125314878324172337,991935,1491023114
474306249664287395,991935,1491023168
1654884077240696534,991935,1491023125
8643738986976551171,991935,1491023124
5010512430753375157,991935,1491023147
-5869069655733694408,991935,1491023130
2737606968166141091,991935,1491023161
4286013750231845240,991935,1491023159
6595845109668997304,992067,1491023139
-9042936422232590675,992304,1491023138
-2230386581697787378,992254,1491023124
-1292460813415324898,992254,1491023163
1470465396741984169,992254,1491023141
8461213258092962442,991844,1491023172
5658689331758502040,991844,1491023154
-2256606721200593733,991844,1491023119
8208220669524999226,992240,1491023164
9130517622501242764,992240,1491023115
-5266749539728864072,992398,1491023148
6916522035315140342,992398,1491023170
-408486542007115,992398,1491023141
-6516404060995962656,992398,1491023159
-3639389936453262316,992398,1491023122
1338549186055602364,992398,1491023149
-5983920530479533787,992398,1491023153
3004269781920137458,992398,1491023163
7104022681173045143,991722,1491023153
5666627410447564742,991722,1491023125
-210111036292592098,992579,1491023151
-7099689847288154281,992579,1491023140
-6753798981382301499,992387,1491023119
4668217675869587377,992325,1491023170
300759159692049903,992325,1491023142
2295708402814646396,991662,1491023147
2332951985105627330,991662,1491023127
-5019126736715392120,991662,1491023155
-9070272152686163121,991662,1491023139
-7991844492213228961,991662,1491023115
1662305162006179255,992487,1491023140
-6166955076070419675,992487,1491023135
4607835955044669846,992487,1491023122
-8126510751296037799,992586,1491023162
1048637763807232721,992586,1491023137
1828666145226796380,992586,1491023150
3848028184442036910,992586,1491023128
-6090830692101766344,992586,1491023142
543763059041373207,992586,1491023145
-4092367005335058213,992586,1491023164
199802865305372626,992586,1491023169
6595872344297112442,992586,1491023158
8417245501511138791,992444,1491023127
-5482587969751932073,992444,1491023171
-6169605777842380238,992552,1491023168
5854982698558999694,992552,1491023144
-7516019048015109904,992552,1491023114
476678096040994611,992552,1491023165
8447329787207373250,992552,1491023165
-8375862127813076065,992552,1491023170
4286740991070550025,947295,1491023118
553915298496069703,991836,1491023164
8730573871555023965,992503,1491023120
-4534878272445630051,992503,1491023160
4958290777797786167,992503,1491023160
5975667160820742447,991757,1491023145
-6345756911406410038,343074,1491023162
-7621738085578127909,992276,1491023148
4685970511590371349,992276,1491023115
2434693648178568260,992276,1491023151
-1441674501765967098,992342,1491023132
1555754388406147718,992145,1491023162
6566092217939709300,992145,1491023139
3413474500887814905,992145,1491023166
7260971644645553134,992145,1491023137
3856509380455321046,992145,1491023152
1509316210788591014,992145,1491023131
-808880945300325431,992145,1491023125
476250140344188490,404630,1491023124
-2480355572366805532,992475,1491023137
1319197679945158604,992475,1491023116
7088369459420254671,992475,1491023126
-1774992229402903013,992475,1491023157
-6669956288609139858,413317,1491023166
2046896311026965983,907557,1491023157
4416675590331936951,877748,1491023151
-5685966887073354607,992340,1491023156
-8183209783645824038,990250,1491023145
2447926030519356745,991264,1491023142
6023305889538025226,990499,1491023143
-4806601316187710590,907407,1491023123
6496572802673737724,342219,1491023168
1470465396741984169,992033,1491023141
2254711233396493598,991851,1491023133
-6953184888155078855,910124,1491023164
-6118399727072004311,992466,1491023136
3621363392106465606,992466,1491023161
2725170694186799193,992466,1491023162
-9085972319741802164,992534,1491023125
-3369280892602220109,992534,1491023161
-5878554989996659151,992534,1491023169
9209596272027346704,992534,1491023135
2803110499607429801,992534,1491023146
5736099388584144046,992534,1491023120
-2577121741497927518,992534,1491023157
5854982698558999694,992534,1491023171
-7668630553606432693,992534,1491023145
2445428743930187940,992323,1491023161
5705401034427751214,992323,1491023152
-8993961400806492333,990809,1491023137
7736697186597170157,990809,1491023148
-6936279975272076319,991977,1491023142
6142080444925493322,992121,1491023128
-6953184888155078855,910143,1491023151
3620826046653326395,992357,1491023121
4953899751702943224,992357,1491023117
-3005838461889463462,992357,1491023138
3915426636946287615,992357,1491023167
2750332816778336438,991778,1491023142
4433944674878580915,991778,1491023165
6984823500435502740,992532,1491023134
-6484139475812974178,992532,1491023161
5736099388584144046,992532,1491023161
4367839292460688927,992532,1491023128
-2808776391718637850,992532,1491023162
1193765694312919294,992532,1491023140
-229604329415214886,992532,1491023155
4681786166237216107,992532,1491023140
-6772164761167452076,992532,1491023143
3642504544673886572,992532,1491023122
9172936606510758523,992532,1491023146
-5235741474354322151,992532,1491023131
-5983239193112844864,992532,1491023154
-7468308434683196532,991829,1491023147
-3021841105832813857,992103,1491023156
-1618901919671741841,992099,1491023137
-2065504990579188908,992099,1491023116
-3675072938068543025,992099,1491023136
-3936833794226746236,992099,1491023127
7836497588474835455,992099,1491023144
1549053648795021451,992099,1491023127
-9171606056043027009,992099,1491023147
-3783218579485828967,992099,1491023139
5753319491925229518,992099,1491023138
-4463369029929139875,992099,1491023153
4945954641053825546,992344,1491023121
-1719070975373540057,992344,1491023129
2410847542507747039,992344,1491023151
-5503326115529166588,987131,1491023159
-4932154335629499776,989370,1491023147
-5255253226369520713,989765,1491023148
2215673439056240513,992333,1491023165
4538877265512323845,992333,1491023168
1567441362078502448,990298,1491023137
-694460661212345306,955868,1491023164
-9089647309962994974,989035,1491023171
-860251511168243657,991988,1491023121
7053699675071151158,991988,1491023131
-1612474696326346556,991988,1491023115
6250420591799541414,991988,1491023146
6264236262061028102,991988,1491023119
1951569993214501485,991988,1491023117
-7232461878938702817,992129,1491023152
-7728342382641361665,992129,1491023138
8071762567107015554,992129,1491023129
-3427523593520802614,992129,1491023151
-3748995099393596321,992129,1491023153
6013775779497028824,992129,1491023154
5753909144626525487,992426,1491023169
-6953184888155078855,910148,1491023143
-6154213478199350590,957019,1491023142
-9056079076928578998,988454,1491023143
397191132077031828,988454,1491023149
-5095991025970727371,991428,1491023163
1885558942721192085,991428,1491023140
6956191326973596150,991428,1491023152
-510585837029542618,991428,1491023131
5089625491511473769,991428,1491023117
-4013056192787836017,991428,1491023121
2293010890584668755,991428,1491023137
9129064371362606493,991428,1491023144
-5019126736715392120,991428,1491023152
3308679280935048190,991428,1491023129
2295708402814646396,991428,1491023148
927267150890224208,991428,1491023168
5079401762674404385,991428,1491023130
2559546907932508774,992389,1491023155
8870197513362938254,992389,1491023131
-6569304427579232656,992578,1491023142
3062170132668313009,992578,1491023144
7550871590902325630,992578,1491023156
-2614198840821865094,992578,1491023149
5521839287440023926,992578,1491023149
4842952209835217251,992578,1491023163
2354374948925938898,992578,1491023170
-7018166193091908798,992578,1491023118
2228134087004415400,953365,1491023139
6777208546891116223,992318,1491023172
-8282278459296713261,991235,1491023171
3159014666313215045,991917,1491023152
4092886183492008156,991917,1491023154
-6393497527895509675,991548,1491023122
-3925954130474582228,992524,1491023151
6253622757152626132,992524,1491023172
1292279851135448273,992524,1491023155
6688599094119559072,992524,1491023174
8367720406674741519,992400,1491023124
-3050166824594390212,992400,1491023153
3928505525828155455,992400,1491023162
2559546907932508774,992400,1491023155
8862064987483376857,986167,1491023127
-4273744719379306826,992212,1491023166
6158930715986817654,992212,1491023145
-7653655714573944004,980297,1491023125
2531599944216642902,982157,1491023128
-3913415256565725826,992590,1491023169
3233185545526889473,992590,1491023135
-7688217879234903087,992590,1491023153
1941758504331140890,992590,1491023138
-1260977446245154722,992590,1491023135
6709814694895036315,992590,1491023161
1828666145226796380,992590,1491023118
6336917317711645393,992141,1491023117
-6345756911406410038,343073,1491023162
4762568186842138547,992265,1491023122
-7346114035293870186,992265,1491023151
-7828006232596936344,992265,1491023127
5010512430753375157,992265,1491023141
3013465413682140150,991701,1491023169
2218706568949161990,991701,1491023136
7798689688074664867,985288,1491023167
9110990232540168773,60419,1491023168
-6006447053932498292,418136,1491023126
-347002362364358531,992363,1491023133
-2484638971634022370,992363,1491023166
2435965199016782447,992363,1491023147
3100089078670598184,992363,1491023161
4071032817506849706,400549,1491023158
8770947360943660366,911440,1491023114
-1678730026328437375,911440,1491023145
1452070940713822678,992337,1491023170
2678263508534589805,991879,1491023171
6323807710800026134,991879,1491023130
649093368453188816,895230,1491023117
-6321748870981776264,864364,1491023136
5911865407400082748,936571,1491023160
-7804699165371295363,992367,1491023125
-649501365984582172,992367,1491023146
976344697877407866,992496,1491023135
2954011385570931691,992496,1491023154
-7666028938506247996,992496,1491023147
-5251011600169871724,992496,1491023134
-1348925901181428910,992496,1491023126
5568877132476790563,992496,1491023164
7230924966069822156,992496,1491023134
-2534469788003054458,992496,1491023160
-2053602362755681160,992496,1491023114
6731316245926532435,992496,1491023163
-3925954130474582228,992496,1491023173
7798990233402944559,992496,1491023173
-3727547196145051281,992496,1491023161
-8315689795479323444,992496,1491023173
-7644052654880535842,987577,1491023132
-2649712771159974890,992152,1491023122
8052402193307276708,992152,1491023156
