-1796808357692608811,992590,1491043775
-1255979092564258448,992590,1491043797
778022328524076304,992590,1491043766
-7527794967348001849,992590,1491043771
-6447517255310540200,991547,1491043778
-8226245146204638316,991547,1491043790
2980795079685228929,991547,1491043765
-8525681053554823079,929189,1491043770
6132791978692185045,988823,1491043786
-5670204744857767232,991714,1491043778
4922122053660779246,902583,1491043795
7333730061625871970,899326,1491043800
1319958876858472877,339536,1491043773
-6538884840953151401,991918,1491043778
-2879207936303882709,423297,1491043760
1521151612630969124,991736,1491043785
7799110503592818687,992039,1491043779
6210434905206480978,992039,1491043790
-1519684610907911564,992039,1491043759
8865171481986868925,992039,1491043807
-7182159392088372011,992039,1491043776
-8586565413888819816,992039,1491043766
-7165209610156510738,992039,1491043792
-18889654522047973,992039,1491043805
7069077089135857123,992039,1491043813
3281629554996472241,992039,1491043806
346862819983374176,992039,1491043796
-6875598782517227723,992039,1491043773
-726320252153742780,992039,1491043776
-7763348416242000641,992617,1491043757
2873083631954793058,992617,1491043795
3260466297792169350,992617,1491043776
-8540130544575268455,992617,1491043808
-7839478336632764891,992617,1491043759
4590527681359795769,992617,1491043812
-3320136622549257144,992617,1491043770
954486967103856271,992617,1491043771
-6964153127434443405,992617,1491043758
-8605342320532739722,992617,1491043801
7879047796290997065,992617,1491043776
-5177781367765747623,992452,1491043804
2026566211564166437,992452,1491043784
-6007329878463883900,992452,1491043792
3497726196456136527,992141,1491043790
-8657346370966023642,992141,1491043792
-252824185763169329,880877,1491043796
9123002590914364247,992191,1491043787
6913865048707891522,989624,1491043792
1647085884238451338,991701,1491043797
-6595936794692767795,991701,1491043802
1488631477407458602,991648,1491043806
2375608809205384398,991421,1491043758
8679560038952161364,992284,1491043789
5079843761349829730,992284,1491043783
-6660353337513870055,992284,1491043774
-6128021804250182898,992284,1491043800
-4696748152949682765,992284,1491043757
8620365988939240415,992496,1491043764
2357816821623982807,992496,1491043791
8406591400405106543,991879,1491043755
6973229651144014494,991879,1491043766
8705810745129511747,991879,1491043779
3481474052027320574,991879,1491043806
-7337896094931541418,991879,1491043775
-6702322241590830378,991879,1491043787
-3843652501891091078,991879,1491043777
-3711506327494492960,992363,1491043813
677716338282226614,992363,1491043778
-8022041795694715419,992363,1491043759
-6787758349254301382,992363,1491043760
717003959547925156,911440,1491043760
-8657346370966023642,992152,1491043803
-2727656379810208182,991426,1491043792
2035251145713427674,991426,1491043804
9017396694238563485,991343,1491043813
1458694314512340685,992448,1491043771
-1014052370987295677,992448,1491043773
-3146988833738524196,992448,1491043780
-6884636877606485117,992448,1491043809
-4290908144520710473,992448,1491043809
986890283597840679,992448,1491043785
-5945367824522572385,45527,1491043805
-1375489989303553848,345159,1491043794
2293941145962843430,992624,1491043761
5556967547320704405,992624,1491043802
8912610823803703985,992624,1491043767
-7762356541252279505,992624,1491043777
6992567379511497365,992624,1491043789
5112595715843531940,992624,1491043810
3863662377674762962,992624,1491043792
-4886551750325525410,992624,1491043769
-1365196858621518540,992624,1491043789
4808138153276761502,992624,1491043760
1095849462047382382,992624,1491043784
8509960089209728759,992624,1491043755
-2670194731023820817,992624,1491043773
5445230885900198101,992624,1491043774
2438469358632571638,992624,1491043786
-2096933601222354530,992624,1491043760
3246660059096180767,992624,1491043760
-4072140254971364926,992624,1491043786
4174209664194001400,992624,1491043796
-9081771648071447755,992624,1491043808
-3801172681209840617,992624,1491043802
-2130898031674484117,992624,1491043765
7616023666882554218,992624,1491043798
404735770051613530,992624,1491043800
-8076177142357459958,992624,1491043769
8831835453409816517,992624,1491043797
-5177378098709965331,992624,1491043810
-5172342528728762136,992624,1491043778
-5193072011674887690,992624,1491043790
-2490663780102253520,992624,1491043812
-9015216148396971572,992624,1491043766
-1042556726891353115,992624,1491043804
-8422737845636419534,992624,1491043809
6877705180214064321,992624,1491043795
732789987657826631,992624,1491043798
1860305596296304725,992624,1491043803
-9013395333560774491,992624,1491043796
6344765478615741907,992624,1491043798
2371896472800293546,992624,1491043788
2857228670985765197,992624,1491043762
2000829928593115958,992624,1491043797
8960660521377027118,992624,1491043806
-7235014571889197442,992624,1491043784
4111564083888884998,992624,1491043804
-5578177435633161774,992624,1491043810
5022579297272428058,992624,1491043763
5275055208547354075,992624,1491043769
-5008866737801002857,992624,1491043802
-4851466060321473621,992624,1491043759
-5111402056609969683,992624,1491043801
-6378815111747162763,992624,1491043784
5592097016702608272,992624,1491043806
2539507916697114135,992624,1491043807
1828051300243102941,992624,1491043773
5187026068189984425,992624,1491043762
-1146615145245160967,992624,1491043768
-3014819567424986374,992624,1491043760
-731553702673317693,992624,1491043812
-911687578977609691,992624,1491043784
4551500547437373108,992624,1491043772
8233152761782868451,992624,1491043809
2873599836365174847,992624,1491043767
-2645964280915639586,992624,1491043792
1819473502924186321,992624,1491043794
580164794878355809,992624,1491043769
-526383986412190747,992624,1491043769
4740485701576642722,992624,1491043794
-1434472199194173203,992624,1491043796
7099352380274071513,992624,1491043800
442607125506909211,992624,1491043810
8004713236736241165,992624,1491043757
5953767152900309963,992624,1491043763
35661626680939668,992624,1491043764
-6555879483152431412,992624,1491043804
2203446954100705004,992624,1491043791
-9121454698074541783,992624,1491043792
-8400975812025077761,992624,1491043782
2103192856389403483,992624,1491043796
-5783859923271127333,992624,1491043779
-1622560994716425798,992624,1491043763
-4857940970291018231,992624,1491043769
2254217195541080058,992624,1491043793
918747962375057900,992624,1491043788
7398609844200949404,992624,1491043796
282300565661160113,992624,1491043767
-6649583077355826498,992624,1491043758
5096897718566618522,992624,1491043773
3318047794382398233,992624,1491043809
8905751580600594893,992624,1491043775
-2885055648150109539,992624,1491043765
1581453866010175287,992624,1491043788
-3792023023409242371,992624,1491043769
4152258080920606068,992624,1491043789
-2412593506141015426,992624,1491043767
4707313745844681047,992624,1491043772
-2446265415439361164,992624,1491043760
-3136213110344379100,992624,1491043797
-8605342320532739722,992624,1491043772
-8219077662887975062,992624,1491043796
3242981448340534736,992624,1491043773
7256310224799378667,992624,1491043763
-4454080942163709996,992624,1491043772
2196144147744748915,992624,1491043797
7556988571137004388,992624,1491043806
756171092409475712,992624,1491043793
6795230769616238698,992624,1491043776
99199610059427846,992624,1491043805
9042778965693926347,992624,1491043791
6484233026833051099,992624,1491043803
1520824377111459029,992624,1491043805
6069037961586771968,992624,1491043807
-1499640282131707771,992624,1491043773
-6579417369015539356,992624,1491043763
-5005669010798136339,992624,1491043767
5858296134356407389,992624,1491043804
-3218692577617024937,992624,1491043810
-1733434473754786730,992624,1491043800
2467088359661004590,992624,1491043806
7006145447336611771,992624,1491043778
8180473598736615973,992624,1491043796
-174470602084330804,992624,1491043774
533739786029624113,992624,1491043755
4987165786704577764,992201,1491043759
5262345895427409151,992201,1491043779
8915184231212215605,992353,1491043770
-6066841976351535242,992353,1491043763
717003959547925156,990407,1491043807
4013373641038324211,986053,1491043806
-4989504068814178516,992603,1491043772
1887803988868948965,992603,1491043777
4018879656651420430,992603,1491043765
-8853457918247514431,992603,1491043804
-4962812087066844398,992603,1491043795
4893973015741525013,992603,1491043783
-3085913796444937699,992603,1491043805
-7083050215995094416,992603,1491043770
-4656333534532465152,992603,1491043800
-4750042392898637143,915559,1491043782
8705810745129511747,991727,1491043809
3688714606061704084,184649,1491043800
9053796728219657805,992647,1491043792
-939849173686896694,992647,1491043765
-3796192908066963101,992647,1491043774
-2007476800652291053,992647,1491043756
1957300428796961383,992647,1491043794
-2557225886863587724,992647,1491043769
-1484119242124722985,992647,1491043785
-5750808077853488512,992647,1491043807
-1479617381572363051,992647,1491043792
5732986908808324765,992305,1491043773
5503033734461142469,931058,1491043758
-3014351636864026322,938552,1491043756
-2050736263036359240,991933,1491043809
-8835426962482087728,992072,1491043793
1643100681263795583,992642,1491043774
-7623481225161734587,992642,1491043809
2772437274424704626,992642,1491043764
-8190894631341386666,992642,1491043757
-1598533620779559751,892254,1491043795
-4036198280310473098,992092,1491043765
-3752035424198231063,992183,1491043813
5200664880048096893,341134,1491043810
-1741548400044794912,946477,1491043803
-4648646163238843751,946477,1491043811
-2549718462614498004,992594,1491043784
-6429720548010996720,992594,1491043793
-8957666311216231227,992594,1491043777
7681039463601618400,992594,1491043774
-8266706689556208912,992484,1491043792
6985428020278050951,992484,1491043769
-76194358689733929,992221,1491043768
1095156024347446285,992221,1491043778
-2830375961810526334,992221,1491043781
-5885826986562568149,992457,1491043762
2862111133590199978,992457,1491043812
986890283597840679,992457,1491043766
-8850001460767609480,992618,1491043800
-2743822374670029473,992618,1491043770
5655574372558480391,992618,1491043780
-1689003444759317166,992618,1491043774
4174209664194001400,992618,1491043813
8509960089209728759,992618,1491043772
-2670194731023820817,992618,1491043788
2438469358632571638,992618,1491043798
1804427738444938653,992618,1491043766
3863662377674762962,992618,1491043802
1350131637952072730,992618,1491043757
8831835453409816517,992618,1491043803
5022579297272428058,992618,1491043766
-2490663780102253520,992618,1491043812
-9081771648071447755,992618,1491043808
1095849462047382382,992618,1491043784
-5177378098709965331,992618,1491043810
2293941145962843430,992618,1491043763
-8422737845636419534,992618,1491043809
-5193072011674887690,992618,1491043790
7616023666882554218,992618,1491043798
4808138153276761502,992618,1491043761
-6551628595826303259,193660,1491043785
-3805786343486489401,986789,1491043774
3132882045027733091,986789,1491043797
132161877275372497,986789,1491043767
1567952349423824001,992633,1491043804
7819751911542264920,992633,1491043759
-2991091056212024438,992633,1491043804
7068496936498392016,992143,1491043770
-1810321858636397868,992143,1491043787
-927068819800936287,992143,1491043755
5599776563228624448,992435,1491043755
5899354291121170746,991545,1491043782
5027550792910094306,991545,1491043789
-612795997016736324,992405,1491043799
-2501694946691762846,992405,1491043809
3141613362703742023,992160,1491043798
-1276663669268714835,992160,1491043759
-8195736012560553776,992160,1491043792
-167632791785634661,992160,1491043802
-5947450634351824972,992160,1491043789
8327904250662768329,992160,1491043771
6972682217055552746,992160,1491043778
8836822521387787843,992520,1491043807
5995077580244687508,992520,1491043756
-1765636531251418615,992520,1491043792
5461788382081004127,992520,1491043763
-8787709184132879697,992520,1491043807
-4069737522170857382,992520,1491043785
4445206572362705682,992520,1491043795
-2501694946691762846,992410,1491043809
5781567568027924930,992596,1491043758
-6429720548010996720,992596,1491043804
-2549718462614498004,992596,1491043795
-5412421874570786191,917979,1491043761
-6304538397038318069,991955,1491043767
-2445759697939503782,991955,1491043807
-4379770451821967436,990685,1491043769
-2330536107675356323,992345,1491043807
8406591400405106543,986921,1491043803
-8890487478267195412,992301,1491043790
-7120588278219447504,992301,1491043813
7361583936679325331,990427,1491043795
-2718981889282257354,884292,1491043761
6921305056772277009,947922,1491043788
8493958069821159472,991391,1491043770
1800503266809129956,992370,1491043787
8492858463793275546,992491,1491043791
-8464567512764669306,992461,1491043799
-4036198280310473098,992089,1491043779
-4922772724075971739,992271,1491043755
-1537237663059278325,992271,1491043756
3201791626162360107,992271,1491043788
-6946200756726822682,992575,1491043766
4275794017096510439,992575,1491043772
-1463223837208226055,992575,1491043769
611497941440060039,992575,1491043810
-142555023220843205,992575,1491043804
-4250527085974105750,992575,1491043793
-5488313346817158982,992575,1491043767
5322240755097315911,992575,1491043790
3380094589613751580,992575,1491043773
7775888038107838844,992575,1491043810
-6566253884889145696,992575,1491043786
4552056202195222097,992575,1491043796
-3376921489776139956,992575,1491043771
-5078959778776993533,992575,1491043776
7310961493374913735,992575,1491043805
-4490939343206980437,992575,1491043793
5547748167184783488,992575,1491043772
7012463377381557345,992575,1491043764
-8010757194160443824,992575,1491043770
-6047562382455416648,992575,1491043764
-8414412037315666460,992575,1491043788
4955618421283893598,992575,1491043785
2183497578268780175,992575,1491043760
69784514607309465,992575,1491043809
8283952834090988724,992575,1491043777
-7851948044703237798,992575,1491043786
4067207945933899732,992575,1491043779
-671134019207372095,992575,1491043768
-594424102873967054,992575,1491043797
6848920580029688084,992575,1491043785
7238267446279613510,992575,1491043785
3904259198643686726,992575,1491043781
7042537026650592220,992575,1491043800
3300437970640328418,992575,1491043774
-8774096711508149766,992575,1491043791
-6663387859392356737,992575,1491043778
6104650879715808837,992575,1491043787
6639731531299560266,992575,1491043807
6269565054214498115,992575,1491043779
5681307974670201506,992575,1491043797
3080592025770778191,992575,1491043755
7648136098045391995,988353,1491043758
6531811729967419380,992581,1491043811
-8791986140769390590,992581,1491043800
-5408989752029262920,992581,1491043792
3330534096081305916,992581,1491043777
-3494495464216959189,992601,1491043755
98147355447922968,992601,1491043796
1887803988868948965,992601,1491043803
1358878567858498001,992601,1491043808
-5158168762882641838,992601,1491043801
-3464427468111731229,992601,1491043782
3260466297792169350,992615,1491043802
1641052866042238064,992615,1491043756
-7563602388914167580,992615,1491043759
-8976041208396261183,992615,1491043806
-8853457918247514431,992615,1491043764
8519797525860744294,992615,1491043802
-1373065585887781493,992615,1491043788
8993913682312727392,992615,1491043778
-9054148503936412964,992615,1491043792
6945202792034780684,992615,1491043779
-4651105526873834614,992615,1491043791
-7189947426824516835,992615,1491043778
8509960089209728759,992615,1491043754
-8413840372848183869,992615,1491043782
2349009838699413336,992615,1491043796
3975190003726913156,989166,1491043773
-5256711827373827088,991683,1491043790
-6786340496699216143,991683,1491043768
314847999466366449,991683,1491043812
2641961859627396449,991683,1491043791
-3511434690592132595,991683,1491043813
-8808504751686231607,991683,1491043773
7180055877830039351,991683,1491043767
8961090954991739428,991683,1491043799
-6484880060790423784,992577,1491043788
-8138077798213790282,992577,1491043784
-6114199883222983429,992577,1491043769
-5498409232097105233,992577,1491043781
-1376075381674275902,992577,1491043796
6275291830934328930,992577,1491043795
-7950447369886777478,991835,1491043805
5181025253738667149,992188,1491043810
8955907773123295686,992188,1491043792
5108917963613853268,991247,1491043784
198445373223454708,989067,1491043812
4320477298086289573,992462,1491043801
8107120768226905722,992462,1491043759
5601737666622999601,990691,1491043794
-2528508901215072883,990691,1491043787
4611295889485588859,990691,1491043796
5490892547409249595,990691,1491043801
6027148950414869091,990691,1491043809
-5890870166107268703,990691,1491043798
-7567236452596427375,990691,1491043782
-2951230598295743800,990691,1491043808
-8384647840146059322,990691,1491043785
-4092936179234580117,990691,1491043806
7865124001933386474,990691,1491043779
-1987238512595021836,990691,1491043782
3014380052937670545,990691,1491043756
4649088151084903691,990691,1491043767
-741674815871987598,990691,1491043763
1362236599592373914,990691,1491043766
3798761051872671969,990691,1491043795
-8926666677049901541,990691,1491043776
-4902393349379202750,990691,1491043766
3042237038028270979,992270,1491043806
1484739586799016970,891648,1491043760
-2050736263036359240,991941,1491043809
-6017181878992959268,403161,1491043802
-1631556573864379509,992600,1491043782
5580260209164496909,992600,1491043798
7252017334535285143,992600,1491043783
2066443891271751018,992600,1491043756
-3666563438357136902,992600,1491043777
-5272687355388836279,992600,1491043794
569220578657303346,992607,1491043780
-5570297007827982976,900487,1491043807
-8110871081379889028,992576,1491043807
5484076257451248945,992576,1491043788
7310961493374913735,992576,1491043756
-4036198280310473098,992083,1491043797
3331014871025751303,992648,1491043757
-6489173488731615627,992648,1491043784
-120949953458243470,992648,1491043775
-2633821251862641688,990326,1491043758
-6339370797616386305,992266,1491043767
4612293767768527352,421224,1491043797
5068665885078384916,989183,1491043784
-7934299043892833909,990693,1491043764
6531811729967419380,992582,1491043777
-8791986140769390590,992582,1491043771
-4729526672006202211,992582,1491043780
-1138912577734915745,992556,1491043772
7341132686507889380,992556,1491043794
8456625865610702522,992556,1491043802
4091051143959638773,992486,1491043788
-935201837103570428,970093,1491043797
-5283707947323927435,992036,1491043794
-5531082517464592707,970132,1491043795
4081865193435651793,992585,1491043796
1648180216621190200,992585,1491043808
1481332723674610737,992585,1491043779
2684664308839129999,912289,1491043756
-6875866575319402728,992643,1491043776
-2616537817663509760,991612,1491043798
-949401754933824410,991612,1491043772
3121719525253146872,991612,1491043810
-1850379687785327763,992403,1491043800
-581864013946307996,415001,1491043810
1963565564834426506,884358,1491043776
-2369366256807690756,992232,1491043771
1814077774041280597,992324,1491043811
610369005998966663,988107,1491043800
5200664880048096893,341137,1491043810
-3619209071017621692,992655,1491043790
1465751086279197868,992655,1491043769
-383303335273739233,992655,1491043759
-173847375228155073,992655,1491043793
2563525273446324707,992655,1491043771
365860315259907403,992655,1491043796
-422372317110587254,992655,1491043802
4309260869822365921,992655,1491043794
-2937085526335390961,992655,1491043789
-220462852496601213,992655,1491043793
466131550908402498,991659,1491043782
5498706785296545834,991659,1491043794
8336387285954572744,991659,1491043755
-6432009669725256392,992313,1491043807
3497726196456136527,991942,1491043766
-6017181878992959268,402818,1491043802
-6017181878992959268,404415,1491043782
6209560440718959823,978467,1491043782
1490361152917494043,992610,1491043783
-8853457918247514431,992610,1491043787
-1373065585887781493,992610,1491043812
-5821321175553278280,992610,1491043783
-1480193569899791059,992610,1491043804
-3752035424198231063,992195,1491043801
-4816659331011487474,991153,1491043772
4647830244772841688,991153,1491043789
-8752009292850319866,908727,1491043769
5630026428158102360,992223,1491043761
-6339370797616386305,992223,1491043765
2655676920949904067,992223,1491043784
7270397540085185472,992223,1491043757
-4729940967758849153,992223,1491043803
-7950447369886777478,976415,1491043804
7238133795906734590,992514,1491043783
1801882922600312630,992514,1491043756
5857784792726824776,992514,1491043814
-5887143486630165965,992514,1491043758
8620365988939240415,992514,1491043772
2357816821623982807,992514,1491043794
6265999093987914143,992514,1491043799
-1669239623239350342,992514,1491043810
4974307720097220426,992514,1491043782
-3651353063092594418,964515,1491043801
-7733024316985000789,992504,1491043812
-5177781367765747623,992504,1491043762
7238267446279613510,992504,1491043775
7238133795906734590,992504,1491043806
-5887143486630165965,992504,1491043767
2357816821623982807,992504,1491043804
8620365988939240415,992504,1491043791
-5037483885729478518,992504,1491043806
-5663168740893517279,992504,1491043769
-969444721705255419,992504,1491043786
-8301407763155677888,992504,1491043767
-8105797629809099807,992555,1491043809
3047501156808436720,992555,1491043813
6559903287107420894,992623,1491043796
8275843122994591167,992623,1491043793
-8156906391257416498,992623,1491043789
-6029984211702484236,992623,1491043793
6517215065104212635,992623,1491043774
-910729089383792129,992623,1491043789
6308576737545396389,992623,1491043757
-6414456121345291396,992623,1491043757
-1370809672010406998,992623,1491043784
-7333145159058727615,992349,1491043767
3749476003106797095,992349,1491043775
-2330536107675356323,992349,1491043787
-5719140772331119663,992058,1491043759
-5247485550679565272,939908,1491043786
-707429970794147242,992295,1491043773
-7468813109356577461,992295,1491043811
6208847365460487861,992295,1491043806
5691911599831549129,992295,1491043781
-7529192786704532067,992295,1491043756
758857845765515464,992295,1491043784
-7474832720680179023,992295,1491043808
-5080780134861119857,992295,1491043786
-2568285041573357537,935757,1491043780
2357816821623982807,992441,1491043786
-2974056511305238312,992611,1491043786
-8156906391257416498,992611,1491043790
6559903287107420894,992611,1491043796
8705810745129511747,991732,1491043785
1755510549952682415,341508,1491043761
-2616537817663509760,991618,1491043782
7014490112359451328,417178,1491043805
-6432009669725256392,992347,1491043807
3814938164699147807,938638,1491043808
778022328524076304,992588,1491043802
-106571957123823604,992588,1491043781
-5531646335607802484,992588,1491043801
-2444664410303495590,992588,1491043787
1481332723674610737,992588,1491043768
5278823858794976597,939801,1491043757
-5335795558635498602,992238,1491043756
-7381385892336042289,992264,1491043771
4454711321802227910,992264,1491043810
574056217775027043,992264,1491043771
-5670204744857767232,992093,1491043771
-8195736012560553776,992613,1491043780
976163720961211250,992613,1491043796
-4050368804688109693,992613,1491043758
7496258069723606568,992613,1491043810
-1276663669268714835,992613,1491043766
-8890487478267195412,992293,1491043802
-1041875003661198150,992293,1491043754
6478098459573716490,972031,1491043775
-6253957339849757112,992531,1491043803
-1837239019163230587,992531,1491043781
-9094506821560932727,992531,1491043814
-4439809142553889147,992531,1491043803
-2793477973809875895,992531,1491043761
-4697653749017307067,992531,1491043781
9205577870961866707,992531,1491043798
-1367508273089813309,992531,1491043770
906394949916632719,992531,1491043790
3759891693784663209,992531,1491043762
2067386229495496264,992531,1491043811
3599697208718057793,992531,1491043769
4355606804818259674,992531,1491043754
-3980516265673503166,992531,1491043755
8250119442904580109,992531,1491043781
-1528360770589847939,992531,1491043782
8782684762969933946,992531,1491043809
-5677145755230410211,991351,1491043791
-4916107308371107407,992492,1491043794
-4200631805845451943,992492,1491043812
1492003344093488652,992492,1491043790
-6622365040402778687,992492,1491043762
-5177781367765747623,992492,1491043781
-5887143486630165965,992492,1491043780
7238267446279613510,992492,1491043777
3255048683982094985,992492,1491043814
-7265549068579494301,992492,1491043762
-5693292874802537894,992492,1491043771
-3146988833738524196,992433,1491043809
-6218264909076571057,992142,1491043778
3391954194257473980,981016,1491043790
1458182954091046165,992110,1491043804
-2873839946901204450,992299,1491043810
-7381385892336042289,992299,1491043771
-532270914110351751,992662,1491043774
-3962247848583952719,992662,1491043812
8417290552033041802,992662,1491043788
-1822913640236198912,992662,1491043783
-4100419985715870837,992662,1491043762
-1482595703879172308,992662,1491043784
-6949023678726491792,992662,1491043788
-1082698185351851548,992662,1491043787
6754983818349622328,992662,1491043804
-6234900049044424141,992662,1491043773
5879274421531948475,992662,1491043808
-6519580220262532542,992662,1491043772
-4744985454373886073,992662,1491043773
3426481513765728979,992662,1491043775
-8439886847217914537,992662,1491043788
1569275762813029369,992662,1491043762
8224692962654468385,992662,1491043770
-1479617381572363051,992662,1491043771
-6558185317266894255,992662,1491043756
5883243342346453440,992662,1491043809
2840374007949682425,992662,1491043786
222762329166472520,992662,1491043794
-1025407462397876463,992376,1491043806
-673174941393081024,974441,1491043805
8950426267701886922,974441,1491043763
-5253299562959751630,992049,1491043768
6418685551294194493,988549,1491043805
3736372019425627625,992476,1491043797
1176825764687917892,992476,1491043767
-6538480842628852907,992476,1491043781
1045059749454862870,992476,1491043792
-6259220578985964309,992476,1491043811
-4797116513777156433,992476,1491043762
356463821177884084,992476,1491043779
-2447502212297381318,992476,1491043795
-2769823030096180754,992476,1491043769
-7333145159058727615,992329,1491043757
-2330536107675356323,992329,1491043783
3749476003106797095,992329,1491043769
-7920797643475632926,992329,1491043772
8910688587088806175,992071,1491043804
5262345895427409151,992216,1491043757
-206832935676604766,992216,1491043811
-3129745767150205365,992547,1491043788
6645146314721932404,992185,1491043814
-2368269780234819707,992185,1491043772
7578050634607499431,969778,1491043806
491376298272712272,992553,1491043779
-1494423984446075112,992631,1491043772
5314997456227490912,992631,1491043799
-8195881508352878487,992631,1491043792
-8808504751686231607,992631,1491043773
8107120768226905722,992631,1491043759
-8663534486510276694,992631,1491043778
154322246450327096,992631,1491043787
6478913841470318590,992631,1491043771
2771602655178437585,992631,1491043801
2375608809205384398,988528,1491043760
-291876464385948986,920797,1491043810
-1041875003661198150,992257,1491043810
-2445759697939503782,991500,1491043762
658988557329906501,991500,1491043794
7992347710033550526,991500,1491043757
7482481624253146575,991500,1491043800
-7333145159058727615,992348,1491043796
-2330536107675356323,992348,1491043805
-134860419980202337,343059,1491043779
-1765636531251418615,992430,1491043768
-1850379687785327763,992430,1491043763
-5460531355957680004,972937,1491043797
-6223562256163044560,972937,1491043757
-4574265260967308073,992149,1491043771
-6272865496203222481,414285,1491043793
-8195881508352878487,992395,1491043758
1465751086279197868,992395,1491043809
-7632071551548277244,992395,1491043768
-4025035150695656112,992060,1491043791
-2616537817663509760,991614,1491043786
1492003344093488652,992500,1491043755
-5887143486630165965,992500,1491043778
5017615702681370371,992500,1491043809
-6218264909076571057,992151,1491043778
4466643892812991531,991209,1491043793
-1376075381674275902,992580,1491043766
6531811729967419380,992580,1491043811
-5253299562959751630,992047,1491043768
8945240728650659178,992538,1491043790
5077726569332146550,992538,1491043760
-2069276667120026215,992538,1491043811
-3129745767150205365,992538,1491043795
1488631477407458602,991651,1491043789
-4290908144520710473,992468,1491043771
1800503266809129956,992468,1491043787
681719675705934952,938550,1491043785
-5887143486630165965,992490,1491043811
-29990635051362854,992490,1491043772
8492858463793275546,992490,1491043791
3021798602144289703,992197,1491043805
-4992257980025501329,992197,1491043781
7752498231758584903,992197,1491043762
-2659550328990922390,992197,1491043756
2252878237491577852,992197,1491043799
2509179013898396833,992197,1491043766
-1454103059493211972,992362,1491043809
-2685436551106226324,992362,1491043785
-2053042103281936664,992362,1491043761
3103016570828553370,992362,1491043802
-4822605975405982522,992362,1491043788
7241929781620938272,992362,1491043769
-6566253884889145696,992362,1491043789
5060865086248558378,992362,1491043796
3225908880027166818,992362,1491043797
-5773235588998987668,992362,1491043797
-4629685133001232903,992362,1491043780
-3082558444146100774,992362,1491043790
-4667140668575956745,991649,1491043803
-8724135101670828203,992523,1491043777
-2297770777486140532,992523,1491043783
-392821789865860675,992523,1491043775
-1837239019163230587,992523,1491043803
-5887143486630165965,992499,1491043809
1492003344093488652,992499,1491043796
2923116797999453073,992165,1491043760
8625240791744124679,992165,1491043784
-4891415978398582107,992165,1491043800
2056943286557414438,992165,1491043793
-2445759697939503782,992165,1491043807
-3021417441624263645,992165,1491043788
658988557329906501,992165,1491043795
7992347710033550526,992165,1491043757
-6243669223014832546,992165,1491043811
636910450797013134,992165,1491043757
-98256263469743763,992165,1491043804
-7472600281541683304,992165,1491043763
-1447095491463671771,992165,1491043766
-1631556573864379509,992562,1491043813
4873179195996534256,992562,1491043779
-9071102021345416456,992562,1491043765
-8045098556289144352,902629,1491043792
-4085417279423668729,990882,1491043780
-1496718990018733910,982568,1491043771
-3146988833738524196,992434,1491043802
-1014052370987295677,992434,1491043795
-2050736263036359240,990246,1491043790
2009701132003856717,990246,1491043793
-5408989752029262920,992584,1491043792
6531811729967419380,992584,1491043802
-8791986140769390590,992584,1491043800
6558934563998189259,990474,1491043755
-8876981524353746237,990474,1491043764
6745628687792177880,990474,1491043808
-4878628907527730981,990474,1491043790
4438841470301251647,990474,1491043801
-8733499727932670710,990474,1491043798
6267896536818076108,990474,1491043807
-8274893438650735825,990474,1491043806
-6032913246943132522,990474,1491043804
3332708477809634126,345302,1491043812
-9021472840175698398,990840,1491043786
-1375489989303553848,345163,1491043793
8554773449967131676,345163,1491043761
-6923609088041493001,991812,1491043790
3933071839554035058,992014,1491043808
-4822605975405982522,992526,1491043787
-1837239019163230587,992526,1491043803
-3662045140535868742,992526,1491043807
-880812060700939220,992526,1491043754
-4629685133001232903,991566,1491043777
760579320821245681,991566,1491043813
7567671778015789982,991566,1491043812
-4507480842517605742,991566,1491043798
-170767142094387726,991566,1491043797
3358522065904182968,991566,1491043760
5254448603849932997,991566,1491043811
8506237763895548126,991566,1491043789
3021798602144289703,991566,1491043774
-7623481225161734587,991566,1491043781
8871307232408281392,991566,1491043813
-4446504116858815803,991566,1491043766
8233611187005853836,991566,1491043813
2252878237491577852,991566,1491043788
1942862735251655718,991566,1491043800
2509179013898396833,991566,1491043754
4976350713280878562,991566,1491043767
-2007476800652291053,991566,1491043811
-2054203984077345186,991566,1491043795
-4797116513777156433,991566,1491043756
-4708365276448695379,991566,1491043760
8242849185373550154,991566,1491043783
-5258096027843038398,991566,1491043782
6343059291059696742,991566,1491043767
1176825764687917892,991566,1491043754
-2159364885911638537,991566,1491043807
-939849173686896694,991566,1491043805
-2576897510509647922,991566,1491043763
2738125852167279150,991566,1491043779
-8090870886296293825,991566,1491043790
1449134324813551245,991566,1491043769
784210168325236084,991566,1491043802
-1484119242124722985,991566,1491043804
-521623706027944424,991566,1491043799
-6053488401062199254,991566,1491043772
3910434222869835415,991566,1491043761
-3846301527659063533,991566,1491043786
-9156090274976283910,991566,1491043773
-3325482647381117421,991566,1491043784
48926991380750678,991566,1491043810
-5225429063379804101,991566,1491043757
-5822232331921156566,991566,1491043798
-5936012291190285608,991566,1491043807
-3796192908066963101,991566,1491043809
7421275922244077694,991566,1491043814
6799281268001322089,991566,1491043756
-5684390569042621754,991566,1491043773
-1028179460650289352,991566,1491043804
-8926666677049901541,991566,1491043790
-7992151267662414399,991566,1491043801
8081751184577825656,991566,1491043807
-2769823030096180754,991566,1491043771
-1290064328044864454,991566,1491043762
7589544640560164146,338820,1491043776
-3451795706087636462,992561,1491043800
-5791410844352062742,992561,1491043811
906394949916632719,992561,1491043788
-3189538247831274113,992561,1491043768
-3693526825519561616,992561,1491043792
1481332723674610737,992561,1491043804
1231800514232824511,992122,1491043803
-8751879237813278526,979584,1491043785
-99873824731422628,991739,1491043812
-8129188055976862967,991466,1491043796
-6401075140142923313,992168,1491043799
794425177290731743,414241,1491043791
3572059807554491769,992650,1491043802
-116815936881236149,992650,1491043754
-4805445263712482,992650,1491043778
4730705623870908815,992650,1491043785
1489508121184100840,992650,1491043764
6177412226396728440,992398,1491043780
-4290908144520710473,992398,1491043762
-3611519854267780985,992398,1491043812
-4168754418129051048,992398,1491043762
-5486574227306597014,991992,1491043791
-1126775439800598396,991992,1491043807
5226484803411276697,991662,1491043756
-2168818461219171508,991662,1491043798
-7105707040807629755,991662,1491043789
-8390271361918060019,991662,1491043759
-6749522041119116752,992387,1491043770
-1007845207533092448,991844,1491043803
1936529975423840948,991844,1491043761
1320754932744392843,991844,1491043786
3557493280095340793,971111,1491043801
4390706881236071797,989057,1491043768
8836822521387787843,992487,1491043807
-4860152894698072176,992144,1491043772
-7414889034777061893,912614,1491043767
-26103233911495568,992475,1491043776
-1513241190168803858,992586,1491043777
1648180216621190200,992586,1491043785
-6911583709579298623,992586,1491043787
778022328524076304,992586,1491043802
5629183994415928045,991834,1491043770
5629524344348027680,984428,1491043772
9158263055769981938,987798,1491043772
-6339370797616386305,992276,1491043767
-3801172681209840617,992656,1491043804
-1626254830271615201,992656,1491043814
-8855302373037357701,992656,1491043803
2887103137650547274,992656,1491043778
-5297419658522399303,992656,1491043812
-6555879483152431412,992656,1491043806
-1655887920135118092,992656,1491043767
3797147030451648814,992656,1491043755
-6173065474910891024,992656,1491043796
-6940046799531249139,992656,1491043795
-935309279454521416,992656,1491043801
8705810745129511747,991697,1491043801
-5670204744857767232,991875,1491043797
6913865048707891522,979040,1491043793
-2998376085460296121,991264,1491043755
-9122944351042623495,991264,1491043806
-4290908144520710473,992466,1491043792
-1356077153430413807,992466,1491043778
-2330536107675356323,992323,1491043807
8705810745129511747,991931,1491043764
-4925850041562157221,988179,1491043772
-1105315133705676383,988179,1491043793
610369005998966663,988179,1491043778
391996341385962590,934107,1491043762
-4439809142553889147,992534,1491043770
4028221351857586103,992534,1491043790
-1644004935339106342,992534,1491043800
-5947450634351824972,992534,1491043805
-2069276667120026215,992534,1491043811
8945240728650659178,992534,1491043790
-6672378872384324563,992534,1491043763
5077726569332146550,992534,1491043760
-1136668770714085654,991778,1491043808
2252878237491577852,991778,1491043812
5068665885078384916,989370,1491043776
9051652382769268570,989370,1491043783
1963565564834426506,884371,1491043759
1676948752379432178,955868,1491043806
986890283597840679,992449,1491043785
-3146988833738524196,992449,1491043767
-4038422659876900714,992449,1491043786
6526986411315403819,991988,1491043787
3566456753509971611,991988,1491043780
15050207073779510,991988,1491043807
5732986908808324765,992318,1491043773
-7531570561828508656,992318,1491043755
-1480193569899791059,992612,1491043804
-5821321175553278280,992612,1491043783
8993913682312727392,992612,1491043799
-1373065585887781493,992612,1491043798
1490361152917494043,992612,1491043760
-8853457918247514431,992612,1491043769
-7563602388914167580,992612,1491043759
-8976041208396261183,992612,1491043806
-4651105526873834614,992612,1491043791
-1191734385902389367,988454,1491043780
3818418153992411104,988454,1491043758
5581675472562772130,988454,1491043776
7188844644890005092,988454,1491043761
-6559958428681063759,988454,1491043762
3236176108373474036,988454,1491043765
-8641841631750977203,988454,1491043757
-1752470432764334624,988454,1491043808
4873256113444063558,988454,1491043766
1129892920606788906,988454,1491043778
-2489558362261098944,988454,1491043805
8771213338814154926,988454,1491043810
4838974337995777907,988454,1491043768
344189971467483255,988454,1491043811
-225103479437319578,988454,1491043771
7974482885635213442,988454,1491043799
1845576812328637658,988454,1491043780
4166831422762061136,988454,1491043803
4190874138113737906,988454,1491043805
1827634669647702139,988454,1491043792
4271273969569353211,991180,1491043763
8705810745129511747,991724,1491043791
-7042226431119493629,991724,1491043790
5484076257451248945,992578,1491043773
-8138077798213790282,992578,1491043784
9029646016186691718,901675,1491043761
-5828797741317037087,990374,1491043782
-6522003855682455329,992400,1491043780
1421618204605035200,864364,1491043809
-5820340434792394282,945334,1491043798
5554515355224269787,992359,1491043767
7746437146465681282,992359,1491043796
4010048023804575610,992359,1491043757
4489236957356135838,992359,1491043807
-8390271361918060019,992359,1491043755
-1486366103461887755,992359,1491043774
-5558129077480381023,992359,1491043808
6975022168472073155,992359,1491043759
-7481561101502797549,992359,1491043756
8126427503842468087,992359,1491043800
-3889117138107353905,992359,1491043790
-8645312332867566244,974252,1491043811
-3096802386912042561,992300,1491043801
-5283481822444850790,990070,1491043812
45443585752359236,990070,1491043785
2150757588001785047,990070,1491043794
5752373098462459145,990070,1491043806
8658267726743521658,990070,1491043787
-7398021586405321848,990070,1491043785
-2870295735208395654,990070,1491043773
3396382760347775979,990070,1491043756
-1802888575835138909,992551,1491043755
491376298272712272,992551,1491043779
2387618635854058351,992657,1491043763
1465751086279197868,992657,1491043783
-1479617381572363051,992657,1491043782
-3619209071017621692,992657,1491043791
5044358017674798252,992657,1491043801
-7684243801550131369,992570,1491043791
2694601083897952507,992570,1491043766
-1367540117975463927,992570,1491043776
744325482536984650,992570,1491043802
372442282770200070,992570,1491043798
1606448205834998671,992570,1491043772
-5158168762882641838,992605,1491043801
1887803988868948965,992605,1491043803
98147355447922968,992605,1491043757
-4989504068814178516,992605,1491043808
4018879656651420430,992605,1491043792
9159454153998469525,344959,1491043767
-2727656379810208182,991708,1491043788
-9067415860048059811,990105,1491043783
-7066746953209528115,984320,1491043766
-8729588745155970790,992661,1491043766
7384036697480172260,992661,1491043791
-1822913640236198912,992661,1491043811
-855246780204364597,992661,1491043812
-6467384084181240625,992661,1491043807
-206832935676604766,992227,1491043761
-612795997016736324,992380,1491043804
-5303785946768467689,992116,1491043780
5629183994415928045,991837,1491043761
3688714606061704084,214449,1491043800
862785219010266846,913189,1491043781
6055415433816938186,992374,1491043806
-7978735487040777428,992374,1491043784
-4085417279423668729,990715,1491043800
-939867078664681518,990555,1491043791
5200664880048096893,341125,1491043761
3933071839554035058,992173,1491043782
5262345895427409151,992173,1491043761
-6227411609741908375,992173,1491043790
-935201837103570428,970037,1491043806
-4373774952284082270,992467,1491043772
982273135717365298,992467,1491043766
4247912979334542352,992467,1491043802
-3096802386912042561,992228,1491043801
4938430838415131316,992228,1491043808
3144638447017184204,992228,1491043799
-2650848625296781369,992653,1491043781
-3468980682066948204,992653,1491043789
-8300044241852862739,992653,1491043790
-813786550787934015,992653,1491043773
-3395603135041952345,992653,1491043798
-7639751901605561656,992653,1491043794
-3779816644099798104,992653,1491043774
-9094888874638092228,992653,1491043795
-4407538681275860673,992653,1491043776
8419204673994500560,992653,1491043801
8384131261846546233,992653,1491043761
1465751086279197868,992653,1491043809
-3801166092244107902,992653,1491043784
-96460204536334447,992269,1491043799
2980795079685228929,991395,1491043760
-2878345560064358194,991395,1491043757
-5049418651773679380,991395,1491043780
5846676445458073769,991395,1491043794
-1147978820653972813,991395,1491043793
-4290908144520710473,992460,1491043809
-8464567512764669306,992460,1491043811
-5750675640836564283,987894,1491043811
-8725285469841503376,426929,1491043767
-7910311199828058345,992311,1491043799
4865254446901352291,992311,1491043788
8913648552229703306,991078,1491043806
-8213020538577496479,902632,1491043760
-677559415080480809,986304,1491043765
5691911599831549129,988926,1491043760
4623649398690344968,992602,1491043784
2222027168264623077,992602,1491043756
1643100681263795583,992602,1491043781
-1544085275199330335,992602,1491043796
569220578657303346,992602,1491043780
-8976239719107566145,992602,1491043781
-7495295553078021058,992602,1491043779
-79315118186340192,992602,1491043755
-8571265379803204058,992602,1491043792
1662556708247023841,992602,1491043811
589437187221430011,992602,1491043793
1814077774041280597,992346,1491043805
-206832935676604766,992220,1491043811
-1544901947154645026,992080,1491043759
947340018154059879,992080,1491043803
-98256263469743763,992080,1491043771
-4375987550577038271,992080,1491043770
-1041875003661198150,991989,1491043810
1488631477407458602,991667,1491043772
-8525681053554823079,929267,1491043769
-1385396894156139415,992261,1491043801
-2330536107675356323,992224,1491043777
-7920797643475632926,992224,1491043772
3749476003106797095,992224,1491043765
-2903395609585943896,992224,1491043799
3933071839554035058,990301,1491043808
-3084648082623421273,876869,1491043790
-4992257980025501329,992172,1491043789
-2659550328990922390,992172,1491043760
7752498231758584903,992172,1491043765
-8143531087682908735,992172,1491043756
2509179013898396833,992172,1491043768
2252878237491577852,992172,1491043800
3021798602144289703,992172,1491043805
-2616537817663509760,991619,1491043778
-6884636877606485117,992239,1491043782
7681039463601618400,992598,1491043774
-8957666311216231227,992598,1491043759
-8906861684821176406,992598,1491043798
98147355447922968,992598,1491043795
5950015307829949402,992506,1491043814
-7527794967348001849,992506,1491043771
4072153901936019237,992506,1491043783
-1375489989303553848,345157,1491043797
3177967637297230043,992469,1491043758
2173391369207819193,154196,1491043812
-2330536107675356323,992350,1491043801
3749476003106797095,992350,1491043785
-7333145159058727615,992350,1491043774
3849181649052466923,989385,1491043759
-1436448997723287372,989385,1491043755
8695625278822803667,989385,1491043760
4168489740741876919,989385,1491043791
-1623414995164021933,989385,1491043812
-7268613762883885054,989385,1491043788
5361289756794047826,989385,1491043779
6993977286113766645,989385,1491043765
-7179231711023894582,989385,1491043796
-699773784913812936,989385,1491043790
1045059749454862870,989385,1491043781
-6259220578985964309,989385,1491043814
6187771407807773192,989385,1491043792
1963565564834426506,884360,1491043776
-1138912577734915745,992557,1491043764
7341132686507889380,992557,1491043794
8456625865610702522,992557,1491043802
3508225348402034630,992557,1491043807
-5335795558635498602,992166,1491043756
-1850379687785327763,992415,1491043782
-1765636531251418615,992415,1491043790
5079843761349829730,992282,1491043814
8679560038952161364,992282,1491043794
-6660353337513870055,992282,1491043774
-4891415978398582107,986225,1491043800
2923116797999453073,986225,1491043760
8490094209951465261,975826,1491043758
8705810745129511747,991826,1491043775
5226484803411276697,982255,1491043769
8920984990525384347,343078,1491043796
-5564225249956860019,992407,1491043774
2587768682301694815,992407,1491043807
4081865193435651793,992587,1491043796
1403218164012018019,992587,1491043802
1648180216621190200,992587,1491043808
-3801977496036721726,992587,1491043792
2110580871935013550,992587,1491043766
-1513241190168803858,992587,1491043777
-8329370747845683539,989630,1491043792
-7066296616585505875,989630,1491043810
4320477298086289573,989630,1491043801
2578304576504483626,989630,1491043782
-5890322474755521732,989630,1491043801
2899780762814355055,989630,1491043813
-2278695717087803917,989630,1491043810
3668195429326102153,989630,1491043779
-6376277647272570563,989630,1491043766
-2182603585707034890,989630,1491043771
4329432610113973674,989630,1491043766
-3693526825519561616,992568,1491043765
-5791410844352062742,992568,1491043768
906394949916632719,992568,1491043773
5074388592511185442,992568,1491043790
6997088615610947958,992568,1491043796
3564241620612185744,992339,1491043813
-7920797643475632926,992339,1491043763
-2330536107675356323,992339,1491043758
3749476003106797095,992339,1491043761
-2903395609585943896,992339,1491043799
-3711506327494492960,992339,1491043813
3141613362703742023,992339,1491043799
416800766214287440,992339,1491043808
1251697988543758419,992339,1491043773
2470410770764956746,992455,1491043768
-4038422659876900714,992455,1491043785
986890283597840679,992455,1491043779
-3146988833738524196,992455,1491043763
2718069453509048655,992455,1491043812
-5885826986562568149,992455,1491043807
3497726196456136527,992053,1491043790
-7306060719228812679,992383,1491043793
5068665885078384916,989125,1491043794
-1765636531251418615,992428,1491043758
-3146988833738524196,992428,1491043814
-4574265260967308073,992310,1491043770
-6468842980773927382,992310,1491043812
-4916107308371107407,992310,1491043776
1676948752379432178,992310,1491043806
-7737970398836614687,992310,1491043778
-4439809142553889147,992310,1491043805
627649026637440332,992565,1491043787
-3693526825519561616,992565,1491043792
-3189538247831274113,992565,1491043768
-5791410844352062742,992565,1491043775
906394949916632719,992565,1491043778
1503732625410573692,992565,1491043786
-8791986140769390590,992583,1491043795
6531811729967419380,992583,1491043788
-6432009669725256392,992278,1491043775
-1850379687785327763,992278,1491043800
-7978735487040777428,992278,1491043784
1521151612630969124,991911,1491043761
1521151612630969124,991798,1491043767
5498706785296545834,959327,1491043799
-214396692003448436,992416,1491043768
-1850379687785327763,992416,1491043789
-5887143486630165965,992497,1491043775
8620365988939240415,992497,1491043795
4148406593875290865,992497,1491043765
-7278293056852221456,990336,1491043764
4390706881236071797,990336,1491043801
-8665050982064446980,992659,1491043789
5610650001763339542,992659,1491043805
-6875866575319402728,992659,1491043807
4822523598610946908,992659,1491043810
5502776901734510993,992659,1491043800
-4100419985715870837,992659,1491043767
-821538742715748983,992659,1491043768
5527801341851708517,992659,1491043786
7384036697480172260,992659,1491043791
-7785912085327849273,992566,1491043806
-9051814881616603068,992566,1491043759
5074388592511185442,992566,1491043786
6997088615610947958,992566,1491043796
-5791410844352062742,992566,1491043760
906394949916632719,992566,1491043768
2694601083897952507,992566,1491043766
-1367540117975463927,992566,1491043776
-5078959778776993533,992566,1491043778
8224889734723954647,992628,1491043756
681719675705934952,951001,1491043767
2357816821623982807,992519,1491043776
-392821789865860675,992519,1491043804
5238106266490540484,992519,1491043800
2408674811705072924,989184,1491043810
-2974056511305238312,992609,1491043796
2037807370126355241,992626,1491043767
5022579297272428058,992626,1491043758
7785387225193723280,992626,1491043797
-4837715627280372827,992626,1491043775
8754394781975741824,992626,1491043804
-9125968003518781604,992626,1491043775
8435282825295162285,992626,1491043811
5140078943482344014,992626,1491043797
99199610059427846,992626,1491043797
4590527681359795769,992626,1491043809
-3121963925480107720,992626,1491043773
-8976239719107566145,992626,1491043812
-8663534486510276694,992626,1491043759
-7116028535524037298,992626,1491043787
7312651247584994670,992626,1491043790
3153058814201448365,992626,1491043790
-3465690244286333142,992626,1491043796
8716905759133338741,992626,1491043799
3042237038028270979,992259,1491043806
5691911599831549129,989503,1491043760
8910688587088806175,992073,1491043800
2865706906247181142,992073,1491043773
154322246450327096,992630,1491043787
2222027168264623077,992630,1491043773
-1479617381572363051,992630,1491043813
-6770087842045802862,992630,1491043773
6985428020278050951,992630,1491043795
1229636319777899628,992025,1491043799
-5919878149130869424,992025,1491043785
-2616537817663509760,991613,1491043787
-6755977363950892578,983736,1491043763
8620365988939240415,992505,1491043787
7238133795906734590,992505,1491043790
2357816821623982807,992505,1491043799
-5887143486630165965,992505,1491043760
5857784792726824776,992505,1491043814
1801882922600312630,992505,1491043757
6265999093987914143,992505,1491043799
5554515355224269787,992425,1491043767
-8657346370966023642,992169,1491043785
8073917791478499324,150015,1491043813
3185561364406155567,116996,1491043812
-1176547686654372946,992559,1491043762
7540386882304420189,992559,1491043788
-1138912577734915745,992559,1491043772
-8915618542091305452,992559,1491043798
-2216325310035865807,992182,1491043794
6457291142774605198,992182,1491043800
-935201837103570428,970242,1491043771
1261392943690009250,992480,1491043756
-1367540117975463927,992571,1491043757
5004378595332950939,992571,1491043803
744325482536984650,992571,1491043802
1606448205834998671,992571,1491043772
372442282770200070,992571,1491043798
3380094589613751580,992571,1491043777
4552056202195222097,992571,1491043796
6571030462359547440,992571,1491043778
-3376921489776139956,992571,1491043772
-4250527085974105750,992571,1491043793
7012463377381557345,992571,1491043765
-142555023220843205,992571,1491043804
-606725778292341423,342826,1491043762
-7333145159058727615,991853,1491043800
-1731270781977812589,888462,1491043797
-1765636531251418615,992419,1491043777
-1850379687785327763,992419,1491043772
-61000933187797362,988927,1491043797
2008327386688098176,992595,1491043814
7157262834501048511,992595,1491043796
5781567568027924930,992595,1491043798
8310549223776639500,992595,1491043759
476071169006331782,992595,1491043796
-2549718462614498004,992595,1491043795
8396791224026875609,992595,1491043773
-6429720548010996720,992595,1491043804
7346123061963502341,992595,1491043800
-9022786958976911492,992595,1491043784
-1888784805424570085,992595,1491043778
4390706881236071797,991346,1491043801
2723059561484154865,992567,1491043770
1521151612630969124,991331,1491043786
-106063427889950144,992247,1491043775
9070734952990293606,992247,1491043755
4622055499966986317,992620,1491043774
1350131637952072730,992620,1491043804
-1602667619514105584,992620,1491043795
8509960089209728759,992620,1491043803
8519797525860744294,992620,1491043760
-8413840372848183869,992620,1491043759
5022579297272428058,992620,1491043782
-6041909426099300564,992620,1491043759
-1373065585887781493,992620,1491043772
-9054148503936412964,992620,1491043756
-1689003444759317166,992620,1491043810
5291827785346259379,992620,1491043755
3863662377674762962,992620,1491043814
-2743822374670029473,992620,1491043800
8705810745129511747,991670,1491043809
-3752035424198231063,992206,1491043813
-935201837103570428,970272,1491043777
1937980938718286014,972381,1491043805
7819751911542264920,992560,1491043808
-1631556573864379509,992560,1491043813
3144638447017184204,992315,1491043799
8945240728650659178,992544,1491043766
-3129745767150205365,992544,1491043795
3332708477809634126,345304,1491043812
-8657346370966023642,992171,1491043762
5198466189191262534,992171,1491043789
2056943286557414438,988817,1491043806
-5971189134343892440,988817,1491043769
-4085417279423668729,990822,1491043800
-99873824731422628,991860,1491043774
5262345895427409151,992215,1491043771
-3887985213617849800,988484,1491043756
-4492760041869055384,990496,1491043805
-8574747714245989046,992394,1491043803
9152878224764243505,992394,1491043809
-3753895498866805007,992394,1491043764
2420696618511421084,992394,1491043782
5262345895427409151,992208,1491043779
3689821305578894117,948391,1491043782
-8657346370966023642,992167,1491043765
-6239698469478182548,426994,1491043759
-1025407462397876463,992379,1491043806
-610107951913155871,992303,1491043812
-4797606985795359277,992303,1491043784
4714866652573947649,992303,1491043780
-4816659331011487474,990962,1491043778
154322246450327096,992635,1491043758
2222027168264623077,992635,1491043773
1643100681263795583,992635,1491043785
4929909978316751446,992364,1491043812
717033895719242127,992364,1491043755
-2650534669040269636,992283,1491043774
1195278826048019375,992283,1491043803
-1385396894156139415,992255,1491043801
-7239714942128663395,982752,1491043801
-2659550328990922390,991825,1491043800
2252878237491577852,991825,1491043809
-8143531087682908735,991825,1491043781
7752498231758584903,991825,1491043769
5181124267436271333,991825,1491043794
-939849173686896694,992641,1491043805
-2007476800652291053,992641,1491043797
-3796192908066963101,992641,1491043809
-1484119242124722985,992641,1491043804
-2557225886863587724,992641,1491043769
-5750808077853488512,992641,1491043815
-1479617381572363051,992641,1491043801
-6489173488731615627,992641,1491043785
5942721958163827661,992391,1491043800
6668031206771418314,992391,1491043801
4148406593875290865,992391,1491043765
2357816821623982807,992391,1491043812
8620365988939240415,992391,1491043795
-84938237818510772,992391,1491043769
-5887143486630165965,992391,1491043769
-1998395584568198545,992391,1491043805
7252017334535285143,992510,1491043805
-3927995713581690208,992510,1491043794
-5272687355388836279,992510,1491043758
620444450384319212,992510,1491043773
7846544027622965382,992163,1491043778
7927087254389014279,992163,1491043804
3096324697271679346,992163,1491043788
1753851481846798190,991626,1491043754
3096324697271679346,990915,1491043787
-4678765450714856961,988120,1491043813
-2852386832094116529,992614,1491043767
-8976041208396261183,992614,1491043797
8993913682312727392,992614,1491043773
-7189947426824516835,992614,1491043778
-8853457918247514431,992614,1491043757
-4651105526873834614,992614,1491043789
8519797525860744294,992614,1491043796
-9054148503936412964,992614,1491043788
-8413840372848183869,992614,1491043782
8509960089209728759,992614,1491043814
-1373065585887781493,992614,1491043782
7999114927775364122,992614,1491043758
2010402400757215892,992614,1491043815
3890420943087364104,992614,1491043803
-1602667619514105584,992614,1491043797
-4996434542350023680,992614,1491043786
2663156995454441835,992614,1491043789
-6331727554615561851,992614,1491043788
5022579297272428058,992614,1491043782
1350131637952072730,992614,1491043804
4622055499966986317,992614,1491043774
-6939649178133502281,992614,1491043814
-5303785946768467689,992117,1491043756
-3085913796444937699,992608,1491043805
4893973015741525013,992608,1491043783
-4962812087066844398,992608,1491043795
-4656333534532465152,992608,1491043800
-7083050215995094416,992608,1491043770
-8853457918247514431,992608,1491043804
-7894623503475686079,992608,1491043776
1714568847137342639,992608,1491043761
-1373065585887781493,992608,1491043812
1490361152917494043,992608,1491043783
-5750808077853488512,992638,1491043807
-4011772494287091978,992638,1491043771
1957300428796961383,992638,1491043782
-2557225886863587724,992638,1491043760
-5162293983139456820,992638,1491043794
-1484119242124722985,992638,1491043776
-3796192908066963101,992638,1491043756
-116815936881236149,992638,1491043804
-8418396858621730005,992638,1491043787
-833036160500512518,992638,1491043803
4884029935709952166,992638,1491043797
5371034292319099163,992593,1491043768
5781567568027924930,992593,1491043798
-5177781367765747623,992477,1491043786
7238267446279613510,992477,1491043779
-3752035424198231063,992214,1491043792
-5466533608387903189,941364,1491043802
-6512244346978028745,931751,1491043762
8456625865610702522,992558,1491043770
3508225348402034630,992558,1491043807
-1541531490766656640,992558,1491043781
-8706527874022967039,992558,1491043791
-5791410844352062742,992558,1491043811
1052420270194437380,992558,1491043773
-3451795706087636462,992558,1491043800
-3700210317844980180,992298,1491043814
-861409257055421591,992298,1491043761
717264313204431775,992298,1491043811
-277237965426575238,992298,1491043800
6972682217055552746,992298,1491043787
-4036198280310473098,992085,1491043782
15050207073779510,992194,1491043793
3557493280095340793,992194,1491043804
2862111133590199978,992459,1491043795
986890283597840679,992459,1491043761
-8657346370966023642,992164,1491043793
-1544901947154645026,992079,1491043759
-98256263469743763,992079,1491043771
-7168587686839594103,992498,1491043759
3012576328058904739,992231,1491043771
-4678765450714856961,987994,1491043813
4674428069638480412,343634,1491043784
5950015307829949402,992591,1491043783
5371034292319099163,992591,1491043768
3291035152070351239,991271,1491043803
9158263055769981938,987802,1491043772
-5303785946768467689,992114,1491043801
-5867243107455962148,992114,1491043783
-7934299043892833909,990773,1491043764
7042537026650592220,992574,1491043800
7310961493374913735,992574,1491043762
5484076257451248945,992574,1491043788
-8110871081379889028,992574,1491043807
-8657346370966023642,992162,1491043803
-1784722180614652404,943411,1491043805
-9067415860048059811,990584,1491043783
1384455859456419644,992274,1491043802
569220578657303346,992604,1491043774
-7632071551548277244,992604,1491043768
-2727656379810208182,990224,1491043774
-8226245146204638316,991723,1491043790
5200664880048096893,341139,1491043785
-29990635051362854,992439,1491043772
-5887143486630165965,992439,1491043811
1492003344093488652,992439,1491043796
1231800514232824511,992123,1491043803
-8220872338041661605,990733,1491043783
-3662045140535868742,992529,1491043793
-1837239019163230587,992529,1491043789
-880812060700939220,992529,1491043754
-6253957339849757112,992529,1491043806
-2793477973809875895,992529,1491043761
-9094506821560932727,992529,1491043814
4970672801177345402,990487,1491043778
-992480145392456979,990487,1491043803
-8860390602902173517,990487,1491043803
-2512614411599366915,990487,1491043809
6430983821831404200,990487,1491043765
-19790997414761965,990487,1491043782
5456712981569836416,990487,1491043792
6187771407807773192,990487,1491043761
3436097545579573753,990487,1491043760
4185303964563718342,990487,1491043800
217599293256298882,990487,1491043754
197924710216212076,990487,1491043778
-7646728526706606516,990487,1491043814
-4876412856035289419,990487,1491043793
-4812870156478997001,990487,1491043804
8865171481986868925,990487,1491043795
6526986411315403819,990487,1491043792
-2348414731483335514,990487,1491043758
-8952207992074687692,990487,1491043754
1569298503419648016,990487,1491043788
8297023601742140779,990487,1491043773
-9041214940831227080,990487,1491043761
6617596911582222346,990487,1491043776
-5255262378456712842,990487,1491043797
2623814868204907391,990487,1491043762
-6484093903791134277,990487,1491043783
-4587491605179540777,990487,1491043809
-6259220578985964309,990487,1491043794
-4525035369795918030,990487,1491043813
-1494423984446075112,990487,1491043783
-1257804334443374648,990487,1491043778
-8332991117371949504,990487,1491043775
-4594081845199892990,990487,1491043798
2408963422881353895,990487,1491043758
777624668215192162,989618,1491043778
4213103777522379351,989618,1491043762
-8143531087682908735,992135,1491043781
-2659550328990922390,992135,1491043765
7752498231758584903,992135,1491043769
2252878237491577852,992135,1491043801
-4992257980025501329,992135,1491043789
-8543818111333296219,992606,1491043810
2450269099519139390,992606,1491043788
5950015307829949402,992545,1491043796
-4085417279423668729,991006,1491043761
-4805445263712482,988274,1491043804
-1272839783149580328,988274,1491043798
5068665885078384916,988901,1491043794
-5570297007827982976,900493,1491043807
8754394781975741824,992268,1491043811
-4290908144520710473,992463,1491043802
-8464567512764669306,992463,1491043809
7558716619354711132,992548,1491043796
-5531646335607802484,992589,1491043801
-106571957123823604,992589,1491043781
-2444664410303495590,992589,1491043787
778022328524076304,992589,1491043794
-4585348438974122651,992589,1491043810
-2136199430970017097,992589,1491043770
-31722415764047758,992589,1491043763
-7551881186367157153,992589,1491043788
-7760495155376140208,992589,1491043806
-1255979092564258448,992589,1491043797
-4956579191214838873,992589,1491043812
8376989669961989139,992589,1491043768
6132791978692185045,989799,1491043786
5365804139497621198,992200,1491043790
-6228240678326792451,992200,1491043804
2674369405827626536,992200,1491043808
603414273609688172,992200,1491043775
680523788456724932,992200,1491043809
6571178298855420165,992200,1491043787
-8320458309918831471,992200,1491043804
729479340435911625,992200,1491043769
-2596049242673136242,992200,1491043773
7202686212490085901,992200,1491043759
989836956673843624,992200,1491043791
-5224762035356894124,992200,1491043810
-2799916092171520182,992200,1491043774
6899835450874536008,992200,1491043757
-2769823030096180754,992200,1491043807
213635247366613920,992200,1491043763
1458182954091046165,992112,1491043757
-5303785946768467689,992112,1491043812
-6854735542872403935,987486,1491043791
-9082306220105058492,987486,1491043789
-939867078664681518,991935,1491043778
-661297476566799147,991935,1491043785
-1728096377135154186,991935,1491043809
3745907785311399167,991935,1491043769
1699808512509313749,991935,1491043801
-7334948030954291410,991935,1491043760
-7619968062679721538,991935,1491043774
7799110503592818687,991935,1491043782
-1400905779198355303,991935,1491043800
-5003178149732486907,991935,1491043763
7006715158598560098,991935,1491043802
7883634775272588714,991935,1491043769
2408963422881353895,991935,1491043764
-5885826986562568149,992438,1491043807
-3146988833738524196,992438,1491043757
986890283597840679,992438,1491043772
2862111133590199978,992438,1491043813
-4841494141626175971,877770,1491043800
596151777358955881,992304,1491043770
4768058459310754392,992304,1491043785
646777761473480411,992304,1491043764
5068665885078384916,989171,1491043789
-5272981691385215832,992652,1491043798
4195406053967402676,992652,1491043766
-8300044241852862739,992652,1491043795
-3395603135041952345,992652,1491043799
1045059749454862870,992652,1491043766
8217513196916049989,992652,1491043784
7857737887248525540,992652,1491043756
-8525681053554823079,929274,1491043767
-2937085526335390961,992658,1491043789
-220462852496601213,992658,1491043793
-383303335273739233,992658,1491043757
365860315259907403,992658,1491043795
-422372317110587254,992658,1491043802
1756225194642147689,992658,1491043781
2567007156575126440,992658,1491043786
-680267875449588518,992658,1491043806
-5382707170998881729,992658,1491043764
-4335872385932303831,992658,1491043772
7470437811103154997,992658,1491043777
-2958152522891964609,992658,1491043762
-8470844958532210609,992658,1491043798
-3093441714141524215,992658,1491043797
-5781973927812573130,992658,1491043756
-6439013443330125881,992658,1491043774
3065563912392048680,992658,1491043778
1145432076243008912,992658,1491043784
-4339465935999907285,992658,1491043767
5523460121754756585,992658,1491043807
8051435987693468852,992658,1491043763
-1650666546198488350,992658,1491043758
4803817650377080959,992658,1491043792
6985428020278050951,992658,1491043804
5133965744479389617,992658,1491043805
7609558492590229317,992444,1491043775
1832573306139147566,992444,1491043780
1897961493342062146,992325,1491043767
7184254451424586888,992325,1491043765
-210959505103027448,992325,1491043806
2840374007949682425,992579,1491043766
6275291830934328930,992579,1491043795
-1376075381674275902,992579,1491043796
-9212804919930566573,992651,1491043801
-5750808077853488512,992651,1491043757
-8418396858621730005,992651,1491043787
3647633814047303749,992651,1491043809
-116815936881236149,992651,1491043803
-2650866850109526093,992651,1491043761
708759775516685469,992651,1491043807
8242849185373550154,992651,1491043758
-1484119242124722985,992651,1491043763
4884029935709952166,992651,1491043797
6333180015811598548,992651,1491043758
4213103777522379351,992651,1491043761
3138288728509992467,992651,1491043802
-5490845563436613756,992651,1491043757
-9101267629454305734,992651,1491043801
6122700544371367143,992651,1491043783
-8396581320893571303,992651,1491043763
7346367659224318336,992651,1491043808
-9030039514471470240,992651,1491043812
5592349421981465117,992651,1491043800
-751731273174831450,992651,1491043786
2948151662402430264,992651,1491043798
-3639648135977111252,992651,1491043773
-821538742715748983,992651,1491043813
-2168108699615152295,992651,1491043811
-412515556297578950,992651,1491043767
3580580521843732655,992651,1491043765
6688194684356913201,992651,1491043808
4441607746364115640,992651,1491043780
6988522995606010765,992651,1491043795
-4289586160116538453,992651,1491043782
-3936957189465278715,992651,1491043810
8073917791478499324,150014,1491043813
3018302901253931041,992145,1491043803
1436647443728915817,992145,1491043801
5691911599831549129,992145,1491043808
126271013875840827,992145,1491043791
1141103516306672583,992145,1491043785
3779237100083020507,992145,1491043770
6972682217055552746,992145,1491043806
-2113239084869805220,992145,1491043806
5181025253738667149,992145,1491043810
1453585671019486085,992503,1491043806
2218456207162073129,992077,1491043756
-8274379907670262083,992077,1491043787
-7623481225161734587,992645,1491043809
1643100681263795583,992645,1491043760
5502776901734510993,992409,1491043776
6921305056772277009,944661,1491043788
-5257868994831299252,990486,1491043787
-7506482985565146202,962359,1491043776
7285360728826543639,882087,1491043791
7173997584597293991,991567,1491043364
-636876856416379004,991567,1491043806
-4989504068814178516,991567,1491043808
-4992257980025501329,991567,1491043769
4018879656651420430,991567,1491043790
1887803988868948965,991567,1491043794
3021798602144289703,991567,1491043786
2509179013898396833,991567,1491043765
2252878237491577852,991567,1491043797
-2054203984077345186,991567,1491043795
-7481561101502797549,991567,1491043805
7567671778015789982,991567,1491043812
7236867955555050528,991538,1491043796
-5257868994831299252,991977,1491043779
1717568884159671676,194382,1491043794
-1689003444759317166,992622,1491043809
-2743822374670029473,992622,1491043800
-1602667619514105584,992622,1491043767
1350131637952072730,992622,1491043772
5655574372558480391,992622,1491043794
-8850001460767609480,992622,1491043811
3863662377674762962,992622,1491043814
-1373065585887781493,992622,1491043763
5291827785346259379,992622,1491043755
8509960089209728759,992622,1491043774
5022579297272428058,992622,1491043768
2293941145962843430,992622,1491043814
-6787758349254301382,992357,1491043760
-1454103059493211972,992357,1491043809
-2685436551106226324,992357,1491043785
6422523776889519942,182516,1491043763
2201962883112185335,992424,1491043767
-7481561101502797549,992424,1491043767
-2974056511305238312,992424,1491043796
1261392943690009250,992424,1491043775
2899780762814355055,992453,1491043813
-5890322474755521732,992453,1491043801
5431505698859892737,992453,1491043799
4329432610113973674,992453,1491043766
6911176304466041672,992453,1491043774
7771260986559062898,992453,1491043808
-64243245113866447,992453,1491043789
-5479009424100060377,992453,1491043767
3107817531375679103,992453,1491043775
6792140640034879210,992453,1491043780
8313059951628265038,992453,1491043803
-2958152522891964609,992453,1491043764
-449100340817347020,992453,1491043769
8644943625587488845,992453,1491043804
7559071634097410146,992532,1491043764
-4439809142553889147,992532,1491043775
-6889301946875435751,992532,1491043804
4028221351857586103,992532,1491043791
-5256048737952438789,992532,1491043776
-8706527874022967039,992532,1491043811
-2698739986737180195,992532,1491043778
3986108865966727407,980377,1491043781
-9066573324320025710,987131,1491043765
-935201837103570428,970226,1491043792
1185980327049538979,935196,1491043793
5331325985547509017,986285,1491043756
5046732983855506320,992129,1491043794
-8087142313444429377,992129,1491043814
-2698739986737180195,992426,1491043758
-7177609453554295957,991428,1491043771
-1105315133705676383,991428,1491043797
197924710216212076,991428,1491043784
-6694643131089789494,920075,1491043812
1143649875305165711,960190,1491043810
5108917963613853268,990048,1491043811
-2322825842145701665,163938,1491043784
5238106266490540484,992524,1491043800
2357816821623982807,992524,1491043756
-392821789865860675,992524,1491043804
-8724135101670828203,992524,1491043777
1301046057336935245,990181,1491043807
-814505466879179082,138176,1491043806
-8756268455822537049,991917,1491043795
