5260819825065951554,146815,1491049835
3199426026361680139,986658,1491049815
-3647651570511870164,345221,1491049828
3552306209192484671,923487,1491049857
-4125552296301877644,992462,1491049859
-7948139550163690847,992462,1491049822
4025084741604948001,992462,1491049872
8460718285028032111,981176,1491049824
-4736343471956182939,991826,1491049847
7038449844703355654,991826,1491049846
591737309929604646,991826,1491049843
-2965231315354493865,991826,1491049862
6123221158536350105,992600,1491049870
-404175871300597157,992600,1491049859
2596614302933884643,992600,1491049817
-2396463381230213656,992600,1491049873
-1648218208719386394,992600,1491049865
-6767816053136458317,992600,1491049863
-6633934025051359432,992600,1491049856
2845518107327015741,992577,1491049840
568492456921011554,992577,1491049867
1761769246224451077,992577,1491049867
-4525695992325682701,992577,1491049862
8674215956720341412,992577,1491049835
-5897798821570882899,992587,1491049853
-4790255918675311612,938401,1491049829
784881448073030613,992682,1491049826
3675323008096582945,992682,1491049824
1395421866615756499,992682,1491049844
2207745354636125324,992682,1491049834
-6767296144788139654,992682,1491049825
-8231487268344176909,992682,1491049825
8504637163656734117,992682,1491049817
5080371998415962274,992682,1491049854
4231823442914364236,992682,1491049844
-8170636340022340978,992682,1491049821
2418068576347992194,992682,1491049841
-4702681091291430737,992682,1491049862
2782842171822043389,992682,1491049826
-5315026751739148273,992682,1491049855
3463500668721167965,992682,1491049872
7452520220200103668,992682,1491049847
-6516890788753275144,992682,1491049860
-5756155028662551769,992682,1491049840
-6102720555282844277,992682,1491049848
9221209103675814523,992682,1491049873
2072762375883016630,992682,1491049868
-1120050015446987476,992682,1491049847
6916629407206267043,992682,1491049863
1088573866150544390,992682,1491049850
7891868002025720803,992682,1491049825
8300258311243741162,992682,1491049850
51314237482306657,992682,1491049862
-5836517901448842590,992250,1491049830
-7108878412356268388,980443,1491049869
-1019332419552969478,992407,1491049861
-405175683804371334,992407,1491049827
-8093907465010426239,991328,1491049843
-1575552864478442844,990944,1491049865
-727714157536785271,992377,1491049867
-5836517901448842590,992241,1491049834
8847376558249142084,904041,1491049843
-7544826257971752805,949655,1491049868
-5932722758051072150,991947,1491049835
3642797171293192664,988056,1491049826
4013960652414454412,951665,1491049848
-2699139355322871595,951665,1491049854
-7563650985969956395,992361,1491049826
-215173497845836576,992159,1491049829
1136659491877835287,992188,1491049844
8102848665879574922,992188,1491049853
-5514866442591981509,992188,1491049832
-5962843233192064948,992188,1491049873
6159782196983917842,992188,1491049870
-8876958344066339830,992330,1491049872
-8154799688434920334,991835,1491049857
-126213416562882329,992336,1491049848
-3225792191696343124,992692,1491049859
1395421866615756499,992692,1491049868
6625294146853819477,992692,1491049873
5438796633156308346,992692,1491049853
-6805602469044221679,990691,1491049835
211978118826142039,990691,1491049827
4025084741604948001,990691,1491049868
5639264180109367332,990691,1491049872
3402404171305360595,990691,1491049818
-7764989726023370078,990691,1491049818
3111200539611392409,990691,1491049852
6945815839323327158,990691,1491049820
6601816463575006047,990691,1491049871
-5045341169610160709,992009,1491049837
-7771715558092503891,992009,1491049856
-7501174197554402511,991905,1491049839
1887374122405833385,989630,1491049849
-6812173556065730689,989630,1491049864
-2164152303316744484,989630,1491049853
-2050521335629993871,989630,1491049831
-1128029706569203360,989630,1491049816
6583162738422816325,989630,1491049849
-401986031753990714,989630,1491049839
1213921982239096832,186938,1491049869
1371863392085654198,913736,1491049856
1308638964332597339,900451,1491049867
5072006125993989791,991388,1491049819
6540655068931381503,992495,1491049848
4895946497316772827,992230,1491049837
-8128746229181333701,992383,1491049836
-2531478407403561490,992383,1491049870
5983165126334562580,992607,1491049857
-2965231315354493865,992278,1491049829
-5473635982939811731,992278,1491049852
9027892597508840061,992278,1491049860
5467545870238701123,992648,1491049838
7727354425501163676,992648,1491049859
-6875419167812631564,992648,1491049820
-8481544265165609234,989605,1491049831
4161781146394379960,992566,1491049830
1746066125669529813,992566,1491049826
3371941194048645341,992566,1491049825
3066059837408703326,992566,1491049854
-1829477568008446415,990530,1491049817
1555371088964479415,992568,1491049823
4161781146394379960,992568,1491049847
1746066125669529813,992568,1491049833
241049372383684351,992565,1491049854
-2531478407403561490,992565,1491049826
-2057391466433507752,992565,1491049815
1555371088964479415,992565,1491049843
1746066125669529813,992565,1491049839
4161781146394379960,992565,1491049847
-4870872877359673084,992659,1491049844
3216213951206846639,992659,1491049855
4908928657918995209,992659,1491049823
-8411569061146924671,992659,1491049873
9016515438055883517,992659,1491049860
1371798895287054581,992659,1491049821
4455417103395841416,991095,1491049854
7855980649271570558,992310,1491049857
5014264360004195805,992310,1491049868
-5530796847042063689,992310,1491049864
-9156018452976388734,992310,1491049854
2916096942363611235,992310,1491049817
8848620488861692266,992310,1491049872
-1038363147693101959,992310,1491049836
-1956252561384542371,992310,1491049862
560141983755829376,992310,1491049841
183239889338353074,939411,1491049831
-7510925893510832934,992582,1491049857
-1399064922748475731,992582,1491049831
8807852569598531329,992416,1491049831
-6788116404964817579,992416,1491049867
-8860202362129036804,932389,1491049842
7669406144052248021,992486,1491049839
-1399064922748475731,992585,1491049831
-4375840919713739845,992585,1491049824
-1753699141203536360,992497,1491049824
-2396463381230213656,992609,1491049849
4321734394179824283,992609,1491049865
5520534629047258515,992609,1491049824
-540275574715269261,992609,1491049871
3818516872231799317,992609,1491049842
-4334993460584640172,992609,1491049844
5392031595758385259,992609,1491049869
-5018898196056901982,992609,1491049850
5292479810120589840,992609,1491049860
-1824332868158936394,992609,1491049865
-1648218208719386394,992609,1491049816
-6427338651625518872,992609,1491049863
-3063944937884662573,992609,1491049826
-8004603607707632691,992609,1491049835
1443390094660817729,992505,1491049817
-2891545857634253353,992505,1491049817
7657625587808360341,992505,1491049846
1761268909153652015,992505,1491049851
-6109980752852238979,992505,1491049825
-4102958168298402057,974375,1491049825
-9173077235435205534,992403,1491049839
-4523594105639665306,992519,1491049863
-6632976374565860775,989184,1491049859
2977331905729592492,989170,1491049827
4552192781107841818,981721,1491049854
-5836517901448842590,992232,1491049839
5055392600289878439,992232,1491049843
4432081582339399716,992684,1491049856
-5655159166817489311,992684,1491049863
9010491444386488239,992684,1491049838
-6388703930694580762,992684,1491049874
-1036255588239192455,992684,1491049869
1890266499207063123,992684,1491049817
8300258311243741162,992684,1491049833
5429668557180965563,992684,1491049841
8812343135521718624,992684,1491049843
2936475852015518629,992684,1491049862
2634910832293479524,992684,1491049846
-4702681091291430737,992684,1491049837
-1029994701330884563,992684,1491049827
-6102720555282844277,992684,1491049848
7452520220200103668,992684,1491049841
5383724464777307027,992684,1491049848
-4736613130557463292,992684,1491049865
2072762375883016630,992684,1491049849
-8052370425825602411,992684,1491049870
5363518916245043997,992684,1491049824
2418068576347992194,992684,1491049815
8955982925595021793,992684,1491049830
-831379472588013920,992684,1491049822
974830927682564488,992684,1491049820
6713984866844717951,992684,1491049828
-1120050015446987476,992684,1491049847
3463500668721167965,992684,1491049866
2689537457630861295,992684,1491049861
-4574282873239084357,992684,1491049851
-2398290650857984180,992684,1491049827
-5315026751739148273,992684,1491049842
-6566067836984534705,992684,1491049850
-4260181454068230900,992684,1491049872
6101103910270419426,992684,1491049868
-7379281676864516318,992684,1491049854
-2927087292062777785,992684,1491049829
6101056508855750343,992684,1491049839
-8421102517059311176,992684,1491049840
1913730050721593071,992684,1491049859
2766833527246659588,992684,1491049857
1105415571400085346,992684,1491049841
7015852265689305184,992684,1491049846
449336587896983081,992684,1491049858
-610057582053460962,992684,1491049819
-3225792191696343124,992684,1491049868
795071020575271481,992684,1491049816
-8217120446036130715,992684,1491049863
-5856394096394013032,992684,1491049832
-7795712272093092429,992684,1491049826
-8342880421107623093,992684,1491049834
1652653216198555842,992684,1491049835
5348747194652907463,992684,1491049845
7505737723596607484,992684,1491049865
461618255312232583,992684,1491049848
-1324550162237513339,992684,1491049857
1079452632470965639,992684,1491049853
6673201022995082453,992684,1491049845
7241929781620938272,992684,1491049862
7799370900782952659,992684,1491049815
4704149770304099792,992684,1491049819
-7197830932348640754,992684,1491049828
7125644029726090181,992684,1491049837
3548110870760876073,992684,1491049823
6455381847062287061,992684,1491049864
-752158136201187672,992684,1491049819
-8303834293113329137,992684,1491049824
-250417153415848820,992684,1491049827
8863487673051597072,992684,1491049839
6723530746161484150,992684,1491049872
2932863502680477918,992684,1491049864
-3978681864473499102,992684,1491049862
1350446809183901279,992684,1491049834
5260827586166144224,992684,1491049832
-2333442588160124122,992684,1491049817
4077355099624060226,992684,1491049857
-1388746060848318791,992684,1491049828
-8256273259970491937,992684,1491049862
4555667752856466081,992684,1491049832
1537295123289386443,992684,1491049842
1915108502544203744,992684,1491049871
9052714518317122360,992684,1491049855
6618916522747174832,992684,1491049836
-7034863152506999470,992684,1491049842
-7546183487307450602,992684,1491049851
-3457662181359724779,992684,1491049861
-7569792133804136624,992684,1491049839
8617169731715587187,984703,1491049855
-8946152106222711455,992685,1491049873
-8392582945488723762,992685,1491049846
-5439224696253132084,992685,1491049844
4446672115569975162,992685,1491049865
-2453826451431019193,992685,1491049863
4112983556984518124,992685,1491049869
6685237559378631566,992685,1491049815
6617573630267845157,992685,1491049835
-9125254143637951743,992685,1491049859
5572443589353723652,992685,1491049849
-7440655142202774019,992685,1491049828
-8046654955202859565,992685,1491049823
-6794546717037333916,992685,1491049836
5821162982181786158,992685,1491049825
-3610507400307292999,992685,1491049816
-7334474277684820823,992685,1491049837
5215366438474784743,992685,1491049862
-3013213822482457780,992685,1491049840
1089213236716058543,992685,1491049848
-1069436014557216529,992685,1491049863
-5260673686245036225,992685,1491049821
-7376618291453120111,992685,1491049832
3738889333431518648,992685,1491049819
-2563519205118555452,992685,1491049820
3073322540379588872,992685,1491049820
4949782137945759536,992685,1491049824
7799871315895685368,992685,1491049870
8935644936264115025,992685,1491049842
8602921684780889582,992685,1491049851
5302688578627129799,992685,1491049841
-5653984834184821294,992685,1491049870
-5669316196050815204,992685,1491049846
-318776057669457713,992685,1491049859
-5547584431497248809,992685,1491049815
1615485558173034764,992685,1491049850
-2369400456713510615,992685,1491049822
-1346302442184559532,992685,1491049855
8917587082320475492,992685,1491049845
-2330705049223933383,992685,1491049852
3887028047947607403,992685,1491049857
-349833947825015029,992685,1491049846
-1730434806867843839,992685,1491049841
2418068576347992194,992685,1491049868
5934793887034263581,992685,1491049854
2417284708621493739,992685,1491049837
4138258017917318637,992685,1491049853
-7677521844517383170,992685,1491049865
-2065207413224736307,992685,1491049863
-8170636340022340978,992685,1491049829
2782842171822043389,992685,1491049842
1536104382562937164,992685,1491049824
-649693274402272892,992685,1491049873
-2304828082161964478,992685,1491049858
3769292787608013185,992685,1491049866
-3855047091903316732,992685,1491049838
-437803731015997592,992685,1491049839
377440301829777917,992685,1491049873
-8599840598529484987,992685,1491049862
-8860594089550394455,992685,1491049873
6310347087230189590,992685,1491049859
-3253903731501192679,992685,1491049844
-1362589885882617737,992685,1491049858
-8097023400684894688,992685,1491049839
-8405263006937167788,992685,1491049860
8644202714990463869,992685,1491049834
8317846120984663181,992685,1491049825
1281137736808881614,992685,1491049852
73415284721170187,992685,1491049817
3213726846631020152,992685,1491049871
-4294181899801357789,992685,1491049816
3019317565417376454,992685,1491049837
1556270958352122519,992685,1491049844
-1575979495742595015,992685,1491049829
-1682546753582988729,992685,1491049834
5944795988014879286,992685,1491049859
2763136912889971742,992685,1491049839
2207745354636125324,992685,1491049859
-7033100147633105501,992685,1491049865
546631327262192870,992685,1491049847
-5730351753080659616,992685,1491049871
4111583688053534827,992685,1491049826
5046146265273854437,992685,1491049873
3216213951206846639,992685,1491049860
-1970208052180941433,992685,1491049850
8531714313855304573,992685,1491049840
1615711012805122776,992630,1491049837
6913503206652486262,992630,1491049840
-2774250753952815615,992630,1491049850
-7212495748681819053,991877,1491049863
3924363546884221394,988201,1491049815
-6875419167812631564,992643,1491049860
-731113452498188158,992102,1491049843
-4102958168298402057,970558,1491049841
-584401491240712397,992458,1491049828
5302802668258702822,945477,1491049865
2751597300869674507,992610,1491049847
-3871021157655812419,992610,1491049865
5216674654170683350,992610,1491049855
-3292257242002929209,992610,1491049856
-5511516564779099991,992610,1491049814
1858338682416391746,992610,1491049862
-8226030148227742312,992655,1491049834
4116222232927250025,992655,1491049840
437745162742533681,992655,1491049869
6308612813270924660,992655,1491049854
-825874525096627682,992655,1491049834
-7548894967758178404,992655,1491049867
7353481262775080379,992655,1491049853
6780847696243518196,992655,1491049872
-278083543001174338,992671,1491049843
-7103820127822569484,992671,1491049848
6444234994589145843,992671,1491049831
-998170782108655300,992671,1491049850
-8170636340022340978,992671,1491049845
1221369398395374163,992671,1491049844
-2065207413224736307,992671,1491049864
6442291814750814313,992671,1491049834
8293342294933831149,992671,1491049864
1929665544737191198,992671,1491049834
5166998952242245231,992671,1491049865
1213921982239096832,186937,1491049872
8202476217213754692,992530,1491049837
5059320483330501734,990864,1491049867
-6695803222389024175,896686,1491049866
1897776886508406327,989503,1491049839
1213921982239096832,186942,1491049868
-5836592295391257598,992679,1491049861
7693861654420178822,992679,1491049873
8492581189117562152,992679,1491049842
-8200068556904595490,992679,1491049829
3331350748207019139,992679,1491049854
-7461420451878914668,992679,1491049852
7794458495038313001,992679,1491049818
-6455688399629202400,992679,1491049860
-4574282873239084357,992679,1491049870
655685396605700326,992679,1491049854
3562879326774965197,992679,1491049872
1975219357980749628,992679,1491049854
1074067404121903535,992679,1491049866
4154080911399508357,992073,1491049852
429056221376675912,992073,1491049871
-8589917376492898336,992073,1491049824
-1342009629305403855,992073,1491049833
-8481544265165609234,992025,1491049831
-62730475761334823,984034,1491049825
6601816463575006047,992571,1491049846
3357245722642629789,992571,1491049845
-7501174197554402511,992571,1491049870
4836928582173857330,992571,1491049864
3210998847072063917,992571,1491049849
-2653038695924060929,992571,1491049832
5760801640659760942,992480,1491049834
3877626772143324124,992480,1491049862
5484076257451248945,992559,1491049834
-2889459877641731914,991805,1491049817
-5473635982939811731,992313,1491049857
-1570249269685715667,992182,1491049857
-8557607442584816678,992182,1491049872
-5979064026153977887,992182,1491049856
3243467943669022890,992182,1491049852
7367423750161328296,992626,1491049824
4647098107947863657,992626,1491049850
-5976435234899235672,992626,1491049849
6068367897174603425,992626,1491049822
-498963477748897949,992626,1491049866
6676340473899588208,992626,1491049858
2591768911600128339,992626,1491049848
-7197610130417012594,992626,1491049828
-6420857771259256759,992626,1491049873
-481710265792507241,992626,1491049862
-7022705472115509036,992626,1491049850
2847790863387145475,992626,1491049872
-1622340159388257553,992626,1491049821
7795082344406069025,992626,1491049821
8641417134244588154,992626,1491049873
-2539094107639346806,992626,1491049842
-1994866645795089675,992626,1491049829
9210206064656832271,170015,1491049847
725606012611874434,992399,1491049837
-1608047800500589015,991659,1491049855
613235678173876857,991659,1491049822
1357343478693675049,989539,1491049869
-1155921453374009027,991982,1491049853
-5022497032128472372,992175,1491049824
-5836517901448842590,992195,1491049859
4762544497256726048,990455,1491049816
-7756386656176236873,426938,1491049818
-2891545857634253353,992504,1491049847
4911882742155062541,992504,1491049869
7657625587808360341,992514,1491049836
1761268909153652015,992514,1491049851
-8984346244800483663,992514,1491049862
5309587131640172878,992514,1491049837
4847529195134369193,992447,1491049837
-9156018452976388734,992223,1491049815
7268659944235057913,992223,1491049848
1911158334449320963,992223,1491049844
-7535692753723077944,992180,1491049864
-3181226232157019912,992180,1491049846
284918633755827866,992180,1491049831
-949935485868174133,992555,1491049818
8331606270979308205,992349,1491049853
6946478742663230100,992295,1491049845
5520991519818368865,992295,1491049846
6954877744348125076,992295,1491049851
1312538935812134465,992295,1491049862
-1624600782698299458,992295,1491049817
1107623615858647420,992295,1491049823
3082023103177297318,992295,1491049871
-2138265487283297921,992295,1491049822
-6412549730213257309,992295,1491049837
-5962843233192064948,992295,1491049851
-974710438638388960,992295,1491049872
5610119117272297338,992247,1491049862
4433204271121776156,992442,1491049866
3411638234607436475,988325,1491049821
6310347087230189590,988325,1491049828
1751584797731092738,988325,1491049850
-7378468748085057612,988325,1491049838
-1862204699597274889,988325,1491049825
-252847969909652414,988325,1491049838
-5211333548876080372,988325,1491049871
5537045028714426072,988325,1491049832
-4090947570545014205,988325,1491049849
8626854716471761350,988325,1491049822
-2644511008048204779,988325,1491049832
628710388732063922,988325,1491049833
-2181659851465811625,988325,1491049873
-5987155469898382959,988325,1491049854
-3099754059025300885,988325,1491049829
-8843714543356321116,992623,1491049845
-2942863295357254544,992623,1491049873
9035089852590378874,992623,1491049857
1808762518116716055,992623,1491049836
-7350234034170324822,992623,1491049841
-7522046512487401916,992623,1491049828
-1824332868158936394,992623,1491049857
5292479810120589840,992623,1491049843
-5018898196056901982,992623,1491049830
-3063944937884662573,992623,1491049816
1971284343393551955,992623,1491049855
-4334993460584640172,992623,1491049820
-8004603607707632691,992623,1491049832
7350527158417066124,992623,1491049839
2636768895838237487,992623,1491049818
-2210109539704354193,992623,1491049851
5392031595758385259,992623,1491049841
-6478485201990129087,992623,1491049830
6912881440160245261,992623,1491049830
-540275574715269261,992623,1491049845
-7939962499301220037,992623,1491049826
-8306351353056592827,992623,1491049845
1609268829497554844,992623,1491049859
1258259978040975030,992623,1491049846
-6941910946683162959,992623,1491049872
-6427338651625518872,992623,1491049853
1491129235776246654,992623,1491049847
-785735319215460718,992623,1491049817
7143398247163177341,992623,1491049863
-2047626510756666868,992623,1491049852
2883076552990967288,992623,1491049836
2439534985122375030,992623,1491049840
-9101116031294029470,992623,1491049838
-7977892686669348668,992623,1491049848
-8701489411897666621,992623,1491049843
8003731896805185635,992623,1491049826
-5180078297146192781,992623,1491049822
-8017215876064524157,992623,1491049870
-248537688722205516,992623,1491049827
-4080349301102923141,992623,1491049855
8623629073160459955,992623,1491049856
1019482208040704976,992623,1491049824
7283575522537066487,992623,1491049839
4485274198123457826,992623,1491049836
-5656780382920589695,992623,1491049840
-4039658585623776112,992623,1491049864
-1049608839731470203,992623,1491049857
-1340157983973373902,992623,1491049859
-5880179785804525558,992623,1491049849
5720629601817604279,992623,1491049869
7837667196233285308,992623,1491049867
-1701573276876013566,992623,1491049863
-3452212066014634827,992623,1491049851
-5142331451348299382,992595,1491049860
8393715713763391501,992595,1491049819
-8922054883872160462,992595,1491049832
-6710416853548082975,992595,1491049871
-5003680878208312083,992595,1491049868
-513761114556006683,992595,1491049843
7017260425772987400,992595,1491049863
-6834697907173076108,992595,1491049840
-3938263639972360222,992611,1491049831
3818516872231799317,992611,1491049827
5392031595758385259,992611,1491049858
1808762518116716055,992611,1491049850
-5018898196056901982,992611,1491049842
5292479810120589840,992611,1491049852
-3063944937884662573,992611,1491049826
-4334993460584640172,992611,1491049830
1258259978040975030,992611,1491049855
-6427338651625518872,992611,1491049863
-540275574715269261,992611,1491049853
-1648218208719386394,992611,1491049814
-1824332868158936394,992611,1491049861
-8004603607707632691,992611,1491049835
-6478485201990129087,992611,1491049832
-6155746119076909622,992611,1491049870
7350527158417066124,992611,1491049839
9035089852590378874,992611,1491049857
-8306351353056592827,992611,1491049845
1971284343393551955,992611,1491049855
-1827342910979896410,992611,1491049838
-3010421623233006992,992544,1491049871
-2336448627601908362,991495,1491049849
-1696459833236281767,979729,1491049863
-1741950204688921330,481087,1491049867
-7602440954624351306,954547,1491049866
-3141291468821169358,408977,1491049871
-8962159858334367546,940837,1491049838
2096557350005114195,990604,1491049846
-1691635397728424845,992620,1491049832
5798492898517844815,992620,1491049860
-4383112494363481479,992620,1491049847
-2990101646784808889,992620,1491049820
8196921757844185802,992620,1491049862
-3871021157655812419,992620,1491049830
-5111324537882756102,992620,1491049846
6497917603881539450,992620,1491049820
3854776236145640289,992620,1491049833
5383502547316424253,417698,1491049846
-4523594105639665306,992441,1491049863
-5836517901448842590,992206,1491049865
-9197866909890944341,954470,1491049819
4259164835734396905,990974,1491049820
-6937213496115895090,341508,1491049871
8807852569598531329,992394,1491049868
-7719768700104708357,992394,1491049831
7370662059796120461,992005,1491049854
-7692152361062799466,992315,1491049870
-6404286273443168381,992264,1491049825
-192276598460465592,992264,1491049865
4806015265935469700,929643,1491049826
-8876958344066339830,992303,1491049872
-5897798821570882899,992588,1491049828
4207264014468411929,992588,1491049835
8597138151700770436,987255,1491049861
-1696459833236281767,980650,1491049840
-8650266126751010630,980650,1491049840
-7919459677567800827,991932,1491049845
1213921982239096832,186943,1491049866
4085170511669590971,992613,1491049844
725606012611874434,992392,1491049837
-8680635649266428883,972031,1491049823
-1407316435555030635,992347,1491049828
-724131997146254035,990102,1491049847
-4052835559051352926,959940,1491049827
-3092252134827667305,939801,1491049829
8745945914892868123,939801,1491049859
-4622239988402514109,939801,1491049871
-7199792515011767240,992675,1491049863
-2853242056210201197,992675,1491049825
8293342294933831149,992675,1491049864
-998170782108655300,992675,1491049841
-1029994701330884563,992675,1491049836
-8170636340022340978,992675,1491049841
1221369398395374163,992675,1491049854
-4688461798478177331,992675,1491049860
-2065207413224736307,992675,1491049868
1367002327991734766,992283,1491049860
-7007305131332974028,992283,1491049847
1415156648348479375,992549,1491049838
-5964954518716762717,992662,1491049870
1371798895287054581,992662,1491049819
-4939637268513181755,992662,1491049826
3050720962242334787,992662,1491049840
7326009816861221746,992531,1491049814
-5390155699388606980,992531,1491049866
-7925511434247152314,992531,1491049825
6892209290646780581,992531,1491049861
2073628086688538772,992531,1491049857
5457197252271633249,992531,1491049853
4516843711163869183,992531,1491049837
3429769959636598840,992531,1491049830
-1989980975907210619,992531,1491049853
-8262698973516420450,992531,1491049843
-1314605026196812270,992531,1491049833
8710412198611241533,992531,1491049870
8194840207725911295,992531,1491049843
2418260859869597130,992531,1491049843
5357993331143032534,992531,1491049855
5520851833652540359,992531,1491049857
-1662643362839075891,992531,1491049836
4537943368148750732,992531,1491049862
856669227463857148,986413,1491049823
-1408244829940915712,992299,1491049837
-6404286273443168381,992299,1491049841
4705985653909087364,992299,1491049833
2421323257667357810,992641,1491049841
115312304954642504,992641,1491049867
4117585917878644197,992641,1491049817
-1809407797152014995,992641,1491049873
3076133402903923652,992641,1491049835
3943180806498192018,992641,1491049857
-2774250753952815615,992635,1491049819
-1245024908313951157,992510,1491049819
6123221158536350105,992510,1491049873
-618204927570169595,974441,1491049821
7669406144052248021,992481,1491049853
3402465176324812020,992433,1491049822
-8860202362129036804,969962,1491049829
7441266517899080705,992391,1491049847
-1753699141203536360,992391,1491049817
4846258505536237546,992391,1491049818
-2820684253206838884,992391,1491049870
-3783860702218683433,876906,1491049818
1574196206531071154,992476,1491049842
-5976435234899235672,992476,1491049873
-3494495464216959189,992476,1491049847
-1509712769021646391,992476,1491049817
-1324592695620921509,992476,1491049825
8411375761026396535,992216,1491049849
5564952503092834354,992216,1491049821
1597707168267991639,992547,1491049841
-1753699141203536360,992492,1491049849
2230250828698467848,992492,1491049847
-5657959794106324173,992492,1491049848
8393715713763391501,992593,1491049830
7594675980229852558,992593,1491049838
1118139600613850165,992593,1491049874
7017260425772987400,992593,1491049863
-5142331451348299382,992593,1491049860
-6336444539132671044,992593,1491049865
-7771715558092503891,991825,1491049850
-126139563427154011,991825,1491049838
-7919459677567800827,991825,1491049845
-5964954518716762717,992660,1491049850
1549137930834155859,992553,1491049872
1715992484357975877,992638,1491049860
-1809407797152014995,992638,1491049862
3943180806498192018,992638,1491049840
-508463604181618798,992638,1491049842
8208015729274024071,992638,1491049861
-5828898155905250011,406209,1491049834
2071153489935816081,992608,1491049842
-7477366471150214793,992608,1491049857
-7356502605847622688,992608,1491049852
-5511516564779099991,992608,1491049826
-3871021157655812419,992608,1491049868
8182492509999783217,992608,1491049871
2751597300869674507,992608,1491049847
-3292257242002929209,992608,1491049856
-7859730361994923020,992608,1491049851
4154080911399508357,992071,1491049870
6597523379866707437,992614,1491049831
2476834264617958717,992614,1491049823
-3292257242002929209,992614,1491049824
-3871021157655812419,992614,1491049833
8196921757844185802,992614,1491049862
-4383112494363481479,992614,1491049847
-1691635397728424845,992614,1491049832
-5836517901448842590,992214,1491049841
8125329164857733388,888292,1491049871
5840558780936521550,975858,1491049870
-5472024932028572137,992234,1491049853
-7919459677567800827,992149,1491049827
-9166167755728440495,992149,1491049861
-126139563427154011,992149,1491049820
-5530796847042063689,992149,1491049864
-9156018452976388734,992149,1491049854
3199426026361680139,986537,1491049837
-1134233536668557135,991754,1491049835
-6000041501242719264,992296,1491049868
3380665714057031090,992477,1491049823
-1730434806867843839,992477,1491049844
-8041226372380215371,992477,1491049863
1615711012805122776,992631,1491049849
-7547423112577727100,992631,1491049849
6913503206652486262,992631,1491049845
4025084741604948001,992631,1491049872
211978118826142039,992631,1491049831
-6805602469044221679,992631,1491049835
-5361440943871872414,992631,1491049864
-5589990186257187030,992558,1491049862
1549137930834155859,992558,1491049869
-5313384986596043192,992558,1491049845
2341048784402585480,992558,1491049863
-586982995511311293,972937,1491049861
202259995240069115,972937,1491049821
-2138265487283297921,992298,1491049820
1312538935812134465,992298,1491049862
-1624600782698299458,992298,1491049844
2603951117825735263,992298,1491049830
-824024279062362985,992298,1491049844
-1810648659984015635,992298,1491049839
-4704317116384416166,986702,1491049817
-7931931653414402735,941364,1491049866
-7851305635607627364,991315,1491049863
-8401181671979323911,991706,1491049842
-151002656338757246,992406,1491049838
-2737135898549921025,992591,1491049831
8393715713763391501,992591,1491049838
-2938584437336642436,992673,1491049819
6753472228744495340,992673,1491049844
-7977892686669348668,992673,1491049831
-6539555800889661323,992673,1491049871
-5550232606840449512,992673,1491049856
-1959602831047456707,992673,1491049870
-8200068556904595490,992673,1491049871
-7094385668980608107,992673,1491049819
-1000557461779164236,992673,1491049818
1118129949753448612,992673,1491049833
-8788176370389861991,992673,1491049863
532268059342733506,992673,1491049837
-3996228726970648038,992673,1491049855
-7263584918363063009,992673,1491049848
-4039658585623776112,992673,1491049827
8492581189117562152,992673,1491049858
5814364522364996996,992673,1491049858
9060674397964865168,992673,1491049865
1221369398395374163,992673,1491049849
-5836592295391257598,992673,1491049863
-2639733973628121806,992673,1491049834
-4096351630483537374,992673,1491049836
-7461420451878914668,992673,1491049852
6027148950414869091,992673,1491049870
-730204048185961706,992673,1491049843
-3359111837960663452,992673,1491049832
-5951110580722304952,992673,1491049825
7835994101406962575,992673,1491049831
7964908137101612318,992673,1491049850
6760026505382875796,992673,1491049871
-5671299688720513550,992673,1491049851
3331350748207019139,992673,1491049854
6132544446871098471,992673,1491049848
-2590047057451642908,992673,1491049832
808440833893352920,992151,1491049823
8202476217213754692,992521,1491049848
3171063690625542164,988674,1491049860
7155630480503487572,991209,1491049854
1897776886508406327,991209,1491049833
4477478066032411007,991209,1491049828
-3475326043460163748,991209,1491049828
7962265815390271109,991209,1491049824
-6104745849089162264,991838,1491049857
6375411765769062347,992395,1491049859
1450812317442331627,992395,1491049837
714290151364750236,992395,1491049820
-2000748854248697026,992395,1491049816
-6705657121767062875,992395,1491049822
-5547051435158663240,992395,1491049844
-4607827364542870323,992395,1491049833
-8226030148227742312,992395,1491049856
-3317372019280291805,992395,1491049816
-5361440943871872414,992395,1491049834
-9144936147225681767,990773,1491049865
5144911664923227571,992007,1491049851
5302802668258702822,963814,1491049835
-1753699141203536360,992500,1491049832
5165623612465913341,401781,1491049858
-1753699141203536360,992490,1491049869
1636500089706323021,990224,1491049860
-3648419377998004474,990224,1491049831
-7108878412356268388,980503,1491049826
569468490748422543,992047,1491049871
1990875150657615724,992523,1491049863
-7413379279793257030,992523,1491049843
962318726567870680,992523,1491049849
7944478700500023532,992523,1491049850
655866676785662047,992468,1491049820
-2297358342697392513,992468,1491049862
-5881400114871227990,991233,1491049851
4051298238519474441,991233,1491049845
-7144815804778604988,992197,1491049866
-4525695992325682701,992580,1491049838
-1753699141203536360,992439,1491049857
-4102958168298402057,968676,1491049850
7530850000930227670,988631,1491049868
2840540210653097881,930154,1491049858
5983165126334562580,992604,1491049852
195567158350258210,991723,1491049852
4118640580513044488,990760,1491049870
-5024645804209569410,992321,1491049871
8848620488861692266,992321,1491049843
-6313184084319741175,992321,1491049832
-1038363147693101959,992321,1491049831
-5080081604946717441,992321,1491049855
-1241941656428152097,992321,1491049870
628710388732063922,992321,1491049823
-2244767921853455614,992321,1491049872
3558789931385197253,992321,1491049854
-6690664030504269375,992321,1491049868
-6935938656302246286,992321,1491049817
-3746158983814239769,992321,1491049816
-6008484059814668852,992321,1491049868
-6972226877339420969,992321,1491049845
-4462595928185362429,992321,1491049820
-2993119049182626597,992321,1491049830
3781374620625091533,992321,1491049820
4074054703031906945,992321,1491049819
-663593351041878891,992321,1491049843
-2796948546789201208,992321,1491049859
-858626714883331215,992321,1491049865
-9153578721605556263,992321,1491049830
-5284374405716721272,992321,1491049827
-2525108968397112221,992321,1491049863
-7093408367034696966,992393,1491049841
-151002656338757246,992393,1491049856
-5144466769091127480,990487,1491049844
7496828538435005929,990487,1491049822
-7583290915689756858,990487,1491049822
-7597618498742613817,990487,1491049844
-8212933415147119045,990487,1491049837
-4691454489037615280,990487,1491049842
4915655953802165404,990487,1491049863
-7103820127822569484,990487,1491049871
2051832283191134751,990487,1491049821
-7771715558092503891,991814,1491049864
1455495051505886739,424854,1491049861
-404175871300597157,992606,1491049857
2596614302933884643,992606,1491049817
-6633934025051359432,992606,1491049856
-1648218208719386394,992606,1491049865
-5302247762400694504,992606,1491049832
-2396463381230213656,992606,1491049873
6537603940064347970,992606,1491049867
8899155781801479724,992606,1491049842
5840558780936521550,991971,1491049838
2706374890653379686,991971,1491049833
75111891689552299,958625,1491049835
6740059137420491944,992529,1491049847
-2581194974738791989,992529,1491049874
7944478700500023532,992529,1491049834
-1989980975907210619,992529,1491049874
-7413379279793257030,992529,1491049816
-7925511434247152314,992529,1491049825
5457197252271633249,992529,1491049853
2073628086688538772,992529,1491049857
4762544497256726048,990461,1491049853
-1753699141203536360,992499,1491049855
7053483174325130673,992545,1491049820
8393715713763391501,992545,1491049844
-2737135898549921025,992545,1491049837
4231803853752095292,992156,1491049822
-4388304217207057760,992156,1491049833
8807852569598531329,992434,1491049829
-1743557747172960995,992434,1491049871
-3175469826914383800,422772,1491049862
410169010898877218,343971,1491049872
3380665714057031090,992423,1491049828
-4719125051556809055,992165,1491049825
6929371673985041411,992165,1491049866
2052996521385750641,992165,1491049835
-8999723432285370082,992165,1491049867
-5670607872544888427,992165,1491049873
-1179506943831169433,992165,1491049857
1757823517789595880,992165,1491049874
7905903263245888828,992165,1491049840
-8109707805014771986,992165,1491049862
8159902605175829824,992690,1491049853
-8773392595804010592,992054,1491049824
-751836025592551288,946338,1491049858
8053455510410269301,990246,1491049829
2845096583500796917,990246,1491049865
-8787815672846302685,932274,1491049852
-82945078772561151,992362,1491049824
233239244596543538,992362,1491049854
-4957227294934801876,992362,1491049868
-8478170348778049138,992362,1491049863
2511130296964293731,992362,1491049843
-5143755364401414500,992362,1491049847
1978372543813726773,992362,1491049818
-7501174197554402511,992362,1491049845
9090457216555747510,992362,1491049824
3818516872231799317,992362,1491049848
-4426435876655973546,992362,1491049836
4118640580513044488,990756,1491049870
6047638879634897555,991566,1491049869
1806145134943157564,991566,1491049862
-8636944129030424045,991566,1491049834
6485847985225501717,991566,1491049840
263960369722137666,991566,1491049827
-5408085925006007747,991566,1491049819
2421323257667357810,991566,1491049841
2116871706930443577,991566,1491049869
115312304954642504,991566,1491049867
-6517256085401791614,991566,1491049844
5759650524473404627,991566,1491049821
3171063690625542164,990474,1491049858
5121370441253017925,990474,1491049857
4827183527358781589,990474,1491049837
6384555379457726575,990474,1491049834
-4359676186976637398,990474,1491049863
-5836517901448842590,992263,1491049824
5072006125993989791,991381,1491049819
467545576483294,213380,1491049836
-8934963005717105697,991227,1491049858
6691247863249493855,346450,1491049826
-3374723303396944496,988274,1491049837
5484076257451248945,992548,1491049834
2138249096535207194,991739,1491049822
4207264014468411929,992589,1491049835
8393715713763391501,992589,1491049868
962318726567870680,992526,1491049849
-7413379279793257030,992526,1491049836
7944478700500023532,992526,1491049850
6740059137420491944,992526,1491049847
-2581194974738791989,992526,1491049874
6830281454105805592,992663,1491049841
-5143755364401414500,992663,1491049846
-8962159858334367546,992663,1491049815
-3436808394072300087,992663,1491049855
1048268618307380529,992663,1491049828
9001723756107390715,992663,1491049845
5092215891734352256,992663,1491049844
7161532144024698612,992663,1491049844
-3076417270326605772,992663,1491049847
-2286455575868234000,992664,1491049849
-4939637268513181755,992664,1491049821
-563823907922329499,992664,1491049830
-3436808394072300087,992664,1491049855
-3259652973772258437,992664,1491049868
6830281454105805592,992664,1491049841
-5323799191481999546,990448,1491049820
-8077153761499924686,992200,1491049829
5781555670925532516,992200,1491049818
-804077248537911515,992200,1491049858
-3538287288392645919,992200,1491049823
4911729060524109058,992200,1491049844
252139210905631437,992200,1491049850
-5481768381612691599,992200,1491049871
3766386430589571374,992200,1491049854
5294497669993549433,992200,1491049821
-6653763452518029284,992200,1491049828
-1496400999462813676,992200,1491049832
-3907207333087581334,992200,1491049820
3844722955319891306,937005,1491049844
7669406144052248021,992479,1491049853
-537280403660072145,992438,1491049850
-4096351630483537374,992627,1491049854
7246191435600135890,992678,1491049837
-1407260891757247733,983766,1491049842
6273112543912468437,991466,1491049867
-731113452498188158,992100,1491049873
-5313384986596043192,992561,1491049845
1555371088964479415,992561,1491049843
-2057391466433507752,992561,1491049815
1746066125669529813,992561,1491049840
2695026753886203095,992667,1491049836
1353279410350276636,992667,1491049823
-8478170348778049138,992667,1491049818
-1692594467490890831,992667,1491049841
-2047626510756666868,992667,1491049845
-8771240202313717688,992667,1491049822
-8017215876064524157,992667,1491049870
5720629601817604279,992667,1491049869
-9101116031294029470,992667,1491049838
-1102897723609166899,992667,1491049851
1491129235776246654,992667,1491049838
-540275574715269261,992667,1491049824
5306273576756831262,992667,1491049873
7349769861624228504,992667,1491049866
2320417414305171424,992667,1491049859
2883076552990967288,992667,1491049830
5970325911546199677,992667,1491049865
-5880179785804525558,992667,1491049849
-6973883862991944423,992667,1491049842
-1049608839731470203,992667,1491049857
8727451303116728453,992667,1491049857
-4388145526302956448,992667,1491049836
3639879821599378195,992667,1491049865
-5812555733814579371,992667,1491049828
-248537688722205516,992667,1491049827
-6155746119076909622,992667,1491049870
-3374723303396944496,992667,1491049830
-8701489411897666621,992667,1491049843
-7732329158600216575,992667,1491049822
2464835375844188090,992667,1491049864
8623629073160459955,992667,1491049857
-5180078297146192781,992667,1491049821
-6427338651625518872,992667,1491049843
1609268829497554844,992667,1491049841
-8306351353056592827,992667,1491049824
-3169524224879087786,992667,1491049863
-4080349301102923141,992667,1491049855
-6985952081141749813,992667,1491049840
-8907440880510829173,992667,1491049868
7837667196233285308,992667,1491049866
-1719237396395331674,992667,1491049870
5635612237953826850,992667,1491049818
4900494567599435275,992667,1491049872
-3337130119307610917,992667,1491049874
-6941910946683162959,992667,1491049859
-1836671322981139280,992667,1491049853
-1411506821272014390,992667,1491049874
-6593184907939929777,992667,1491049857
-3452212066014634827,992667,1491049851
2439534985122375030,992667,1491049836
1258259978040975030,992667,1491049830
5680068041721457534,992667,1491049864
-1340157983973373902,992667,1491049859
8007784894932856639,992667,1491049839
4485274198123457826,992667,1491049836
-4039658585623776112,992667,1491049864
-5508844737741184451,992667,1491049872
7283575522537066487,992667,1491049839
-4824396866256479620,992667,1491049855
1697245929129922379,992667,1491049863
-8411569061146924671,992667,1491049873
-5656780382920589695,992667,1491049840
-3914514466159169705,992667,1491049861
-3152313607501285266,992667,1491049870
-2515271944783175366,992667,1491049828
-7264879753094589143,992667,1491049866
-8001920221636627926,992667,1491049830
-3144562173215571271,992667,1491049836
-5777920160482872045,992667,1491049847
7951288767860429629,992667,1491049846
-8594512941115170090,992667,1491049843
7143398247163177341,992667,1491049858
-1768790533337714337,992667,1491049817
-7977892686669348668,992667,1491049847
-1701573276876013566,992667,1491049863
-1308397564327142742,992667,1491049848
3813309220936288162,992667,1491049857
3732709485298072298,992667,1491049863
7493430513719475455,992667,1491049836
1019482208040704976,992667,1491049824
432630520527485634,992667,1491049848
-5823103436123442128,992667,1491049818
-5177588885032325504,992667,1491049819
-1130221512798224243,992667,1491049840
-2164333924890220960,992667,1491049866
6379635883840748542,992667,1491049867
178217382935587121,992667,1491049830
3078396253533541429,992667,1491049853
-3669755643342924578,992667,1491049845
4418529807694146155,992667,1491049858
-7094385668980608107,992667,1491049821
6245407530278339465,992667,1491049866
6967012352794836954,992667,1491049852
8755382445281668450,992667,1491049868
-2551897740450340334,992667,1491049823
-8200068556904595490,992667,1491049871
9183893167888021040,992667,1491049870
5656435845711783247,992667,1491049845
999493012945123965,992667,1491049854
8752388488195949207,992667,1491049873
811383350951933808,992667,1491049842
7419886664302796787,992667,1491049864
-3939373841280855374,992667,1491049836
-5754778354585429001,992667,1491049842
7356757620683429390,992667,1491049843
-6475224770685999810,992667,1491049816
5866499575756944328,992667,1491049845
8995958322774954358,992667,1491049860
-995220664045487503,992667,1491049866
5239090662173092919,992667,1491049860
4561037160910288607,992667,1491049873
5523743033298228236,992667,1491049847
-1061602119051473542,992667,1491049847
5764694041193103688,992667,1491049825
1192739360161760915,992667,1491049871
-6987333895945934460,992667,1491049839
3345695456718443697,992667,1491049839
-4829341772375394808,992667,1491049843
8265875601862988261,992667,1491049863
-9162071097269934017,992667,1491049867
5063791012746663874,992667,1491049833
9089726209967404954,992667,1491049848
5782332737646613644,992667,1491049824
6935114037075940128,992667,1491049846
2987077242260033290,992667,1491049861
8914633331960348726,992667,1491049872
6327095915081529612,992667,1491049847
514286034685773236,992667,1491049858
2739995102285726018,992667,1491049862
-8738046471407333077,992667,1491049845
-203550384066730833,992667,1491049857
8262961551930851329,992667,1491049859
-2914550391493999351,992667,1491049836
-6997934272479823190,992667,1491049844
8492581189117562152,992667,1491049858
9092827171998880474,992667,1491049827
-7716549698954765322,992667,1491049817
-4340718520506951567,992667,1491049855
532268059342733506,992667,1491049837
4551269159490322002,992667,1491049833
4151837339053260046,992667,1491049864
-4832387021122558475,992667,1491049845
-8124300272286384919,992667,1491049824
-4328333973711643629,992667,1491049837
-4862795619640237734,992667,1491049823
521436506362960930,992667,1491049837
-8280991539482169588,992667,1491049870
-1083613441917732860,992667,1491049861
2213675257199528780,992667,1491049874
-1000557461779164236,992667,1491049818
-1493122211923906748,992667,1491049824
6202188913040426431,992667,1491049820
560141983755829376,992667,1491049831
-6634013659824739006,992667,1491049844
-7263584918363063009,992667,1491049848
8483005757326945063,992667,1491049860
-1959602831047456707,992667,1491049870
-1362976480117599420,992127,1491049860
-62730475761334823,984010,1491049862
-6705657121767062875,992652,1491049845
-4607827364542870323,992652,1491049846
-2000748854248697026,992652,1491049840
-6491266167234361765,992652,1491049829
2481672313322927596,992652,1491049839
-1936792801454645205,992168,1491049832
-5836517901448842590,992168,1491049866
5926633926211526179,992168,1491049844
393905992774753045,992355,1491049836
638137806713352850,992355,1491049827
-2238680592020593847,992355,1491049822
-4462595928185362429,992355,1491049874
-5987155469898382959,992355,1491049838
1700887694422993233,992355,1491049828
3558789931385197253,992355,1491049858
252139210905631437,992355,1491049822
-7378468748085057612,992355,1491049853
-3934004250508492589,992355,1491049830
-3186007407020647525,991844,1491049873
-4292263428032999712,991844,1491049841
-2497380440019417434,987911,1491049866
3243467943669022890,992312,1491049864
-8522064947113131759,992240,1491049833
-7707514701104588749,895648,1491049863
-7108878412356268388,980473,1491049837
6308612813270924660,992658,1491049854
7353481262775080379,992658,1491049853
-825874525096627682,992658,1491049834
437745162742533681,992658,1491049851
-7548894967758178404,992658,1491049867
5760107122361936924,992658,1491049859
4908928657918995209,992658,1491049833
3651375918571998443,992658,1491049832
-3635628033886944517,992658,1491049865
1789894561861103386,992658,1491049842
-517134086212936596,992658,1491049824
5280862569078044196,992658,1491049833
-8979772733693290981,992658,1491049848
-790698082968964354,991935,1491049822
-2513593137009352424,991935,1491049854
-836336249946078319,991935,1491049831
2009653239055973966,991935,1491049844
6440519617459789172,991935,1491049844
8542892794791531040,991935,1491049851
-3804106986388578563,991935,1491049825
2352518999739145141,991935,1491049823
5793353360907247454,991935,1491049827
-925367952013548048,992444,1491049867
7697922635550210475,992444,1491049842
-7217870312860255336,992444,1491049865
1102227157568846638,992444,1491049835
-7759261211201075150,992387,1491049843
-4211455761664053850,991662,1491049836
-1537237663059278325,991662,1491049860
6067704112905752275,991662,1491049843
7915177275741281932,991662,1491049832
-4525695992325682701,992579,1491049862
4518039717185695040,992579,1491049868
-850523373561435541,992398,1491049874
-2297358342697392513,992398,1491049862
784816468602114696,915025,1491049828
4112983556984518124,990837,1491049854
5983165126334562580,990837,1491049829
-6463537057487982658,992650,1491049848
3589588444387516282,992650,1491049860
-508463604181618798,992650,1491049823
-6705657121767062875,992650,1491049865
-4607827364542870323,992650,1491049850
-4905168036401574793,992645,1491049826
-5408085925006007747,992645,1491049821
7975757984506341713,168543,1491049865
-7726941262686405603,926041,1491049821
4390765932876013793,992651,1491049839
3943180806498192018,992651,1491049827
-1809407797152014995,992651,1491049844
1715992484357975877,992651,1491049826
-508463604181618798,992651,1491049842
-6463537057487982658,992651,1491049849
-731065146475757354,992651,1491049818
625536004323085713,992651,1491049864
-6705657121767062875,992651,1491049865
-4607827364542870323,992651,1491049850
-8094848675608974851,992651,1491049856
4034860209796062193,992651,1491049864
-8889793657276758982,992651,1491049818
3589588444387516282,992651,1491049860
2661016231800029390,992651,1491049855
-4239314456198979868,992651,1491049826
-8876958344066339830,992325,1491049837
1415156648348479375,992552,1491049845
-5045341169610160709,991936,1491049817
784816468602114696,991936,1491049833
-3596167793033386020,992145,1491049874
8812915004396973151,992145,1491049868
1682474569910061511,992145,1491049843
7107504671073127098,991834,1491049847
-8752179260996108562,991834,1491049862
1308638964332597339,978401,1491049850
1107623615858647420,991697,1491049846
9038089814894004336,992656,1491049824
1751584797731092738,992656,1491049873
4818189133571779295,992656,1491049849
410169010898877218,343708,1491049817
-5897798821570882899,992586,1491049853
-9158761333585944942,992586,1491049873
-1850542075121342376,992586,1491049865
-1327907116188700709,985982,1491049835
6283585467144425357,992677,1491049858
-5439224696253132084,992677,1491049866
1089213236716058543,992677,1491049861
5302688578627129799,992677,1491049848
-8392582945488723762,992677,1491049854
6617573630267845157,992677,1491049840
5821162982181786158,992677,1491049829
4949782137945759536,992677,1491049829
2418068576347992194,992677,1491049874
-5547584431497248809,992677,1491049819
2782842171822043389,992677,1491049845
8935644936264115025,992677,1491049844
-8170636340022340978,992677,1491049830
-9125254143637951743,992677,1491049861
-2065207413224736307,992677,1491049863
-5653984834184821294,992677,1491049870
5215366438474784743,992677,1491049862
4072543962621753486,992144,1491049841
-751836025592551288,986556,1491049846
5798492898517844815,992622,1491049829
-4383112494363481479,992622,1491049818
8196921757844185802,992622,1491049847
4306612231951428720,992622,1491049849
-3871021157655812419,992622,1491049828
-4116504415412653030,992622,1491049840
-2440938030233564244,992622,1491049859
7257473139759282616,992622,1491049868
-3589959590613400913,992622,1491049847
-7554164067025634542,992453,1491049873
7671005287818765570,992453,1491049823
-3811585249984867240,992453,1491049868
6583162738422816325,992453,1491049845
-1977050962208660287,992453,1491049857
638137806713352850,992453,1491049827
4618630062666281641,991439,1491049827
-8480287127705389261,992534,1491049872
345160257251457130,992534,1491049872
2011084445576474594,992534,1491049823
7261168697302369942,992534,1491049822
-7144815804778604988,991567,1491049867
1162702972537993877,991567,1491049823
-5511516564779099991,991567,1491049857
3984165689235934780,991567,1491049870
6047638879634897555,991567,1491049869
-8300762426859126882,987650,1491049847
-6000041501242719264,992424,1491049868
8899155781801479724,992424,1491049842
6537603940064347970,992424,1491049867
838159200071693167,992424,1491049848
-2396463381230213656,992424,1491049869
-6633934025051359432,992424,1491049833
-5302247762400694504,992424,1491049825
-1648218208719386394,992424,1491049851
-5018898196056901982,992424,1491049860
5392031595758385259,992424,1491049869
-7732329158600216575,992424,1491049873
-4584376660871856007,992424,1491049847
-540275574715269261,992424,1491049871
5292479810120589840,992424,1491049860
-1824332868158936394,992424,1491049865
8404178294370161491,992424,1491049870
-4334993460584640172,992424,1491049844
-574074793892720314,992357,1491049816
-8478170348778049138,992357,1491049869
-4957227294934801876,992357,1491049868
233239244596543538,992357,1491049854
-8699039354555719958,991305,1491049825
-8699039354555719958,991829,1491049843
6348405376276996654,992323,1491049825
7905903263245888828,991931,1491049834
-7771715558092503891,991793,1491049864
4911729060524109058,992532,1491049820
-2505439575530322833,992532,1491049835
-3215168385928352192,991988,1491049837
-7614488132808037941,991988,1491049862
1455495051505886739,992681,1491049844
-8724172854729314114,992681,1491049859
-8860594089550394455,992681,1491049873
5046146265273854437,992681,1491049873
1536104382562937164,992681,1491049821
-2330705049223933383,992681,1491049864
-349833947825015029,992681,1491049830
722540802528951445,992681,1491049862
-8064001979849785029,992681,1491049826
2207745354636125324,992681,1491049859
5080371998415962274,992681,1491049872
4138258017917318637,992681,1491049822
-1627400540191766733,992681,1491049817
-8097023400684894688,992681,1491049820
2418068576347992194,992681,1491049857
-7677521844517383170,992681,1491049858
2782842171822043389,992681,1491049838
-8231487268344176909,992681,1491049835
-8170636340022340978,992681,1491049824
6571416143412930342,992681,1491049852
1438388868091000118,992681,1491049815
3182696440584078499,992681,1491049869
9002890879959645476,992681,1491049845
-7719827016236715404,987131,1491049840
-731113452498188158,992103,1491049868
2476834264617958717,992612,1491049844
-3292257242002929209,992612,1491049847
-3871021157655812419,992612,1491049841
-2497380440019417434,981936,1491049837
8365863862834108887,992578,1491049806
568492456921011554,992578,1491049867
2845518107327015741,992578,1491049840
7157440660869509742,988454,1491049827
-6801772252152648900,988454,1491049834
3679453406161094128,988454,1491049867
-3510030522811048518,988454,1491049848
-2670219807917024978,988454,1491049857
4395718851100387158,988454,1491049838
-1407260891757247733,988454,1491049845
7600131958576518483,988454,1491049863
7531635476181750909,988454,1491049828
9039772432528085065,992129,1491049839
6448246277277770288,992129,1491049844
2708290793158858602,992129,1491049824
-1362976480117599420,992129,1491049817
-1696459833236281767,977532,1491049863
-2106924376622394482,992294,1491049851
3283537821127472816,992294,1491049866
6840125056078138019,992294,1491049868
3319091143696469718,992294,1491049868
-836336249946078319,991428,1491049824
-8154799688434920334,991428,1491049825
-5481768381612691599,991428,1491049855
-8518138248599452112,991428,1491049868
7944518463197538715,991428,1491049846
-6376158549938211942,991428,1491049867
4057158288495856333,990376,1491049833
-5687240133914009581,991934,1491049845
-8384290569835405099,991934,1491049860
-3039999675012107191,991934,1491049863
-2181659851465811625,991934,1491049860
5821162982181786158,991934,1491049837
1213921982239096832,186935,1491049872
-7759900753755688119,346961,1491049823
9029515115055013817,991406,1491049858
50121913660966884,992318,1491049855
8819646436603349747,992318,1491049858
-9173077235435205534,992389,1491049848
884658842524873968,992524,1491049869
-7413379279793257030,992524,1491049843
1990875150657615724,992524,1491049863
-826817893556763608,992590,1491049829
8393715713763391501,992590,1491049868
-2737135898549921025,992590,1491049853
1005865965933125472,992265,1491049866
-2653038695924060929,992265,1491049852
7047565453354657631,980694,1491049845
-2207498911118900559,881727,1491049857
6049533716331042615,992141,1491049856
-3621375599316211679,979708,1491049829
7161532144024698612,992670,1491049844
-6069235417779006329,992670,1491049846
1048268618307380529,992670,1491049823
-3436808394072300087,992670,1491049847
9001723756107390715,992670,1491049843
-5080081604946717441,992670,1491049855
2765995517603641910,992670,1491049854
2040059342047673983,992670,1491049841
-3841682537329015695,992670,1491049836
2040059342047673983,992668,1491049830
1221369398395374163,992668,1491049824
-3436808394072300087,992668,1491049826
2999662245339355694,992668,1491049852
3296913869551047797,992668,1491049872
4895668762176069074,992668,1491049837
-5080081604946717441,992668,1491049833
-5284374405716721272,992668,1491049827
-2065207413224736307,992668,1491049868
-4003438437501544731,992668,1491049840
4817123036111530456,992668,1491049864
-4474420404593948389,992668,1491049866
-5872478886203004364,992668,1491049843
4222744786946632267,992668,1491049831
6444234994589145843,992668,1491049857
-1810940264643598569,992617,1491049826
-1622340159388257553,992617,1491049871
4796738984893067607,992363,1491049835
-8984346244800483663,992496,1491049861
1761268909153652015,992496,1491049846
1498041050725745140,992496,1491049841
5309587131640172878,992496,1491049837
1357343478693675049,988823,1491049869
-5445491503381221357,911440,1491049847
5392244125548215767,992010,1491049825
2415107925782501204,992010,1491049865
8201364261382769774,992010,1491049838
-2171678306260775772,992367,1491049849
190596600688832285,400549,1491049849
904250503786818075,986946,1491049829
4537346608996744333,991879,1491049829
7742872117549858225,991879,1491049825
4650576021810116694,991879,1491049815
134643375999460185,991879,1491049827
1767846815034132967,991879,1491049844
7038449844703355654,991879,1491049846
8262169317330350960,141321,1491049873
-3270308173342622647,948745,1491049815
-3362608867178689925,985563,1491049864
808440833893352920,992147,1491049823
-7762028419548490440,992147,1491049871
8906457244828678803,992147,1491049839
-8238300882118276508,992512,1491049835
4618630062666281641,991343,1491049870
6609935462543380690,66921,1491049818
8848620488861692266,992452,1491049858
-1038363147693101959,992452,1491049836
-1241941656428152097,992452,1491049874
-138223672317317830,992452,1491049861
-1690209983113284809,992452,1491049874
5840558780936521550,992138,1491049819
-6072591868104625622,992138,1491049826
3612105733872298047,991918,1491049844
5983165126334562580,992316,1491049844
3761524184805057130,992039,1491049818
-2255974117017901185,992039,1491049814
2899011985045716400,992039,1491049873
195567158350258210,992039,1491049851
-8696404248677358598,992039,1491049855
-6151089091433142602,992039,1491049847
-822173936413520235,992039,1491049831
3030413553919088746,992039,1491049832
4461099241991435343,992039,1491049827
5582529750338836151,992039,1491049866
-1513049277566875323,992039,1491049866
7100879995509286771,992039,1491049861
4639642332429266183,992039,1491049864
-3589959590613400913,992624,1491049822
-3550311636191654412,992624,1491049831
6366960768302991533,992624,1491049858
-6451427340529037261,992624,1491049874
4151837339053260046,992624,1491049830
-242118497264358898,992624,1491049848
7257473139759282616,992624,1491049864
6268933580200486198,992624,1491049867
-5294086764357352362,992624,1491049829
-936948225531560840,992624,1491049870
4306612231951428720,992624,1491049840
197256448593066524,992624,1491049846
8744679943542710618,992624,1491049863
4901197938769707262,992624,1491049829
1140753738142666370,992624,1491049874
8712431864450233264,992624,1491049857
8126564202557799096,992624,1491049874
5696447447799784760,992624,1491049834
3918029422886896860,992624,1491049863
3157568881661812365,992624,1491049847
-4273744719379306826,992624,1491049822
-2387671082499387205,992624,1491049825
4420859337947805674,992624,1491049832
8565649414634446225,992624,1491049873
4075287976654043145,992624,1491049857
-4116504415412653030,992624,1491049818
3431316959617700492,992624,1491049850
-2817042235516978565,992624,1491049839
5650853071638383300,992624,1491049857
-4814722823236255520,992624,1491049821
-1326590507972054983,992624,1491049868
-9202997474572066383,992624,1491049851
-7894072862437195327,992624,1491049851
3403866322518411340,992624,1491049873
-8096109658941078780,992624,1491049871
8836246432899842442,992624,1491049859
-5561272823459785310,992624,1491049849
9167973864824310720,992624,1491049838
5287545246252131142,992624,1491049833
-6873040530355650995,992624,1491049857
-5785001168071112983,992624,1491049851
3112957105521510172,992624,1491049866
-7224071376457885934,992624,1491049874
838112773080750269,992624,1491049834
-7582283611825819802,992624,1491049856
2463811239172338267,992624,1491049829
6033053625173189831,992624,1491049825
-7504449000070799167,992624,1491049846
2591768911600128339,992624,1491049848
-4173197916637818261,992624,1491049851
2049190853455476187,992624,1491049851
-8008383617059653912,992624,1491049843
6275804709348196097,992624,1491049830
7966475867737289004,992624,1491049817
4350018539657955134,992624,1491049837
-6281972956032619005,992624,1491049824
563576203427164103,992624,1491049842
-37822580062060366,992624,1491049842
-5605010413107701367,992624,1491049823
2974034685244401795,992624,1491049827
-9146183669303249500,992624,1491049819
5055831287827293815,992624,1491049874
1934599345478449002,992624,1491049844
1282985639123473863,992624,1491049827
-4495616932324273562,992624,1491049870
6283585467144425357,992624,1491049863
-3049870013641532411,992624,1491049853
-4969012264740033645,992624,1491049846
-5324707214853289924,992624,1491049835
4310698925332684463,992624,1491049850
-8564593650756951469,992624,1491049826
-4056133963842143558,992624,1491049835
-1994866645795089675,992624,1491049842
-9210401063460755280,992624,1491049854
6068367897174603425,992624,1491049864
8123660692317143792,992624,1491049852
-6552930349572712891,992624,1491049820
4320240404352213736,992624,1491049824
2314288103034969946,992624,1491049831
1978491596446345782,917057,1491049840
-4407387996353838571,992594,1491049842
1162702972537993877,992594,1491049875
2782454328685148016,992594,1491049819
-7211665893901830121,992594,1491049849
-8596171625608833890,992594,1491049828
-151002656338757246,992390,1491049856
4433204271121776156,992418,1491049866
4477478066032411007,420573,1491049833
966162748996091299,991727,1491049836
7967073064918138737,992084,1491049851
3815737244786192855,992201,1491049849
283257657377343553,992201,1491049873
-5836517901448842590,992183,1491049866
-8154799688434920334,991794,1491049848
-4523441171142335150,991794,1491049815
1897776886508406327,989738,1491049839
4001453309496117209,991703,1491049817
-3871021157655812419,992618,1491049828
-2440938030233564244,992618,1491049859
8196921757844185802,992618,1491049839
7347134545234516339,992618,1491049838
-3589959590613400913,992618,1491049847
-4116504415412653030,992618,1491049838
3157568881661812365,992618,1491049862
7257473139759282616,992618,1491049868
4901197938769707262,992618,1491049832
4306612231951428720,992618,1491049842
-4814722823236255520,992618,1491049824
1140753738142666370,992618,1491049874
-2387671082499387205,992618,1491049825
3918029422886896860,992618,1491049863
-4273744719379306826,992618,1491049822
-242118497264358898,992618,1491049848
8744679943542710618,992618,1491049863
6366960768302991533,992618,1491049858
3403866322518411340,992618,1491049873
-936948225531560840,992618,1491049870
4420859337947805674,992618,1491049832
5696447447799784760,992618,1491049834
4075287976654043145,992618,1491049857
-1753699141203536360,992484,1491049874
7962265815390271109,992221,1491049824
5293730895440373924,992221,1491049862
8102848665879574922,992221,1491049868
5520991519818368865,992221,1491049861
1772102217610883318,992221,1491049841
-575617196398284794,992647,1491049874
3076133402903923652,992647,1491049835
115312304954642504,992647,1491049828
3943180806498192018,992647,1491049856
-1809407797152014995,992647,1491049870
-5361440943871872414,992647,1491049821
1715992484357975877,992647,1491049860
6548029144419589805,986497,1491049839
-1743557747172960995,992448,1491049871
3078297207305026156,992448,1491049833
102174776764645980,992448,1491049843
3243467943669022890,992448,1491049846
-2817689277398201032,992642,1491049869
7799871315895685368,992642,1491049828
-4905168036401574793,992642,1491049858
6062861134703511080,992642,1491049832
-5408085925006007747,992642,1491049833
-8161944671701193795,405500,1491049817
2716904884273089211,340682,1491049865
3984165689235934780,992603,1491049867
3007987631494169020,992603,1491049862
-5511516564779099991,992603,1491049852
-4362470608548434943,992603,1491049827
-7477366471150214793,992603,1491049857
968985546536164655,992603,1491049831
2071153489935816081,992603,1491049842
-3871021157655812419,992603,1491049868
-3857967125104859296,992603,1491049831
8807852569598531329,992411,1491049838
5840558780936521550,992032,1491049870
-729089400317644549,193660,1491049856
2845096583500796917,991933,1491049865
-7592427955084196922,976822,1491049822
-2125929238345450247,976822,1491049842
-4590474253806709554,986789,1491049853
-2239720160240440698,992143,1491049824
5610119117272297338,991997,1491049835
-8264176205652725837,992160,1491049870
-5637928029279581609,992160,1491049828
6360368186376508215,992160,1491049815
-3671343749045497966,992160,1491049841
-8494204352864503927,992633,1491049853
7017260425772987400,992596,1491049853
-2360504765310710761,992596,1491049848
-164050264208840981,992596,1491049861
1162702972537993877,992596,1491049875
-4407387996353838571,992596,1491049842
-4688461798478177331,992676,1491049860
-998170782108655300,992676,1491049824
8293342294933831149,992676,1491049820
5248132265211434272,992676,1491049842
1221369398395374163,992676,1491049861
-8170636340022340978,992676,1491049833
-9125254143637951743,992676,1491049864
-2065207413224736307,992676,1491049864
5134545813631740350,992676,1491049866
2418068576347992194,992676,1491049874
1089213236716058543,992676,1491049862
-82945078772561151,992271,1491049861
6617952017798243962,992271,1491049859
-5472024932028572137,992271,1491049863
-4423393682998515202,992271,1491049840
3178320327159989274,992271,1491049820
2916096942363611235,992271,1491049820
-7075735658565691396,873786,1491049828
-9180879665352034500,991299,1491049820
-6551694220206051887,991803,1491049843
-7759261211201075150,992405,1491049818
4118640580513044488,990685,1491049854
8262169317330350960,141318,1491049873
4433204271121776156,992456,1491049833
-5089414901617504139,985024,1491049872
6138621065865037336,985024,1491049869
-4746575728663904418,992435,1491049861
-2966890976965874854,991545,1491049862
3710546429506003086,991545,1491049816
-5989218627455338623,991545,1491049818
-3214115089103271359,991545,1491049856
-2548693934095317456,991545,1491049855
6232614127435484103,991545,1491049818
-7950886748839483292,991545,1491049858
-214927149431892714,991545,1491049867
-3802042605960313324,991545,1491049843
-2751211244337374266,991545,1491049838
-6521304273033564059,991545,1491049820
7580977574816712710,991545,1491049868
-6254344902500234942,991545,1491049848
-2664295172758894338,991545,1491049847
-8564626263906166760,991545,1491049841
-1643183909046713039,991545,1491049844
-2943184776462516958,991545,1491049817
6234500760829612332,991545,1491049854
-5827807506516492432,991545,1491049842
-2680956818904151850,991545,1491049872
-4889686217425938047,991545,1491049816
-6645821940580613154,991545,1491049861
5309587131640172878,992520,1491049823
-7830713685537209040,992520,1491049860
-3610507400307292999,992520,1491049826
7742872117549858225,986921,1491049825
-6749774726857397162,992601,1491049866
-344754435710337864,992601,1491049867
6106372705967640069,992601,1491049869
-5315026751739148273,992601,1491049873
1162702972537993877,992601,1491049842
-5511516564779099991,992601,1491049870
6348405376276996654,992345,1491049824
7749368500500775405,914939,1491049838
8182492509999783217,992615,1491049870
1549137930834155859,992615,1491049859
-3292257242002929209,992615,1491049844
2476834264617958717,992615,1491049839
-3871021157655812419,992615,1491049839
6597523379866707437,992615,1491049835
8749628264320960758,992615,1491049857
6218914011803260861,992615,1491049852
-3596167793033386020,969920,1491049846
6788810987995058986,959745,1491049873
-6485430155028982986,944573,1491049873
2071404497350101820,990383,1491049840
-1515389239712755385,114417,1491049872
160899320598600610,114417,1491049861
-1362976480117599420,992125,1491049859
-3175469826914383800,992370,1491049859
2538868860135134203,991683,1491049841
-5489930707533340456,991683,1491049868
-8249204951716948428,991683,1491049858
1615711012805122776,991683,1491049849
-2867224106872527260,991683,1491049841
6913503206652486262,991683,1491049845
2481672313322927596,991683,1491049862
8213750145432296647,991683,1491049840
1202033773855522042,992061,1491049872
3357245722642629789,992575,1491049845
3829618772688034509,992575,1491049856
7596514930335764618,992575,1491049847
-6222623386784565034,992575,1491049841
118102525443910113,992575,1491049833
-7981788378884091920,992575,1491049868
-7235587151144206906,990070,1491049874
-1191318177399648611,990070,1491049829
-3494495464216959189,990070,1491049869
5529049184808578930,990070,1491049852
5915487944783764598,990070,1491049865
6670069253682148670,990070,1491049822
-7074009026191244390,990070,1491049836
7014033260362197895,902397,1491049873
-8161944671701193795,404403,1491049829
-8650266126751010630,977315,1491049840
-1696459833236281767,977315,1491049826
-7108878412356268388,980431,1491049869
6278297722004532203,984739,1491049873
-222788818819049605,992359,1491049870
7403612316151561596,992359,1491049849
-3703648446495469147,992359,1491049831
6048888872664546716,992359,1491049823
-1546319491918330946,992359,1491049834
1287540182789659543,992359,1491049846
7967073064918138737,992081,1491049851
-731113452498188158,992098,1491049873
3924363546884221394,987646,1491049822
-7024988484095834323,86533,1491049814
4231803853752095292,992158,1491049855
5266439129905142093,992408,1491049867
7749368500500775405,941837,1491049824
-7759261211201075150,992380,1491049843
3371941194048645341,992570,1491049825
6601816463575006047,992570,1491049849
-7089147709255814763,992653,1491049849
-2000748854248697026,992653,1491049840
-6705657121767062875,992653,1491049837
714290151364750236,992653,1491049830
-4607827364542870323,992653,1491049839
4723785435327624291,992653,1491049871
-8226030148227742312,992653,1491049856
-8617792976276797642,992653,1491049839
9064178429882176876,992653,1491049834
-5940332130666855736,992653,1491049873
1450812317442331627,992653,1491049837
4854289441579123945,992653,1491049872
1758445205192143763,992653,1491049858
-5547051435158663240,992653,1491049844
1371798895287054581,992661,1491049821
-5964954518716762717,992661,1491049870
-349833947825015029,992661,1491049846
-4352981653463235034,990105,1491049869
4637227464301829737,992657,1491049845
-5547051435158663240,992657,1491049830
-4607827364542870323,992657,1491049820
-8226030148227742312,992657,1491049850
437745162742533681,992657,1491049869
4116222232927250025,992657,1491049840
1812836523492252601,992657,1491049874
6106372705967640069,992605,1491049820
-5511516564779099991,992605,1491049870
1162702972537993877,992605,1491049830
3984165689235934780,992605,1491049872
-6551694220206051887,991775,1491049843
7412444961094103412,991943,1491049851
-5932722758051072150,991943,1491049873
3844722955319891306,936838,1491049844
-5747601476766060670,936838,1491049862
4477478066032411007,908502,1491049833
-2889459877641731914,991847,1491049817
-1537237663059278325,991395,1491049859
-822173936413520235,991395,1491049824
1700887694422993233,991395,1491049839
-5473635982939811731,992374,1491049844
-9014388531725789660,985575,1491049846
-1155921453374009027,991993,1491049853
-925367952013548048,992460,1491049868
-7202544547114871186,992460,1491049816
-3158366255812792188,990729,1491049815
8411375761026396535,992173,1491049849
-8522064947113131759,992467,1491049826
-4684060178039024184,992467,1491049815
-7692152361062799466,992228,1491049870
-3413737109136328116,991228,1491049865
-1635839754591793201,992050,1491049864
4819912394359022917,992050,1491049818
-5475989857511891975,979752,1491049871
-2207498911118900559,881736,1491049857
-1019332419552969478,985209,1491049861
-405175683804371334,985209,1491049827
4762544497256726048,990440,1491049865
-3362608867178689925,985615,1491049864
-3237562461326334565,144657,1491049829
5840558780936521550,992062,1491049854
1323252992569390663,992311,1491049822
3945086540260821857,992311,1491049835
6813084005244420304,991989,1491049825
677716338282226614,991417,1491049852
-5932722758051072150,991929,1491049870
-4924141156863697271,986274,1491049820
1614028642883868274,992088,1491049844
-8970072918137842222,992088,1491049826
-168806080597658649,992088,1491049867
-2587915150699378440,992088,1491049871
6548029144419589805,992088,1491049829
-1215120627966883103,992088,1491049850
421383674332500391,992088,1491049870
-6151089091433142602,992088,1491049835
8116356859124702779,992088,1491049862
-9146492804241543245,992088,1491049821
1785685934043868708,992088,1491049831
1221369398395374163,992088,1491049870
-2921869954073178300,992088,1491049851
-4670180952791129948,992088,1491049868
7336746895138688919,992088,1491049875
-4343382432667204415,992088,1491049862
-6487172712814718028,992088,1491049821
-5620294918909080067,992088,1491049861
-8948341889826485641,992088,1491049869
-7048644690152648703,992088,1491049872
7518661632465428788,992088,1491049838
-7440655142202774019,992088,1491049869
4885608014370010642,992088,1491049830
8899918707271192846,992088,1491049824
4586255999371481943,992088,1491049838
9108894580884431425,992088,1491049853
-2744033271605063364,992088,1491049828
-3938544751106064091,992088,1491049828
-3102220915501126620,992088,1491049869
6357861736415490457,992088,1491049832
-3773373172877508482,992088,1491049821
342787402712338307,992088,1491049840
5132256160099982538,992088,1491049857
-2235942034640089382,992088,1491049823
-2345295088631171533,992088,1491049867
7903490986638339039,992088,1491049861
7701429330406737185,992088,1491049859
-2181659851465811625,992088,1491049847
-8611646093777420471,992088,1491049846
8070152381798468501,992088,1491049837
-8377783599440929709,992088,1491049847
2651989846981595964,992088,1491049855
6362982291834284881,992088,1491049863
-2592635087456309550,992088,1491049847
7947579732740746399,992088,1491049821
7448781345533487179,992088,1491049862
-1200416090127308950,992602,1491049845
6062861134703511080,992602,1491049838
5983165126334562580,992602,1491049860
-4905168036401574793,992602,1491049858
-7089147709255814763,992602,1491049875
-5361440943871872414,992602,1491049853
8520802164379292190,992602,1491049837
-4062180582408883218,992602,1491049857
3924363546884221394,988070,1491049821
4988399047255182778,879269,1491049845
-4007331219972442309,889165,1491049848
4309862067759297204,992674,1491049864
-8411569061146924671,992674,1491049843
4222744786946632267,992674,1491049831
4817123036111530456,992674,1491049863
-4474420404593948389,992674,1491049866
-4003438437501544731,992674,1491049840
6444234994589145843,992674,1491049857
1221369398395374163,992674,1491049837
-2065207413224736307,992674,1491049865
-3894049344968729429,992674,1491049840
-3537286500060400416,992674,1491049863
-8535596403885256590,992674,1491049832
7764256534097945406,992674,1491049832
-4585081057991378530,992674,1491049847
-8171948451159015416,992674,1491049817
4625877681875023128,992674,1491049821
6060289879962484020,992674,1491049819
-998170782108655300,992674,1491049850
7671032285067189210,992674,1491049872
1759676421548130044,992674,1491049864
573607300038615996,992674,1491049857
-6745383657122471990,992674,1491049859
864378239995862724,992674,1491049841
-7665410980093821626,992674,1491049827
6763585730831250063,992674,1491049826
8955982925595021793,992674,1491049854
-949935485868174133,992674,1491049845
5166998952242245231,992674,1491049841
5274598053522207616,992674,1491049834
-8170636340022340978,992674,1491049845
-8699039354555719958,992239,1491049860
-4352981653463235034,990765,1491049870
2641538631599152368,990765,1491049824
-2515271944783175366,990765,1491049850
6500182534606759371,144382,1491049842
5562177562540722452,144382,1491049848
-6604911203502103258,144382,1491049858
-5913270013351775395,144382,1491049826
2782454328685148016,992598,1491049819
-8596171625608833890,992598,1491049828
-7211665893901830121,992598,1491049849
1162702972537993877,992598,1491049846
-344754435710337864,992598,1491049867
-5315026751739148273,992598,1491049873
6106372705967640069,992598,1491049869
3068845207669740584,992572,1491049836
8331606270979308205,992350,1491049853
-8161944671701193795,404541,1491049873
-7105865015772392079,989385,1491049836
6352558379200032462,989385,1491049818
4836928582173857330,989385,1491049848
-668023543612968484,989385,1491049821
-1081829026996728529,992506,1491049817
7053483174325130673,992506,1491049846
-2737135898549921025,992506,1491049850
8393715713763391501,992506,1491049853
8366869977597492891,992506,1491049868
9132524027538723813,992339,1491049873
-4582614898473246324,990141,1491049815
-5089414901617504139,983535,1491049872
1202033773855522042,992059,1491049872
-5499527030570801685,992459,1491049872
-5248816652963493226,984106,1491049873
