-3681520786977110023,990250,1491885943
-4546673353838812310,996101,1491885959
-303817466985151858,996413,1491885971
1739164109990928373,996413,1491885957
6358459265548517073,996413,1491885922
2873484110978581140,996413,1491885964
5746126025419056022,996413,1491885935
-5255158321735915513,996413,1491885954
8496913165396716315,996413,1491885935
3552014562212770472,996413,1491885936
7947953996187137602,996413,1491885932
-6269716917126085335,996413,1491885947
1074282422030851064,996413,1491885938
-2723987941332998011,996242,1491885955
-5731318136381066555,995422,1491885977
1659536110143872551,994256,1491885964
5075439870526293659,994256,1491885952
3345701511002071362,994256,1491885936
-1806819899781463211,994256,1491885977
6250908723808580426,996233,1491885925
8424295501256239686,996233,1491885963
6603237445607895275,996233,1491885929
7369865892399414474,996233,1491885948
-6630568722918635420,996233,1491885950
-2105726672404668258,996390,1491885979
-6301716794795996504,996390,1491885929
6236799536381474357,957509,1491885957
7668241398542340094,996131,1491885940
1830656493385316586,994405,1491885972
-8557036647601884632,995661,1491885920
6456850260531024028,996342,1491885934
-5062401910402967393,996342,1491885928
-7242231716344147441,996342,1491885974
-5068833531094915328,996056,1491885957
5088895425372930716,995517,1491885953
-6662396542489620831,996481,1491885960
-4792897530511792176,996481,1491885955
-5714195081377436584,922060,1491885948
-6178849322011196335,914473,1491885976
559385776931041886,996582,1491885976
-5483145220188997427,996488,1491885977
-1061500171932183932,996488,1491885975
1697986466099438425,996647,1491885921
908372709822196226,996647,1491885939
-8238638336559512036,996647,1491885952
6435393536776307523,996647,1491885939
-1325549629219006694,996647,1491885930
8655752727986364891,996647,1491885954
-1847296739209223864,996647,1491885963
-2518951806347378406,996647,1491885980
-1114476047465725670,996241,1491885920
-6833655705778916838,995748,1491885966
-2427617679710356046,996579,1491885925
6619914710844950092,996579,1491885933
1976660860308741875,996579,1491885922
-4713430631310779577,996579,1491885927
7699340501019704073,996579,1491885953
-8272766123152893058,996603,1491885962
9002916176907187791,996603,1491885933
1389158957418412442,996603,1491885955
-5158257030829276811,996603,1491885940
-375939230190460148,996603,1491885947
-7242231716344147441,996603,1491885955
8425924858346399770,996603,1491885951
1941780169695305314,996603,1491885963
3591482286931600123,996603,1491885945
-5013069584481597589,996603,1491885957
-8853844530051284592,981437,1491885966
-2266104595236270401,993004,1491885925
-687460484047359889,996207,1491885922
-250589402700270139,996207,1491885962
3785716862209747143,996525,1491885935
-5554096823238976235,996525,1491885940
-3173506044185075013,996525,1491885931
8273759389790284450,996566,1491885922
4008485444476137260,996566,1491885960
8949540638640701649,996566,1491885945
4036861753047083068,996566,1491885979
4013699354511500672,996566,1491885963
-7766575338208603001,996566,1491885940
-6411908904455361626,996566,1491885943
304819199537478910,996566,1491885949
-2761835529348324864,996566,1491885949
342913522194900121,996566,1491885945
7928793935288790085,996566,1491885949
1728425246875635428,996566,1491885953
7598227624093417550,996566,1491885962
-6196279057918698459,996566,1491885959
5756615448270790244,996566,1491885956
-8945986458789526353,996566,1491885943
297868037031483609,996566,1491885966
7799826681955307619,996400,1491885945
9038900098559138797,996400,1491885945
-4590845209228262286,996400,1491885974
-8813159871609593771,996400,1491885956
3347183465131070736,996400,1491885931
-9191715197377683900,996400,1491885966
-1139351919984423042,996400,1491885921
136855138919400424,996400,1491885929
2744364008409839757,996400,1491885925
-3897523933125343614,996400,1491885934
4308402979814765938,996400,1491885952
-3025664282620474389,996400,1491885975
5734302827333238504,996400,1491885926
2989348952934639894,996400,1491885931
4834827131893012588,996400,1491885920
2232046330160319707,996459,1491885928
-1850501534918177156,996459,1491885967
-5142768891586720297,996459,1491885965
-8762185390484592349,996459,1491885961
7710701943658143222,996459,1491885974
-3078977939318334559,996459,1491885937
-3944583178859393664,996459,1491885946
4120103567658509248,996459,1491885926
-7021460865922198112,996459,1491885949
-2435816759402330400,996459,1491885938
-3074371989290331168,996459,1491885976
6631667777317696757,996459,1491885970
8442546083985478055,996459,1491885936
-1605683454235171123,996459,1491885948
1390893103760931699,996459,1491885930
-1821659686589108425,996459,1491885978
-3103418475026670549,996459,1491885920
-6308668402171518500,996459,1491885964
5369957647332120775,996459,1491885921
8531546397821758335,996459,1491885922
4694606740792623127,996459,1491885958
-5252621967251782875,996459,1491885966
-4580649757513818360,996459,1491885953
-5048323088323441789,891970,1491885937
-1652110316596612310,995025,1491885953
3085505632562045450,994454,1491885944
-1564099959301280077,994454,1491885952
-8343676870322880806,994454,1491885968
2642367415206949235,994454,1491885943
4351290830782069203,996159,1491885959
-7580300714627592789,996624,1491885956
8118200386069688199,996624,1491885979
-3300633712260391817,996624,1491885951
-4462324643079399118,996624,1491885948
9221802103367426502,996624,1491885926
1445673222807477663,996624,1491885962
3294675426730845174,996553,1491885933
2232815091820304319,996553,1491885976
2405722890341680552,996553,1491885971
7550491085705581753,996588,1491885944
2946346288248292553,882762,1491885970
6909506302131735007,946575,1491885974
4709334276959091135,995000,1491885940
5602241518336641765,988680,1491885933
4653257689267130103,996505,1491885925
-980729036533584789,996505,1491885952
28335740897521070,996505,1491885969
5887529887152352454,996485,1491885922
5178681823477635024,996485,1491885940
-8919372571701169055,921712,1491885937
7668241398542340094,996086,1491885955
9097264818445815909,996585,1491885976
5019650169519843191,996585,1491885970
-4519269300963760121,996585,1491885961
559385776931041886,996585,1491885959
6937466740772381756,996585,1491885941
1353889006271908351,996585,1491885979
-6301716794795996504,996397,1491885928
-4492993857474198819,994963,1491885963
-814916995837151964,996079,1491885957
-386890865990395235,996079,1491885922
-1880173644000840369,996079,1491885951
5982411272221451912,996079,1491885951
-3842577088235150338,996079,1491885939
-4826501609712743832,996079,1491885941
2136219378012010294,996079,1491885967
-9078012539627327961,996079,1491885965
7193390838388387664,996079,1491885925
-7364640695448295438,996079,1491885921
-4533865423537480571,996079,1491885935
5602241518336641765,996079,1491885931
1041707740179217926,996079,1491885955
-7103507368532028806,996079,1491885974
6177531286765921862,996079,1491885927
1390893103760931699,996079,1491885920
2278586723823525345,996079,1491885932
-3069314878152735635,996079,1491885966
-6778573364810890907,996079,1491885933
8508796894697558028,996079,1491885960
7855815174543461081,996079,1491885960
-1811509195183492437,996079,1491885955
9087148903088482941,996079,1491885974
3038453992687676809,996079,1491885935
3739929278352767975,996079,1491885955
5982631610508313162,996079,1491885968
-3607439844012346430,996079,1491885926
4624260010282367651,996079,1491885950
-5323117533190697577,996079,1491885928
-2745131381021565953,996079,1491885977
3292583188944554204,996079,1491885932
-7969786641808662759,996079,1491885942
2593102598531917053,996079,1491885950
1836102500080878458,996079,1491885978
7517557043605246509,996079,1491885971
-8145118604730873616,996079,1491885921
-4519063006680458181,996079,1491885962
-4721130800058198882,996079,1491885976
8845399557897022889,996079,1491885978
-5894404723379491404,996079,1491885946
8577864496603715638,996079,1491885930
-3761811591353736020,996079,1491885955
-995910096002239307,996079,1491885944
-1313062197233073311,996079,1491885945
-7194935242792288630,996079,1491885941
-8799950894197814607,996079,1491885938
-7523749249832524590,996079,1491885957
7715878808521003315,996079,1491885956
1811621547335357744,996079,1491885961
-6170771179068245935,996079,1491885951
-942214642540399923,996079,1491885967
-1895068147061128519,996079,1491885949
5995680259019260621,996079,1491885938
7128266648661465731,996079,1491885941
-1057343735858307215,996079,1491885943
4334350017503706000,996079,1491885944
-2529251929849763693,996079,1491885979
2929245447662505689,996079,1491885968
1237663275438435214,996079,1491885958
8206739818347081356,996079,1491885968
-5459101727595302474,996079,1491885925
8437874857152327002,996079,1491885922
7965562958709845609,996079,1491885938
3271943297758154251,996079,1491885973
1765978113673906178,996271,1491885942
-5517169363826238539,996271,1491885967
6856768149534581536,996271,1491885963
4407648430775697488,996271,1491885975
-5194710834608848200,996271,1491885974
-9061482711405885863,996271,1491885949
4436036628979802731,996271,1491885937
2136219378012010294,996630,1491885967
8883736528279773731,996630,1491885942
-2934531523676918050,996630,1491885957
-3128531823395874833,996630,1491885933
8223158167508487999,996630,1491885954
-1482986319627641850,996630,1491885979
-1850694357112872847,996630,1491885969
1948293318297157591,996630,1491885963
-547015653040842951,996630,1491885947
1491290460241567212,996630,1491885945
8205106000622974714,996630,1491885940
674336691790685801,996630,1491885935
1161391527570562995,996630,1491885975
-1410737013226584600,996630,1491885950
-3097012527981322186,996630,1491885931
-1346440185194252573,996630,1491885951
-5935152080839132007,996630,1491885923
6323475804835882857,996630,1491885978
4984399910642507263,996630,1491885971
3173893530220598669,996630,1491885965
-2832838421144264987,996630,1491885934
-995910096002239307,996630,1491885961
6009651651252624565,996630,1491885925
8500257560899208712,996630,1491885939
-583660172672099968,996630,1491885932
-3123079106738345344,996630,1491885973
-8337917971360269680,996630,1491885921
3563900231761083162,996630,1491885937
1697441515966776275,996630,1491885934
-4580649757513818360,996630,1491885958
-2010943646337690427,996616,1491885973
-2453577791627113115,996616,1491885961
-5077659775636973927,996616,1491885976
-4939310891046665016,996616,1491885947
7467962899798732394,996616,1491885934
8360933425820260987,996616,1491885966
-245988102350089491,996616,1491885948
8185867019355849315,996616,1491885929
-657730304286850519,996616,1491885955
-1537934744685471272,996616,1491885968
7110717219640674795,996616,1491885960
-2619778862735684979,996410,1491885933
-8581844608247006399,996410,1491885956
98828300366717686,996410,1491885944
-6301716794795996504,996382,1491885957
-3346447018553608842,996382,1491885973
6882244981308343061,996221,1491885952
-5464965546336173718,996221,1491885924
-6839062418648707460,996337,1491885963
6283604071891534640,996337,1491885967
-2317357076560657046,996337,1491885927
5225736174977943412,996337,1491885962
-7336557838536940890,996337,1491885950
4133646763391460330,996337,1491885942
2543473988086979089,996599,1491885950
3433423240937021198,996599,1491885921
4297369346122362730,996599,1491885933
-7378963802610519466,996599,1491885976
4412084104367967673,996599,1491885924
8599958523718619482,996599,1491885941
-8452913511999801966,996599,1491885954
-7115885891461161278,996599,1491885958
4549390521013243443,996599,1491885930
6522773857387761835,996599,1491885966
8425924858346399770,996599,1491885973
-8802204298611943926,996599,1491885927
9002916176907187791,996599,1491885946
-7242231716344147441,996599,1491885966
-375939230190460148,996599,1491885958
-8272766123152893058,996599,1491885971
1389158957418412442,996599,1491885955
-1171204908440045370,996599,1491885947
8306176751314897143,996599,1491885975
-5158257030829276811,996599,1491885940
-6213420366477584937,996599,1491885945
-4099769208329933584,996599,1491885964
-858600697106845121,996599,1491885924
7570849198776983441,996599,1491885977
-2146651610705544106,996599,1491885964
577232468249624042,996599,1491885939
-6493468032032749428,996599,1491885960
5716925994552475980,996599,1491885921
-8903506623572021034,996599,1491885945
4162756150937169821,996599,1491885948
5887529887152352454,996458,1491885959
-3405849820188264222,996458,1491885975
8319948946798999578,996405,1491885951
8733560571581923642,996405,1491885975
2982055238287443885,996405,1491885966
7964280142233981249,882057,1491885962
-7997686754439173964,995126,1491885978
4528289105959196636,345257,1491885921
37559690063571863,996489,1491885928
7881602260297326894,996489,1491885978
-1861080156057493696,995427,1491885953
-7949001088196347858,995833,1491885922
7104529591123123387,988454,1491885937
-1527537904674541682,988454,1491885933
-2708617056209918977,988454,1491885941
-7891662189842373202,988454,1491885967
-4957157275551647128,988454,1491885943
-8337665039306002031,996119,1491885921
5042674995940703135,996119,1491885931
5459603251416352956,996119,1491885944
5401316723106234949,996181,1491885924
-5768080026216357044,996181,1491885958
1676360567001199918,996181,1491885972
2146834441186463087,979331,1491885951
-172904783141222189,995589,1491885942
8600121891741691199,995193,1491885958
-7399767084470434067,995193,1491885964
-2448723723682067936,996112,1491885962
3085505632562045450,891293,1491885944
-1564099959301280077,891293,1491885952
-8782626793406756697,996621,1491885928
7110717219640674795,996621,1491885960
-5077659775636973927,996621,1491885927
8360933425820260987,996621,1491885948
-245988102350089491,996621,1491885942
2100074158206073159,996621,1491885946
2448962715535344216,996621,1491885934
-6957651305607193169,996621,1491885930
8912090812005605311,996621,1491885921
-6358817570838250781,996522,1491885966
7533832767851932087,996522,1491885935
-3442065276703283266,996522,1491885955
-9013561180190330772,995723,1491885927
2155328850761001797,996625,1491885952
-3443227879520648589,996625,1491885978
3529268176950477133,996625,1491885977
791395685110588975,996625,1491885960
-5414818266970458640,996625,1491885929
-8552354243623061371,996625,1491885950
-7726944416540985259,996625,1491885945
8360933425820260987,996625,1491885921
9053065347618369454,996625,1491885955
-4451083049787214144,996625,1491885933
4221267106844916588,996625,1491885933
7161026650339618205,996625,1491885941
-6194438977445088978,996625,1491885939
-433148837879172151,996625,1491885976
-2836988436435314653,996625,1491885979
-2197019948390759004,996625,1491885961
-3300633712260391817,996625,1491885951
8118200386069688199,996625,1491885979
-4462324643079399118,996625,1491885948
-1538628113576744934,894018,1491885968
-6690842148766267970,996657,1491885927
-3735274323773671500,996657,1491885974
-1022793548409643941,996185,1491885948
-2849367974275123954,996430,1491885953
7947953996187137602,996430,1491885948
-8200701023161065673,996430,1491885948
-6106088103347050205,996430,1491885974
716826872649051698,996430,1491885978
9107150872078599955,996430,1491885928
5487793816406800352,996430,1491885975
-3758720596575177403,996430,1491885943
5727768484491453766,996430,1491885952
877947561884377770,994428,1491885931
-6269716917126085335,996244,1491885939
-587435638313264440,996244,1491885974
3483712242912520915,996244,1491885936
2661496916718984595,994431,1491885959
3135073789974143896,996214,1491885950
-6137771282571323296,996386,1491885934
-7242231716344147441,996386,1491885956
4654680431987982045,996293,1491885950
8663182112394452462,995985,1491885971
-737030631350361167,995985,1491885967
-1997235606559952240,977031,1491885945
7384326933668792863,996644,1491885976
-1098223708657746349,996644,1491885921
908372709822196226,996644,1491885941
7651054396784429420,996644,1491885930
-5616559209583304679,996643,1491885966
5071577870204795506,996643,1491885927
4035136874859841722,996643,1491885922
4709563978757351501,996643,1491885923
-1098223708657746349,996643,1491885923
-6864111955100118406,996643,1491885931
3130347389210830496,996643,1491885959
-1927750046124614689,996593,1491885950
-3532679598026958154,996593,1491885922
-4278995282284317368,996593,1491885944
1976660860308741875,996593,1491885959
-7142275960215269971,996593,1491885943
-2427617679710356046,996593,1491885966
485952689134579157,996623,1491885934
1978702443215850077,996623,1491885937
5579323174826674666,996623,1491885946
-245988102350089491,996623,1491885927
8360933425820260987,996623,1491885929
-3443227879520648589,996623,1491885978
3529268176950477133,996623,1491885977
-4580649757513818360,996623,1491885968
1926597071925517418,996549,1491885979
5164462512370410732,996549,1491885949
1760523513344969548,149554,1491885976
8319948946798999578,996344,1491885951
7909118492067911549,995328,1491885936
-2620058725951972481,995893,1491885974
-2109791940939887047,948799,1491885927
6855158631646139555,996496,1491885944
1619550217776473593,996496,1491885957
3731548663353910423,996496,1491885945
-4008293856298132483,996496,1491885964
2795390737727943665,996496,1491885925
-8428185778561184753,996496,1491885978
-4634776331521260572,996496,1491885949
4058318870586311809,996496,1491885929
3560770483918287581,996496,1491885971
6359665174725797243,996496,1491885926
7881602260297326894,996496,1491885941
2775819279921712076,996496,1491885977
-3037793431388585830,996496,1491885946
-1096849030697367514,996496,1491885937
7981233953003053402,996496,1491885937
-1456898549039015681,996496,1491885949
-8655206327695157633,996496,1491885969
5686023341749084810,996496,1491885927
-6535728916433003962,996213,1491885960
1051815054027826471,996213,1491885975
7373583565534311608,996213,1491885948
-205342290722377268,996213,1491885967
768949551521785024,996213,1491885976
-5143008926336664057,996213,1491885943
2912623440901242178,996213,1491885965
-4093751335945405958,996213,1491885921
8424295501256239686,996213,1491885971
-626749455943164315,996213,1491885921
-2732445035828359302,996213,1491885963
4678738733086559645,996213,1491885945
6603237445607895275,996213,1491885936
-8909473061069323004,996213,1491885937
7346581429350730973,996213,1491885924
-2862534844140847459,996213,1491885926
7650543601764170228,996213,1491885957
-1272128510919451528,996213,1491885979
-8326218040614579298,996213,1491885938
-7080641332778252839,996213,1491885977
2488166020026918777,996213,1491885942
-7015289161681387967,996213,1491885951
-8725671276389535913,996213,1491885956
5391192104325846118,996213,1491885950
-1552442394760565142,996213,1491885926
-7099861918493048545,344874,1491885926
7881602260297326894,996494,1491885938
1294438152602704089,992800,1491885930
-2254151589694489478,992039,1491885978
7448363114125054148,989653,1491885941
958343950006098732,996495,1491885955
582449656702247975,996495,1491885966
-1179036729971487958,996495,1491885958
2972069047192930446,996115,1491885941
3510568642227302275,996547,1491885959
7523011181861803063,996547,1491885973
-3907524506417929038,996547,1491885957
3294675426730845174,996547,1491885972
3640248320562437290,996547,1491885962
8756426492747548995,996547,1491885965
-7106797585331988409,996547,1491885930
-7784023273776723607,996547,1491885959
7866128746547736539,996547,1491885962
5012844017669333074,996547,1491885921
8796627340288963113,996547,1491885945
-8708879913383226596,996547,1491885977
7877018515339773847,996304,1491885930
-2318068392520106200,996304,1491885954
-3200966787088748490,996304,1491885950
-1580456454404672161,996304,1491885973
6900668364695487461,996258,1491885968
2778436996604003960,996258,1491885936
-2649267901714093051,996258,1491885975
-7240156395256547719,996600,1491885925
-8802204298611943926,996600,1491885941
-375939230190460148,996600,1491885968
6522773857387761835,996600,1491885972
-8272766123152893058,996600,1491885978
9002916176907187791,996600,1491885952
8425924858346399770,996600,1491885973
2543473988086979089,996600,1491885950
-7242231716344147441,996600,1491885966
7723552330603897518,987664,1491885927
2255452466986656745,996071,1491885930
-7002298625822151032,940843,1491885931
7881602260297326894,996216,1491885977
4319108317092146445,996216,1491885928
4309240043748435972,996216,1491885955
8557316416576967904,107310,1491885980
2972069047192930446,996114,1491885941
6391704811113962593,969845,1491885940
-5383296570344045525,996527,1491885938
6051326681739174997,996527,1491885932
4755895909781740508,996527,1491885939
-206181599038691627,996638,1491885939
3796545237199308956,996638,1491885926
1498120224932437390,996638,1491885935
4305512710087289247,996638,1491885933
-4631199062298699365,996638,1491885979
919950585098241080,996638,1491885978
-3614534317477055823,996638,1491885929
-5993494627556718330,996638,1491885951
7995037685030507078,996638,1491885944
-2521164192218357921,996638,1491885978
-4417279916550945463,996638,1491885942
-4192106519649492561,996638,1491885969
4681308513770657481,996638,1491885977
-7477347219570681026,996638,1491885944
1979073424684621884,996638,1491885928
5016390254062258896,996638,1491885950
-4146337455438913938,996638,1491885929
2271646312978299738,996638,1491885954
8863390195605551037,996638,1491885948
-858600697106845121,996638,1491885922
-6991528360101632800,996638,1491885961
-2999237525905327487,996638,1491885955
5071577870204795506,996638,1491885967
8271408349150395038,996638,1491885978
-6133408818937273002,996638,1491885956
7932624752866562469,996638,1491885963
-9076473833490746483,996246,1491885971
-8054668755038007987,996246,1491885952
-1734152978750865653,996246,1491885968
-130104273698886477,996246,1491885961
-4866267176145662947,946910,1491885975
-6535728916433003962,946910,1491885960
2661391675196381029,974441,1491885937
-6292427895570803210,974441,1491885974
-3298414474266846435,343654,1491885946
7490857347128651626,996655,1491885933
6067317472643968020,996218,1491885923
8370714205434062703,996218,1491885955
263584101503747334,996218,1491885936
-4546673353838812310,996103,1491885959
-3389945844519620376,988303,1491885957
-1844842537530444762,940044,1491885932
-4456106236621097578,910385,1491885965
-920011353752607099,994318,1491885961
5455634069067156743,978472,1491885924
3633485369352562775,996387,1491885941
4308402979814765938,996387,1491885952
-9191715197377683900,996387,1491885951
6463916128682461280,996387,1491885967
-7201840762835825328,996387,1491885960
4206172508537814258,996387,1491885926
-2619778862735684979,996387,1491885938
-1000256099631702198,996387,1491885959
6463916128682461280,996437,1491885924
5666669152192924224,996437,1491885951
-6377637027659038094,996437,1491885929
-6290512304723144862,996437,1491885955
9112866067795997453,996437,1491885958
7925263004909066568,991476,1491885967
-720629723227599800,996436,1491885921
7947953996187137602,996436,1491885953
-5407183090364040191,996188,1491885953
-1165941734650464696,996188,1491885966
5687736547338975244,996188,1491885952
-4476499403735426678,996188,1491885927
7668241398542340094,996188,1491885928
-5727423669096230716,996188,1491885928
6733934372732017095,996070,1491885921
-1564099959301280077,993900,1491885970
9019758508087656370,994839,1491885965
-4148451343434397735,994839,1491885979
-6073345926135963111,994839,1491885974
-4148451343434397735,995361,1491885942
-7809186265048610761,996372,1491885960
4313210454445056327,996372,1491885925
967474004150547112,996372,1491885943
2462857497909527605,996372,1491885977
-6991528360101632800,996640,1491885961
-4192106519649492561,996640,1491885969
5071577870204795506,996640,1491885967
4035136874859841722,996640,1491885967
-9122215832430165721,996640,1491885973
-1880173644000840369,989184,1491885954
4319108317092146445,996191,1491885928
7881602260297326894,996191,1491885931
-3036887376009121944,996191,1491885975
418889317608381319,996191,1491885941
-7605029111920381697,996320,1491885971
4037028047211672093,995992,1491885974
6909506302131735007,947011,1491885974
7371023174029641314,995598,1491885925
-5897570305420057265,996326,1491885925
-4377915442317977240,996324,1491885944
5459603251416352956,996124,1491885944
-9201701733322017293,996652,1491885923
-2598548762595710567,417070,1491885951
-1299307550287701758,996454,1491885955
3166002629026639680,996454,1491885950
6011301808241526682,996454,1491885926
8478931426922620334,996454,1491885942
-7605029111920381697,996330,1491885933
-5897570305420057265,996330,1491885939
8642737242643442360,996330,1491885952
3814701519449935280,996330,1491885965
5093762216007505047,996531,1491885966
7952000968915637549,996654,1491885955
-8093871187477246005,996516,1491885929
7668241398542340094,996170,1491885933
-1165941734650464696,996170,1491885966
-8259770010740881602,995073,1491885946
-706252807164298754,988990,1491885970
5939598531670693652,996327,1491885958
-2164086569696971046,996327,1491885975
2209812378323160713,996072,1491885966
-801081427453156228,996072,1491885961
8722253673674061728,996109,1491885949
384124499719595764,996109,1491885968
-5751850416771573332,996109,1491885958
-386639442673536235,986556,1491885960
5114126817780180710,996491,1491885964
8450313881119463021,996491,1491885961
-4651785760782911283,996363,1491885927
-5240348610843965481,996363,1491885931
6160332471848072819,996363,1491885976
-7966758164312380634,996363,1491885934
2302625480772490386,996363,1491885922
8118200386069688199,996629,1491885947
-4462324643079399118,996629,1491885933
-3614534317477055823,996629,1491885972
6707636081507246484,996620,1491885979
-6072499721766395384,996620,1491885927
4390541601368478473,996620,1491885963
-245988102350089491,996620,1491885969
7467962899798732394,996620,1491885966
566994996288185216,996620,1491885963
5779121085477352670,996620,1491885925
-4939310891046665016,996620,1491885947
-5077659775636973927,996620,1491885976
-5625848525776318088,996620,1491885968
8360933425820260987,996620,1491885966
-2453577791627113115,996620,1491885970
-2010943646337690427,996620,1491885973
-8284324833831305304,996467,1491885958
-3405849820188264222,996467,1491885975
4653257689267130103,996467,1491885931
-3313896756489967233,996080,1491885938
-1229764910478411721,996053,1491885934
-44616587678283257,996053,1491885942
3984148593081535815,996053,1491885935
9006364174919998432,996053,1491885979
-8517953582028205160,996053,1491885977
1357496587588828837,996053,1491885952
-8374848761727538524,996053,1491885975
-4849038161701829669,996053,1491885961
-5517169363826238539,996053,1491885968
6382886766706028811,996053,1491885959
-720629723227599800,996431,1491885935
7947953996187137602,996431,1491885957
2405722890341680552,996556,1491885933
5668939981208616209,996556,1491885977
33231197148140886,996556,1491885936
2981034863881924302,996556,1491885965
-4627158107713866887,996556,1491885954
-6411908904455361626,996556,1491885971
-8613346170656689347,996288,1491885978
-6833655705778916838,995753,1491885966
-2698437072461526176,996561,1491885970
4865842275716322265,996561,1491885980
-6411908904455361626,996561,1491885971
2981034863881924302,996561,1491885943
33231197148140886,996561,1491885952
-339162786578558072,996561,1491885971
-4627158107713866887,996561,1491885942
5689337025444427833,996561,1491885973
304819199537478910,996561,1491885975
4037028047211672093,995984,1491885952
-6117474243195984909,996472,1491885957
4436036628979802731,996472,1491885924
8944154508419045267,996472,1491885962
-3895387736687070867,996472,1491885964
4877973062689116848,996472,1491885980
-4486421729223093159,996472,1491885957
-8741119539580811943,996472,1491885941
-672600303839425174,996472,1491885938
8153901534685703070,996515,1491885932
8223158167508487999,996515,1491885929
-1102985669041283892,996284,1491885930
-1993164999194085798,996278,1491885926
2136219378012010294,996466,1491885967
-4591520721125879138,996466,1491885948
2982055238287443885,996466,1491885966
5613727618643799398,996466,1491885972
-4901795544751146099,996466,1491885928
8733560571581923642,996466,1491885970
2308208503247714624,996466,1491885926
8577864496603715638,996466,1491885921
2176037382191807845,996466,1491885953
-3286629789708615677,996466,1491885948
4309240043748435972,996466,1491885955
2397162457130188724,996466,1491885949
7881602260297326894,996466,1491885966
7957842946945600002,996466,1491885972
4058318870586311809,996466,1491885930
2488161806326270111,996466,1491885951
-4666771855698801454,996466,1491885954
4746747238465841794,996466,1491885926
2795390737727943665,996466,1491885925
6746761605848825780,996466,1491885962
-4008293856298132483,996466,1491885964
-7403599099630451059,996466,1491885927
-1940205087542055787,996466,1491885977
-7218343775758526058,996466,1491885969
3676673614883281067,996366,1491885921
1574244350624965580,996366,1491885924
-948120297208112619,996366,1491885973
4221247481420750343,996366,1491885980
-890656961975107679,996366,1491885976
6367225799353343348,996486,1491885950
4972344899543397534,996486,1491885948
-4142016988985143098,996486,1491885935
-1803539893893631477,996486,1491885934
-8898150811029626807,996486,1491885932
6119137695347747713,996486,1491885974
1505817466705178947,996486,1491885933
-8747695637327906927,996486,1491885966
-8655603910538509978,996486,1491885975
4540728823774295458,996486,1491885954
3022172832235712959,996486,1491885922
7957842946945600002,996486,1491885934
3738331670963878554,996486,1491885921
5382106096779342977,996486,1491885969
9112017658616143660,996486,1491885941
7559017518632338177,996486,1491885966
-3650303923791827855,996486,1491885952
4531613536421459786,996486,1491885937
3905805729028823651,996486,1491885922
-1943215774672404955,996486,1491885947
-7421557284578291932,996486,1491885962
-1673856673231424746,996486,1491885936
6466478685759106015,996486,1491885948
2036809776633424205,990686,1491885945
4764576946115731360,996015,1491885972
-4197648799817792211,996576,1491885974
-3681080678812763469,996576,1491885922
8194458360193546615,996576,1491885945
4355686048945958932,996576,1491885965
-2147357516864598607,996576,1491885947
3400983180249624917,996576,1491885960
8503305896343404853,996576,1491885972
-659842402683009760,996576,1491885960
7094422072911219409,996576,1491885969
-5232154878811032801,996576,1491885935
-9117243959009012155,996576,1491885930
2993767383155865565,996576,1491885938
-8776739779513200928,996576,1491885969
2746630128216117333,996576,1491885923
4818079564775825092,996576,1491885929
304819199537478910,996576,1491885924
3560575855211501505,996576,1491885961
-1154467017601932602,996576,1491885977
-6551704920619139241,996576,1491885954
-8711900343150595964,996576,1491885961
343925712412531573,996576,1491885936
7174393016042105977,996576,1491885926
-5263587318345973790,996576,1491885966
-4933435696200272394,996576,1491885933
6471613234737760301,996576,1491885973
5727768484491453766,996576,1491885940
5471147857061424614,996576,1491885940
-2819863415233581826,996576,1491885975
-4071461062571874053,996576,1491885949
535358825167153787,996576,1491885935
-3120417322582147733,996464,1491885922
-3405849820188264222,996464,1491885935
1788068352436611713,996464,1491885971
-1580456454404672161,996364,1491885973
3234459021434170064,996364,1491885958
-3200966787088748490,996364,1491885950
9086048274509460784,996364,1491885943
-4979901150576827533,996364,1491885941
-6597304778506568007,996364,1491885941
7957433770451889876,996364,1491885925
-687460484047359889,996205,1491885930
-6098792056920478888,996426,1491885930
4037028047211672093,995996,1491885971
653175767730820887,990300,1491885951
559385776931041886,996580,1491885976
5019650169519843191,996580,1491885975
-4519269300963760121,996580,1491885977
2405722890341680552,996555,1491885971
5164462512370410732,996555,1491885943
2232815091820304319,996555,1491885963
-6135590391078808959,996555,1491885977
2036809776633424205,996555,1491885973
-4627158107713866887,996555,1491885954
7550491085705581753,996555,1491885950
-644251520531099039,996555,1491885945
-7635583148578227461,996555,1491885973
2981034863881924302,996555,1491885965
-3898110593709921569,996050,1491885954
-3613050857563198247,996393,1491885962
6210994483218386672,996393,1491885941
4045845109528344346,993479,1491885963
-3355937204483962226,993479,1491885972
7964647855191576434,993466,1491885943
-3355937204483962226,993466,1491885940
6634847936602950486,914882,1491885962
7568307257793673217,996452,1491885922
6707636081507246484,996452,1491885965
8153901534685703070,996452,1491885953
-1662381277596052300,996452,1491885964
7866128746547736539,996554,1491885962
-7784023273776723607,996554,1491885954
-8708879913383226596,996554,1491885977
7523011181861803063,996554,1491885929
8756426492747548995,996554,1491885944
3640248320562437290,996554,1491885940
8796627340288963113,996554,1491885945
3294675426730845174,996554,1491885940
7835404614798923378,996554,1491885973
-8378931949194635676,422288,1491885954
3963692888261852829,996186,1491885958
5888070838474679013,996445,1491885940
6011301808241526682,996445,1491885971
-8779317148575538186,994516,1491885923
-5062401910402967393,996351,1491885927
-2105726672404668258,996351,1491885979
3676673614883281067,996351,1491885959
7668241398542340094,996106,1491885955
8600121891741691199,962629,1491885958
-5068980269123330079,996217,1491885922
-587435638313264440,996217,1491885974
-2143765751165190805,996217,1491885952
-3673714552528368929,996217,1491885959
-8799720664019700311,996217,1491885940
3866295451419684182,996217,1491885932
5453118246056555619,996217,1491885937
828822654404189543,996217,1491885938
1521413194999280877,996217,1491885956
-2029487008702452675,996217,1491885926
-8941790461481828054,996217,1491885969
-1052291996392349860,996217,1491885952
1988650561869203464,996217,1491885933
800313469619413495,996217,1491885927
6569046665284799666,996217,1491885946
7820745071731101938,996217,1491885980
5382361426171702613,996217,1491885928
-7006927116875679345,996217,1491885960
-7275517323030289818,996217,1491885963
1714027161050837380,996217,1491885941
146539572943744400,996217,1491885928
-8407959836003770031,996217,1491885936
-571777253602212169,996217,1491885970
-4422071355251954987,996217,1491885950
-7352954561714850249,996217,1491885940
2615106833766835168,901539,1491885927
2361895655343224093,995409,1491885959
-3371783950232122192,996543,1491885939
-7106797585331988409,996543,1491885975
-4143341008687354631,996543,1491885974
-8004065624508852337,996543,1491885935
-4659492486208471745,996607,1491885928
-4260074315788852608,996607,1491885921
-7841164483260955497,996607,1491885961
8127689419257290766,996607,1491885978
6210737219718766696,996607,1491885937
-5372849044290241648,996607,1491885979
1453103033546992101,996607,1491885970
6934396715955117875,996607,1491885959
595234614061564285,996607,1491885956
-1446955504227666484,996607,1491885980
7527845421892586241,996607,1491885974
-6084130239062886882,996607,1491885933
5937636753561916078,996607,1491885924
5922611540550334161,996607,1491885974
6823070805243046221,996607,1491885971
4986550237573419647,996607,1491885929
8305226003306760598,996607,1491885980
-6206187537208386204,996607,1491885958
6835633685115963101,996607,1491885950
-4148451343434397735,995360,1491885936
-8385640663660044062,939801,1491885941
-5254956738225547876,994057,1491885963
-1652110316596612310,995022,1491885953
-706252807164298754,992988,1491885970
-2543843870514371995,988482,1491885941
8910551086465280508,988482,1491885936
-4713430631310779577,996597,1491885927
-7240156395256547719,996597,1491885938
-375939230190460148,996597,1491885973
7947953996187137602,996417,1491885949
-7634368248461556968,996417,1491885960
5887529887152352454,996417,1491885978
2180293960318052979,996457,1491885954
-2077077068657341888,996425,1491885937
-4350671377762481059,996031,1491885974
-7893218803650235908,996449,1491885974
-672600303839425174,996449,1491885941
2989384083463213428,996449,1491885978
-8613597827027501499,996449,1491885937
7147820656784783544,996449,1491885940
5887529887152352454,996449,1491885925
5632100842910918556,996449,1491885963
4825796724114586629,996449,1491885957
4835727259786178764,996449,1491885929
-1311132564921424141,996449,1491885964
-4788581480494421206,996563,1491885949
-339162786578558072,996563,1491885953
-3346447018553608842,996563,1491885941
4865842275716322265,996563,1491885942
304819199537478910,996563,1491885971
-4627158107713866887,996563,1491885928
-6411908904455361626,996563,1491885949
4008485444476137260,996563,1491885978
-4796028298327879856,996563,1491885968
-8979255448601047032,996563,1491885967
-305640863721799555,996563,1491885936
4013699354511500672,996563,1491885970
-8914944999454793921,996563,1491885971
-1100935537347168609,996420,1491885954
-8582340909484443629,996420,1491885931
-6088259889056846661,996420,1491885926
-4121934735871053240,996420,1491885968
-3909399062222082234,996420,1491885937
4161961500462176534,996420,1491885938
-1806819899781463211,996420,1491885935
-8921428936213568806,996420,1491885934
-2358268099706759213,996420,1491885975
-8837332698040425474,996420,1491885979
-2819863415233581826,996578,1491885966
-5684500390477776800,996578,1491885950
4681308513770657481,996578,1491885955
7881303979121486496,996578,1491885936
-8853844530051284592,995962,1491885966
4529312655822631572,916672,1491885968
1739164109990928373,996270,1491885978
-4924433966699042464,996270,1491885940
-2010454321963172940,996270,1491885937
5401316723106234949,996183,1491885920
-394821245411837653,996183,1491885974
1676360567001199918,996183,1491885971
-3941750770480088138,996183,1491885979
805843839924866245,996183,1491885943
-6442248339096969005,996183,1491885966
-3122009352555261155,996183,1491885972
4176708263473966739,996183,1491885922
2603933103444248591,996183,1491885953
1551536078678741604,996183,1491885932
4507424913679537805,996183,1491885953
-6889852377837626821,996183,1491885963
-1513638508983375742,996545,1491885952
8708095230798637040,996545,1491885932
6020819872483669438,996545,1491885950
-3371783950232122192,996545,1491885955
-4143341008687354631,996545,1491885978
-8807314273411310709,996545,1491885970
3326167623474047882,996545,1491885936
-7106797585331988409,996545,1491885975
-5066848370883247250,996545,1491885929
8454495063733695550,996545,1491885946
-789914602668203948,996545,1491885974
2511177390874854447,996259,1491885966
-1114476047465725670,996259,1491885944
-5679131559153205330,996348,1491885941
-2803501966777501904,996594,1491885925
1976660860308741875,996594,1491885930
-2427617679710356046,996594,1491885933
-3297355573047309605,996594,1491885935
-7053903376287754423,996460,1491885967
-5290664072056111980,996460,1491885972
-2376720442635325240,996460,1491885943
5254050127565392258,996460,1491885939
6856768149534581536,996460,1491885971
7342094885465668670,996460,1491885953
1765978113673906178,996460,1491885974
1830656493385316586,994370,1491885972
2361895655343224093,994436,1491885971
962290542017975522,996633,1491885922
-3614534317477055823,996633,1491885945
-4456610275409960048,996633,1491885972
4305512710087289247,996633,1491885933
-1189263172547167417,996633,1491885947
-5684500390477776800,996573,1491885941
-2819863415233581826,996573,1491885951
-8996266929323725615,996573,1491885977
-269643686041539921,996573,1491885934
7146133580537852306,996573,1491885973
4185358122027508580,996573,1491885978
-8775197218452794563,996573,1491885922
-3028335448097865419,343012,1491885939
5800401123464099542,343012,1491885939
7668241398542340094,996121,1491885953
-596684339848311465,982060,1491885975
-6515953166692776015,892870,1491885928
-2619778862735684979,996321,1491885938
-2162966409520936106,921823,1491885973
-1114476047465725670,996251,1491885944
4653257689267130103,996251,1491885954
-6671106563197090472,996428,1491885945
6463916128682461280,996428,1491885967
-9191715197377683900,996428,1491885941
4308402979814765938,996428,1491885935
-6098792056920478888,996428,1491885937
4351290830782069203,996156,1491885967
9071314363737646029,996419,1491885936
8496913165396716315,996419,1491885942
7947953996187137602,996419,1491885938
3552014562212770472,996419,1491885939
-746327363871708929,996419,1491885926
-4866267176145662947,996098,1491885973
-2644880704452385378,996098,1491885933
-1936925857224199229,996098,1491885931
5152907585660766173,996098,1491885962
-6254610129951018612,996532,1491885923
-789914602668203948,996532,1491885972
-7412873406335709597,996532,1491885968
4452425505182100536,986277,1491885940
-2439706731596587847,873717,1491885925
-7605029111920381697,996297,1491885953
2551339048391262494,994565,1491885971
7175833146740350036,994565,1491885958
2172320793002579238,994565,1491885931
-3268990828308370368,994565,1491885967
5075439870526293659,994565,1491885937
7949388627522481738,994565,1491885939
2759850126694428482,995888,1491885968
-172904783141222189,995492,1491885942
1830656493385316586,994441,1491885942
-8717138721798596196,996175,1491885932
-3703314350664374849,996175,1491885963
1723199238615111009,996175,1491885950
-4729908315034367733,996175,1491885967
4407648430775697488,996175,1491885970
-2545218799862674852,996175,1491885946
-9061482711405885863,996175,1491885957
-7305020699281526848,996175,1491885923
-7204785126180299948,986135,1491885942
-3796276021284393523,989853,1491885937
-6980962296243805131,996280,1491885942
-6301716794795996504,996280,1491885957
-687460484047359889,996182,1491885937
-3173506044185075013,996521,1491885931
-7412873406335709597,996521,1491885979
2264008963642091132,996036,1491885979
2136219378012010294,996332,1491885946
-8501510142990510309,996332,1491885964
5102570879723655802,996332,1491885956
-1147530147515251452,996332,1491885932
8910551086465280508,995274,1491885934
-7142275960215269971,996586,1491885980
1976660860308741875,996586,1491885959
-4278995282284317368,996586,1491885944
2433496992706039499,996384,1491885922
-3996722447314105991,996388,1491885948
-5806587684108859148,995998,1491885942
-97893297497202277,995998,1491885954
2741106318100827499,995998,1491885979
5489344956146358346,995998,1491885960
3752880663660221020,995998,1491885948
-8237627997574030609,995998,1491885947
-1873465975107796309,995998,1491885968
-9071144575321377884,995998,1491885927
-6896042831956051961,995998,1491885944
3068337545591920730,995998,1491885947
-906050287773229239,995998,1491885938
-7614295541103105452,995998,1491885953
-4533865423537480571,995998,1491885941
-455125393460607398,995998,1491885937
-743733432849874525,995432,1491885980
3185666726640464767,995432,1491885937
2136219378012010294,994054,1491885967
965650389889048241,994054,1491885931
-8853844530051284592,995827,1491885950
5603044708972605580,973400,1491885967
-1824831082825832047,996407,1491885963
297868037031483609,996569,1491885966
-2049631315058520138,996569,1491885951
-6411908904455361626,996569,1491885932
-1290718024917604337,996569,1491885933
3712977437626264264,996569,1491885939
305169097340945275,996569,1491885947
342913522194900121,996569,1491885944
5821456553577950106,996569,1491885946
4036861753047083068,996569,1491885958
5756615448270790244,996569,1491885956
7928793935288790085,996569,1491885949
8949540638640701649,996569,1491885921
7598227624093417550,996569,1491885962
1525840475384948303,996569,1491885931
-6196279057918698459,996569,1491885959
5571740952795186804,996569,1491885979
2430017032170819125,996569,1491885947
3297225760102591687,996569,1491885942
-8127541190843460044,996569,1491885950
-8945986458789526353,996569,1491885943
2168654284874611520,996569,1491885961
4310378067599710802,996569,1491885939
4008485444476137260,996569,1491885938
4013699354511500672,996569,1491885943
-2761835529348324864,996569,1491885949
7528611268160346476,996569,1491885966
7736342946559262427,996569,1491885970
-7063497638929163966,996569,1491885927
304819199537478910,996569,1491885941
-2209995743812640358,996569,1491885961
-6585769134387831964,996569,1491885977
1475153905757933861,996569,1491885937
-4125785420683020980,996569,1491885924
-4315555158512170950,996569,1491885947
-5043916696895717520,996569,1491885958
-434513882015899193,996569,1491885942
-5213846448419672352,996569,1491885934
-9117243959009012155,996569,1491885936
-7768575296680269050,996569,1491885980
4700005371318167472,996569,1491885923
7322716879494813312,996569,1491885929
-4786061822729817213,996569,1491885957
8659537181638269258,996569,1491885929
1871252047392682695,996569,1491885953
-4563645385759589756,996569,1491885979
-2482632154130538062,996569,1491885959
1393996300210348587,996569,1491885930
4332667140519058164,996569,1491885951
3852437046959783604,996569,1491885939
4035614941513676955,996569,1491885957
-3915988914739564151,996569,1491885936
-3229976403842242310,996569,1491885974
2746630128216117333,996569,1491885952
-2491198264914732954,996569,1491885947
4663094002468130335,996569,1491885973
-8246807689685350160,996569,1491885965
9211672559910523772,996569,1491885932
-8979255448601047032,996569,1491885923
-6009196771398474877,996569,1491885941
-344893131760007340,996569,1491885922
-7056594604845175154,996569,1491885941
2935348548688598759,996569,1491885951
-1719437661288400027,996569,1491885927
6619914710844950092,996569,1491885934
650293636816716981,996569,1491885927
6421377560839986035,996569,1491885953
-1855062396094283596,996569,1491885962
-6955497364426735219,996569,1491885932
-1312954716338013316,996569,1491885977
-8516286768276661066,996569,1491885956
-117900405138750217,996569,1491885966
2614538714701370423,996569,1491885937
3843480987067726129,996569,1491885939
8164490377643027982,996569,1491885970
-3613050857563198247,996447,1491885925
8068973320761072313,996447,1491885934
4540728823774295458,996447,1491885943
-8655603910538509978,996447,1491885960
-904950817952771457,996447,1491885954
7957842946945600002,996447,1491885926
108770043657478254,996447,1491885956
3455563383633522468,996447,1491885949
-5153357948735124028,996447,1491885947
5945143902632121923,996447,1491885922
-7808944502058125058,996447,1491885941
626739762872811884,996447,1491885956
-4172275720710821403,996447,1491885953
-5160980371621131088,996447,1491885934
-7048624813256543787,996447,1491885944
8682036012917863198,996584,1491885968
-4519269300963760121,996584,1491885977
559385776931041886,996584,1491885969
5019650169519843191,996584,1491885975
9097264818445815909,996584,1491885976
1856545991337832493,996584,1491885930
6685304708560918785,996164,1491885927
5093762216007505047,996539,1491885924
1353889006271908351,996589,1491885949
5019650169519843191,996589,1491885933
559385776931041886,996589,1491885942
6637676603973078912,996589,1491885948
6937466740772381756,996589,1491885935
6522773857387761835,996589,1491885974
-270762349673119625,996619,1491885969
-8717138721798596196,996619,1491885966
-7013609395535063295,996619,1491885943
-6165519891256883128,996619,1491885978
-6715171528719054931,996619,1491885931
-6072499721766395384,996619,1491885965
7528611268160346476,996619,1491885936
7467962899798732394,996619,1491885974
-245988102350089491,996619,1491885975
1816830557303446887,996619,1491885972
-6342428091635151085,996619,1491885953
6477138276060528668,996619,1491885943
-1927750046124614689,996619,1491885960
-298427899886510177,996619,1491885977
8862019165560864111,996619,1491885978
-7738604912447903663,996619,1491885953
1512463514807162371,996619,1491885939
-9078012539627327961,993924,1491885970
-8121186369509587094,996592,1491885954
-5738763141554954705,996592,1491885954
3188278841762695038,996592,1491885973
-5440125337233409831,996474,1491885937
-6487086683623261847,996474,1491885922
3159449890103183832,996474,1491885978
-3681080678812763469,996474,1491885932
7954265925317533256,996474,1491885944
4072555885844841272,996474,1491885949
-7242231716344147441,996474,1491885956
-4377915442317977240,996263,1491885960
4513139021805553555,996142,1491885970
2930633064297230867,995896,1491885977
-2077077068657341888,996227,1491885926
-5535928862409969247,996227,1491885943
-4941112848263148373,996227,1491885944
2542660996584417364,996189,1491885965
-2737629822056623165,996595,1491885972
-7142275960215269971,996595,1491885943
7300885402204029781,996595,1491885932
-3592603431838766513,996595,1491885979
1877374044139503501,996595,1491885980
4566650698438585145,996595,1491885961
1895094481941782826,996595,1491885964
4769386056526069219,996595,1491885937
-2427617679710356046,996595,1491885966
-4362752818472937647,996595,1491885946
278024050633024905,996595,1491885925
7040340215652891538,996595,1491885977
3884881456393420276,996595,1491885974
2502260114106742059,996595,1491885962
-8241049631426058307,996595,1491885967
1976660860308741875,996595,1491885948
-5512209825418421357,996595,1491885976
8432666197065874843,996595,1491885962
-8304024538068768235,996595,1491885956
5761245667490887778,996595,1491885929
2439569470340830357,996595,1491885955
-1173537405874778241,996595,1491885929
-4800234695426233122,996595,1491885971
3447888055471302550,996595,1491885980
-8341496525996823073,996595,1491885944
-9205766799298478642,996595,1491885978
-4072567284945733582,996595,1491885979
2782195570776918232,996595,1491885925
-1614133621913680199,996595,1491885964
-5983928765160735275,996595,1491885975
6785239042740240658,996595,1491885967
-1796261696301245959,996595,1491885938
5075439870526293659,996595,1491885967
5587473441906922106,996595,1491885931
5941270752245358933,996595,1491885970
2438034418973041177,996595,1491885977
6563826341288220721,996595,1491885957
-8516826538094340036,996595,1491885944
2783540281520102227,996595,1491885975
5779121085477352670,996595,1491885961
4549390521013243443,996595,1491885964
5915859135241813287,996595,1491885960
8112025658222606460,996595,1491885952
5425985345291125121,996595,1491885963
-3655119140949790498,995731,1491885959
-1709087023754143376,996475,1491885966
1867623437058228999,996475,1491885964
-7542417171510419911,996475,1491885940
9086048274509460784,996475,1491885943
3234459021434170064,996475,1491885951
-4858050544639844209,996475,1491885969
7957433770451889876,996475,1491885924
-2276255023649573061,996475,1491885976
-2582632782667423122,996475,1491885978
-3200966787088748490,996475,1491885946
3199339817338925037,996475,1491885926
-6661869139121899523,996475,1491885959
3872478519513040234,996475,1491885971
3069016998277141249,996475,1491885936
-8448666568848499852,996475,1491885940
-8937581498635552386,996475,1491885973
1491290460241567212,996475,1491885954
4729288453626685401,996475,1491885956
-1014180565833739763,996475,1491885960
-995910096002239307,996475,1491885968
-8391984225493039745,996475,1491885953
6533666610162486692,996475,1491885953
1461548280467652983,996475,1491885974
2843426330157927568,996475,1491885970
4045845109528344346,993298,1491885969
2407331153810037130,996136,1491885927
1445673222807477663,996628,1491885962
9221802103367426502,996628,1491885926
-3300633712260391817,996628,1491885932
8118200386069688199,996628,1491885956
-4462324643079399118,996628,1491885938
6769517052328638544,996628,1491885955
5111448076939898092,996628,1491885943
3166002629026639680,996455,1491885933
2180293960318052979,996455,1491885971
5922611540550334161,996613,1491885974
-6206187537208386204,996613,1491885958
4986550237573419647,996613,1491885929
7527845421892586241,996613,1491885962
-7841164483260955497,996613,1491885933
6835633685115963101,996613,1491885950
-6084130239062886882,996613,1491885927
6934396715955117875,996613,1491885944
-5372849044290241648,996613,1491885959
8127689419257290766,996613,1491885951
8305226003306760598,996613,1491885980
6823070805243046221,996613,1491885971
5937636753561916078,996613,1491885924
595234614061564285,996613,1491885941
-1446955504227666484,996613,1491885967
1453103033546992101,996613,1491885952
-7120481614125207366,996613,1491885968
3837508406692005476,996613,1491885930
-142638538427759534,996613,1491885962
-8639039286582864711,996613,1491885959
4686122166461566238,996613,1491885974
-2675113873868620512,996613,1491885961
7031268390564502103,996613,1491885955
-8919372571701169055,922045,1491885936
-6671112423260870317,946549,1491885925
7040340215652891538,996097,1491885973
2782195570776918232,996097,1491885969
5779121085477352670,996097,1491885977
-1698973374248678496,976595,1491885965
-9018261134701474421,976595,1491885933
8290141056792928414,996266,1491885923
-2010454321963172940,996266,1491885931
4379016943930660553,996266,1491885952
7310038688278651462,994420,1491885973
-8992938837407426822,996649,1491885942
-6530990928547604187,996649,1491885927
4031071815305830922,996649,1491885970
1231591727221862508,996649,1491885963
-551425538453045775,996649,1491885969
-5777389323470056198,996649,1491885978
-4406075743312418921,996649,1491885940
878135212823498011,996649,1491885976
4846637724391055083,996649,1491885942
-6656929486440459397,995502,1491885930
-3798911317396528486,995502,1491885979
-5174216454919271865,995502,1491885973
1003895300207104229,995502,1491885945
-5063097073510212853,993057,1491885962
7520433382712030345,996429,1491885921
-1061500171932183932,996484,1491885975
-5483145220188997427,996484,1491885977
-6038521699682333487,996484,1491885922
8766936891519591685,996484,1491885937
-1464511933454491980,996484,1491885974
-1662381277596052300,996484,1491885957
7379229365312353294,996484,1491885923
6765182618695490348,996484,1491885947
37559690063571863,996484,1491885941
-1114476047465725670,996206,1491885930
6333260300388184676,992446,1491885942
2511177390874854447,992446,1491885933
-638642467877382484,994892,1491885960
7550491085705581753,996570,1491885950
8557316416576967904,107313,1491885980
7947953996187137602,996438,1491885966
-2162483997980489265,923487,1491885954
-5679131559153205330,996335,1491885978
7390813754372203121,996311,1491885957
-7605029111920381697,996311,1491885979
7881064299925324580,996311,1491885926
-4924433966699042464,995373,1491885947
6020819872483669438,993801,1491885973
-3560087985657793438,995699,1491885952
7371023174029641314,995606,1491885925
930179872803022018,996448,1491885934
3807043119522711339,996448,1491885979
6816625033482964750,996448,1491885938
7957842946945600002,996448,1491885960
626739762872811884,996448,1491885925
-4142016988985143098,996448,1491885955
-9008564640599161353,996448,1491885968
-1803539893893631477,996448,1491885935
-245988102350089491,996448,1491885980
7704032128949814444,996448,1491885948
-1173537405874778241,996448,1491885937
978777600742656457,996448,1491885929
9179747849525421652,996448,1491885977
1707823440783875366,996448,1491885942
9069874116751459550,996541,1491885978
-2365353989053806994,996541,1491885954
5164462512370410732,996541,1491885949
-2483466454506242990,996598,1491885965
-7240156395256547719,996598,1491885936
9002916176907187791,996598,1491885957
-375939230190460148,996598,1491885972
-8272766123152893058,996598,1491885978
-8802204298611943926,996598,1491885941
-920011353752607099,994739,1491885961
4715735159565354124,996269,1491885980
8370714205434062703,996269,1491885952
5603044708972605580,975104,1491885926
-3346447018553608842,996394,1491885973
-6301716794795996504,996394,1491885941
2967807039237719100,996394,1491885971
178238442272955068,995176,1491885978
-5768080026216357044,995974,1491885958
-5407183090364040191,995974,1491885974
6522773857387761835,996604,1491885936
-4052895717058799469,996604,1491885959
-1634212849106478391,996604,1491885925
2343107793780851416,996604,1491885963
7059524041129243772,996604,1491885926
-2147911434583227860,996604,1491885945
8183567533889598026,996604,1491885957
-7242231716344147441,996604,1491885926
-8028890519018615793,996604,1491885959
-1340384351587504874,996604,1491885980
-2426659033884022609,996604,1491885932
6210737219718766696,996604,1491885972
-4762067278532275265,996604,1491885963
-7651527376368279267,996604,1491885971
7567517329478706185,996604,1491885940
5840645781385999752,996604,1491885963
5948223718456620837,996604,1491885978
5111448076939898092,996604,1491885967
-3964599392374611378,996604,1491885959
-2479701295696945266,996604,1491885925
-1213933980984105688,996151,1491885937
-2218023549297945154,996151,1491885952
4865842275716322265,996558,1491885922
4008485444476137260,996558,1491885978
4013699354511500672,996558,1491885970
-4627158107713866887,996558,1491885922
304819199537478910,996558,1491885954
-6411908904455361626,996558,1491885945
-7766575338208603001,996558,1491885940
4886661951986671401,996558,1491885964
4036861753047083068,996558,1491885979
-2479701295696945266,996558,1491885958
-5625848525776318088,996631,1491885958
-1169392675618205753,996631,1491885977
5847127626855622889,996631,1491885948
-3614534317477055823,996631,1491885972
8118200386069688199,996631,1491885934
-4462324643079399118,996631,1491885928
-4470876343989151550,996631,1491885972
-2913664337037363786,996631,1491885933
962290542017975522,996631,1491885956
-8613346170656689347,996212,1491885978
-6285586363868348358,996212,1491885946
-2164086569696971046,996212,1491885964
-3778266999130767450,995664,1491885948
-4121934735871053240,995664,1491885939
1830656493385316586,994531,1491885925
760387909713465733,938401,1491885949
-6491107326413284746,995029,1491885942
3109321129568483625,996357,1491885926
5895445156502296007,996357,1491885949
-4651785760782911283,996357,1491885927
-5240348610843965481,996357,1491885931
3309392013355661054,996347,1491885938
-2266104595236270401,996544,1491885927
-4143341008687354631,996544,1491885948
-7106797585331988409,996544,1491885947
3510568642227302275,996544,1491885977
-3907524506417929038,996544,1491885970
3640248320562437290,996544,1491885972
-3455089147941074405,996172,1491885978
-4798581569487909298,995527,1491885969
-7605029111920381697,996329,1491885946
-56717109250075381,995569,1491885954
1830656493385316586,994473,1491885935
-4546673353838812310,996104,1491885934
-3632177654794232536,996530,1491885973
-8992938837407426822,996530,1491885933
-3640716623892683509,996530,1491885945
5077751915247621802,996530,1491885942
-7623117788513516890,996530,1491885921
-2783719833688385170,996530,1491885926
7571695948993820466,996530,1491885927
-110281831529897512,996530,1491885978
8070804231614738439,996530,1491885937
-3798911317396528486,996530,1491885942
-8801472795460935550,996530,1491885971
952164948762287082,996530,1491885924
96803810611712826,996530,1491885948
3711904088585161352,996530,1491885966
-6077393507501346026,996530,1491885939
-9128627838268097919,996530,1491885931
1513956764905479404,996530,1491885924
-2669165174079329720,996530,1491885973
1301188834978534288,996530,1491885977
-8358825885080860396,996530,1491885963
-8503808488286175262,996530,1491885964
5471466854143497068,996530,1491885978
-7052833383115066007,996530,1491885932
-1403334539094566742,996530,1491885932
5535269197010171524,996530,1491885947
2929766485993954464,996530,1491885949
-6140465260573788582,996530,1491885972
-1146784578993064784,996530,1491885932
-699968701858854619,996530,1491885977
-3602860592950456759,996530,1491885933
815336311405624210,996530,1491885949
1004991431956013685,996530,1491885950
-5263432484590512082,996530,1491885931
-2546452759929644673,996530,1491885947
-8562589834245309909,996530,1491885965
7817537336479055797,996530,1491885929
7032827838380921792,996530,1491885921
7727777975512174825,996530,1491885962
7387090971111118296,996530,1491885962
170592719799873744,996530,1491885962
-8258561016932165845,996530,1491885941
3748531797764649007,996530,1491885932
754536042885791839,972937,1491885950
-5679131559153205330,996328,1491885978
7925263004909066568,992147,1491885924
-5858820508655941292,996482,1491885948
-4260492161711806297,996482,1491885945
8153901534685703070,996482,1491885936
-9051891843294612643,996482,1491885925
7867413401747331661,996234,1491885957
-8725671276389535913,996234,1491885938
-7106797585331988409,996542,1491885966
-4143341008687354631,996542,1491885968
6700459723750664961,996542,1491885939
2606806537575259301,996542,1491885948
162484233457269597,951001,1491885943
7791239130941402013,996490,1491885974
37559690063571863,996490,1491885940
5887529887152352454,996490,1491885921
-5535928862409969247,995703,1491885954
-1000256099631702198,996478,1491885959
-958783028553177554,996478,1491885968
643895159653830313,996478,1491885939
-2864409011136105694,996478,1491885939
8153901534685703070,996478,1491885953
4206172508537814258,996478,1491885926
-1696046143894936481,996478,1491885933
6165534094198779490,996478,1491885966
5230199060404714387,996478,1491885940
3497187461227874894,996478,1491885938
-5160980371621131088,996478,1491885956
3154522491789634785,996434,1491885963
-1091707106275482222,996434,1491885921
-1819624397380349777,996434,1491885938
-2227172735576528758,996434,1491885954
-4362752818472937647,996434,1491885963
7704032128949814444,996434,1491885958
6383409931981455184,996434,1491885940
3459761938010976090,996434,1491885971
-2513139131916406688,996434,1491885937
-4762067278532275265,996606,1491885949
-3874469690101052848,996606,1491885924
5948223718456620837,996606,1491885948
1447728717468902079,996606,1491885929
-4260074315788852608,996606,1491885959
5930057311253217375,996606,1491885957
595234614061564285,996606,1491885978
6210737219718766696,996606,1491885958
8183567533889598026,996606,1491885932
-5112479339380498615,996606,1491885963
5177981815966421296,996606,1491885927
-3964599392374611378,996606,1491885930
1453103033546992101,996606,1491885974
-8707182614138826300,996606,1491885977
-3224567510261382528,996606,1491885967
-1237289932634448867,996606,1491885968
-6526269713275822847,996606,1491885948
8127689419257290766,996606,1491885978
-6084130239062886882,996606,1491885933
-5372849044290241648,996606,1491885979
-4659492486208471745,996606,1491885928
6934396715955117875,996606,1491885959
-8298831514638234594,996606,1491885923
-1446955504227666484,996606,1491885980
-5564674619941356582,996606,1491885978
-7841164483260955497,996606,1491885962
8141575960496729932,996606,1491885973
-9025915631499275461,996606,1491885931
7527845421892586241,996606,1491885974
5298738158672762242,996606,1491885941
-5043916696895717520,996568,1491885958
4332667140519058164,996568,1491885951
-4125785420683020980,996568,1491885924
2746630128216117333,996568,1491885952
-2147357516864598607,996568,1491885972
-9117243959009012155,996568,1491885936
304819199537478910,996568,1491885933
-4197648799817792211,996568,1491885974
4355686048945958932,996568,1491885965
8503305896343404853,996568,1491885972
4818079564775825092,996568,1491885929
3400983180249624917,996568,1491885960
-2611881031443270951,996601,1491885954
7059524041129243772,996601,1491885952
-8084214124120995998,996601,1491885938
8183567533889598026,996601,1491885977
1941780169695305314,996601,1491885934
-2147911434583227860,996601,1491885959
-1634212849106478391,996601,1491885939
-7242231716344147441,996601,1491885933
2343107793780851416,996601,1491885963
745808322069247623,981688,1491885930
5887529887152352454,996461,1491885978
2180293960318052979,996461,1491885943
-4577908424849372995,994955,1491885937
-7605029111920381697,996314,1491885960
2330804435090787244,344689,1491885973
8223158167508487999,996575,1491885964
-5263587318345973790,996575,1491885966
6471613234737760301,996575,1491885973
3400983180249624917,996575,1491885924
-8776739779513200928,996575,1491885954
5727768484491453766,996575,1491885940
-7048624813256543787,996575,1491885921
3560575855211501505,996575,1491885961
-5672140695269769756,996575,1491885931
4818079564775825092,996575,1491885924
-2819863415233581826,996575,1491885975
7659617489091467451,996575,1491885975
6007383439665917451,996575,1491885978
2862053964254237702,996575,1491885962
2109415786109708984,996575,1491885979
-1010577227528891075,996575,1491885968
2027532982273308521,996575,1491885927
3771599066129074593,996575,1491885954
-6931355807619694277,996575,1491885942
8921369991436809644,996575,1491885974
-2804282877178418483,996575,1491885930
-1877493089232544225,996502,1491885962
6556030023410657069,996502,1491885961
1357496587588828837,996502,1491885943
360967025739139202,996502,1491885962
8471429648438736647,996502,1491885943
-442384080382667264,996502,1491885975
-2902581091590682575,996502,1491885956
-4326327433649020949,996502,1491885949
-2150475398955328316,996502,1491885959
6119881184245469330,996502,1491885933
-1014180565833739763,996502,1491885932
-6030177235082600503,996502,1491885965
4407648430775697488,996502,1491885959
2072766923544559405,996502,1491885922
4770760049215890012,996502,1491885924
-1435662621944031372,996502,1491885966
-215986093687051581,996502,1491885942
-4729908315034367733,996502,1491885936
3361001992248123426,996502,1491885979
-7305020699281526848,996502,1491885923
-4340857743427288041,996502,1491885920
8613348165644668627,996502,1491885941
725268732448114061,996502,1491885959
6876334323915522753,996502,1491885941
-8881967820944539580,996502,1491885944
2495902682950595324,996502,1491885937
5375392447088300321,996502,1491885923
-3207359195513513332,996502,1491885978
5091403184098338459,996502,1491885964
-234981931436403573,996502,1491885926
6480680794615389215,996502,1491885934
8675188093066902898,996502,1491885957
-2675844404403223590,996502,1491885971
1996455178751221521,996502,1491885972
5228010891562866637,996502,1491885922
-2997083871410871623,996502,1491885937
-7383656530232297758,996502,1491885975
-7838206854257302218,996502,1491885952
-1993164999194085798,996502,1491885943
3272068083671765614,996502,1491885922
-8943744737778046203,996502,1491885960
-1820322972607592120,996502,1491885969
-5664230053164714216,996502,1491885947
6230847724265713461,996502,1491885961
8232488383896949274,996502,1491885934
4997131951590394147,996502,1491885980
-3018901395307373816,996502,1491885936
7869167255332964576,996502,1491885976
1009727384144101416,996502,1491885963
-43947758173631197,996502,1491885975
2448962715535344216,996615,1491885934
-6957651305607193169,996615,1491885930
-245988102350089491,996615,1491885935
5579323174826674666,996615,1491885953
8912090812005605311,996615,1491885921
8360933425820260987,996615,1491885934
-1959516163529030088,996615,1491885939
-7371649306711200274,995541,1491885937
3302966925346754618,982752,1491885977
-2105726672404668258,996395,1491885941
-7251541473745706435,996395,1491885941
-6098792056920478888,996395,1491885946
-3455089147941074405,995988,1491885979
-337743756612341902,996435,1491885933
4259023167564441370,996503,1491885926
-7949268002651952641,996503,1491885951
-4715994864033286014,996503,1491885938
4769386056526069219,996503,1491885945
7957842946945600002,996503,1491885971
-3173506044185075013,996503,1491885924
-8936803189174381260,996503,1491885952
-7412873406335709597,996503,1491885972
-210628507408401416,996503,1491885978
6593440127722066184,996503,1491885970
-3353554453452588179,996503,1491885969
-2377013684819268555,996503,1491885942
-4047522448850252656,996503,1491885962
6034482761396204784,996503,1491885951
2931832364806491769,996503,1491885934
45280662885789027,996503,1491885970
-1453364879373278400,996503,1491885944
1730687082431801753,996503,1491885952
-37064091515554440,996503,1491885971
3657039328856783874,996503,1491885943
-8139287690781723629,996503,1491885924
-7503975513734851239,996503,1491885923
-6444120649045478682,996503,1491885957
8311360207668763789,996503,1491885952
3061571832330549173,996503,1491885933
6411370258467249936,996503,1491885967
-4750084635641430664,996503,1491885979
-4142016988985143098,996503,1491885955
7553569637353525758,996503,1491885952
7664288945818752918,996503,1491885960
844118876349815088,996503,1491885944
8230134423007861438,996503,1491885955
-3344739406276128463,996503,1491885979
8802935066517295478,996226,1491885957
-4630308037192153170,993262,1491885924
2515170026665265633,995525,1491885942
-7949001088196347858,995838,1491885922
5019433363514165750,996276,1491885959
-7412873406335709597,996276,1491885960
-5342451009787307677,996276,1491885955
4010031100635452586,996276,1491885942
-789914602668203948,996276,1491885961
5791733681358374756,996276,1491885954
-4578227622344473865,996276,1491885927
-2837963556106600553,996276,1491885927
8457109342932744159,996276,1491885930
-4242686747845515429,996276,1491885977
-6809794094407038415,996276,1491885960
-2086976140587070056,996276,1491885945
-2612558350235622420,996276,1491885939
2280491374193410531,996276,1491885978
-7990220512128792962,996612,1491885980
-5430943766233833768,996612,1491885929
-6290512304723144862,996612,1491885954
2036809776633424205,996612,1491885970
263591258788972193,996612,1491885937
1281595053668928241,996612,1491885967
6794814768787207506,996612,1491885942
1731691421101028125,996612,1491885963
-743733432849874525,995404,1491885980
3185666726640464767,995404,1491885937
-5824042822724753241,993247,1491885970
-5063097073510212853,902074,1491885973
-1735283908426049083,982049,1491885960
6611547086057699686,996537,1491885934
8708095230798637040,996537,1491885968
-3371783950232122192,996537,1491885960
-4143341008687354631,996537,1491885978
-2266104595236270401,996537,1491885948
2683052113387878070,996537,1491885934
4092738698726048618,996537,1491885922
-8530168398621203104,959161,1491885951
-8455060105533635134,996632,1491885962
2843426330157927568,996632,1491885961
-7719731784605396346,996632,1491885951
9219416454378524175,996632,1491885961
-6691321603267574460,996632,1491885954
962290542017975522,996632,1491885956
8118200386069688199,996632,1491885923
-1169392675618205753,996632,1491885925
-3614534317477055823,996632,1491885960
-4462324643079399118,996632,1491885924
-3128531823395874833,996632,1491885933
-547015653040842951,996632,1491885947
-5374039641124632067,996632,1491885939
1948293318297157591,996632,1491885963
-2086976140587070056,996533,1491885945
7810729667334741085,996533,1491885944
8457109342932744159,996533,1491885930
-789914602668203948,996533,1491885949
1112617579012535613,996533,1491885939
-2791966341299603894,996533,1491885957
2958875831094222387,996533,1491885966
3968794334069955438,996533,1491885950
-250589402700270139,996204,1491885962
2938729261833342258,996204,1491885966
4010668998973210986,996581,1491885941
-8996266929323725615,996581,1491885968
4185358122027508580,996581,1491885977
7146133580537852306,996581,1491885968
-269643686041539921,996581,1491885928
3915341473949596303,996581,1491885921
7704032128949814444,996581,1491885962
978777600742656457,996581,1491885979
-4350671377762481059,996581,1491885979
2407331153810037130,996139,1491885963
9067124591916890582,996139,1491885926
8311745152353240163,904189,1491885926
-4955521911832057488,948676,1491885934
-5489241180806056331,996653,1491885958
-1475261006311822506,996336,1491885947
3814701519449935280,996336,1491885964
8642737242643442360,996336,1491885947
-5625053607007616266,996336,1491885950
8438181971527763459,996336,1491885975
2953455850533488267,996336,1491885944
-8324976373674735341,996336,1491885958
1892129019964413606,996336,1491885978
-5565073592066739728,996336,1491885922
2981034863881924302,996564,1491885934
4865842275716322265,996564,1491885959
-4627158107713866887,996564,1491885937
-339162786578558072,996564,1491885961
-6411908904455361626,996564,1491885956
-3346447018553608842,996564,1491885947
33231197148140886,996564,1491885945
304819199537478910,996564,1491885975
8600839935996995334,975858,1491885979
-6662396542489620831,975858,1491885948
-4792897530511792176,975858,1491885955
2128120428745971583,975858,1491885934
-6358817570838250781,975858,1491885974
1294438152602704089,992343,1491885930
-3145166484976499527,994985,1491885939
-2266104595236270401,993138,1491885926
6463916128682461280,996432,1491885932
7425130550183798366,996255,1491885980
-2649267901714093051,996255,1491885976
263092821768391359,996255,1491885969
2022285290089765789,996255,1491885947
-3560087985657793438,992414,1491885952
-5122036136633318979,946673,1491885939
-5535928862409969247,996306,1491885974
5589944527682757639,996306,1491885927
-1580374856904923652,996306,1491885948
2407331153810037130,996137,1491885963
-5383296570344045525,996517,1491885938
2180293960318052979,996265,1491885930
5173336384455641847,996538,1491885928
1771492390670719156,996538,1491885943
1118756266081033194,996538,1491885952
3968794334069955438,996538,1491885950
-9160868815235211313,996538,1491885955
1860632579651593191,996538,1491885980
-7403599099630451059,996538,1491885925
1125815312655456110,996538,1491885940
7255046767095900099,996538,1491885972
-7592350405896288530,996538,1491885973
2958875831094222387,996538,1491885966
1112617579012535613,996538,1491885928
-7634368248461556968,996538,1491885960
7810729667334741085,996538,1491885922
7771868186433030347,996538,1491885937
3729313255064528306,996538,1491885964
7992123154728473239,996538,1491885949
-2836988436435314653,996538,1491885942
-74468938645187280,996538,1491885950
-56160210019023285,996538,1491885966
-789914602668203948,996538,1491885929
-2791966341299603894,996538,1491885950
3445895895634532562,996538,1491885977
3869022120708608985,996538,1491885950
-5432182348093410153,996538,1491885943
-2018477062694741321,996538,1491885973
-4666771855698801454,996538,1491885931
317953895712277384,996538,1491885931
2283048888250580237,996538,1491885945
-1591902806455453374,996538,1491885953
-4933435696200272394,996538,1491885957
7365147935883159604,996538,1491885920
6098188305188980608,996538,1491885922
-3371783950232122192,996538,1491885974
819788174482060629,996538,1491885936
-1051199800926793354,996538,1491885957
-4460614436385678807,996538,1491885962
5271141234589882747,996538,1491885944
-1592507687355181787,996538,1491885968
-3853399163197474314,996538,1491885947
4368703192981782697,996538,1491885965
1791087723425967996,996538,1491885940
-2008455884924257743,996546,1491885940
4010031100635452586,996546,1491885931
-3883363279807099995,996546,1491885928
3510568642227302275,996546,1491885977
-3907524506417929038,996546,1491885970
-4143341008687354631,996546,1491885926
3640248320562437290,996546,1491885972
-7106797585331988409,996546,1491885937
-7784023273776723607,996546,1491885962
8756426492747548995,996546,1491885965
-1173537405874778241,996546,1491885952
321091136320523205,996546,1491885958
-1338941928610638849,996546,1491885940
7523011181861803063,996546,1491885973
-7301779700222569430,996546,1491885967
3294675426730845174,996546,1491885973
7268476884097292708,996546,1491885938
-6324248496483790748,996546,1491885943
-948120297208112619,996444,1491885937
7947953996187137602,996444,1491885929
-3804118461595012113,996444,1491885955
5209657119729761154,996444,1491885924
2302625480772490386,996444,1491885976
5888070838474679013,996444,1491885940
2036809776633424205,994250,1491885941
4045845109528344346,993207,1491885945
-3355937204483962226,993207,1491885966
7964647855191576434,993207,1491885943
-7371649306711200274,994751,1491885937
8715761314801758391,994486,1491885945
-4630202822954937765,994486,1491885946
-4934346519548726174,994486,1491885963
-3286629789708615677,996403,1491885948
-6828955072743996388,995174,1491885932
5722137938524558306,343507,1491885979
2759850126694428482,996018,1491885946
3591482286931600123,996605,1491885945
-5013069584481597589,996605,1491885957
1389158957418412442,996605,1491885927
1941780169695305314,996605,1491885963
-8272766123152893058,996605,1491885927
-375939230190460148,996605,1491885924
7550491085705581753,996605,1491885927
8425924858346399770,996605,1491885932
7059524041129243772,996605,1491885959
-5430943766233833768,996605,1491885934
-7242231716344147441,996605,1491885935
-2611881031443270951,996605,1491885954
8183567533889598026,996605,1491885977
-4800234695426233122,996605,1491885927
-7990220512128792962,996605,1491885980
-7644683123319282191,996605,1491885973
-8298831514638234594,996605,1491885969
-2147911434583227860,996605,1491885959
8939158121784753696,996605,1491885960
-1845720397223972810,996605,1491885976
3604592032774474969,996605,1491885972
-1634212849106478391,996605,1491885939
2889903108351298374,996605,1491885934
-687460484047359889,996045,1491885941
4529312655822631572,916678,1491885968
7881064299925324580,996316,1491885926
-7605029111920381697,996316,1491885979
1735207443603719936,996572,1491885929
7265464520541676248,996572,1491885933
-5966525768100156694,996572,1491885966
736204417886888112,996572,1491885931
3560575855211501505,996572,1491885953
7659617489091467451,996572,1491885975
2027532982273308521,996572,1491885927
-6753662662546608052,996572,1491885972
-2804282877178418483,996572,1491885930
3771599066129074593,996572,1491885954
6007383439665917451,996572,1491885978
6471613234737760301,996572,1491885948
2444917420436404621,996572,1491885962
-8776739779513200928,996572,1491885931
2109415786109708984,996572,1491885979
8921369991436809644,996572,1491885974
-7379809466567642958,996572,1491885969
-9175413661400475990,996572,1491885938
-1010577227528891075,996572,1491885968
4527027188160681279,996572,1491885922
2862053964254237702,996572,1491885962
-6931355807619694277,996572,1491885942
-8334555222784109157,996572,1491885948
-1719437661288400027,996572,1491885925
1470837368668368293,996572,1491885930
-5672140695269769756,996572,1491885923
3422661850334505640,996572,1491885930
3151243237453594908,996572,1491885944
-2819863415233581826,996572,1491885972
7476624378210083184,996572,1491885940
5187740349174267936,996572,1491885933
791395685110588975,996572,1491885979
-5684500390477776800,996572,1491885950
-6738750705926071875,996572,1491885930
1204353292368098927,996572,1491885970
-3918686881832998372,996572,1491885972
1871252047392682695,996572,1491885928
5990027233530725659,996572,1491885956
5415155924119749099,996572,1491885951
-1788466585949561454,996572,1491885961
-7724304331831700454,996572,1491885975
8988785219999428777,996572,1491885942
514353562117983039,996572,1491885980
8459427367371989106,996572,1491885926
-7250426747879068791,996572,1491885947
-337743756612341902,996572,1491885951
3858494338944383255,996572,1491885953
5725443140865417840,996572,1491885950
-6098792056920478888,996389,1491885946
2840256993005657729,992145,1491885962
-8116016200863225101,991407,1491885975
8100726397517587522,991407,1491885931
-1616114373680771501,996352,1491885929
5895445156502296007,996352,1491885949
-5777203044706175633,996352,1491885962
1574244350624965580,996362,1491885924
-5854827253928087814,995386,1491885957
-5735079471139743896,968027,1491885977
2180293960318052979,996463,1491885966
3166002629026639680,996463,1491885924
6011301808241526682,996441,1491885971
4654680431987982045,996441,1491885971
5475057586664750958,996441,1491885942
3166002629026639680,996441,1491885950
-5160980371621131088,996441,1491885968
3699004637567636330,419801,1491885948
1353889006271908351,996587,1491885979
5019650169519843191,996587,1491885947
559385776931041886,996587,1491885949
6937466740772381756,996587,1491885941
-687460484047359889,996203,1491885948
-5240348610843965481,996358,1491885925
6243642062198336279,996358,1491885955
-3198742713720411563,996608,1491885936
-2147911434583227860,996608,1491885921
5948223718456620837,996608,1491885978
-3964599392374611378,996608,1491885959
6210737219718766696,996608,1491885972
-4762067278532275265,996608,1491885962
8183567533889598026,996608,1491885942
5177981815966421296,996608,1491885938
5930057311253217375,996608,1491885957
1447728717468902079,996608,1491885929
1453103033546992101,996608,1491885974
-4260074315788852608,996608,1491885959
-2479701295696945266,996608,1491885923
7799826681955307619,996368,1491885958
-9191715197377683900,996368,1491885966
-4590845209228262286,996368,1491885974
-1139351919984423042,996368,1491885921
333279754188533832,996289,1491885928
4351290830782069203,996158,1491885967
2759850126694428482,995890,1491885968
-4029504711478904469,995890,1491885980
-8909473061069323004,996232,1491885937
-5932155852772333124,994541,1491885957
-6556087370308846200,994541,1491885938
239472457013859551,994541,1491885930
7972957532620139940,994541,1491885927
-687460484047359889,996197,1491885948
-5048323088323441789,888448,1491885938
1537563005979389833,985892,1491885953
4186607524053298771,992240,1491885971
3552014562212770472,996439,1491885942
7947953996187137602,996439,1491885939
9071314363737646029,996439,1491885937
7735300817933903967,996529,1491885927
-2791966341299603894,996529,1491885939
1636985386555178892,996529,1491885935
-3371783950232122192,996529,1491885974
8708095230798637040,996529,1491885968
-5988329946204231891,987757,1491885954
559385776931041886,996590,1491885928
6937466740772381756,996590,1491885927
3188278841762695038,996590,1491885976
-8121186369509587094,996590,1491885954
7886678113348938627,968689,1491885940
2232046330160319707,990574,1491885931
1003895300207104229,996365,1491885945
-5174216454919271865,996365,1491885973
-3798911317396528486,996365,1491885979
-3640716623892683509,996365,1491885945
-7410170535072314736,995395,1491885959
-5142768891586720297,995395,1491885951
583609796512934664,995395,1491885930
877947561884377770,994281,1491885948
4686122166461566238,996611,1491885974
6934396715955117875,996611,1491885921
-767498306570427473,996611,1491885971
-7120481614125207366,996611,1491885968
-8639039286582864711,996611,1491885959
-2675113873868620512,996611,1491885961
6917716734726932024,996611,1491885942
7031268390564502103,996611,1491885955
3837508406692005476,996611,1491885930
477877751378190231,996611,1491885943
-142638538427759534,996611,1491885962
8127689419257290766,996611,1491885933
-3654787108338935144,996611,1491885948
6823070805243046221,996611,1491885956
7527845421892586241,996611,1491885929
595234614061564285,996611,1491885933
-1446955504227666484,996611,1491885959
8305226003306760598,996611,1491885963
-5372849044290241648,996611,1491885941
-353898522435446429,996611,1491885921
1453103033546992101,996611,1491885945
6835633685115963101,996611,1491885922
2168654284874611520,996611,1491885921
4231808194319138419,996611,1491885956
4197763523876971738,996611,1491885966
6397442887514416875,996611,1491885936
6648320502250425963,996611,1491885921
-1172170707440125599,996611,1491885960
-2989389168498293226,996611,1491885970
2100318837440615283,996611,1491885943
6941596955468087787,996611,1491885964
-7765845239629498531,996611,1491885953
-4497352451813913302,996611,1491885954
-8314067116061371212,996611,1491885944
-6072499721766395384,996611,1491885973
6922432841292980767,996611,1491885958
-5332978178761217830,996611,1491885945
-1153811640146676193,996611,1491885941
-1001321819187519508,996611,1491885944
8437526226873277473,996261,1491885957
-7080641332778252839,996261,1491885958
-1940205087542055787,996261,1491885971
-9171523059934888747,996261,1491885923
9222556663580741625,996261,1491885949
3576231225111507085,996261,1491885976
-8421012787063820451,996261,1491885923
-7236606150215462358,996261,1491885937
-3654681324122139841,996261,1491885933
-1260885935207978597,996261,1491885972
4941942874506303416,996261,1491885933
-3190434673326565803,996261,1491885965
-8447096257199045060,996261,1491885952
387825291218882491,996261,1491885928
7964280142233981249,882227,1491885962
4653257689267130103,996408,1491885947
-8284324833831305304,996408,1491885958
877947561884377770,994042,1491885927
2136219378012010294,996268,1491885964
2180293960318052979,996451,1491885980
3166002629026639680,996451,1491885936
-7990220512128792962,996646,1491885951
-4769237860809619679,996646,1491885977
6794814768787207506,996646,1491885941
1281595053668928241,996646,1491885967
7504730509413249564,996646,1491885967
4797899751610833007,996646,1491885941
2495776429741839827,996646,1491885928
263591258788972193,996646,1491885934
3212497973641788517,996646,1491885932
7992123154728473239,996646,1491885967
4528666552725119486,996646,1491885938
5041931801033525927,996646,1491885970
-5344958237017890488,422210,1491885928
5225020099916541843,996501,1491885956
-2077077068657341888,996415,1491885938
5891020339219645342,994587,1491885968
4728944986289757130,994587,1491885967
5734332822106262531,994587,1491885936
-8805402193806580210,994587,1491885932
3659092279799823432,994587,1491885930
-3929980099476805737,994587,1491885958
4204923768360696938,996355,1491885939
-6292904389103896505,996355,1491885926
1612697167213317354,996355,1491885972
-1075975296176766860,996355,1491885958
-9018261134701474421,996333,1491885929
-4660284368060552385,996333,1491885979
6611547086057699686,996333,1491885939
-4955521911832057488,996333,1491885931
2606806537575259301,996333,1491885948
-4143341008687354631,996333,1491885964
-7106797585331988409,996333,1491885956
2993767383155865565,996333,1491885962
-6643345204978812727,996333,1491885980
7248853508071673350,996333,1491885951
-1571262922633750927,996333,1491885948
-2479701295696945266,996333,1491885974
-1808129133304305344,995001,1491885972
6941596955468087787,996617,1491885964
-6858203426290010725,996617,1491885956
3054295441631255171,996617,1491885947
-142638538427759534,996617,1491885923
-1153811640146676193,996617,1491885941
-4920784706858041725,996617,1491885923
1453103033546992101,996617,1491885935
6397442887514416875,996617,1491885935
-4497352451813913302,996617,1491885954
-2989389168498293226,996617,1491885970
6839881612577879626,996617,1491885941
6922432841292980767,996617,1491885958
-1001321819187519508,996617,1491885944
-5372849044290241648,996617,1491885924
6823070805243046221,996617,1491885934
4197763523876971738,996617,1491885966
1613654859496376221,996617,1491885976
3964266099667840774,996617,1491885977
-7765845239629498531,996617,1491885953
2100318837440615283,996617,1491885943
-5332978178761217830,996617,1491885945
580733580528594292,996617,1491885932
-8314067116061371212,996617,1491885944
-1181216251068074432,996617,1491885960
-2009946512032586529,996617,1491885970
4231808194319138419,996617,1491885956
-1172170707440125599,996617,1491885960
3518598481180284757,996617,1491885970
8305226003306760598,996617,1491885944
1339928198654359629,996617,1491885977
-6394105468762130865,996617,1491885955
-7612719286245293654,996617,1491885933
-8574478171778080190,996617,1491885955
-1446955504227666484,996617,1491885939
5589781933215720326,996617,1491885934
-7486088137628486587,996617,1491885940
-7826374842966254805,996617,1491885972
5333433448281182057,996617,1491885977
5344059677230260578,996617,1491885924
-6072499721766395384,996617,1491885973
1910522234386914587,996617,1491885950
3834197187594275789,996617,1491885922
7015168595705276073,996617,1491885940
3302081448698063251,996617,1491885930
5929958816993851066,996617,1491885928
554823520008910104,996617,1491885966
-1292047905306700575,996617,1491885969
-5461899807330443514,996617,1491885937
4408129735718695317,996617,1491885967
4291746184665737064,996617,1491885960
-3040589369307900519,996617,1491885975
1702609410071778036,996617,1491885950
1000091021617363306,996617,1491885942
4388282701432792089,996617,1491885921
648181981861343754,996617,1491885962
-3498863699289566802,996617,1491885967
-8532519042492286397,996617,1491885942
7828034482074164559,996617,1491885951
-9152485257321029841,996617,1491885971
7467962899798732394,996617,1491885974
2299869285462156464,996617,1491885960
8152664038494817406,996617,1491885962
-7013609395535063295,996617,1491885943
-284749733582779001,996617,1491885978
422363432566366007,996617,1491885942
-912923313345543662,996617,1491885934
5235331186175013610,996617,1491885980
-8097402831192998930,996617,1491885980
5266707636215672140,996617,1491885975
-3623026861753236284,996617,1491885933
-2787913869732683258,996617,1491885936
1076542075063938443,996617,1491885929
-5511045698265182549,996617,1491885946
-6308299512756506206,996617,1491885953
100753715979358559,996617,1491885939
1885742161010883452,996617,1491885963
-7044083087759751882,996617,1491885968
5725443140865417840,996617,1491885978
-585683919970711997,996617,1491885960
4493200609476026302,996617,1491885968
-365823225643909731,996617,1491885975
5816175216512561016,996617,1491885929
