-8522772797504271378,993659,1491358118
-8691442994946116661,993784,1491358127
-2556097266180574202,993784,1491358148
5104750171849437779,993784,1491358153
8311746010534310702,994143,1491358097
6392588201227309155,994143,1491358151
266338934699483718,994143,1491358127
1491213166890245129,994075,1491358128
5805920271110037316,994075,1491358128
-5504604132457682232,994075,1491358139
6607167169201024211,993930,1491358147
-4751137799458107522,993930,1491358151
4820959151234354661,993930,1491358101
-5685183457045962603,993930,1491358119
-4183690356685825707,993930,1491358117
5310820568070663602,993930,1491358105
2201949777223465370,993930,1491358120
-2576448343914431248,994040,1491358144
-2085945385757838027,994040,1491358097
-9096196943382616065,980893,1491358129
7290438545128225124,994091,1491358123
-776768576336923684,896575,1491358129
-4805746538096895751,993898,1491358126
-5334176257131291833,993898,1491358154
-333943558609685918,978018,1491358142
7237513666049454281,989371,1491358145
9184002011951984998,889741,1491358116
3676526983853622389,994137,1491358129
6258481570732635637,994137,1491358124
2708955546904414592,994137,1491358134
266338934699483718,994137,1491358155
8882195956695294418,994137,1491358152
1282981947096039898,994137,1491358148
1433397281614480841,994137,1491358155
9102835267725580101,993843,1491358143
-7737572569581010868,994178,1491358137
-6208993078496591985,994178,1491358116
8577371382472991645,994178,1491358114
3550829886653279896,994178,1491358139
7164724288561066500,994178,1491358129
-3863740649642579525,994178,1491358152
8593939162883061575,994178,1491358155
-4898371940300528450,994178,1491358155
7578188151065896488,994178,1491358137
-8227066900224539052,972937,1491358107
-7440116024851831821,972937,1491358140
2380834323357627074,993705,1491358155
2528946582189324229,994142,1491358133
8777831976505520665,994142,1491358153
6392588201227309155,994142,1491358099
266338934699483718,994142,1491358104
5335305022451004106,994142,1491358098
-4076323609617182341,994142,1491358147
-5342968000418937767,994142,1491358130
-2605765264048324600,992789,1491358135
-7878256482108318860,993453,1491358128
-6535132994290732149,993453,1491358103
-8655633031513755473,993453,1491358123
6442887597983456154,993619,1491358126
-5154904711865288771,993619,1491358133
8349103330416368678,993619,1491358139
6299928400643521217,993131,1491358118
-7107208299078269078,993895,1491358110
-6505657180142110556,993895,1491358134
-8949739784198723289,993895,1491358153
965074874329080073,993924,1491358118
7994236686169874492,993924,1491358113
-6693790118312231641,993924,1491358112
-3543434426327853448,993924,1491358117
7441087354261911218,993924,1491358129
1587974642295668111,993924,1491358126
7068496936498392016,993252,1491358106
401214228438855569,993252,1491358110
-4481556060440903998,993252,1491358129
800218565174229795,993252,1491358131
-3452062235415675453,994103,1491358142
-5718305057899063108,994103,1491358112
1039061857498633737,994103,1491358138
-198570059272324053,994103,1491358096
633751975749719177,994103,1491358153
-6911915308700249759,994103,1491358101
-2541395119822482353,994103,1491358137
-3030798092248491086,994103,1491358121
-862734369588684727,994103,1491358151
5959003600722141455,994103,1491358146
2352748796904678781,994103,1491358097
-2614087949133411188,994103,1491358146
-8129024956702736762,994103,1491358147
7947906260222163044,994103,1491358138
-630855125554943903,994103,1491358121
5882601516119741588,994103,1491358144
4157527648011484144,994103,1491358121
-2646530449116801941,994103,1491358149
-8591187119334726675,994103,1491358110
5996669795683788030,994103,1491358102
2409628757028475872,994103,1491358128
8519602540162915960,994103,1491358138
-4202261406717486660,994103,1491358107
6682037432912342174,993945,1491358122
-3313481436263698945,993945,1491358141
-3458030093770671237,994166,1491358125
-8645180139937725049,994166,1491358133
-715804699409910837,994166,1491358135
562859627023140833,994166,1491358099
2624430808600913235,994166,1491358148
4135313224549719570,994166,1491358152
788660284092443141,994166,1491358109
10481847379404137,994166,1491358128
8282997214195352519,994166,1491358104
-3473036259485901087,994166,1491358126
4420466866470858702,994166,1491358138
-4815374561275280796,994166,1491358142
2757059567231936139,994166,1491358141
4111726970218261059,994166,1491358112
2366093533872089220,994166,1491358153
4437191982727428894,993979,1491358108
5045378135884237933,993946,1491358121
-8970519773352416789,993302,1491358116
9148963498899996001,993302,1491358128
-8760563054689313729,993302,1491358126
-4626463543117738813,993302,1491358112
-1212098599175224348,993302,1491358147
-9049647034139341712,993302,1491358109
7240694800158887395,994123,1491358144
3717404320589210007,993962,1491358114
4437191982727428894,993982,1491358108
1251651532112152564,994027,1491358136
751680467219630565,994027,1491358131
1918588686185065485,994027,1491358142
4841992067176088128,993818,1491358131
-2037690280680899350,993818,1491358117
3413213277100729921,993818,1491358108
-5471724167737878840,993818,1491358136
7068496936498392016,993818,1491358127
7680332769196554712,993818,1491358148
-914146445280876492,992288,1491358113
2927928258750791265,993894,1491358154
7854746137261647918,993983,1491358126
-945007987313820292,993983,1491358118
9148963498899996001,994045,1491358117
-2843002902078906458,994045,1491358140
-5195721975191205682,991842,1491358124
-5088747346499473618,994047,1491358149
4348751788541722829,994047,1491358139
-1404990266738583821,987911,1491358154
-1329729145051517602,993977,1491358115
2620526925318759648,993977,1491358140
3864006430348463262,993977,1491358134
3717404320589210007,993977,1491358108
-1169450209782162016,993977,1491358132
-6027106584520969203,993977,1491358132
-7936238570200718734,993977,1491358122
3385238604963939623,993977,1491358154
5174273127713507629,992268,1491358133
2380834323357627074,993702,1491358155
3480947278507905247,993719,1491358120
4620794833975055485,993719,1491358113
-9117608708424679071,994064,1491358135
8259257461594202610,994064,1491358151
-6751867190910934247,993913,1491358136
9056807608166076192,993913,1491358144
3864006430348463262,993913,1491358138
6814607435685765537,993913,1491358121
-2005513604751320576,993913,1491358146
2201949777223465370,993913,1491358104
-2605765264048324600,992842,1491358123
-6446499627402024958,993677,1491358142
-5504604132457682232,994076,1491358139
-2337042584164651576,994076,1491358103
-7542634413275528348,994076,1491358155
5805920271110037316,994076,1491358128
-9117608708424679071,994076,1491358132
8516027237203036458,994076,1491358136
1730029877933710707,994076,1491358124
8471913929012572277,994076,1491358133
8457474493745709456,994076,1491358111
-3682025042524928146,994076,1491358097
-1572439917912351557,994076,1491358105
-4069973739764367009,994076,1491358141
6915902108543145859,994076,1491358129
-8393661288244774778,993891,1491358106
-143165244192744203,994139,1491358108
3676526983853622389,994139,1491358102
3771839556582385294,994139,1491358138
8882195956695294418,994139,1491358152
1433397281614480841,994139,1491358155
1282981947096039898,994139,1491358147
4205769038666132078,994139,1491358138
3918186661102699797,994139,1491358098
-394260635090062760,994139,1491358146
1112385443018419525,994139,1491358123
-66370382845375498,993810,1491358097
-7325604957174313845,993810,1491358152
3717404320589210007,993971,1491358127
-9096196943382616065,981726,1491358129
7290990204624983066,981658,1491358108
-8983839937476686644,890235,1491358141
-143165244192744203,994138,1491358123
3918186661102699797,994138,1491358098
5641721276910976237,994116,1491358101
-277462876111096872,994116,1491358142
-4900854820628341087,994116,1491358146
6028900382848592716,994116,1491358124
-2085945385757838027,993758,1491358116
5510025007600138900,994097,1491358137
7001980018812065058,994097,1491358106
-998484704258747983,994097,1491358127
-851439875754265851,994097,1491358136
3021206495484277005,994097,1491358109
8259257461594202610,993999,1491358096
2027005509114164444,993999,1491358132
1045225179697170989,993768,1491358105
2650393302100586552,993768,1491358119
-2401461097807945038,993640,1491358133
-6612672552201791662,993640,1491358128
-8339941484874732909,993640,1491358144
5981778504171190790,993640,1491358129
-7730759103067527405,993640,1491358142
-8661577421325118272,994105,1491358132
4282633618408973585,993524,1491358136
-6234535630178854735,994057,1491358142
-4227270566114934331,994057,1491358152
6851625911005668694,994057,1491358154
7012422995693268227,993879,1491358130
8339126869215812131,993879,1491358116
6814518490511746735,994029,1491358147
5664543254837871944,987933,1491358154
7395517626513376203,994048,1491358131
4729969084992785795,994048,1491358111
-7145314272628258575,994048,1491358153
-3455153985491316626,994048,1491358115
1159984715545227475,994077,1491358105
-85357963205300246,994077,1491358152
6851625911005668694,994077,1491358128
9102835267725580101,993830,1491358143
9102835267725580101,993852,1491358120
-2291067510521052552,992619,1491358104
4396907535113768722,992619,1491358102
5210143582679819808,992619,1491358142
-4318296496352703645,992619,1491358103
-4619464879479918521,987909,1491358129
-2998948928171637375,993265,1491358107
-8967178676171085993,994098,1491358108
-8263098939546786161,994098,1491358140
2622506510582386369,994098,1491358153
-8253133124695692645,993466,1491358152
-7347148058622538442,993466,1491358117
969246158781271875,993466,1491358148
6453592149271012055,994177,1491358104
-4608978186078865484,994177,1491358140
-5712616729829342583,994177,1491358105
208477444770323308,994177,1491358097
-6546647898102912924,994177,1491358112
-8096909971885955959,994177,1491358109
-8240382844085365570,994177,1491358108
3877886128377782519,994177,1491358108
-6041210996294943409,994177,1491358137
4114482186187415081,994177,1491358129
-7642068157268529077,994177,1491358130
8577371382472991645,994177,1491358122
-2997509796743071749,994177,1491358107
-8888543357341549574,994177,1491358133
-4334274942142683682,994177,1491358106
1577831612399872739,994177,1491358137
-3944905448190332845,994177,1491358128
-2910286653494632219,994177,1491358130
-7737572569581010868,994177,1491358149
2675115816588288840,994177,1491358101
-5629888367305979657,994177,1491358125
-6208993078496591985,994177,1491358126
7164724288561066500,994177,1491358150
1324667408493765602,993382,1491358129
7177511090239305433,993382,1491358100
7995834650733873221,993747,1491358155
-5831408601237118628,993996,1491358133
8805917499082190412,993996,1491358103
-5509708956778865954,993701,1491358130
7415731806741432124,993701,1491358100
143268761237486482,993701,1491358112
2761390593748173753,993701,1491358106
7416871472596566634,993701,1491358116
6626108557797721268,993701,1491358147
-6703785994890173739,993701,1491358136
-2368297426983164968,994073,1491358107
-7827939796005374905,994073,1491358141
7674368249204836171,994014,1491358118
7680332769196554712,951209,1491358124
3527225162433601086,994121,1491358139
3676526983853622389,994121,1491358131
-7898422547077184922,993262,1491358136
6392588201227309155,994136,1491358134
266338934699483718,994136,1491358119
8777831976505520665,994136,1491358153
2528946582189324229,994136,1491358133
2979666176557905435,993994,1491358140
6299928400643521217,993916,1491358133
-8393661288244774778,993899,1491358137
7012422995693268227,993899,1491358098
-4805746538096895751,993899,1491358126
7736709548874618508,994062,1491358124
8966915376216615619,994062,1491358141
-2963733521890282200,994062,1491358112
7032159987349637234,994062,1491358113
5664210632614484108,994062,1491358119
-6359135513806106988,994082,1491358146
5006751553704414874,994082,1491358100
4586292077738615871,994082,1491358146
-8581403597553427373,993995,1491358135
7901397393029592487,993995,1491358113
-4646211374348276681,954615,1491358149
-7683224256103685116,994068,1491358131
3397397022443680523,994068,1491358140
-7708970796499209449,994068,1491358114
1763425379541372383,994068,1491358151
3021206495484277005,994068,1491358137
2199310995007067767,994068,1491358126
-998484704258747983,994068,1491358139
-660388281206228649,994068,1491358119
-6889483574982529257,994068,1491358121
8983778220025161632,994068,1491358117
6318416184774732571,994068,1491358114
7001980018812065058,994068,1491358150
-7968943696582189969,994068,1491358115
66777261245606283,993801,1491358115
2398509073485946059,994151,1491358144
-4076323609617182341,994151,1491358124
-1080316419732302316,994151,1491358152
-2694039899703754536,994033,1491358137
6011646466232581180,994033,1491358135
3717404320589210007,993142,1491358144
-1404089997328084599,993873,1491358134
734092685704195606,993731,1491358123
8876610965891932767,993731,1491358143
-2036669963610724522,992011,1491358119
7947906260222163044,994107,1491358138
6247834145655125925,993458,1491358115
-4656779575552209086,994086,1491358144
895973891327572143,994086,1491358105
4586292077738615871,994086,1491358100
-8263098939546786161,994086,1491358154
-8967178676171085993,994086,1491358153
6199080658172656253,342942,1491358128
-5434687139846611011,993329,1491358154
7237513666049454281,989440,1491358125
3717404320589210007,993871,1491358144
-6318409134781220505,994000,1491358109
7854746137261647918,994000,1491358126
9102835267725580101,993857,1491358137
-8290618917426623592,991064,1491358103
3905168882069893694,972031,1491358136
-9041672763253442115,993484,1491358126
-2641728711615921970,993963,1491358120
-1095742191007160722,993963,1491358102
-7898422547077184922,993963,1491358141
7791827184399612586,993963,1491358135
-629876773482530005,993963,1491358119
4820570854501052849,993963,1491358154
-5500702825629748395,994159,1491358128
471576802131662512,994159,1491358131
-3966130323633480743,994159,1491358143
8593939162883061575,994159,1491358100
-1329729145051517602,993973,1491358126
3717404320589210007,993973,1491358119
2620526925318759648,993973,1491358140
6299928400643521217,993915,1491358137
4282633618408973585,993528,1491358136
-4076323609617182341,994154,1491358114
2398509073485946059,994154,1491358129
-1080316419732302316,994154,1491358140
-4691334801741179612,994154,1491358144
7348851747255682780,994154,1491358122
3847726897098658658,994154,1491358154
788660284092443141,994154,1491358144
-2015704294913055166,993449,1491358153
-8564723665316423464,993759,1491358155
3793227004795571732,993759,1491358137
-6239997378132017136,994004,1491358148
-8290618917426623592,991051,1491358149
2380834323357627074,993708,1491358107
6166769413755132766,993854,1491358116
4730828581570552509,994126,1491358148
2708955546904414592,994126,1491358143
6258481570732635637,994126,1491358133
266338934699483718,994126,1491358155
4441522434151987152,993135,1491358145
-4334274942142683682,994179,1491358106
7164724288561066500,994179,1491358150
-7737572569581010868,994179,1491358148
-6208993078496591985,994179,1491358126
8577371382472991645,994179,1491358121
7774068343479404603,988606,1491358149
8400161793341639326,993376,1491358136
4517188270532685953,877509,1491358152
-6223708494995003294,406059,1491358121
162074887280589678,994183,1491358112
7164724288561066500,994183,1491358108
4730828581570552509,994132,1491358111
5068773701585139286,993981,1491358098
3413213277100729921,993981,1491358109
-8949739784198723289,993981,1491358152
-881228908787277319,993981,1491358106
6123734808265911154,993981,1491358144
8818445181465658971,993981,1491358140
-6505657180142110556,993981,1491358105
-1003988744009106096,993981,1491358123
3379904394747100526,993981,1491358113
-8856395816588429400,993981,1491358128
7994236686169874492,993981,1491358126
9017496310675020827,993981,1491358131
3847726897098658658,993981,1491358120
-442827745345061024,993981,1491358153
-6076450819649646659,993981,1491358126
-6663991547579851830,993981,1491358153
-6693790118312231641,993981,1491358130
6159828747801115253,993981,1491358132
6647386138846534545,993981,1491358137
4245824803666261405,993981,1491358129
-4747136326249836460,993981,1491358108
-3190104662387903316,993981,1491358146
-612757205565352174,993981,1491358098
-132418139453403955,993451,1491358117
-7424211336354665095,905998,1491358141
2979666176557905435,993970,1491358125
-998484704258747983,994111,1491358112
7947906260222163044,994111,1491358105
-851439875754265851,994111,1491358129
3021206495484277005,994111,1491358105
5510025007600138900,994111,1491358099
-8129024956702736762,994111,1491358114
8285860593749613177,994111,1491358108
-3083198548262895466,994111,1491358109
-5552230916144378599,994111,1491358153
3563947484778635906,994051,1491358125
-8760563054689313729,994051,1491358134
-998484704258747983,994051,1491358146
6028900382848592716,994051,1491358137
4738490941093433315,994051,1491358101
3334751785406727368,994051,1491358149
3057204547362513927,994051,1491358104
-9072458595947799902,993424,1491358118
895973891327572143,994085,1491358121
4586292077738615871,994085,1491358115
-3938658939930200419,994085,1491358144
-4656779575552209086,994085,1491358144
-851439875754265851,994113,1491358107
-3083198548262895466,994113,1491358102
-7936238570200718734,994113,1491358103
-277462876111096872,994113,1491358142
-7907636053892094510,994153,1491358141
-8862734553043424007,994153,1491358110
8132172087724599202,994153,1491358141
2624430808600913235,994153,1491358111
118333886614939667,994153,1491358127
4420466866470858702,994153,1491358128
2366093533872089220,994153,1491358125
6851045782020460895,994153,1491358100
-6041210996294943409,994153,1491358155
8617051947910189622,994153,1491358126
-325908701819921061,994153,1491358135
-1184915036594824404,994153,1491358147
6068189363475280717,994153,1491358124
4109608781030931799,994153,1491358148
3521391044407681030,994153,1491358128
4961638905979945060,994146,1491358144
-2494245430402483641,994146,1491358127
-325908701819921061,994146,1491358118
-8218591635749547329,994146,1491358122
3521391044407681030,994146,1491358114
-1184915036594824404,994146,1491358119
35300737514796013,994146,1491358145
1784497658921077825,994146,1491358126
5974378137359406135,994146,1491358118
2743617459297116609,994146,1491358151
-6235503943063621755,994146,1491358125
9082156991010995899,994146,1491358131
7888734890488578107,993845,1491358099
6166769413755132766,993845,1491358116
4490561708244227212,992829,1491358120
6833667089542914972,928155,1491358153
470487584280762165,994056,1491358125
-3411198862784454035,993829,1491358119
3387122278200151760,994072,1491358145
1763425379541372383,994072,1491358144
-660388281206228649,994072,1491358119
7001980018812065058,994072,1491358149
-6889483574982529257,994072,1491358121
-4872050088493304261,994072,1491358129
3021206495484277005,994072,1491358131
8983778220025161632,994072,1491358117
2199310995007067767,994072,1491358121
-998484704258747983,994072,1491358136
2233528840759658803,994072,1491358123
-2308474098979645719,994072,1491358134
6233861527363815003,994072,1491358109
-5878868864381740984,994072,1491358115
-3023490271001623011,994072,1491358118
-5195721975191205682,993100,1491358124
3769067773083405265,993479,1491358140
448074850567238994,993479,1491358122
6902484246843720749,994038,1491358139
-6239997378132017136,994038,1491358148
-1021360899219016301,987581,1491358121
-4532863457086619008,994184,1491358153
-3385247607504371961,994184,1491358128
-8058245408341134917,994184,1491358118
-3902009302727033191,994184,1491358142
-7147095141855339640,994034,1491358114
8437232276930450805,994034,1491358115
5610554585763912834,994034,1491358130
7014422667850686703,994034,1491358132
6159828747801115253,994034,1491358132
4544108144188942496,994034,1491358121
-4056162953434719538,994034,1491358104
-6600417468386542121,994034,1491358136
-8245408545115956489,994034,1491358100
5069925270654019494,994034,1491358128
8119716734730357569,994034,1491358122
4004475235041091900,994034,1491358143
-1226823337503197530,994034,1491358140
6218416325613378081,994034,1491358123
861183703251138548,994034,1491358126
-877602828217747079,994034,1491358147
-1003988744009106096,994034,1491358128
7083644788631835603,994034,1491358098
-8208084109899699451,994034,1491358126
3706805446319669046,994034,1491358130
-200364641017974143,994034,1491358124
-7407638378916174742,994034,1491358103
-5244505284427435538,994034,1491358154
8245115997348594135,994034,1491358149
4216008747656848201,994034,1491358113
-277462876111096872,994118,1491358114
7240694800158887395,994118,1491358144
6701601590547762824,994118,1491358116
-642547337565092693,993908,1491358131
3847726897098658658,993908,1491358142
401214228438855569,993908,1491358110
-5412658734622015874,993908,1491358155
8455280124485920494,993908,1491358149
-8253133124695692645,993207,1491358153
-4763383022034914197,980548,1491358127
6299928400643521217,993919,1491358098
-5938620184242212435,993919,1491358137
-6991736387812310603,993919,1491358102
-8760563054689313729,993957,1491358117
-3915816684221944184,993957,1491358144
8539912951855812439,993250,1491358131
4605376787552043735,994025,1491358126
5664210632614484108,994025,1491358114
-4044607223422830275,879566,1491358142
-1021360899219016301,991545,1491358129
-5878868864381740984,994078,1491358115
3387122278200151760,994078,1491358129
2199310995007067767,994078,1491358117
427011442622635131,994078,1491358140
-6889483574982529257,994078,1491358112
-660388281206228649,994078,1491358109
1763425379541372383,994078,1491358132
7001980018812065058,994078,1491358140
-4872050088493304261,994078,1491358123
8983778220025161632,994078,1491358113
7414750889170827524,994078,1491358131
6851625911005668694,994078,1491358154
3021206495484277005,994078,1491358125
1247030943966829371,994078,1491358098
-998484704258747983,994078,1491358133
2409254835270451744,994078,1491358153
8245915379977837281,994078,1491358131
-85357963205300246,994078,1491358152
5661368437910655975,994078,1491358140
-926768137775669742,994078,1491358122
-7749786125964091721,994078,1491358143
-8982954115581946340,994078,1491358122
-3081174774423041626,994078,1491358148
6587078291994345702,994078,1491358104
-4640331284275528321,994078,1491358146
-4658291130954494287,994078,1491358145
-2377495784879829643,994078,1491358129
-3226679835389966675,994078,1491358129
-607195109768856069,994078,1491358148
618459244042104851,994078,1491358116
5510025007600138900,994078,1491358137
-7145314272628258575,994078,1491358106
-6839344241753439741,994078,1491358107
-8620750825160102290,994078,1491358116
8876610965891932767,994078,1491358109
769892747399234909,994078,1491358097
-851439875754265851,994078,1491358136
-7730759103067527405,994078,1491358110
3204260967911412963,994078,1491358104
5648928552163331769,994078,1491358149
14052225867256590,994007,1491358135
2979666176557905435,994007,1491358113
-6318409134781220505,994007,1491358129
-3311044870113360843,994007,1491358104
-6751867190910934247,993914,1491358139
-5334176257131291833,993914,1491358101
7674368249204836171,993191,1491358099
-7197473351984729923,993191,1491358150
838629851806930960,985935,1491358155
-8393661288244774778,993769,1491358099
1418037167969696676,400245,1491358145
266338934699483718,994149,1491358096
8777831976505520665,994149,1491358133
-5342968000418937767,994149,1491358130
-4076323609617182341,994149,1491358147
-5010023686635725411,994149,1491358128
2295150662306789701,994149,1491358133
5939155748218905203,994149,1491358145
-6612672552201791662,993630,1491358156
7930055090771355498,988990,1491358119
764665335672058040,988990,1491358133
-4639668700498384275,993258,1491358144
-7197473351984729923,994019,1491358150
5034890306018346282,994019,1491358115
4605376787552043735,994019,1491358151
1251651532112152564,994019,1491358136
1918588686185065485,994019,1491358156
1198375052381920767,993950,1491358123
8267053908680915217,993816,1491358138
-6208993078496591985,994181,1491358097
5833536872078094848,994181,1491358099
-2311039511628526355,994181,1491358155
-3863740649642579525,994181,1491358117
3550829886653279896,994181,1491358120
-4898371940300528450,994181,1491358145
-6223693288423996368,994181,1491358121
4945632761036773532,994181,1491358126
4643148418576449110,994181,1491358110
1179862132883021086,994181,1491358128
-3582317218893096738,994181,1491358145
-795253410226344791,994181,1491358143
-1286679273514592047,994181,1491358149
-3798320562099439808,994181,1491358146
3058211431673076623,993417,1491358096
3722455358997617684,994174,1491358126
2366093533872089220,994174,1491358110
4420466866470858702,994174,1491358110
4109608781030931799,994174,1491358148
8617051947910189622,994174,1491358126
8132172087724599202,994174,1491358116
9082156991010995899,994174,1491358131
6068189363475280717,994174,1491358124
5974378137359406135,994174,1491358117
-6041210996294943409,994174,1491358155
4544108144188942496,994174,1491358143
3847726897098658658,994174,1491358128
4020450810810900948,994174,1491358119
4264111810546489824,994174,1491358101
4510472269577489866,994174,1491358155
-3736176871120534869,994174,1491358113
-4608978186078865484,994174,1491358140
-9110821374082553007,994174,1491358133
208477444770323308,994174,1491358097
2752564967901318255,994174,1491358136
7062534900408838085,994174,1491358130
4107591177340676292,994174,1491358142
-3125058024718332284,994174,1491358138
-8096909971885955959,994174,1491358109
3975717596017641838,994174,1491358132
727895777058788171,993779,1491358110
7736709548874618508,993779,1491358129
-8262385106100842059,994144,1491358140
2708955546904414592,994144,1491358126
6258481570732635637,994144,1491358112
266338934699483718,994144,1491358149
7240694800158887395,994125,1491358118
1156986682130849885,994125,1491358154
6258481570732635637,994125,1491358133
-8685852495531677600,994125,1491358132
-8216498552879602228,994125,1491358120
-6229845988078003599,994125,1491358149
-143165244192744203,994125,1491358123
2708955546904414592,994125,1491358143
5122480634519439618,984327,1491358099
8793448367847485196,994053,1491358138
-8298454875969123724,993888,1491358112
4951029047267275710,993888,1491358117
-1675734850476741856,993888,1491358133
2378652123285133854,993888,1491358114
-7962122690382602791,993888,1491358151
727895777058788171,992046,1491358116
-5509708956778865954,992046,1491358146
8265014049283085557,990193,1491358122
-1790058105100928353,994084,1491358101
-8407133963871753430,994084,1491358111
5006751553704414874,994084,1491358100
4586292077738615871,994084,1491358146
-2176452552532452525,994084,1491358150
-6359135513806106988,994084,1491358146
-7630684064181991850,992445,1491358132
9033484842662901698,992445,1491358112
5833536872078094848,994176,1491358128
-7737572569581010868,994176,1491358102
-3863740649642579525,994176,1491358136
8577371382472991645,994176,1491358105
-6223693288423996368,994176,1491358131
8593939162883061575,994176,1491358110
7164724288561066500,994176,1491358118
-6208993078496591985,994176,1491358104
3550829886653279896,994176,1491358128
-3582317218893096738,994176,1491358151
-4898371940300528450,994176,1491358148
1053238754361167280,994176,1491358098
-2311039511628526355,994176,1491358155
162074887280589678,994176,1491358111
8023722829034247365,994176,1491358120
7012422995693268227,993884,1491358142
7580955888388314616,993936,1491358099
5045378135884237933,993953,1491358120
138221356476701395,994119,1491358143
-4691334801741179612,994119,1491358137
3876860583516064461,994119,1491358127
8784660378705472630,994119,1491358115
7348851747255682780,994119,1491358117
2398509073485946059,994119,1491358113
-1080316419732302316,994119,1491358131
2328615169494927535,994119,1491358123
-6178288118549723286,994119,1491358116
788660284092443141,994119,1491358144
-394260635090062760,994119,1491358121
-5340388055688304912,994119,1491358096
-8882635657824564448,994119,1491358144
-8447193033573236707,994119,1491358129
-7192510544386373843,994119,1491358143
562859627023140833,994119,1491358121
9148963498899996001,994119,1491358145
4420466866470858702,994119,1491358154
7738111681238978848,994119,1491358119
-3473036259485901087,994119,1491358154
9112034149948290958,994119,1491358155
6735035754552623514,994119,1491358126
7874970514651646250,994119,1491358138
-7827939796005374905,994083,1491358141
-4115268701807550912,994083,1491358123
4639873291807638627,994083,1491358154
-4069908838830471546,994083,1491358108
-8827479660843692514,994083,1491358133
-7115746049989811396,994083,1491358146
-8967178676171085993,994080,1491358153
-8263098939546786161,994080,1491358154
5334095324215890154,993991,1491358146
2549258049740384137,993991,1491358147
4766996983633851787,993991,1491358114
5848390317840864937,993991,1491358149
6452109653565967920,993991,1491358153
-2085945385757838027,993882,1491358116
-1485961247103523140,993893,1491358126
7101009660761548243,993893,1491358154
4771956331599905270,993893,1491358104
-682277294524557874,993893,1491358141
-2308237163707398788,993893,1491358099
2760457807985378951,993893,1491358149
-2085945385757838027,993893,1491358137
-2368297426983164968,993893,1491358149
2328615169494927535,993893,1491358126
-6707968703526948577,993893,1491358117
-4870131171872695219,993893,1491358127
8292968692133367444,993893,1491358112
-5522908882972231629,993893,1491358147
6035579569682864992,993893,1491358136
-903552676756794704,993893,1491358106
-6887711023892572659,993934,1491358129
-4501475001983327405,993934,1491358101
4603280639068687394,993521,1491358151
-5434687139846611011,993297,1491358140
8227840591248310415,902684,1491358114
6077504769436053212,974441,1491358154
521280175553697848,974441,1491358128
3125468862544334245,988454,1491358140
7774068343479404603,988454,1491358117
769941797511890366,988454,1491358130
4331341625291401451,988454,1491358119
8746520662192011328,988454,1491358134
5075421615647540810,988454,1491358148
6750246816417658886,993956,1491358147
-4417745638995320533,993956,1491358149
800218565174229795,993956,1491358125
3691468917570042174,993956,1491358102
8379548609106582668,993956,1491358125
7083644788631835603,993956,1491358116
3875416684078193069,993956,1491358097
2979666176557905435,993998,1491358130
-998900994251218804,993158,1491358149
6814518490511746735,935702,1491358133
-647312668112555908,993448,1491358150
6247834145655125925,993448,1491358115
-7436270631130343350,993850,1491358098
1036952160416967569,993725,1491358120
-9007011268158477535,992885,1491358108
8593939162883061575,994157,1491358155
-7737572569581010868,994157,1491358122
-3863740649642579525,994157,1491358152
7164724288561066500,994157,1491358127
-6223693288423996368,994157,1491358138
3550829886653279896,994157,1491358134
-4898371940300528450,994157,1491358155
1053238754361167280,994157,1491358104
-6208993078496591985,994157,1491358109
8577371382472991645,994157,1491358107
5833536872078094848,994157,1491358128
-3582317218893096738,994157,1491358151
-7346684542896097603,993386,1491358152
6814518490511746735,935906,1491358126
7995834650733873221,993746,1491358155
-8290618917426623592,990996,1491358149
356800728108926606,993658,1491358132
-8393661288244774778,993880,1491358120
-2490968535943264390,993771,1491358115
6814518490511746735,935936,1491358127
4503793624451621263,994011,1491358142
4605376787552043735,994011,1491358116
751680467219630565,994011,1491358131
5664210632614484108,994011,1491358107
1918588686185065485,994011,1491358142
-2694039899703754536,994011,1491358147
-5141459128170346797,993976,1491358142
-5698725161186350891,994106,1491358122
1658568772445448009,994106,1491358124
5959003600722141455,994106,1491358099
8519602540162915960,994106,1491358138
-8129024956702736762,994106,1491358128
8285860593749613177,994106,1491358118
-7747698268205674112,994106,1491358123
4063432536789095430,994106,1491358126
-4332545604417700739,994106,1491358117
2141371717972191085,994106,1491358148
3958074392456248318,994106,1491358134
-2051753802676080366,994106,1491358126
3165650829002142965,994106,1491358109
-4016266735382822500,994106,1491358132
-1955788658352141960,994106,1491358131
5464849765694925718,994106,1491358141
-4870057576648990264,994106,1491358150
3289347155259592838,994106,1491358148
6207522716939752283,994106,1491358150
-4926669302785374986,994106,1491358129
-5737157867856814258,993518,1491358137
-8816968204642377808,991836,1491358105
-91969521895533415,994087,1491358121
-8886871885488118842,993516,1491358112
4603280639068687394,993493,1491358151
-368605571810708571,993493,1491358126
-998900994251218804,991819,1491358149
-4693149603959938419,939851,1491358129
448074850567238994,993298,1491358134
8876610965891932767,993741,1491358143
734092685704195606,993741,1491358123
3623187829518548079,993714,1491358108
-6612672552201791662,993635,1491358144
3769067773083405265,993647,1491358142
-715804699409910837,994169,1491358121
788660284092443141,994169,1491358103
4135313224549719570,994169,1491358143
10481847379404137,994169,1491358124
-3473036259485901087,994169,1491358121
118333886614939667,994169,1491358151
2258529586357651695,994169,1491358128
-7907636053892094510,994169,1491358150
4517188270532685953,991428,1491358104
9102835267725580101,993858,1491358101
-6178288118549723286,994055,1491358119
-8668197937617450934,692674,1491358105
-2178718663724361723,994092,1491358112
-1155218833040601527,994092,1491358145
1577831612399872739,994092,1491358111
-6719296162619630040,994092,1491358132
2622506510582386369,994092,1491358114
8458049184223028637,994092,1491358134
-3452062235415675453,994092,1491358154
-5334176257131291833,993901,1491358099
-5327605484096956506,993900,1491358124
5840929565500153101,993900,1491358117
7204726281746610988,993337,1491358135
-6969741894528407931,993337,1491358102
1839178997185837250,993337,1491358116
184899698637602850,993904,1491358108
2998156357680818524,993904,1491358097
-7898422547077184922,993904,1491358142
-2040540023529319224,993828,1491358147
8539912951855812439,993828,1491358110
-2915071343224355232,993828,1491358098
3048169581869462756,993462,1491358147
-2036669963610724522,993462,1491358121
-4623483473772127828,993462,1491358099
-6223708494995003294,405058,1491358121
-2715023815965576744,993922,1491358142
-8339941484874732909,993632,1491358152
-6612672552201791662,993632,1491358136
2258529586357651695,994170,1491358128
-7645078379164779054,994170,1491358123
4135313224549719570,994170,1491358122
10481847379404137,994170,1491358113
-3473036259485901087,994170,1491358113
118333886614939667,994170,1491358151
-7907636053892094510,994170,1491358150
4605376787552043735,994023,1491358151
-8864616981694226606,993511,1491358152
-2490968535943264390,993770,1491358129
2380834323357627074,993709,1491358104
7947906260222163044,994110,1491358124
-42138519295491902,920061,1491358116
-6993124935689222076,971952,1491358149
-7325754756740594446,992871,1491358099
4170223174930121511,994120,1491358124
6626108557797721268,994120,1491358119
-7898422547077184922,994120,1491358133
7044915875885484319,994120,1491358132
-5327605484096956506,994120,1491358128
2708955546904414592,994140,1491358105
1112385443018419525,994140,1491358123
-8262385106100842059,994140,1491358123
266338934699483718,994140,1491358138
4205769038666132078,994140,1491358121
-394260635090062760,994140,1491358146
6392588201227309155,994140,1491358151
7148322424544855798,994140,1491358128
5334095324215890154,994013,1491358101
3623187829518548079,993710,1491358099
-8902692678125624215,993710,1491358109
969246158781271875,993793,1491358148
-6505657180142110556,993793,1491358134
8265014049283085557,990195,1491358122
-8447193033573236707,994164,1491358129
6735035754552623514,994164,1491358126
7738111681238978848,994164,1491358119
4761703526464543214,994164,1491358114
3838102576921405841,994164,1491358104
-394260635090062760,994164,1491358114
-5600558497341047073,994164,1491358137
9112034149948290958,994164,1491358155
-6741464918408044545,994164,1491358109
3981780584218165564,994164,1491358144
-3473036259485901087,994164,1491358154
2328615169494927535,994164,1491358102
9148963498899996001,994164,1491358145
6101580058185375816,994164,1491358113
562859627023140833,994164,1491358121
-1080316419732302316,994164,1491358099
788660284092443141,994164,1491358124
-457974637387448828,994164,1491358109
4420466866470858702,994164,1491358154
-8882635657824564448,994164,1491358141
-8433744738687986097,994164,1491358134
-715804699409910837,994164,1491358142
8282997214195352519,994164,1491358125
-7419153973357610529,994164,1491358152
-8645180139937725049,994164,1491358155
-3338700294555061376,994164,1491358155
8571598862399530033,994164,1491358119
-1315437721106503323,994164,1491358118
-3305417583719109957,994164,1491358142
8929293607370053244,994164,1491358146
5577526040635611162,994164,1491358141
10481847379404137,994164,1491358139
4246823970416960559,994164,1491358129
8389932696048330494,994164,1491358120
-1330327513477633534,994164,1491358124
8582752257260802543,994164,1491358134
2229130920163854323,994164,1491358133
7988507795688114127,994164,1491358148
3696429435433570244,994164,1491358127
-3915469298162851330,994164,1491358117
232069720094717348,994164,1491358155
6243658519563632962,994164,1491358107
5274987158594338637,994164,1491358125
4148406593875290865,994164,1491358104
231254538013964092,994164,1491358154
-6499537964092195177,994164,1491358133
278982274126581939,994164,1491358114
5901850685654457353,994164,1491358109
-4101303591049998876,994164,1491358122
2695659659147878796,994164,1491358145
4060858467084289601,994164,1491358101
6247834145655125925,993455,1491358104
6902484246843720749,994050,1491358136
-4716798410369862306,994050,1491358111
-8490433791770211154,994050,1491358136
-2963733521890282200,994050,1491358111
1110131298208667742,994050,1491358139
4205769038666132078,994050,1491358140
-6893241881540042228,994050,1491358138
1054324563403162548,994043,1491358114
-3230666769666042501,994043,1491358106
-682277294524557874,994043,1491358151
-1602866250846895155,993921,1491358147
-4183690356685825707,993921,1491358101
6299928400643521217,993921,1491358137
7072973002968471402,993921,1491358143
8223205493170219121,993921,1491358119
8485680636571890853,993921,1491358146
8876610965891932767,993921,1491358108
8936105569358580933,993921,1491358135
8637594874307237814,994020,1491358136
8621979922840325305,994020,1491358149
-5831408601237118628,994020,1491358133
4437711933443070166,994009,1491358117
2710239850507582085,994152,1491358103
609541598580198874,994152,1491358132
4205769038666132078,994152,1491358112
-5340388055688304912,994152,1491358124
-394260635090062760,994152,1491358131
138221356476701395,994152,1491358143
-1155218833040601527,994095,1491358111
8458049184223028637,994095,1491358134
-6719296162619630040,994095,1491358113
2622506510582386369,994095,1491358102
-6911915308700249759,994095,1491358131
-3452062235415675453,994095,1491358154
-5718305057899063108,994095,1491358113
-862734369588684727,994095,1491358151
5959003600722141455,994095,1491358146
-198570059272324053,994095,1491358096
4646705903954521817,994095,1491358137
1039061857498633737,994095,1491358138
-8129024956702736762,994095,1491358147
7893436818578159689,994095,1491358146
-2541395119822482353,994095,1491358139
-3030798092248491086,994095,1491358122
-7968943696582189969,994145,1491358115
-5010023686635725411,994145,1491358123
1568790690891146127,994145,1491358127
2295150662306789701,994145,1491358133
-5342968000418937767,994145,1491358121
8777831976505520665,994145,1491358112
-4076323609617182341,994145,1491358140
2398509073485946059,994145,1491358146
6135417452174079965,994145,1491358135
5740576504626702124,994145,1491358104
-3372199401245319801,994156,1491358140
6439567372279836764,994156,1491358142
-6991736387812310603,993931,1491358102
3686925710598084024,993931,1491358107
-4751137799458107522,993931,1491358151
7553432073076343838,993931,1491358106
4820959151234354661,993931,1491358101
-6249600410793316629,993990,1491358097
-2291067510521052552,994165,1491358099
-1330327513477633534,994165,1491358124
-3305417583719109957,994165,1491358142
4060858467084289601,994165,1491358101
6558827968102510779,994165,1491358134
5901850685654457353,994165,1491358108
8389932696048330494,994165,1491358120
-3915469298162851330,994165,1491358117
8282997214195352519,994165,1491358125
-8645180139937725049,994165,1491358154
-7486879790534259930,994165,1491358098
562859627023140833,994165,1491358111
10481847379404137,994165,1491358139
4420466866470858702,994165,1491358149
-3473036259485901087,994165,1491358133
788660284092443141,994165,1491358116
-715804699409910837,994165,1491358142
-3458030093770671237,994165,1491358125
4135313224549719570,994165,1491358152
2624430808600913235,994165,1491358148
5274967825593274718,994165,1491358123
-5617512562771934837,938106,1491358103
-945007987313820292,993961,1491358118
-1886259519774660949,993961,1491358134
5334095324215890154,993961,1491358146
-5552230916144378599,994112,1491358153
-8129024956702736762,994112,1491358104
8285860593749613177,994112,1491358101
-4076323609617182341,994147,1491358132
8777831976505520665,994147,1491358102
2398509073485946059,994147,1491358146
5670049630477163140,931907,1491358151
8339126869215812131,993887,1491358115
7012422995693268227,993887,1491358106
-8393661288244774778,993887,1491358137
3521391044407681030,994172,1491358128
-1184915036594824404,994172,1491358147
118333886614939667,994172,1491358109
-325908701819921061,994172,1491358135
239949441426097147,994172,1491358101
-2494245430402483641,994172,1491358127
-2490968535943264390,993781,1491358103
965074874329080073,989184,1491358120
-5141459128170346797,993993,1491358142
2979666176557905435,993993,1491358140
9148963498899996001,994069,1491358104
3569033484311053705,994069,1491358125
-2368297426983164968,994069,1491358146
8124650532544675060,994069,1491358120
-4255844756471860575,994069,1491358145
-8737767320425005410,994069,1491358109
8656107714197960524,994069,1491358121
-9081272593846116616,994069,1491358116
1054324563403162548,994001,1491358114
2953065155823373008,993959,1491358121
6373683585038336429,994015,1491358146
2954079915625532667,993293,1491358104
-6887711023892572659,994016,1491358132
2085245219299303663,994016,1491358104
6452109653565967920,994016,1491358153
-962437449617683922,994016,1491358103
-85357963205300246,994071,1491358146
1159984715545227475,994071,1491358099
6851625911005668694,994071,1491358123
1491213166890245129,994071,1491358128
-5640683971156381260,994071,1491358126
-2337042584164651576,993626,1491358148
2979666176557905435,994005,1491358121
-6318409134781220505,994005,1491358129
14052225867256590,994005,1491358135
4348751788541722829,994026,1491358139
-186747940005643104,994026,1491358144
2710239850507582085,994150,1491358152
3849029330992518188,994150,1491358155
660731501011366444,994150,1491358128
7148322424544855798,994150,1491358115
-1080316419732302316,994150,1491358152
1112385443018419525,994150,1491358103
7348851747255682780,994150,1491358132
-394260635090062760,994150,1491358139
-4076323609617182341,994150,1491358120
2398509073485946059,994150,1491358134
4205769038666132078,994150,1491358114
609541598580198874,994150,1491358132
-7144412121985759142,994150,1491358150
-7425716968009200690,994180,1491358113
2506616414684062263,994180,1491358149
-770951481904116179,994180,1491358108
-531159647354277169,994180,1491358114
-2791210196668467133,994180,1491358136
1179862132883021086,994180,1491358125
-2311039511628526355,994180,1491358124
-3938658939930200419,994180,1491358130
4643148418576449110,994180,1491358106
7416576227461466575,994180,1491358101
635693213699912414,994180,1491358111
-3986433602158210855,994180,1491358151
-1286679273514592047,994180,1491358149
-3582317218893096738,994180,1491358143
-3798320562099439808,994180,1491358146
5388090119903748787,994180,1491358151
-6485614758884621053,994180,1491358103
-4898371940300528450,994180,1491358137
1868577161261089245,994180,1491358121
-3863740649642579525,994180,1491358100
3550829886653279896,994180,1491358107
7578188151065896488,994180,1491358136
-5629226063343355742,994180,1491358147
-984183854413636345,994180,1491358155
-219788361094425825,994180,1491358138
-6223693288423996368,994180,1491358113
4945632761036773532,994180,1491358121
-8396653098129505233,994180,1491358127
5520874744498960489,994180,1491358113
-8657068410108862113,994180,1491358151
7386151158023852659,994180,1491358119
8917032751629841798,994180,1491358102
4769399235654080338,994180,1491358116
-4793541611585856781,994180,1491358135
-3587686944112042916,994180,1491358115
-779226779919435446,994180,1491358132
-3498960266874220064,994180,1491358098
2076197315816549253,994180,1491358153
7204844341429587564,994180,1491358148
-8870214223616583610,994180,1491358137
3291310041373182765,994180,1491358114
-8761142180069111775,994180,1491358098
-113890691417101071,994180,1491358119
5114737037524723082,994180,1491358148
-7270758351746499415,994180,1491358137
3414918057470985723,994180,1491358147
5276199270044476296,994180,1491358138
8526129284074834317,994180,1491358126
4397736497217144831,994180,1491358097
-4532863457086619008,994180,1491358153
-7667733952463473295,994180,1491358144
1871390315027655473,994180,1491358123
5886258697517625466,893042,1491358128
9102835267725580101,993861,1491358099
118333886614939667,994173,1491358138
-7907636053892094510,994173,1491358145
-3473036259485901087,994173,1491358097
6206418123499139338,994173,1491358156
7083644788631835603,994173,1491358114
-2964606407233618484,993789,1491358098
6649007782096140403,993789,1491358113
-5831408601237118628,994032,1491358109
-8407133963871753430,994032,1491358154
4503793624451621263,994035,1491358146
1918588686185065485,994035,1491358137
751680467219630565,994035,1491358097
-2694039899703754536,994035,1491358146
-7479510327545335789,417070,1491358131
-5610922944169308564,417070,1491358136
-6239997378132017136,994039,1491358098
-6809402996706554053,994039,1491358134
-4330623804597246768,994039,1491358115
-3339996168998671204,994039,1491358133
-8182116763770039169,994039,1491358099
-2490968535943264390,993776,1491358129
4437711933443070166,993886,1491358121
-2998948928171637375,993259,1491358106
4182309400686850084,993627,1491358096
2380834323357627074,993707,1491358128
7237513666049454281,989560,1491358112
6107265469488278479,992988,1491358155
-8263098939546786161,994096,1491358131
2622506510582386369,994096,1491358145
-2178718663724361723,994096,1491358112
-1155218833040601527,994096,1491358145
4111726970218261059,994171,1491358112
-8645180139937725049,994171,1491358115
2366093533872089220,994171,1491358153
2624430808600913235,994171,1491358138
8282997214195352519,994171,1491358099
1737989793577958007,994171,1491358117
4420466866470858702,994171,1491358135
-8862734553043424007,994171,1491358110
-2015704294913055166,993935,1491358139
-382237065017011223,993935,1491358122
-5979142754740703971,993136,1491358149
-6234535630178854735,993825,1491358142
-7827939796005374905,994100,1491358115
2622506510582386369,994100,1491358153
-8263098939546786161,994100,1491358133
7355093596331611629,994100,1491358139
-4758380140462919757,994021,1491358139
-4763383022034914197,983260,1491358129
8912673419968174066,994070,1491358153
3057204547362513927,994070,1491358104
4738490941093433315,994070,1491358101
-7898976251197657659,994070,1491358136
-998484704258747983,994070,1491358146
1995960220952853991,994070,1491358138
3397397022443680523,994070,1491358140
-6302930040037524084,994070,1491358143
427011442622635131,994070,1491358155
-233974470501382847,994070,1491358156
6233861527363815003,994070,1491358128
2456848852674296104,994070,1491358120
3387122278200151760,994070,1491358147
3021206495484277005,994070,1491358137
3569033484311053705,994070,1491358125
-7683224256103685116,994070,1491358131
1763425379541372383,994070,1491358151
448074850567238994,993522,1491358142
-682277294524557874,994028,1491358150
-2308237163707398788,994028,1491358099
7101009660761548243,994028,1491358154
5174273127713507629,994028,1491358103
142550591408743229,993584,1491358147
4278511846081899247,993584,1491358140
3191426466405056829,993584,1491358110
-1974906943507650954,993584,1491358142
-5097533512646257815,993584,1491358140
-2605765264048324600,992820,1491358135
