1629543393078877394,947981,1491427120
-4762714884464233719,994362,1491427101
5833867364317258954,994362,1491427149
-3762904957370464175,994362,1491427102
7369027000706076715,993963,1491427130
8419647079849888726,993963,1491427151
156135262874969754,993890,1491427153
7278577870823986507,338634,1491427109
-1287835518468304066,994609,1491427103
3279971889535555585,980840,1491427108
1785624899801351979,907157,1491427134
-6503750252567981844,346166,1491427138
-2216628071296869016,994375,1491427142
-2505503590729226084,994390,1491427129
3446730689434628175,994390,1491427111
5141827174284052724,994390,1491427153
-4387659485698494222,994390,1491427144
6259532205346225133,994284,1491427142
4986993206561173006,994284,1491427136
-6846534650697911288,994284,1491427117
2686861179702216293,994284,1491427120
-7852361638298658156,994542,1491427128
5506966498504017987,972031,1491427130
-2445372858539223224,992427,1491427152
-5437046465312095753,993222,1491427122
-8738504171462107101,981912,1491427109
-6021468422714854584,994179,1491427137
6241111744064478369,993973,1491427144
-7041186662947741397,994217,1491427130
-1362960964547886956,994402,1491427131
6536464931221199090,993484,1491427148
2187150951800569064,993442,1491427143
-5561530080362815655,994443,1491427154
-6156697999346479206,994443,1491427121
1723528766103126988,994590,1491427117
-7627302366709329301,994590,1491427124
-4257794931958031471,994590,1491427121
9145407109859889876,973035,1491427136
4688985020301949228,994462,1491427118
1772479894315511301,994462,1491427145
-9120462600645924870,994462,1491427147
8419647079849888726,994462,1491427139
-5249637100656937023,994462,1491427143
-6005960996452244648,994462,1491427111
-695792671625388274,994462,1491427140
-8996168137162182166,994462,1491427108
7819066320674274227,994519,1491427143
-4835130780050270699,994519,1491427150
-7135203422523721583,994519,1491427113
5665817315686664578,994519,1491427132
6193614414527350772,994519,1491427106
3875604693165307430,994519,1491427142
-7968558608479943501,994519,1491427103
2397142807876896838,994519,1491427133
-1669121180893051272,994460,1491427144
4108389098653236435,994460,1491427110
-5561530080362815655,994460,1491427114
-3581127307543188019,994460,1491427118
-5405046023220246295,342451,1491427123
2903835620803792805,994620,1491427147
7763200728715463167,994620,1491427140
6189869210352806472,994620,1491427143
-4837129762090339605,994620,1491427148
8111052320024289183,994620,1491427155
-793451607037750666,994620,1491427139
8771755149868118757,994620,1491427124
-2643946476189011863,341139,1491427119
-6291316253481255615,969410,1491427131
6756340014558642965,969410,1491427125
-9043785880634937610,969410,1491427127
-2216628071296869016,994392,1491427137
-5236384193696184883,994392,1491427120
6739802841275237420,986789,1491427130
-3416954115606006743,986789,1491427121
-3326588400468136212,986789,1491427147
2655072897453771358,986789,1491427119
-3850277704878408443,986789,1491427144
-1909169272660787389,986789,1491427141
-8742889528942033443,991100,1491427101
-1167433282924908605,994547,1491427145
3705869774603881979,994547,1491427144
-7618271032304773870,994547,1491427115
-9058557618517450632,994547,1491427112
1997063128755449604,994547,1491427151
9006886820619721179,994547,1491427131
1175162788367126191,994547,1491427131
6572322658987447353,994547,1491427104
-6028572736198575125,994316,1491427148
8616985834622630802,891107,1491427107
-6453968511510057665,993759,1491427148
-2832903064830340381,993759,1491427108
8207299181169062827,994405,1491427125
1383642022354111753,994405,1491427114
-7468468508709995096,994471,1491427151
-1162863571517447097,968319,1491427148
-1981631559460632549,991826,1491427119
993339540533634016,993681,1491427141
2036708595240187252,994113,1491427154
-556044701606236621,994113,1491427128
2187150951800569064,993441,1491427143
1867318138786264687,985857,1491427151
-556044701606236621,994111,1491427132
2036708595240187252,994111,1491427154
-446495340748175667,991760,1491427153
6009918334865580920,991760,1491427117
-3116054572188034174,991760,1491427125
-8675351375947946448,991760,1491427108
-3297444299883808728,991760,1491427114
-6835732616859650997,991760,1491427133
2891531410553576321,991760,1491427152
-6099125186403144605,991760,1491427150
8300874285776469174,991760,1491427101
-6593236697957123664,991760,1491427101
6941713121916589764,991760,1491427106
4561187597266381404,991760,1491427135
-4157985142162945789,991760,1491427155
8511911489032760209,991760,1491427108
4127969436985861474,991760,1491427141
9128020858713944022,991760,1491427122
-6034369302951414010,991760,1491427141
804065512542007497,991760,1491427116
-6072783792396456446,991760,1491427123
-6871074855774808571,991760,1491427117
1658554098206788306,991760,1491427119
2431044405608253525,991760,1491427123
-4982574949288003320,991760,1491427107
8539232687887383489,991760,1491427130
-4127729788008181504,978998,1491427149
5414699312356003437,994146,1491427140
6199460934273896208,991783,1491427139
7374168630108034159,991783,1491427153
9015239140026211710,991783,1491427144
8126312125774162061,991783,1491427124
8151997607584684987,991783,1491427120
-3646977720670267751,994229,1491427143
8102028291564760796,994596,1491427125
2654421594321022536,994596,1491427123
-1945441067257944636,994596,1491427128
-2970421567342167151,994596,1491427124
1033047405310838380,994596,1491427119
6840342993688225756,994596,1491427144
2404404049788508145,994596,1491427131
1120032423073828134,994596,1491427144
5180817235380680621,994596,1491427153
-6622177523724132259,994596,1491427141
5211160605801540444,994051,1491427135
-5049393481764350648,994051,1491427125
7995515794504460133,994051,1491427137
5467865567986847741,994291,1491427156
-3161031461512779691,993981,1491427139
3650633422804353722,991917,1491427120
-4137735736475508756,994608,1491427136
-1287835518468304066,994597,1491427103
-8212159565231522869,994464,1491427145
1593464413190551208,902868,1491427129
-8538409233885367771,994558,1491427148
-5902337649171804102,994558,1491427150
3606849039039996,994619,1491427131
3995047856990618770,994619,1491427110
-8467639271416356445,994619,1491427142
-2830583177508633844,994619,1491427120
8192867183323715287,994619,1491427150
-8978545231845136518,994619,1491427151
-432931734571912748,994619,1491427135
-429144485281781066,994619,1491427125
-936234086852144673,994619,1491427146
6633592299322078959,994619,1491427142
7088640060806981614,994619,1491427139
7119893927988624642,994619,1491427150
-1629404715876548548,994619,1491427152
-6201063679972926876,994619,1491427123
2333350339521372970,994619,1491427154
301364801115990049,994619,1491427131
1494274988674254342,994619,1491427154
-4521982732615812835,994619,1491427111
-4830633846077542533,994619,1491427136
-8973687073200778364,994072,1491427109
-2598705169223094952,994072,1491427115
1447503135801865633,994580,1491427152
-597173492547328505,994580,1491427106
-1207797544441830424,994580,1491427149
8787310350550206047,994580,1491427154
-3735203249321918302,994580,1491427129
-4617647254688965359,994580,1491427128
-6752834603021733008,994580,1491427113
-5108755056371970096,994580,1491427115
3348522563862061415,994580,1491427114
-4539357448185477994,994580,1491427117
5257505681726686530,994038,1491427104
-7093800336754676302,994108,1491427108
-2216628071296869016,994397,1491427115
-1362960964547886956,994397,1491427137
6754942710807020978,985024,1491427130
-7523489228626893716,993101,1491427101
3649946841216081950,993101,1491427104
-7577474041522201818,944303,1491427106
-5561530080362815655,994444,1491427147
2542150649351086103,994361,1491427143
4659062705247142937,993208,1491427116
-8597832696229713719,990452,1491427106
1895312889861128388,992909,1491427126
-445462243934951453,994610,1491427122
-2220927816799358712,994610,1491427128
3890646494109457887,994610,1491427119
8001106271105054484,994610,1491427133
-7637523017459223181,994610,1491427133
4345583467064322494,157516,1491427152
7079051045075459011,994512,1491427119
-1308053683290537372,994497,1491427129
6501770624543473719,994497,1491427125
6656805352834254418,994497,1491427135
92349349572727630,994497,1491427123
-1543085143064090711,994497,1491427116
6159994686996534862,993969,1491427130
-8773090762223848480,993969,1491427144
1608735593471399331,992916,1491427129
8874493059681373043,338867,1491427122
-3414222294644715805,338867,1491427131
1867318138786264687,986071,1491427114
1297989448121034510,994175,1491427149
28855574448926810,994078,1491427108
-2598705169223094952,994078,1491427115
6014624228834156554,994078,1491427125
6230611245684033641,994078,1491427105
-309443026478040059,994078,1491427150
-1202475488290166664,994078,1491427107
-7094014687470197295,994078,1491427112
4228599378241483089,994078,1491427118
-2466403258700331582,993255,1491427111
-7393513783803177610,993255,1491427104
-7911252251206196577,993255,1491427150
3138932480361463280,993255,1491427110
790482161746079707,993255,1491427136
4508342466035700031,993255,1491427123
5420609564122710064,993255,1491427137
4870559417107647729,993255,1491427121
-169871198621962732,993255,1491427120
7580797558650295421,993255,1491427122
4031700391715881816,993255,1491427106
-8738504171462107101,981919,1491427111
5540833437244425114,994570,1491427126
1412271311838758333,994570,1491427132
-5229192941623576001,994570,1491427145
-5108755056371970096,994570,1491427142
-7908942707800783693,994570,1491427101
1436558144325793035,994570,1491427138
-7481298761485017085,994559,1491427149
-1050676124979981837,994559,1491427123
-1575130440594152872,994559,1491427117
1997063128755449604,994559,1491427135
-3962435417303762385,994559,1491427109
9006886820619721179,994559,1491427121
-6925150999456794292,994559,1491427130
6488647525785838966,994559,1491427125
-570013869859932001,994559,1491427130
6684122652771497351,994559,1491427149
6154549529166428619,994559,1491427108
-1800571396812986402,994559,1491427154
-819142284370918049,994559,1491427153
4330212295119229863,994559,1491427144
-1514451426125344512,994559,1491427140
5431193247027724950,994559,1491427152
7669274973916086983,994559,1491427107
-5877375362479000616,994559,1491427134
-3439797991869550079,994559,1491427143
-2234940082263415811,994559,1491427132
-1963870433687904392,994559,1491427112
-7528468775201215551,994559,1491427156
-1014146904921321613,993831,1491427154
-1414513500985189212,993831,1491427121
-2581659478339544955,993764,1491427107
1761205110972022441,197973,1491427114
-7474582108081774547,993152,1491427142
-1702611025583055683,994314,1491427151
4782573399823086081,994314,1491427129
-396841255675404960,994412,1491427127
1374369631303205724,988990,1491427146
7896935625102655858,994342,1491427120
187960492479448298,994342,1491427127
-4648073157504422772,994342,1491427139
4196328616199254653,994342,1491427122
-3327289784149235498,994342,1491427120
1206760674828972525,994342,1491427117
-5160912442148355909,993517,1491427119
7905795087593602898,994410,1491427133
-5945677040448867118,994249,1491427149
4753985304917945767,994149,1491427153
7344146219792150880,991333,1491427144
7798215701875841966,986510,1491427113
-8728745053744288929,401066,1491427123
4451413112491448529,994286,1491427103
343009844411895536,994536,1491427134
-8293782248327863013,994536,1491427102
-778219631303029842,994536,1491427126
-7371687528248973578,994536,1491427136
9030396981405477433,994536,1491427133
-693646554480467474,994536,1491427139
-6410456826622993739,994536,1491427149
-7703956621473954737,994536,1491427147
-7717967073499446873,994536,1491427112
-5850078018345640374,994536,1491427124
-8631144391288683783,994536,1491427152
-4841751109130531072,994536,1491427140
-6669542109343681534,994536,1491427145
-967015545173226561,994536,1491427128
-646939953406327334,994536,1491427142
9040437913423913602,994536,1491427111
1323576644065874037,994536,1491427115
-8450569797800050817,994536,1491427116
7471228429296812920,994536,1491427142
2755329809317012065,994536,1491427102
-1204154092921952660,994536,1491427112
-6250317028059085864,994536,1491427125
-4905760459539803851,994536,1491427109
2158190878332222379,994536,1491427112
-7002946940763854639,994536,1491427142
-5597518122991476984,994536,1491427114
809151825285371199,994275,1491427137
4089407238954918429,994309,1491427106
-4762714884464233719,994309,1491427101
5833867364317258954,994309,1491427149
9200237608475161175,895315,1491427140
-4345339184055763931,994354,1491427119
3523885762229547689,994354,1491427131
-614265818694188559,994354,1491427128
6140206311921554206,994354,1491427151
3242127990973993838,994354,1491427108
-4231592167211639959,902032,1491427110
156135262874969754,993863,1491427153
9145407109859889876,994236,1491427133
6880592641736553259,994236,1491427133
-3297444299883808728,994174,1491427151
228948599930567216,994578,1491427146
-8183859444773470650,994578,1491427117
-5229192941623576001,994578,1491427150
-570013869859932001,994578,1491427117
-5108755056371970096,994578,1491427146
1476399605905368939,994578,1491427105
-4036104962666466077,994578,1491427108
-3581127307543188019,994451,1491427118
7446875189099367154,994451,1491427141
-8212159565231522869,994451,1491427114
5349891751140264138,994451,1491427123
5163516026264656052,994451,1491427136
4193398306868495343,994451,1491427127
5575032523093994626,994451,1491427133
4036716579405909434,994532,1491427133
-5649129129734773969,994532,1491427108
-1967590304671979357,994532,1491427130
2307462768152279415,994532,1491427125
-9058557618517450632,994532,1491427149
9064312977175398223,994532,1491427105
-2274256882133934805,994532,1491427149
-3835069457495134315,994532,1491427132
-9039813471328357824,994532,1491427128
5044455158233429789,994532,1491427108
488779868933572632,994532,1491427154
1321146022744730496,994532,1491427134
7934782786662140018,994019,1491427155
-8248334872784734549,994019,1491427126
5749995095929296425,949599,1491427121
6920404390344838672,994621,1491427118
7766782930773519797,994621,1491427128
-7110694833411520215,994621,1491427133
3211245703283347130,994621,1491427126
-936234086852144673,994621,1491427113
-6701706680453802586,994621,1491427132
2778471080862180072,994621,1491427120
-3024878132978541527,994621,1491427143
8341486797117216774,994621,1491427147
6259286978210714561,994621,1491427154
-2308690080620127417,994621,1491427105
4360331436516074722,994494,1491427099
4979387742568959660,162075,1491427112
-7661598104110747663,343716,1491427144
-5090309803626525196,994084,1491427134
-7189905533893174254,993779,1491427117
7255821658098556161,993092,1491427153
-2246891641985393031,994119,1491427127
8419647079849888726,994119,1491427148
5622220733640259964,994119,1491427111
-8826879114093449340,994607,1491427119
7277556375211534815,994607,1491427133
-4944582651423545881,994607,1491427118
7412681559155163952,994607,1491427106
-2220927816799358712,994607,1491427156
2782281368713942602,994607,1491427133
-7222542523880825570,994607,1491427114
-276202334886758976,984445,1491427140
2200772267027960931,984385,1491427104
-4166481259560659780,144382,1491427153
5225675933300914279,144382,1491427131
-8725588882231157864,144382,1491427152
-1957209344226759888,994287,1491427156
1985810579645994254,994287,1491427120
4378197455347767505,994287,1491427154
-3386561486623072840,994287,1491427150
1354130197216891455,994543,1491427117
-3962435417303762385,994543,1491427110
1206760674828972525,994083,1491427146
-4264041569399551756,994352,1491427136
-7468187313616568550,994352,1491427148
-7249988081301803876,994352,1491427153
-5918140073644502088,994534,1491427141
-1205184253942060380,994534,1491427133
-414864563929298864,994534,1491427148
5610945914765505617,994534,1491427113
-2249174178866297927,994534,1491427140
-3410904516985825868,994534,1491427107
4621159753787800372,994534,1491427142
2943127846296101483,994534,1491427151
8079462763188119437,994534,1491427102
-7371061148062952537,994534,1491427133
3502499336274737678,994534,1491427109
6193614414527350772,994534,1491427147
4352161882918186933,994534,1491427146
6974116714128969811,994534,1491427148
-1875040178879708999,994534,1491427104
4576194600097095534,994534,1491427128
-1793796420326486231,994534,1491427154
-8747889431556928203,994534,1491427111
-3510920934896123596,994534,1491427121
7671749003326515958,994534,1491427128
926168932241413695,994318,1491427113
-1965696405450544689,994318,1491427156
-1689053079428104012,895130,1491427134
-8360683131200202089,994585,1491427124
-4257794931958031471,994585,1491427154
1723528766103126988,994585,1491427140
-6122492032673143115,994585,1491427109
-3186825685420797366,994585,1491427139
-2099922535601438608,994585,1491427121
-7627302366709329301,994585,1491427124
-4949810229983767079,994383,1491427115
-7262764612219936516,994383,1491427151
7631548729272672471,993954,1491427118
8283345886706025028,991395,1491427140
-5903717876258399062,49363,1491427136
-1320331248931972023,981918,1491427101
-2440950934484322835,994591,1491427151
9027466381188418921,994591,1491427158
-8428545873270741273,994591,1491427111
1582511507145938941,994591,1491427148
7801181656655626806,994238,1491427143
3138932480361463280,994238,1491427146
-2466403258700331582,994238,1491427154
-8399511866430919766,994473,1491427131
5315529542253887066,994473,1491427116
-7468468508709995096,994473,1491427148
4811944174494020629,994473,1491427114
-6617888779344719719,994473,1491427149
-4138548997477200655,994473,1491427155
-7677157777687093296,994473,1491427127
-8422644833769506736,993591,1491427129
1761205110972022441,197974,1491427114
-4799249991903143843,927935,1491427140
3488125451289817942,986123,1491427115
9135743103926566054,994611,1491427149
2782281368713942602,994611,1491427133
-7222542523880825570,994611,1491427114
-2220927816799358712,994611,1491427141
3079120853828651555,994611,1491427126
-445462243934951453,994611,1491427122
5332452547303064210,994611,1491427144
4278086032881036229,893365,1491427108
-265100007318812943,992477,1491427141
-6175110345031929099,988454,1491427109
-276202334886758976,984436,1491427148
-6016589526790864617,986916,1491427147
3765071662067781156,994323,1491427153
1433349408766848760,994477,1491427157
-3357466404346374050,994477,1491427110
-3179039950495808908,994477,1491427142
4811944174494020629,994477,1491427110
-6617888779344719719,994477,1491427149
-7468468508709995096,994477,1491427140
-7677157777687093296,994477,1491427126
-9043785880634937610,994477,1491427127
3808012383837447941,994477,1491427147
-4252528384828095777,994477,1491427136
4454816474311345381,994477,1491427116
-99883738979092271,994477,1491427144
-4138548997477200655,994477,1491427155
5009660893276517151,994477,1491427130
8859140924505896028,994477,1491427142
-2976103985114671099,994477,1491427148
430474262771741653,994477,1491427108
323917868618479490,994477,1491427152
5423232579605735979,994477,1491427121
9159377829364938048,994477,1491427119
867407947299827844,994477,1491427142
6366344379760994036,994477,1491427127
-6434994642006451635,994477,1491427125
-2824283326408887447,994477,1491427112
7006270107996951029,994477,1491427154
6648923429037597622,994477,1491427110
9059137506043071416,994477,1491427144
2564095704691341476,994477,1491427150
2066536725555174240,994477,1491427155
-703868703041713769,994477,1491427148
-8333262833937965291,994477,1491427127
7240699178623762670,994477,1491427130
-4922129843044783197,994477,1491427143
8040892899710422480,994477,1491427126
-775495556102242607,994477,1491427117
-6223562009690908740,993956,1491427127
-1552430876587475652,993956,1491427119
-4345339184055763931,993956,1491427140
-1874257945134880051,994506,1491427148
-1260153792412216584,994506,1491427141
-9152176539101624253,994506,1491427129
4469801031214787683,994506,1491427133
4820567853632240510,994506,1491427141
-2781977865779934410,994506,1491427158
-8997659467546625010,994506,1491427121
9094930291284558448,994506,1491427105
7927117546699308420,994506,1491427151
3309575965105235287,994506,1491427141
2991528139273165322,994506,1491427114
1867318138786264687,986092,1491427127
-8742889528942033443,991016,1491427122
-8154936486931338769,992960,1491427105
-7621484333289324817,992960,1491427103
5950636830011600598,974441,1491427130
-4313045778572288359,994430,1491427132
-2342485374558155211,994430,1491427152
383041276395572571,994430,1491427127
-2961663191750049893,994430,1491427105
-6684692326110645088,994430,1491427141
-396841255675404960,994430,1491427103
4892938469233273193,972734,1491427137
-8320339993890845288,993725,1491427125
3999236756807465352,994377,1491427112
3803038027343085434,994377,1491427157
-614265818694188559,994377,1491427128
4681693164959496528,711934,1491427141
-8289670494328563108,994479,1491427153
-1472349132086400705,990503,1491427144
-2229708082021185672,994411,1491427120
4708705762579048873,994411,1491427136
8557223028892881575,994411,1491427152
-1287110324915968411,994411,1491427114
1835088155550644914,994411,1491427146
4766765039783891134,994411,1491427115
-1181503871363715895,994411,1491427146
-626443727185617129,994411,1491427129
6988136198494544971,994411,1491427142
-2237009753558030864,994411,1491427109
-5561530080362815655,994411,1491427158
-5164018109532216920,994411,1491427121
8485800604300979932,994411,1491427130
5283884503061475958,994411,1491427130
5356514813629405769,994411,1491427124
8518048309797819228,994411,1491427145
-4813140819789012819,994411,1491427116
-5031229084750308162,994411,1491427116
-2870288589983729469,994411,1491427131
7908460018672059029,994411,1491427126
1188880937578509368,994411,1491427119
8171193186245700282,994348,1491427149
-1153133926830414528,994266,1491427145
1669681665780250228,994266,1491427155
-7460572893500573543,994266,1491427153
1668361568551425542,994266,1491427150
-6932748579487090346,994266,1491427117
4066811058393158102,994266,1491427112
4267723108651642833,994266,1491427144
2420576660271107337,994266,1491427106
7026261518285378149,994266,1491427136
-6544289946922875999,994266,1491427120
-3647175625976670731,994266,1491427108
4118368153642714447,994266,1491427120
4642856321056462385,994266,1491427142
-3920479568427122624,994266,1491427110
-7321766863527868055,993658,1491427152
-6701984526616421166,994614,1491427124
-6880329828438352916,994614,1491427111
-8936760100272078795,994614,1491427110
6336740350152637563,994614,1491427126
5923744418250627085,994614,1491427133
8001106271105054484,994614,1491427108
-3436814755964578118,994614,1491427142
-5061866818553833137,994614,1491427120
8752331233291595285,994614,1491427140
2428289394682337520,994614,1491427117
7203121104527415687,994614,1491427122
-8567284899961933921,994614,1491427121
-2491453657581938368,994614,1491427139
4506603605257214095,994614,1491427127
-3420421014164258910,994614,1491427128
-6021468422714854584,994614,1491427138
-5257936722123047085,994614,1491427118
-7487385490261211720,994614,1491427140
-5747597346684678467,994614,1491427152
2548018119862393688,994614,1491427140
5535663285154280904,994614,1491427106
-3276010675543543249,994614,1491427150
-252901683454719477,994614,1491427116
-4090891565677965624,994614,1491427114
7927401142251063527,994614,1491427147
3754543288801451105,994614,1491427106
3995047856990618770,994614,1491427129
-4586997846568977432,994614,1491427145
-936234086852144673,994614,1491427154
4800713265128947512,994614,1491427153
-4387029036198031304,994614,1491427142
6293483869612815706,994614,1491427155
-7158175957177212085,994614,1491427111
-2873757316275382321,994614,1491427145
4822708334881748102,994614,1491427119
1355351614120807871,994614,1491427144
-997111205504303059,994614,1491427112
7763200728715463167,994614,1491427140
2909445586739694168,994614,1491427155
-6062891842604936914,994614,1491427121
-5177467608100185237,994614,1491427149
-4065966208312204257,994614,1491427152
5859638798102533607,994614,1491427141
-520586486164874098,994614,1491427152
-1862089958081380721,994614,1491427156
-793451607037750666,994614,1491427158
2328772786262650589,994614,1491427119
-1688862950105021243,994614,1491427138
-7335617465896725903,994614,1491427154
1542282928123811698,994614,1491427136
-1318128004896912309,992885,1491427118
-7593299376656301340,991233,1491427125
-8212159565231522869,994408,1491427122
-57190864761576987,994191,1491427113
7951241067568654627,940899,1491427106
-614265818694188559,994381,1491427108
-2802780488973324592,994381,1491427151
-1908281079664563640,994381,1491427153
-5405046023220246295,341009,1491427115
4987834134705612931,994510,1491427107
-4045749426638228596,994496,1491427144
7278577870823986507,338640,1491427109
3207056752639062560,994615,1491427154
-4118817284973640782,994615,1491427132
228824457705409113,994615,1491427153
-2871764332585280617,994615,1491427121
-1807264629548727897,994615,1491427119
8001106271105054484,994615,1491427120
2548018119862393688,994615,1491427152
-5061866818553833137,994615,1491427126
-4586997846568977432,994615,1491427149
-5257936722123047085,994615,1491427124
2428289394682337520,994615,1491427122
7203121104527415687,994615,1491427124
3995047856990618770,994615,1491427133
8752331233291595285,994615,1491427140
-6284193494773595469,994615,1491427135
-936234086852144673,994615,1491427154
6564277884703528471,994615,1491427104
-6880329828438352916,994615,1491427111
-3276010675543543249,994615,1491427151
-8936760100272078795,994615,1491427110
3891309252281862387,994615,1491427136
-3436814755964578118,994615,1491427144
-2491453657581938368,994615,1491427139
-2868773225996757325,994507,1491427121
-1308053683290537372,994507,1491427124
6501770624543473719,994507,1491427106
3240336243498635506,994507,1491427144
-879863376970524052,994507,1491427129
-1453934267100874853,994507,1491427143
-316341120897690998,994507,1491427135
-5303476644585205333,987958,1491427110
3308348442088607035,994297,1491427130
-8993478118673162289,994515,1491427153
6189984378287014492,994515,1491427142
7079051045075459011,994515,1491427136
-515952566193781681,994515,1491427110
-5649129129734773969,994515,1491427153
4214830892960247546,994515,1491427128
-3144575739130778384,994434,1491427128
-1250067748459108455,994434,1491427156
-1797792032591065888,994434,1491427152
3255960227601142883,994434,1491427115
6575980918198576222,994434,1491427159
7584681137480109141,994434,1491427119
3827028849351056952,994434,1491427155
-7361018481319095680,994434,1491427139
-6005960996452244648,994434,1491427120
7592236023717425627,994434,1491427140
1592860361176480966,994434,1491427122
-5616287650381938257,994434,1491427134
-4971415726554562182,994434,1491427145
-6550312312186029143,994434,1491427141
-1852914715310359120,994434,1491427138
-567420143669258255,994434,1491427140
-1538995227844064709,994434,1491427152
-3383158976699618807,994434,1491427116
-1793796420326486231,994551,1491427136
-8927325207527343919,994551,1491427138
-9204762264875909051,994551,1491427097
8262056576937323569,994551,1491427158
-5519856970021418236,994185,1491427151
-3297444299883808728,994185,1491427127
-8248334872784734549,994011,1491427123
-5902337649171804102,994564,1491427146
182641332581081292,994564,1491427154
-2202487577059772671,994564,1491427138
4016365940930889580,994564,1491427143
-5108755056371970096,994564,1491427146
-5229192941623576001,994564,1491427150
-6546423433705417117,994420,1491427130
8979111398853151314,994420,1491427136
4360161828394670897,994420,1491427149
2305232177860390157,994420,1491427138
6009918334865580920,994420,1491427102
3242127990973993838,994420,1491427108
-3265729790786556907,994420,1491427132
1397498496091752682,994420,1491427149
-6951197770590999531,994420,1491427108
6586204432165239936,994420,1491427142
-6391027718608582381,994420,1491427140
5426702283094821233,994420,1491427129
-8028970333214478800,994420,1491427103
8146777666525899087,994420,1491427133
-595230172541800092,994420,1491427134
4454816474311345381,994420,1491427111
8284033999153731640,994420,1491427137
-7509325442017706183,994420,1491427128
5594311571686495134,994420,1491427148
5062289420826500100,994420,1491427118
3007875578393174088,994420,1491427149
-5107523502738902375,994420,1491427113
3137277405431583191,994420,1491427128
-5108513195600654665,994420,1491427129
1764268096978510145,994420,1491427144
-2003260637300082866,994420,1491427102
-8695257987117685510,994420,1491427135
-8384335926025038245,994420,1491427150
-230166601350518903,994420,1491427127
4262120913542276589,994420,1491427149
1273485016852913001,994420,1491427110
-8941347243837024254,994420,1491427147
-6311269772348998370,994420,1491427112
-4601023432635683482,994420,1491427144
1857726936461249491,994420,1491427104
-6525028433144170595,994420,1491427153
-2334829631348137522,994420,1491427119
-396841255675404960,994420,1491427119
-3126589059445117247,990147,1491427146
4558444919341687311,993312,1491427131
-597173492547328505,994577,1491427130
-3735203249321918302,994577,1491427138
1412271311838758333,994577,1491427111
-4617647254688965359,994577,1491427136
-5108755056371970096,994577,1491427122
-1207797544441830424,994577,1491427152
8787310350550206047,994577,1491427154
2087292954451345981,994393,1491427138
-5911286228558562813,989432,1491427103
5979049487562168713,991043,1491427115
4196328616199254653,994347,1491427110
-3945500252734902430,994347,1491427130
7650096653973974557,990982,1491427130
7239945344888208655,994374,1491427105
-8028970333214478800,994374,1491427136
-4322958082467653158,994374,1491427134
-1616149381797133934,994374,1491427150
-8742889528942033443,991251,1491427120
-355381557631021349,994414,1491427122
3007875578393174088,994414,1491427123
-7850825931737962051,994414,1491427101
-6005960996452244648,994414,1491427133
4590195167318157923,994414,1491427122
1608735593471399331,992050,1491427129
3138932480361463280,994273,1491427158
7801181656655626806,994273,1491427143
2221275724664875174,994364,1491427147
4192751120965122396,994364,1491427125
5467865567986847741,991785,1491427154
-2748369221438364668,991785,1491427116
-5917771123753978946,991785,1491427106
-6650955514249673985,991785,1491427132
5170775907260933136,991785,1491427106
-5858865968153185413,991785,1491427146
4466517225096088253,991785,1491427127
1352602505030866632,991785,1491427116
4751021931120599453,991785,1491427137
-5733655705119667229,991785,1491427119
6233656164345404803,991785,1491427143
8120444948639284222,994055,1491427153
7631548729272672471,993986,1491427111
-5405046023220246295,340875,1491427109
8532288605539467721,993337,1491427130
8574251494331454686,993337,1491427131
-7523489228626893716,994428,1491427154
-6694242689254293425,994428,1491427124
-7819812490535760718,994428,1491427136
-5229192941623576001,994576,1491427139
-5108755056371970096,994576,1491427138
1412271311838758333,994576,1491427123
-597173492547328505,994576,1491427130
2185506904114906224,994344,1491427155
1499521712668549583,994344,1491427139
-2734607065730677253,994344,1491427151
-2849822399371494396,994344,1491427127
-4619350357965891456,994344,1491427107
-6146210801742786826,994344,1491427144
-7468187313616568550,994344,1491427148
7436552122856320235,994344,1491427116
-4264041569399551756,994344,1491427136
-4037586787666641092,994344,1491427116
7632225804362428942,993406,1491427136
-2807748884949212402,985420,1491427151
2098419571401956695,994225,1491427140
-3030565537329701090,994225,1491427132
-6015155896114658718,990455,1491427117
4446011579285478038,993904,1491427142
-7497445606292226841,993904,1491427152
422769457735890613,993904,1491427139
-773194870756579484,993904,1491427114
3656026594272571395,993419,1491427131
-1002099584606449887,993419,1491427111
8108024147870656452,993419,1491427129
-4007820371107497477,994312,1491427120
8505248879976383128,994312,1491427116
7479913133078175396,994320,1491427159
4267723108651642833,994320,1491427117
-3360270019377277992,994320,1491427133
2155166530369815674,994320,1491427148
3803038027343085434,994307,1491427157
5826500536973099700,994307,1491427126
3999236756807465352,994307,1491427112
3240336243498635506,994508,1491427126
-1453934267100874853,994508,1491427143
-879863376970524052,994508,1491427120
-316341120897690998,994508,1491427135
-1579561138935078834,994508,1491427112
-7739615920855648645,994508,1491427155
1582652347036472183,994508,1491427156
4383765274065475385,994508,1491427145
-6386002688009655403,994508,1491427150
4167620855872823442,994508,1491427149
-3410904516985825868,994508,1491427148
-515952566193781681,994508,1491427119
-2919941251910269207,994508,1491427153
-1837408202840934704,994169,1491427129
8944603669202051071,994613,1491427129
7876060356829990958,994613,1491427147
-5105353112353903753,994613,1491427120
-2871764332585280617,994613,1491427128
-5257936722123047085,994613,1491427131
8001106271105054484,994613,1491427126
3995047856990618770,994613,1491427139
3207056752639062560,994613,1491427154
5321921077982208281,994613,1491427119
-4118817284973640782,994613,1491427132
-4586997846568977432,994613,1491427149
6495768294958016326,994613,1491427124
-1743174301745547660,994613,1491427108
228824457705409113,994613,1491427154
3277922001513493215,925197,1491427113
-72427212538311740,68872,1491427148
-5076614656583906114,991600,1491427118
-8738504171462107101,981917,1491427151
-4424259437406620977,993900,1491427136
8171193186245700282,994350,1491427149
-8212159565231522869,994469,1491427106
-556044701606236621,994110,1491427144
-8742889528942033443,990965,1491427122
-4903808320568744254,952561,1491427152
2922531630739186148,994335,1491427125
4196328616199254653,994335,1491427122
-1802520692936912231,994331,1491427106
-1702611025583055683,994331,1491427151
-8549298220884000518,994600,1491427111
-4994427870436001878,994600,1491427113
2294301652931225739,994600,1491427130
5180817235380680621,994600,1491427153
-6557677956245962172,994600,1491427139
7137131988169483550,994600,1491427112
6220736495984170000,994600,1491427151
-6622177523724132259,994600,1491427141
-5947803667094688693,994600,1491427154
-3706268196581201106,994600,1491427119
2404404049788508145,994600,1491427123
6840342993688225756,994600,1491427138
-4697241156540952278,994600,1491427142
-7468532635378621038,994600,1491427144
1033047405310838380,994600,1491427108
-1945441067257944636,994600,1491427112
1120032423073828134,994600,1491427138
-2970421567342167151,994600,1491427110
-1654624610950499487,994600,1491427146
564149560349386744,994600,1491427152
4703313205089576101,994600,1491427107
-5603637529831884731,994600,1491427152
7128820290941590628,994600,1491427119
-5621265093961077249,994600,1491427111
-7841141640995203182,994600,1491427154
-2926020689025707862,994600,1491427125
-260350251061878646,994600,1491427130
-7946300835697237978,994600,1491427152
5151721185923894796,994600,1491427116
8341476998932929858,994600,1491427123
5089345977317059655,994600,1491427136
6928710667625423444,994600,1491427121
3274974209208898511,994600,1491427144
-700808996445417506,994600,1491427121
-3680934753718693611,994600,1491427155
-5132264982549934437,994600,1491427131
861061947504001631,994600,1491427131
-2480606262145479967,994600,1491427140
-5492431515857492174,994600,1491427158
-8991860620994386498,994600,1491427115
2882158704366179858,994600,1491427108
-7962697678023049892,994600,1491427154
-3175633405294473228,994600,1491427113
-2570177281356627493,994600,1491427154
1323671908246469053,994600,1491427144
1036679579135868480,994600,1491427123
3687508074741144434,994222,1491427133
-7627858321227888033,994222,1491427151
-10034384530828191,994222,1491427114
7551825886297119373,994222,1491427142
8699270659504962790,994222,1491427147
-3474951980688024093,994222,1491427138
4094700715586081293,994222,1491427140
5710650030002646641,994222,1491427130
-6525028433144170595,994222,1491427152
-7354752282633709487,994222,1491427158
5810908376375659474,994222,1491427157
-8011661685525902808,994222,1491427127
-2474108833990408837,994222,1491427159
1575805612175621954,994222,1491427117
1697214209591354794,994222,1491427118
-2162429740019011075,994222,1491427150
-8146243169159430573,994222,1491427118
5769599141906762825,994222,1491427132
-8654372481007547277,994222,1491427110
-4892284016120539015,994222,1491427122
-6284193494773595469,994222,1491427122
-4190316536882180450,994222,1491427123
-888436457613975000,994222,1491427134
2012587975152439908,994222,1491427115
-1558150179040457164,994222,1491427124
-8082422488464259288,994222,1491427111
-2066785230163419311,994222,1491427123
-5378529060570917192,994222,1491427105
-99883738979092271,994222,1491427150
327024961944146077,994222,1491427138
-9014340438429569814,994222,1491427145
-2642028704281523221,994222,1491427128
3720774372956272722,994222,1491427127
3194468780966558495,994222,1491427109
-999686404928246981,994222,1491427148
-7338520863871684919,994222,1491427110
8018435946219742932,994222,1491427108
-2431105266647571681,994222,1491427146
-1205305936665636230,994222,1491427152
38632513628532094,994222,1491427131
-7204442159965702751,994222,1491427148
-6847120747922657812,994222,1491427147
-7420345505155886245,994050,1491427128
-2309044451012001669,994050,1491427147
-4745116232548436406,994050,1491427147
2874198699962601783,994503,1491427108
7079051045075459011,994503,1491427158
-515952566193781681,994503,1491427119
6189984378287014492,994503,1491427142
-8993478118673162289,994503,1491427153
701101711944451863,994503,1491427107
5257505681726686530,994043,1491427148
1553809228285990325,992394,1491427109
5470559069281484495,994333,1491427118
4360161828394670897,994333,1491427151
1681391481480445125,993710,1491427105
-5109072614093602923,345890,1491427109
8616985834622630802,891450,1491427153
2637653360883102562,994431,1491427141
1144075921758177777,994431,1491427138
-2588773644448467661,994431,1491427149
-276202334886758976,984433,1491427131
-4118889734773776162,993455,1491427150
4066272236590577923,993229,1491427132
7126356990105278097,993229,1491427116
-3071242992088725805,994120,1491427137
8884434492438261636,994120,1491427106
-2990335009040194185,994120,1491427150
781041757990774919,885566,1491427152
7046157058296695655,885566,1491427110
-9187912022561300489,885566,1491427132
-3945500252734902430,994343,1491427130
8120444948639284222,994343,1491427108
333037424889772222,994343,1491427140
-664982759622984992,994343,1491427141
5527941099614671832,994343,1491427140
6011700792747667073,994343,1491427101
3643771474472545244,994343,1491427128
3489103789556401429,994343,1491427101
-6932748579487090346,994263,1491427117
5622220733640259964,994164,1491427111
-2246891641985393031,994164,1491427121
8120444948639284222,993921,1491427138
7040548170339631591,993921,1491427144
-1998733705079908330,985589,1491427133
4066272236590577923,993531,1491427132
-6992603423486572191,990383,1491427107
8616985834622630802,891431,1491427154
7687481679462322018,994493,1491427141
7499558922912110956,994493,1491427124
-9152176539101624253,994493,1491427131
-1874257945134880051,994493,1491427148
7517113408775360353,968608,1491427113
4197584359060192908,993920,1491427139
-6016589526790864617,986056,1491427159
-2246891641985393031,994165,1491427115
-2246891641985393031,994152,1491427127
372411847443160978,994152,1491427120
3191486288038861253,171670,1491427105
6234141953944279558,993230,1491427121
582674016744721946,993230,1491427147
-4873091470752799100,993230,1491427157
7131733261691791449,993230,1491427145
4782573399823086081,993230,1491427129
2679878520082094151,993230,1491427143
2792164319285621005,993230,1491427144
-8215721158492899863,993230,1491427115
-302051656038077645,993230,1491427123
-3867409837514758833,992320,1491427132
-6824820813517940057,993931,1491427122
741698955744471054,993931,1491427143
-3867409837514758833,990369,1491427132
5414699312356003437,994172,1491427140
4971405114502990692,994598,1491427140
-4949190212426162859,994598,1491427139
-9097705389802368607,994598,1491427146
-711273675510335309,994598,1491427103
-6647443603456474228,994598,1491427135
2895420475445006215,994598,1491427151
2104798751581508760,994598,1491427129
-1038114984557113942,994598,1491427107
-3247683709528238775,994598,1491427109
-7397479993702521347,994598,1491427127
-1945441067257944636,994598,1491427142
-2970421567342167151,994598,1491427141
-1566953929106259976,994598,1491427149
-8724299735564257678,994598,1491427110
4086767315184768046,994598,1491427123
-3072400107607568928,994598,1491427123
1597358822465209632,994598,1491427148
-7475506975196313285,994598,1491427107
6665618208796852439,994598,1491427160
15877830090598421,994598,1491427133
-4232428738677030796,994598,1491427121
4012667900028790847,994598,1491427135
6928096556283096964,994598,1491427125
8102028291564760796,994598,1491427151
1764535560574544196,994598,1491427135
-5177467608100185237,994598,1491427149
5592482704533838551,994598,1491427136
-2712406337611801119,994598,1491427136
-7742460234384987675,994598,1491427159
-3535723743351369404,994598,1491427104
-2243925810295021196,994598,1491427144
8069741772831869087,994598,1491427149
-8025181544816161372,994598,1491427135
3638056805807547840,994598,1491427115
-2652762856566920509,992613,1491427116
-8232644951080549961,983873,1491427140
-1838632760310370231,993654,1491427117
-5562977623689102561,994099,1491427130
-4208160497751069204,994099,1491427111
3687508074741144434,994099,1491427135
-4064828900033869763,994099,1491427154
-7800902929077293467,994099,1491427160
1478368145551853293,994338,1491427115
-1320331248931972023,994601,1491427126
1033047405310838380,994601,1491427139
7980145257550501038,994601,1491427160
8102028291564760796,994601,1491427140
2654421594321022536,994601,1491427136
1120032423073828134,994601,1491427151
-1945441067257944636,994601,1491427134
-2970421567342167151,994601,1491427130
2404404049788508145,994601,1491427134
-3896536423746366598,994601,1491427135
5944008622177216471,994069,1491427130
3495909587229040364,992163,1491427140
7631548729272672471,994001,1491427102
5257505681726686530,994001,1491427148
-7017195578246011120,936838,1491427109
5820875293968203832,993959,1491427124
5351030104740472648,994208,1491427113
-1764216867069233562,994104,1491427160
8135461814623564527,994104,1491427141
-276202334886758976,984909,1491427115
-6702847156139002268,994606,1491427136
-3379734099068252012,994606,1491427107
-4944582651423545881,994606,1491427154
7412681559155163952,994606,1491427106
-2220927816799358712,994606,1491427156
1772479894315511301,993553,1491427118
1211620647468449294,993553,1491427154
-331421699373137572,993553,1491427104
3148366748613192261,989760,1491427141
2732705969312951484,993593,1491427123
-7189905533893174254,993488,1491427113
-7474335380455639995,987663,1491427096
-5017665512769500163,891581,1491427144
-4607503975130975250,990523,1491427108
-8738504171462107101,981920,1491427135
3279971889535555585,980657,1491427147
28855574448926810,994317,1491427123
2922531630739186148,994317,1491427117
-8321834395761788872,994317,1491427145
176054215443164614,994317,1491427153
-2305857432779388378,994281,1491427107
-4426118458030181179,994281,1491427154
7123895039848363156,994281,1491427116
5351030104740472648,994205,1491427119
9175688474958791902,994026,1491427129
4574580739001459943,990250,1491427129
-8248334872784734549,994035,1491427117
-8330866813414080541,994260,1491427122
-7460572893500573543,994260,1491427153
1669681665780250228,994260,1491427155
-936234086852144673,994618,1491427141
6920404390344838672,994618,1491427118
5557594112738275707,994520,1491427124
7532267117878469967,887831,1491427123
-1998733705079908330,985860,1491427133
7079051045075459011,994517,1491427114
3705192328852727004,994517,1491427100
5557594112738275707,994517,1491427127
-6550312312186029143,994327,1491427113
-6128479560754497851,994327,1491427144
5866814789132130302,994327,1491427151
-7755417259960780143,994327,1491427114
-4905760459539803851,994327,1491427146
-4101370950727659273,994327,1491427159
5886806279096572636,194955,1491427139
2200772267027960931,980161,1491427134
-3684149416142512232,993789,1491427105
-1941494333200822850,890989,1491427104
650414438797895243,945371,1491427133
-7303949369750443031,992988,1491427107
3279971889535555585,980740,1491427127
7726736720048889125,994247,1491427143
3827028849351056952,994247,1491427149
-5099066888755339795,994247,1491427118
-2841455362871097905,994247,1491427157
7261610369901230901,994247,1491427124
-6709144158521196910,994247,1491427160
2166056187688120679,994247,1491427115
803532930120713029,994247,1491427153
323917868618479490,994247,1491427161
-3905816851617417527,994247,1491427141
-5649129129734773969,994247,1491427121
-2919941251910269207,994247,1491427137
8881777727648321989,994247,1491427144
3369686051273976612,994247,1491427111
-1967590304671979357,994247,1491427130
-5267279946892185975,994247,1491427146
-9058557618517450632,994247,1491427149
5044455158233429789,994247,1491427159
-4506826921981175654,994247,1491427145
-8040727033858064465,994247,1491427120
-278068644285904950,994247,1491427142
-1915259812591262187,994247,1491427118
6796848968659227980,994247,1491427152
-2274256882133934805,994247,1491427149
371554897046318746,994247,1491427132
-7786632136325265264,994247,1491427101
-3661006453936220563,994247,1491427157
4036716579405909434,994247,1491427133
6193614414527350772,994247,1491427152
4612685189104337425,994533,1491427132
3149097790706775602,994533,1491427101
-3540591473097335938,994533,1491427155
-1862089958081380721,994533,1491427112
-6386002688009655403,994533,1491427117
-4972984543832751526,994533,1491427128
-316341120897690998,994533,1491427112
-7786632136325265264,994533,1491427100
-4704981274697018369,994533,1491427141
803532930120713029,994533,1491427129
1582652347036472183,994533,1491427142
-3410904516985825868,994533,1491427141
-3905816851617417527,994533,1491427125
-2919941251910269207,994533,1491427133
7005647828875434423,994533,1491427109
6796848968659227980,994533,1491427152
2689057190263263754,994533,1491427105
6193614414527350772,994533,1491427152
8336411282064244182,994533,1491427144
2075821370326187814,994533,1491427152
3502499336274737678,994533,1491427109
9040437913423913602,994533,1491427146
5610945914765505617,994533,1491427113
5388223865597336941,994533,1491427156
-4340335087813413972,994533,1491427160
-8386286334977808055,994533,1491427106
3479753673855611481,994533,1491427138
-1205184253942060380,994533,1491427133
-2024241963033544965,994533,1491427116
-1298332673071089323,994533,1491427137
5381688466516321765,994533,1491427118
4621159753787800372,994533,1491427143
1775035462186695633,994533,1491427135
-5918140073644502088,994533,1491427141
2943127846296101483,994533,1491427151
-5561530080362815655,994458,1491427108
609313379568708334,994458,1491427152
-8212159565231522869,994458,1491427153
7908460018672059029,994458,1491427114
-5561530080362815655,994456,1491427142
4108389098653236435,994456,1491427137
-4466292456081424383,994622,1491427116
-5980970745033821217,994622,1491427132
-7043432219519600155,994622,1491427105
-5363860504585191537,993825,1491427141
741698955744471054,993930,1491427143
-276202334886758976,984495,1491427138
5749995095929296425,949642,1491427120
-2952364392941883681,993843,1491427117
1474909896560325115,993843,1491427119
6130378892054402129,994569,1491427130
3017526371790094307,994569,1491427105
-570013869859932001,994569,1491427114
-5060923336232683499,994569,1491427129
-8543292781017206855,994569,1491427135
-6049478463402010885,994569,1491427150
4023157643018198093,994569,1491427135
4635065610139426902,994569,1491427101
1951359148469203620,994569,1491427152
-6944972522541737112,994569,1491427116
4299904873543737903,994569,1491427153
-7744790329873023357,994569,1491427108
122244842134484834,994569,1491427122
-8311124116352556158,994569,1491427120
2351227039310419735,994569,1491427112
-3244339552868705747,994569,1491427130
-4257794931958031471,994569,1491427154
4468333073678229494,994569,1491427102
-2189458145558937308,994569,1491427136
1723528766103126988,994569,1491427139
8255917823968191499,994569,1491427111
7438565959070940255,994569,1491427107
-7538867062084663533,994569,1491427098
-2246891641985393031,994171,1491427102
-2940061873283777399,994171,1491427155
7730513020529190109,993584,1491427153
2200772267027960931,973510,1491427160
8918875193682978593,983719,1491427128
-5172248059492789844,994523,1491427128
4383765274065475385,994523,1491427145
-6386002688009655403,994523,1491427150
1582652347036472183,994523,1491427156
4330212295119229863,994523,1491427109
-316341120897690998,994523,1491427120
-2919941251910269207,994523,1491427145
-3410904516985825868,994523,1491427148
4612685189104337425,994523,1491427132
803532930120713029,994523,1491427153
-4972984543832751526,994523,1491427128
-4704981274697018369,994523,1491427141
-3905816851617417527,994523,1491427141
2036708595240187252,994137,1491427102
4108389098653236435,994448,1491427140
-2758282428874434550,994212,1491427116
-4648073157504422772,994270,1491427146
187960492479448298,994270,1491427127
7896935625102655858,994270,1491427120
-1908281079664563640,994373,1491427153
-2802780488973324592,994373,1491427151
-6318230000283386255,994373,1491427141
-4949810229983767079,994373,1491427115
1370250046423290496,994254,1491427123
1531073367622638626,994254,1491427137
1383642022354111753,994370,1491427109
1399132535289903637,994370,1491427123
-2246891641985393031,994166,1491427110
-3324047166449285049,994070,1491427101
9175688474958791902,994070,1491427129
-8973687073200778364,994070,1491427117
-8003599466306955184,994070,1491427134
8841506260083287648,994070,1491427130
-2598705169223094952,994070,1491427126
-6158555346657071265,994070,1491427101
2225734175820140613,994070,1491427121
-7199233974876818507,942180,1491427132
-8742889528942033443,991356,1491427107
-9139032626602677110,340129,1491427152
-5561530080362815655,994376,1491427158
-3364314781595217927,994103,1491427139
-5169477520925430357,994103,1491427102
1192181610253357968,994103,1491427154
4201569596653055438,994103,1491427161
-96949803929694851,993332,1491427122
-1250067748459108455,993924,1491427121
-7086469959845150757,993924,1491427143
6544285443397773268,936427,1491427108
-125820666908580094,994584,1491427109
-7819812490535760718,994584,1491427125
1997063128755449604,994538,1491427145
9006886820619721179,994538,1491427128
-1575130440594152872,994538,1491427120
7247895476562130527,994538,1491427139
6298805200554000237,994538,1491427132
7834278811311360744,194953,1491427100
2982632184658684111,994357,1491427111
2927266293188122063,991209,1491427118
-9128994126791556868,994301,1491427116
5670735486244437112,994301,1491427127
8135461814623564527,994349,1491427109
5013626123496364216,994341,1491427151
-6231282896232461126,994341,1491427145
4683009827716599856,994423,1491427148
4036715064099604563,993945,1491427147
-5237866996479146752,597604,1491427157
-2807748884949212402,985410,1491427152
2187150951800569064,993444,1491427137
2278140749438055244,993302,1491427109
-1505555064024468481,993302,1491427148
2593361122190716959,993302,1491427162
1953610242118280872,993302,1491427145
-5504533574071227580,993302,1491427104
1875059248645557806,993302,1491427103
-6835732616859650997,994261,1491427138
8300874285776469174,994261,1491427105
4872753569189394558,994435,1491427133
-2342485374558155211,994435,1491427152
5944008622177216471,994045,1491427130
8419647079849888726,994380,1491427144
-9120462600645924870,994380,1491427147
-7135203422523721583,994531,1491427120
6193614414527350772,994531,1491427110
-4835130780050270699,994531,1491427150
3912702480998039912,994454,1491427138
4480054123477164048,994454,1491427148
926168932241413695,994454,1491427142
6851764819017730318,994454,1491427111
1270199540672397141,994454,1491427129
2762187816332178302,994454,1491427147
-790243477654754655,994454,1491427139
-7192620400929868805,994454,1491427116
-4815571446451252516,994454,1491427136
-4616022332013567128,994454,1491427138
-2916837124189221546,994454,1491427122
-2401645310522268417,994454,1491427114
-6438053830000705631,994454,1491427106
1213680905503526942,994454,1491427109
7017599551157899209,994454,1491427119
5981356988633899732,994454,1491427118
2916266171964471088,994454,1491427111
-578086327803936036,994454,1491427125
-8698580485402826246,994454,1491427130
4574580739001459943,994454,1491427122
4125425849724674183,994454,1491427125
-8675351375947946448,994454,1491427113
-6393918581136050982,994454,1491427162
-5775460869086172160,994454,1491427136
8541265456212276282,994454,1491427124
1354898731251697454,994454,1491427120
-7285650549287884692,994454,1491427149
5160223047390001934,994454,1491427146
-420929564280847177,994454,1491427106
6259532205346225133,994454,1491427126
-8847108893161841431,994454,1491427127
7772352129510135829,994454,1491427132
430474262771741653,994454,1491427148
-4136648807218472229,994454,1491427144
-8146192103532748900,994454,1491427127
3105948770649499829,994454,1491427133
1757308404976823789,994454,1491427137
7458508802781272300,994454,1491427109
-3932315477350280958,994454,1491427116
8799055415287912460,994454,1491427154
-5343703363080651277,994454,1491427116
2307462768152279415,994454,1491427127
6468690231647346182,994454,1491427157
4612522695532156541,994454,1491427124
-6095503734483450665,994454,1491427117
7619042469687690084,994454,1491427157
-5100754860108517793,994454,1491427136
-2877004430703993730,994454,1491427124
-3337424917093940601,994454,1491427150
5351030104740472648,994076,1491427154
-1345991147716215192,992288,1491427108
-1949692744630366736,994337,1491427135
4083869454043858514,994337,1491427125
-8390706079435866755,994337,1491427104
-8147947482388609636,994337,1491427106
-600934110994215720,994337,1491427141
5695559361363500558,994337,1491427154
1345106746500273414,994337,1491427155
5180964599859393172,993719,1491427107
513261986314070534,993719,1491427139
-4731290163588200466,994386,1491427115
5051761534977817001,994386,1491427130
-1639660781103453102,994386,1491427129
-1986642035407051527,994386,1491427152
9027466381188418921,994386,1491427134
1603585412904295626,994386,1491427119
7947738996733199244,994386,1491427107
-4683065999593905431,994386,1491427145
-7765530068268057253,994386,1491427135
-8861792340566244050,994386,1491427134
8913780986535859155,994386,1491427150
-3562790499748971624,994386,1491427128
-1287110324915968411,993913,1491427152
7961653854882506821,989145,1491427145
-1843162300795991858,993768,1491427145
-1347186996345367964,993768,1491427134
2405450757286598995,993768,1491427149
926168932241413695,993768,1491427105
6159994686996534862,993768,1491427130
266837817223889464,993640,1491427133
-8237600436896890352,993640,1491427101
230995423512243384,993640,1491427147
-4148147540661984645,993640,1491427111
-4969123602517141302,993640,1491427160
4004457779732379614,994396,1491427155
7905795087593602898,994396,1491427122
1910424792725727387,994396,1491427113
4110479061735156991,994396,1491427111
8303003785644290818,994396,1491427110
-8237741509582083950,994396,1491427156
-4045221892653266016,994396,1491427129
-9145916347315892007,994396,1491427125
7605103241401385974,994396,1491427139
8507795409760558995,994396,1491427140
3785461870903269517,994396,1491427155
-6282997036363519911,994396,1491427103
6080119945131489226,994396,1491427112
-4016234240413714505,994396,1491427136
-7491109665144035424,986759,1491427115
-5237866996479146752,148779,1491427146
-8330866813414080541,994245,1491427162
-276202334886758976,984434,1491427156
7798215701875841966,985944,1491427149
-3454368713307335968,994319,1491427135
-125820666908580094,994319,1491427153
3434988834479487686,994319,1491427101
4419963721847330846,994319,1491427142
-5644463395943454156,994319,1491427125
1815217099226781851,994319,1491427114
-4892117303048109884,994319,1491427136
643154600187988077,994319,1491427110
-270055205282573633,994224,1491427150
6159994686996534862,994029,1491427125
-1347186996345367964,994029,1491427099
6259532205346225133,994029,1491427156
-2883521604802715827,994545,1491427116
-2902024032229919415,994545,1491427153
5866814789132130302,994545,1491427138
-7618271032304773870,994545,1491427146
9006886820619721179,994545,1491427131
1997063128755449604,994545,1491427151
3705869774603881979,994545,1491427144
-4101370950727659273,994545,1491427142
-2980442564921233834,993126,1491427149
-2427028550035234300,993126,1491427144
4710901356043460925,994346,1491427127
4207664008060290200,994346,1491427108
1206760674828972525,994346,1491427116
-4648073157504422772,994346,1491427154
-2365149226584895327,994346,1491427145
4454816474311345381,994346,1491427107
-3327289784149235498,994346,1491427120
-6000715101663739571,994346,1491427108
736487022038054349,994346,1491427113
7761203921253140026,994346,1491427103
819721080605578080,994346,1491427144
-2244366293372848688,994346,1491427134
5476990780076598873,994346,1491427108
3987174019574138033,994346,1491427138
1688686813114606989,994346,1491427144
3485446752128769171,994346,1491427135
-4622011215165964040,994346,1491427129
1004238572804054392,994346,1491427129
4419963721847330846,994346,1491427150
-5868871123323454978,994346,1491427115
-5917771123753978946,994346,1491427147
7462071114188686200,994346,1491427120
-8864437581615527871,994346,1491427161
-6136486873280128651,994346,1491427131
-1226613879696475883,994346,1491427151
9166012568277724210,994346,1491427150
643154600187988077,994346,1491427130
4683009827716599856,994419,1491427149
5557594112738275707,994524,1491427127
-2919941251910269207,994524,1491427153
1867318138786264687,985962,1491427146
-4938066020766912277,994467,1491427121
-2748369221438364668,994467,1491427145
2066536725555174240,994467,1491427155
4987834134705612931,994467,1491427159
8650694006673246984,994467,1491427156
-7793699085545695512,994467,1491427138
8873462875928272974,994467,1491427148
5706400875308433179,994467,1491427161
4943546442204627123,994467,1491427128
4549450798534572622,994467,1491427122
5312948981589824613,994467,1491427136
5847916421912600171,994467,1491427151
-2610202827689735893,994467,1491427131
-4463522141009515038,993266,1491427144
-3154490660489947024,993266,1491427106
-6438053830000705631,993266,1491427117
-735443337710657787,993262,1491427160
7470044408363094583,993262,1491427155
895850095017057591,993382,1491427116
-6008124104072169188,993382,1491427131
-8232644951080549961,983872,1491427140
-2158111711511382434,994407,1491427128
-7653321064032496129,994407,1491427140
-7366588614564489856,994407,1491427155
-6472956162727385233,994407,1491427160
8811601063001493374,990433,1491427102
-2675535647489005698,990433,1491427120
-1908029033374703056,990433,1491427124
4419963721847330846,990433,1491427161
6956312143466723152,990433,1491427110
-2962508802299799145,992421,1491427118
5979049487562168713,992421,1491427107
2166056187688120679,992421,1491427124
1261348314264034033,992421,1491427108
-5835917186005999476,992421,1491427120
6234141953944279558,992421,1491427123
1151249317467916199,992421,1491427146
-5084559511279307407,992421,1491427113
790605150052307308,992421,1491427125
-5099066888755339795,992421,1491427118
860394434062943653,994313,1491427131
4089407238954918429,994313,1491427140
5101512130620184840,994313,1491427140
-302051656038077645,994313,1491427143
1749804973657956320,994415,1491427137
4110479061735156991,994415,1491427111
-2569819940024580451,994415,1491427104
-2101692687350368245,994415,1491427154
-8339951077640594138,994415,1491427159
-6711964847182583387,994415,1491427133
-4608340667667625216,994415,1491427102
3427055917795451195,994415,1491427106
9112667739655457611,994415,1491427140
5470559069281484495,994415,1491427118
-4915673240123332440,993801,1491427128
-7523489228626893716,993103,1491427109
-2777498268526279436,986142,1491427097
7598765928643266955,993428,1491427133
2200772267027960931,980332,1491427128
8750382511114992086,994294,1491427118
9023984708671124706,994294,1491427151
1547787759796812165,994294,1491427130
2922531630739186148,994294,1491427125
5467865567986847741,994294,1491427156
4683009827716599856,994427,1491427130
51351280447311663,994427,1491427159
-4608340667667625216,994427,1491427102
4446011579285478038,993916,1491427142
-556044701606236621,994107,1491427153
2200772267027960931,979908,1491427153
6786870379652645199,992848,1491427116
-57190864761576987,994190,1491427155
8841506260083287648,994068,1491427130
6338666992843953900,976393,1491427116
-8075065550719312712,994583,1491427122
-6539507495091268084,994583,1491427122
-5108755056371970096,994583,1491427110
3841901962007977016,994583,1491427163
3348522563862061415,994583,1491427114
-4617647254688965359,994583,1491427100
-5438218203956153303,994583,1491427114
-7111143637393355635,994583,1491427133
-8169578923889304533,994583,1491427108
-4717370921708102398,994583,1491427147
5001855061186395508,994583,1491427113
-4563111762106777474,994583,1491427157
-3510540025802147962,994583,1491427160
-177405582332520556,994234,1491427123
-299624880262289075,993513,1491427159
-7041186662947741397,993513,1491427129
-1660077443778772104,993513,1491427113
5390863880728185601,993513,1491427144
-3083229117959348573,993513,1491427106
-4865460594365293006,993513,1491427131
-9223295462682304751,993513,1491427114
-7942344002709620609,993513,1491427158
5122663248409631848,993513,1491427143
-1793501156409532638,993513,1491427130
7551825886297119373,993513,1491427148
-6005960996452244648,993513,1491427102
8580315531979702350,993513,1491427143
-3778458425463733544,993513,1491427159
-1852202391029255841,993513,1491427144
6943187794624842606,993513,1491427122
-2466403258700331582,994277,1491427154
3138932480361463280,994277,1491427119
8881402340971562685,993329,1491427138
4786381166875956600,993329,1491427117
-1786829062894339073,991222,1491427156
7200732149082314265,994612,1491427130
-7637523017459223181,994612,1491427133
-2220927816799358712,994612,1491427114
3890646494109457887,994612,1491427119
8001106271105054484,994612,1491427133
-2871764332585280617,994612,1491427128
8944603669202051071,994612,1491427129
3797550268752888167,994612,1491427157
-5105353112353903753,994612,1491427120
-1756946681702641641,993873,1491427156
-4944582651423545881,994602,1491427155
4036715064099604563,993917,1491427154
-1014146904921321613,993833,1491427154
-4118889734773776162,993458,1491427150
-7093800336754676302,994114,1491427108
-2581659478339544955,993739,1491427107
-8248334872784734549,994033,1491427112
-4102478948148172031,930329,1491427112
-2490254875203332486,994475,1491427106
-7723410170475618913,994475,1491427111
5122663248409631848,994276,1491427105
6930252533633045939,994276,1491427103
2155166530369815674,994276,1491427125
2066536725555174240,994453,1491427120
1141649870656404614,994453,1491427127
-106454024350305194,994453,1491427130
2874198699962601783,994453,1491427156
1436558144325793035,994599,1491427138
5592482704533838551,994599,1491427136
8102028291564760796,994599,1491427151
-2970421567342167151,994599,1491427138
-1945441067257944636,994599,1491427138
7876060356829990958,994599,1491427147
7470873483211883576,994599,1491427146
-7214364091809768252,994599,1491427121
-5049580806046558189,994599,1491427107
1033047405310838380,994599,1491427140
-6602925065403759379,994599,1491427156
3559705209280498491,994250,1491427136
-578086327803936036,994250,1491427154
1213680905503526942,994250,1491427128
-2916837124189221546,994250,1491427124
1270199540672397141,994250,1491427131
-4616022332013567128,994250,1491427138
7632881488400751704,994250,1491427148
7017599551157899209,994250,1491427119
2686861179702216293,994250,1491427101
4480054123477164048,994250,1491427148
6080119945131489226,994250,1491427153
-2401645310522268417,994250,1491427114
7379810737667784098,176562,1491427144
-5322519727745037738,404748,1491427139
955102527278985474,992160,1491427134
-9059008744467076393,992160,1491427134
-276202334886758976,984363,1491427160
3036978041481825421,994595,1491427124
8913780986535859155,994595,1491427150
-8861792340566244050,994595,1491427134
-1986642035407051527,994595,1491427117
2475011257196232091,994595,1491427125
9027466381188418921,994595,1491427122
-7218610162407976118,994595,1491427120
1603585412904295626,994595,1491427113
-8826879114093449340,994595,1491427144
-4949190212426162859,994595,1491427139
4658454129548654524,994595,1491427134
5074190709912039743,994595,1491427148
-6938093881967303712,994595,1491427128
-9097705389802368607,994595,1491427146
4971405114502990692,994595,1491427140
-1945441067257944636,994595,1491427142
6340829634665147787,994548,1491427159
-6253640371271939438,994548,1491427104
-5902337649171804102,994548,1491427150
-3778458425463733544,994548,1491427118
-5229192941623576001,994548,1491427159
8873462875928272974,994325,1491427133
-8702313209468309284,992039,1491427155
703158215186568585,992039,1491427160
-5208609146795541889,993252,1491427118
1745228335314978193,417191,1491427138
7056495155301933088,972937,1491427150
-7610035228477635199,972937,1491427122
-5850078018345640374,994459,1491427134
2142918720887164118,994459,1491427163
-7703956621473954737,994459,1491427147
-6410456826622993739,994459,1491427149
-7852361638298658156,994546,1491427110
-7618271032304773870,994546,1491427146
3492952392151386307,994139,1491427155
5622220733640259964,994139,1491427104
51351280447311663,994426,1491427128
-1287110324915968411,994426,1491427130
4766765039783891134,994426,1491427128
3007875578393174088,994426,1491427137
-1425667376053169141,994426,1491427140
-5417192137667944860,993619,1491427113
7791346791159245447,993619,1491427125
781041757990774919,993619,1491427150
4771356216853333617,993619,1491427104
-5602053823360237004,993619,1491427120
2405450757286598995,993619,1491427114
6754942710807020978,993619,1491427134
2327424312627186442,993619,1491427124
-3357466404346374050,993619,1491427125
-5398672877446445930,993619,1491427130
3598385028494009431,993619,1491427153
926168932241413695,993619,1491427118
3912702480998039912,993619,1491427135
4398770312033553042,993619,1491427117
8384236926240985957,993619,1491427151
1395217733346285370,993619,1491427138
-2877004430703993730,993619,1491427154
-1250067748459108455,994365,1491427134
-7623694452640909210,994365,1491427151
-1957209344226759888,994365,1491427162
6193614414527350772,994365,1491427127
-573538655421714232,994365,1491427123
-3608738753421299682,994421,1491427113
5833867364317258954,994421,1491427108
-8212159565231522869,994421,1491427153
-5561530080362815655,994421,1491427104
-1797792032591065888,994421,1491427152
1433349408766848760,994421,1491427163
-5506901194274865106,994421,1491427103
-5850078018345640374,994421,1491427134
203199891487388605,993453,1491427107
4108389098653236435,994440,1491427140
-8248334872784734549,994027,1491427126
9033691366019534716,993674,1491427122
-664982759622984992,994372,1491427107
2542150649351086103,994372,1491427107
-1764197742916766403,994372,1491427156
-6028572736198575125,994372,1491427148
6241111744064478369,993977,1491427143
3396355401651297028,993977,1491427117
92349349572727630,993977,1491427138
-4610375832683536274,993894,1491427137
6412660649044936877,412546,1491427118
-2216628071296869016,991801,1491427142
-8321834395761788872,991801,1491427112
6777994115898878172,991801,1491427152
5351030104740472648,994064,1491427154
-57190864761576987,994189,1491427155
-3867409837514758833,992750,1491427147
-556044701606236621,994116,1491427110
-342560270593845196,188009,1491427108
7650096653973974557,989918,1491427131
-9187912022561300489,891293,1491427131
7046157058296695655,891293,1491427109
8787310350550206047,994315,1491427118
-6049478463402010885,994315,1491427163
4635065610139426902,994315,1491427108
-5322519727745037738,994315,1491427141
1951359148469203620,994315,1491427152
-7744790329873023357,994315,1491427108
-5060923336232683499,994315,1491427129
-8543292781017206855,994315,1491427135
-8360683131200202089,994315,1491427145
3235901376325197713,990473,1491427120
6338666992843953900,963427,1491427155
-96949803929694851,993351,1491427122
-4198640522211062826,994017,1491427125
5161280181805582856,994017,1491427117
1433349408766848760,994017,1491427153
7761203921253140026,994017,1491427150
-3938031373594201997,994017,1491427125
5477959855262657679,994017,1491427108
-5826207439110714582,994329,1491427139
-7420345505155886245,994048,1491427128
4036715064099604563,993140,1491427154
7924677971044903696,993817,1491427139
-1811905357891411126,993817,1491427143
4483642756586302055,993817,1491427144
4101411050964566694,993817,1491427120
-434543486700350586,993817,1491427146
-1903886719527922650,993817,1491427109
-250528086159780416,993817,1491427105
-7632529425180307501,993817,1491427118
2587084522926866743,993817,1491427117
1507372739375584959,993817,1491427138
-6083707932489563019,993817,1491427117
-815875224532149693,993817,1491427157
1772479894315511301,992955,1491427125
-5405046023220246295,340874,1491427109
3191486288038861253,171673,1491427105
4004457779732379614,957612,1491427128
-276202334886758976,984681,1491427120
-347783864790831404,993415,1491427128
2036708595240187252,994121,1491427133
1547787759796812165,994288,1491427135
9023984708671124706,994288,1491427151
3504701431818451494,994513,1491427127
8459089925526484485,58168,1491427137
5211160605801540444,994062,1491427135
-6652926546293200255,990407,1491427133
-1362960964547886956,994366,1491427126
6193614414527350772,994528,1491427123
-7135203422523721583,994528,1491427120
-2569819940024580451,994401,1491427104
7114682482467257592,994478,1491427120
2066536725555174240,994478,1491427108
4773953011287471781,994478,1491427143
5333443752576104421,994478,1491427119
-3147258135550935104,994478,1491427141
8496858574846157588,994478,1491427146
-3611214190962345319,994478,1491427142
5773910652650029623,994478,1491427108
2801634381541767753,994478,1491427114
5839035164414234253,994478,1491427116
3533481600937021406,994478,1491427155
7005647828875434423,994478,1491427139
-8428545873270741273,994581,1491427109
1582511507145938941,994581,1491427148
2298487777189961174,994581,1491427106
9027466381188418921,994581,1491427148
5051761534977817001,994581,1491427130
-2784078853619545321,994581,1491427105
-8488701762490547245,994581,1491427130
1603585412904295626,994581,1491427119
7947738996733199244,994581,1491427107
-8501508477754610921,994581,1491427150
-6752834603021733008,994581,1491427130
7510011234491081878,994581,1491427109
-4426807173783110048,993095,1491427098
8559482081684324310,994484,1491427108
-695792671625388274,994484,1491427120
-4045749426638228596,994484,1491427144
-5504533574071227580,994484,1491427102
5575032523093994626,994484,1491427133
-879863376970524052,994484,1491427129
-1308053683290537372,994484,1491427129
-2868773225996757325,994484,1491427121
3240336243498635506,994484,1491427144
7499558922912110956,994484,1491427124
6435911048984208746,990268,1491427107
3678042834830377605,928327,1491427154
2199965946130985140,344288,1491427128
-570013869859932001,994561,1491427130
-3778458425463733544,994561,1491427106
228948599930567216,994561,1491427146
-4562963226898139981,994561,1491427139
8014613976589187436,994561,1491427122
5866814789132130302,994059,1491427155
7085910573431077360,994382,1491427113
-5236384193696184883,994382,1491427120
5833867364317258954,994382,1491427136
-2216628071296869016,994382,1491427130
-3608738753421299682,994382,1491427113
