-7409564737856995920,997859,1492121412
4934432441951786818,997859,1492121392
-7478591955607833715,997859,1492121407
-373137216598524044,997859,1492121406
-4585190294886296159,997859,1492121391
-2614027843191100208,997859,1492121402
2669858883003421731,997859,1492121396
-5715473684258921159,997859,1492121372
-7325287231334336979,997859,1492121370
7135178921649226039,997859,1492121420
-5303314835533541105,997859,1492121415
3273900976599254172,997859,1492121401
6367889387860542787,997859,1492121419
65783892493274057,997859,1492121366
3298296080670557756,997859,1492121422
-6787513435273918782,997859,1492121410
7406711581801035909,997799,1492121370
4956387956652121151,997822,1492121388
5982589699817261881,997822,1492121413
-544761282762296858,997554,1492121388
-1701816792717113425,996742,1492121398
-3563834865696586588,883641,1492121392
8892783156623673576,914877,1492121372
-6720512978559019105,997212,1492121420
8705248772642513750,982913,1492121396
2783473673735719354,982913,1492121368
5290982049123188008,982913,1492121422
2270202330734085529,982913,1492121367
4593131460920862798,982913,1492121381
6650877506836782743,982913,1492121397
3190995661890671533,982913,1492121368
-281547166014889505,982913,1492121368
-7620347015951542163,997329,1492121368
3434166149344229363,344027,1492121370
4004174384907363104,997891,1492121418
2628185991577355100,997891,1492121401
-5667742051951992570,997891,1492121408
861887706354089140,997959,1492121414
-6649088609141932800,997959,1492121420
-7333740417462907316,997959,1492121401
-8339239282857855656,997959,1492121364
6208345822442586191,997769,1492121421
7892138779910599321,997769,1492121367
4139783405907920694,997299,1492121380
-3803056260596186719,997394,1492121422
-544761282762296858,997567,1492121383
4866035424898038599,993768,1492121414
-8324961127446757618,993768,1492121418
-6779272679919438319,997869,1492121389
2669858883003421731,997869,1492121367
3150010083450135714,997869,1492121380
-7985003938080793104,997869,1492121381
1277252011659573621,997869,1492121418
7304930916150366369,997869,1492121377
-373137216598524044,997869,1492121406
-1987403165089594144,997869,1492121377
6093964773825802616,997869,1492121407
-8412331285001281500,997869,1492121407
-7445232766667073201,997869,1492121373
-811909711540129916,997869,1492121386
7581529453059331685,997869,1492121422
-1041524056374840744,997869,1492121422
-9109059784370184117,997869,1492121413
-6396917587834953315,997869,1492121411
2517815630290477773,165958,1492121412
3553319100870281937,996912,1492121405
2972433323040254495,997749,1492121407
1845390112834003662,997749,1492121372
7301166653285560598,997867,1492121379
-3082606706244695942,997867,1492121407
-2168548264078488912,997867,1492121397
-3082606706244695942,997858,1492121411
-6686739428129994739,997563,1492121393
-4817204442016520690,997683,1492121416
-1913854828144766396,997683,1492121410
-6810274288566412182,997683,1492121377
7395116341018518373,997683,1492121419
6842306341532574728,997683,1492121373
3705562009821143438,996731,1492121412
-8236494281701277139,996731,1492121402
-2517903135415178505,996731,1492121389
3209447320318464663,996731,1492121371
3148283779710722477,997619,1492121423
5853171530999668386,997619,1492121406
-3788452967803345648,997263,1492121405
-2896977976147765773,997455,1492121382
4728812317108713533,876172,1492121402
329403150067289188,994454,1492121411
-5777712021503606279,997937,1492121411
-189736865177268570,997937,1492121381
-1402048222242608261,997937,1492121375
1466383064858419366,997937,1492121377
-4099036737169761120,997937,1492121394
5871839233969535367,997937,1492121381
-4452199794057304223,997937,1492121379
-2408505448081626365,997937,1492121421
577243380384738930,997937,1492121398
9054154302335600347,997937,1492121413
-6210179914158026659,997937,1492121372
-3186517441539220377,997937,1492121388
5821184335246957519,997209,1492121366
6165591361482975297,997209,1492121396
-8151494339462784653,339829,1492121381
-6135941025715181350,997898,1492121366
7756784654755395413,997889,1492121412
-6867480622928620586,997889,1492121411
-7665705722391771765,997889,1492121379
-6453056951713062283,997889,1492121391
-4976745783981228218,997889,1492121398
-7985003938080793104,997889,1492121395
2669858883003421731,997889,1492121408
-4585190294886296159,997889,1492121400
-8369901477510065024,997889,1492121397
1054602867146283152,997889,1492121400
-2063223255620587723,997889,1492121413
3473924175425213765,997889,1492121376
3796824575985723918,997889,1492121410
7395116341018518373,997889,1492121393
-6444124244597905078,997889,1492121367
-2265322025334410547,997889,1492121415
-4080248349122046141,957720,1492121408
1679319231404338879,997879,1492121371
4004174384907363104,997879,1492121418
-4563433846071584196,996915,1492121380
-76203164882473502,996915,1492121383
-6195044039381322983,997895,1492121420
-9020875335280151342,997895,1492121372
163556344109171657,997666,1492121365
-6135941025715181350,997666,1492121421
5183418015582301734,997666,1492121384
-5470220371989159909,997666,1492121403
3373679180949954419,997666,1492121400
-3049964285497206966,997666,1492121402
-2169452588288688037,340374,1492121381
-7482241184408843092,997318,1492121372
2696028630798236088,997967,1492121401
-5468176172043914869,997967,1492121367
6241172123973826598,997967,1492121414
-977115871912321426,997967,1492121417
5748162710152402123,997967,1492121422
7581529453059331685,997967,1492121399
8442109272778567835,997967,1492121390
3704065874202376364,997967,1492121366
-9145141105359399106,997967,1492121422
-4253247337418317242,997967,1492121422
-5476579049294310496,997967,1492121381
-8260632593954865433,997967,1492121370
5381399358282508012,997967,1492121402
-1130025249796130056,997967,1492121392
6455875411088722559,997967,1492121400
-232602757584600743,997967,1492121421
6136901661502941929,997967,1492121423
2716871461439592278,997967,1492121395
-3237864715716988071,997505,1492121369
-2002331869014340952,997505,1492121377
8662982272947320086,997505,1492121412
-5303314835533541105,996985,1492121386
-2480005894174183985,996985,1492121397
4896268668956287743,996985,1492121372
-8902184279372407115,996540,1492121396
8017875822397737218,343083,1492121376
-6288505152505421678,988175,1492121369
6802676469294410253,995506,1492121406
-8062657811781198876,926817,1492121379
-6714922383945477318,413393,1492121389
-3544513234210527586,997630,1492121417
-3125711806920546042,997916,1492121391
6201644924112719565,997641,1492121418
7099116691193266669,996921,1492121378
1452727463834847776,997741,1492121395
-1577888492530990062,997715,1492121367
4581476924162243736,997715,1492121409
1430011812452161211,997902,1492121399
4004174384907363104,997902,1492121403
-6871514095863114023,997902,1492121422
5918051490059088799,997902,1492121408
2628185991577355100,997902,1492121386
-1533912561731911236,997902,1492121391
-5667742051951992570,997902,1492121396
280353543807376480,997902,1492121418
9136073610510276806,997902,1492121420
-9160581719066246288,996951,1492121385
4571171515611509288,997635,1492121417
3053714972804756857,997635,1492121403
-6620393214536583836,997689,1492121419
-3570575880079312815,997689,1492121418
-5896524336305237019,997920,1492121415
-6453056951713062283,997920,1492121421
-6867480622928620586,997920,1492121419
-7665705722391771765,997920,1492121384
3705562009821143438,996722,1492121415
-2896977976147765773,997231,1492121382
-7236894559376242988,345055,1492121418
1592466383263761075,997790,1492121365
481723930998039638,997807,1492121416
-2168548264078488912,997807,1492121385
7226537145560715424,997803,1492121391
7780568204987274693,997803,1492121380
-6264627020245388750,997803,1492121401
-4870723781517576114,997803,1492121370
5442583751029108887,997803,1492121389
-8124761112375848257,997803,1492121384
4906797025829902451,997803,1492121393
-2186903887763750651,997190,1492121383
3860185730403200898,997190,1492121371
-6283402746471401279,997810,1492121369
1575378083238389740,996459,1492121382
4593131460920862798,988437,1492121381
-281547166014889505,988437,1492121368
-4914037406918791447,988437,1492121403
5290982049123188008,988437,1492121403
3190995661890671533,988437,1492121368
6650877506836782743,988437,1492121397
-1794757471588377875,988437,1492121422
-7341915540565273724,988437,1492121415
-6907165064081323565,988437,1492121369
-5704250076725442634,988437,1492121423
4794562695255594103,988437,1492121375
4923138705216626530,197621,1492121413
3383695303865159588,997980,1492121378
-6360168431035511598,997980,1492121417
-3139543617234765381,997980,1492121383
6485551872653969823,997980,1492121419
-6661516725567840887,997980,1492121386
4734617021991968841,997980,1492121418
-251834715786809183,997980,1492121422
-1906290968373134086,997980,1492121398
8824663542005604237,997980,1492121420
-8469273096087273410,997980,1492121371
-6885295818290599992,997980,1492121380
2273386400920373189,997980,1492121375
4102995287945864095,997980,1492121365
1458572407195642052,997980,1492121383
-631645110354276659,997980,1492121395
1929725942267173553,997640,1492121389
1033137953293289678,997640,1492121393
-3944851105406493202,997640,1492121371
3319963324947689444,997447,1492121399
4193693315899038070,997678,1492121423
-7007376242771587217,906841,1492121391
-8151494339462784653,339826,1492121384
7384790542211563737,997701,1492121421
-4907285149699400491,997701,1492121424
68657882460798861,997701,1492121390
-3692693995162655457,997701,1492121402
2864811307528791002,997578,1492121394
3821216250306579802,997876,1492121424
-76203164882473502,997876,1492121422
-7792056036932196927,997718,1492121406
2375051511711358415,997595,1492121405
8662982272947320086,997498,1492121412
-3237864715716988071,997498,1492121369
-3261189822897834645,997498,1492121398
-2002331869014340952,997498,1492121377
-5183151724536626004,997498,1492121369
6410674714479717476,997498,1492121397
8467705539986335587,997498,1492121410
775387831518682848,997498,1492121391
-8071202649234731824,997498,1492121411
-2480327657715988655,997498,1492121395
3493933289292654663,997716,1492121417
-7291432409811940851,997005,1492121391
-8716777138381629400,997005,1492121384
-4688835364350238915,995765,1492121423
-1154056711770031263,995765,1492121423
1586553677318611669,997971,1492121376
2269532602911120406,997971,1492121367
8426936383419788369,997971,1492121424
6650580328337331097,997971,1492121422
-4862527508697180695,997971,1492121374
-3700396693006110673,997971,1492121376
-751776518550041745,997971,1492121414
451285961464703603,997971,1492121385
7230642702475672616,997971,1492121396
1859319856293550552,997971,1492121383
-8064205437027152389,997971,1492121413
903714181639560688,997971,1492121375
-6055098343527373898,997971,1492121384
-3187792093638539575,997971,1492121381
7916832538799891645,993479,1492121392
1184038799636640763,997768,1492121415
-3580225799281666133,997768,1492121405
-5129398479120262561,997768,1492121390
-5165035208411369379,997736,1492121384
7279791815939234511,997611,1492121380
-8455085822091897457,997611,1492121390
4606195027892221560,997611,1492121397
-4363718118219410391,340074,1492121410
3470441581728774232,420175,1492121385
3706758224253481286,420175,1492121420
451415156021057431,420175,1492121388
2783473673735719354,420175,1492121404
5768009222863323552,420175,1492121415
-7482241184408843092,997309,1492121380
3077420820360637644,997866,1492121373
6629768449225478034,997866,1492121374
-3082606706244695942,997866,1492121396
-7490058959469303089,997866,1492121392
8017263861522512428,918527,1492121372
5768009222863323552,979339,1492121415
2783473673735719354,979339,1492121403
5290982049123188008,979339,1492121422
-281547166014889505,979339,1492121424
-488686369788200739,997834,1492121378
7745749272534230563,966036,1492121378
7601196175798871364,962214,1492121375
3434166149344229363,344024,1492121373
3152255690405418186,997686,1492121395
1231630896810578862,997120,1492121405
7001189717634814452,997293,1492121403
8988326016381260810,986789,1492121378
-4409171446367411624,996036,1492121411
-6565722093603732155,997853,1492121372
4237185492090374316,997853,1492121423
-3308101251140303037,997853,1492121387
-5567240856363261230,997853,1492121374
-2517903135415178505,997853,1492121391
-7956623061458182037,997853,1492121420
3097268033988191068,997853,1492121403
-8058387881262958315,997853,1492121399
-2891515855894688248,997853,1492121402
6352801867147067195,997853,1492121387
-8749023853170581754,997853,1492121407
5140923836357869858,997853,1492121416
-4049043811138700850,997853,1492121401
-6860173279092692186,997853,1492121376
3209447320318464663,997853,1492121380
-4879806220181108055,997853,1492121412
-3701609857972904330,997853,1492121419
32327113052146108,997853,1492121400
-6484034780862442454,997853,1492121412
-1478540912418343864,997853,1492121410
6123328147358177304,997853,1492121402
41246998179405357,997853,1492121395
-4442015983784293649,997853,1492121373
-2556475424268115552,997853,1492121380
8557833341085455503,997853,1492121413
5337571314678413277,997853,1492121386
133136244458359282,997853,1492121390
-1884770010693802251,997853,1492121384
7892138779910599321,997778,1492121367
7004636983803825309,997745,1492121421
985760160668111071,996701,1492121365
-8145388464024218753,993224,1492121404
1331334373039119183,996807,1492121398
5789994647467583046,997802,1492121384
4417748584407699708,945800,1492121389
-4018939661133511022,996213,1492121386
-3058683387251930114,997903,1492121387
-3979865283104189762,997903,1492121396
-3608744792382369351,997903,1492121407
1403898177164401485,997903,1492121421
3879461210579642640,339860,1492121400
1780256294462016371,339860,1492121386
-6565722093603732155,339860,1492121379
-7455864101273525936,339860,1492121396
-5193816146141872045,339860,1492121379
-4442015983784293649,339860,1492121367
692070546880149593,339860,1492121395
-2780037717824034796,991504,1492121410
9081624504820984577,978650,1492121368
6642728567324921894,997837,1492121424
-3125711806920546042,997837,1492121402
5764911906059180688,996520,1492121416
-7612077254616682799,997608,1492121418
3137919719027047212,997928,1492121409
7768019845192916888,997928,1492121395
6685131582131764073,997928,1492121389
-8455085822091897457,997928,1492121393
7400159940840696564,997691,1492121382
-1559097790783058391,997691,1492121415
5794311801913014549,997691,1492121417
-5673896117990008128,997691,1492121414
7768019845192916888,997813,1492121380
738491391597203336,997813,1492121374
-2446794330398555822,997813,1492121418
1331334373039119183,996776,1492121401
4731243288492769791,341288,1492121388
-8596874138101885435,997332,1492121368
-6210179914158026659,997981,1492121424
-8934397028097807946,997981,1492121424
6706439396439843350,997981,1492121390
3144625987049704692,997981,1492121422
-7415822271841650345,997981,1492121408
2881384242420731766,997981,1492121416
6549988438564753693,997981,1492121399
8167625707850770757,997981,1492121386
7074845582659506042,997981,1492121370
-6198841738304449508,997981,1492121388
-3259135185114918024,997981,1492121421
-1129363106612979488,997981,1492121389
4406392511581709115,997981,1492121424
-6040385825220973438,997981,1492121369
-6166879253648817224,997981,1492121406
6835863015265956094,997981,1492121392
1306446420609173723,997981,1492121402
-1634774664551810754,997981,1492121367
8779786245452023312,997981,1492121368
-4601285163605301300,997981,1492121423
-4813359493497497830,997981,1492121409
5535173419840403310,997981,1492121408
3150010083450135714,997981,1492121403
-9098459072232379256,997981,1492121412
2451436935199851994,997981,1492121399
-1358806440470186647,997981,1492121399
2188662229344013239,997981,1492121413
8639201756777749327,997981,1492121418
50406671606762255,997981,1492121419
5079980529691487016,997981,1492121416
-6247555876477702794,997981,1492121390
-1124714577889201964,997981,1492121382
554042715738064627,997981,1492121403
-8528762341561609562,997981,1492121367
8666769845974140020,997981,1492121417
6852409569117257457,997981,1492121370
-2775486666121812320,997981,1492121398
7603307147474450787,997981,1492121387
3331068680840019790,997981,1492121373
889343114378648532,997981,1492121386
6499351541048213175,997981,1492121420
-3700396693006110673,997981,1492121416
-5863670139312696072,997981,1492121412
8138850041698809662,997981,1492121400
-6724479778574316793,997981,1492121408
5076018342330391113,997981,1492121408
1240689962654236008,997981,1492121392
-8511436646674965952,997981,1492121401
4500172148286587671,997981,1492121406
2975425146124298952,997981,1492121423
-1909637152751148748,997981,1492121393
1919845214792226260,997981,1492121369
2962680610910875303,997981,1492121423
859405107800034916,997981,1492121421
2138758423962796402,997981,1492121424
6758012198816713971,997981,1492121384
-6779272679919438319,997981,1492121413
-117010479887659203,997981,1492121390
-2292046644767150828,997981,1492121398
2358581911297314574,997981,1492121409
6785100963489028062,997981,1492121389
4934432441951786818,997981,1492121425
-8293546644004087161,997981,1492121370
-9160581719066246288,997011,1492121367
5764911906059180688,997373,1492121416
-4403145773278112386,997373,1492121408
5336574695417031442,997577,1492121366
8886752094496245720,995541,1492121370
8358394841564292122,997243,1492121405
7878753208102364026,997451,1492121400
-8344355806417770631,997945,1492121410
-8078052697193090646,997945,1492121404
7579806275555993991,997945,1492121394
-4870723781517576114,997945,1492121422
-281902634556282960,997901,1492121421
-1746175958264637428,997901,1492121426
2183998480249800142,997901,1492121390
-6100513053809985481,997901,1492121385
-5512907076211946631,997901,1492121403
-9127233898697943996,997901,1492121384
-6867480622928620586,997901,1492121426
-7665705722391771765,997901,1492121422
-8686326569073313540,997901,1492121398
854617750469395349,997710,1492121367
-3156501176765673818,997675,1492121387
4473092609285072485,997675,1492121408
7997046246125536073,997675,1492121423
3561779524360057676,997675,1492121388
-602328831122843613,997976,1492121373
-7814034602120187486,997976,1492121379
4596386003654972644,997976,1492121406
-8835331511073716377,997976,1492121402
-6691583593032762031,997976,1492121379
1038624257354569987,997976,1492121401
2701263199638235422,997976,1492121418
8426936383419788369,997976,1492121373
6782899134907855081,997976,1492121378
6650580328337331097,997976,1492121375
-5023738083100157406,997976,1492121410
4365756832481724758,997976,1492121422
6921137055983498567,997976,1492121369
8641295025668964146,997976,1492121409
2856953263196167920,997976,1492121408
-9101907973631986279,997976,1492121403
4545509852550217932,997976,1492121413
1976635698044503493,997976,1492121418
-1158771265789809131,997976,1492121405
-8293546644004087161,997976,1492121383
163556344109171657,997690,1492121380
-6135941025715181350,997690,1492121421
-6343451686216589195,997441,1492121391
-4860673810483929479,997713,1492121394
-8250299322954446326,997713,1492121405
-2502358310769741234,997713,1492121406
-5704250076725442634,997713,1492121423
5588863553154963091,997713,1492121410
4794562695255594103,997713,1492121375
6064557862704198222,997713,1492121369
-1794757471588377875,997713,1492121422
-7341915540565273724,997713,1492121415
-6907165064081323565,997713,1492121369
-4261219410706214137,997713,1492121418
-602328831122843613,997713,1492121383
-3872774449749638086,997713,1492121399
-8834414135707306775,997713,1492121418
-4427995818568498457,997713,1492121402
2184408570621675336,997713,1492121382
6650877506836782743,997713,1492121381
2761442182174015864,997713,1492121420
-8374829011366940722,997713,1492121416
-6484034780862442454,997713,1492121407
4396020367243292467,997713,1492121381
-4307274841038959502,997713,1492121394
-2256972195333881300,997713,1492121409
3706935479550358882,997713,1492121387
3612088873327122240,997713,1492121378
8923314971576705874,997713,1492121386
5478656879011251807,997713,1492121372
-8946783541370095557,997713,1492121374
9222304464137928725,997713,1492121423
1944488901740525285,997713,1492121399
-1925683787226190488,997713,1492121421
5675085803139555656,997713,1492121397
-4355067378033739027,997713,1492121380
-42791471527361963,997713,1492121367
-3769626486083399805,997713,1492121372
-5639604698636454830,997713,1492121368
739661155818483138,997713,1492121419
-4828013094987778193,997713,1492121395
4817668006899907214,997713,1492121383
2742214496105500578,997713,1492121408
-2547529851924094361,997713,1492121390
-2350624695482269645,93708,1492121397
429678226288061155,997952,1492121396
2670080198726001786,997952,1492121408
-7029890347903090190,997952,1492121386
-8078052697193090646,997952,1492121382
-4870723781517576114,997952,1492121409
7780568204987274693,997952,1492121416
7226537145560715424,997952,1492121411
-8344355806417770631,997952,1492121370
7699237782876198267,997952,1492121425
3441565023154840600,997952,1492121419
-5743875014663186567,997952,1492121422
-2868018021805371909,997952,1492121382
451415156021057431,344137,1492121418
5805879669395076910,344137,1492121390
-178043293029859721,997335,1492121416
-146819075441610648,990407,1492121392
-6143892179111035196,990407,1492121380
1336817182589736765,52242,1492121393
8362986481606600515,989004,1492121417
8603097759890368625,997385,1492121417
-3944851105406493202,997621,1492121371
3266526961717095854,194154,1492121386
3713059128565455246,997863,1492121393
-6150710923045880260,997863,1492121410
2975425146124298952,997863,1492121418
-3330277280153482245,997863,1492121412
-8006897593028763949,997863,1492121385
1466383064858419366,997863,1492121407
-4099036737169761120,997863,1492121424
-1634774664551810754,997863,1492121415
-4501715688427946001,997405,1492121408
3319963324947689444,997154,1492121396
-281902634556282960,997926,1492121372
5225516085119014881,997926,1492121376
-4976745783981228218,997926,1492121392
5182771790534284868,997926,1492121414
-6867480622928620586,997926,1492121371
8233856415206047676,997926,1492121372
-6453056951713062283,997926,1492121374
6644954924448448112,997926,1492121418
-2265322025334410547,997926,1492121415
-2063223255620587723,997926,1492121413
-8512545157160074410,997926,1492121368
3950658550518354558,997926,1492121372
-2917323951585530678,997926,1492121414
3590113718597087624,997926,1492121420
-256562600031522810,997926,1492121398
-7741322318881573618,997926,1492121422
5159722242227347005,997926,1492121395
8647806413540634687,997926,1492121377
4395587355943643633,997926,1492121389
1466383064858419366,997926,1492121418
-6133850334735069632,997926,1492121399
-6864417573501010896,997926,1492121380
3959512489318926134,997926,1492121398
-5211196361713040066,997926,1492121390
6785100963489028062,997926,1492121419
6623813535560488553,991879,1492121389
-7820448586253656023,985230,1492121384
1326379201182494405,342862,1492121389
1013776097688072792,944020,1492121419
8886752094496245720,994751,1492121370
-488686369788200739,997816,1492121409
-490369659861049064,997816,1492121376
-3415271728130038923,997816,1492121396
4956387956652121151,997832,1492121407
-3006972356297360647,997565,1492121364
-4931936927769276315,997357,1492121396
4337683750578242875,989035,1492121401
-9160581719066246288,997007,1492121392
8017875822397737218,343079,1492121372
-5775204775939547676,997761,1492121383
-759813182218256873,997780,1492121416
-1510489120282799535,997780,1492121389
-2721893338543666545,995365,1492121406
8988326016381260810,986956,1492121420
-2607696915616323524,997444,1492121369
-3102715241629402257,997444,1492121418
-2891515855894688248,996997,1492121420
4832199667103730964,988454,1492121378
4609680172883991452,997633,1492121383
3053714972804756857,997633,1492121395
187593788799822389,997633,1492121406
6564134682251952126,997990,1492121399
5039764801820493900,997990,1492121368
-3181042492940584134,997987,1492121387
2663847359224919194,997987,1492121375
4734617021991968841,997987,1492121424
3383695303865159588,997987,1492121378
6485551872653969823,997987,1492121419
-251834715786809183,997987,1492121422
-1813959893876053078,990840,1492121389
3030942414878801974,972937,1492121392
6283662777891972465,972937,1492121425
5853171530999668386,997623,1492121406
7004636983803825309,997762,1492121416
-1987403165089594144,997762,1492121426
-4307274841038959502,997978,1492121386
-2169452588288688037,997978,1492121384
-6678571302308549515,997978,1492121368
3475367212366523099,997978,1492121401
1062000702802981827,997978,1492121406
6241515840040492912,997978,1492121375
1944488901740525285,997978,1492121399
5076688187561376182,997978,1492121421
4817668006899907214,997978,1492121383
-7408239367830173811,997978,1492121374
-4828013094987778193,997978,1492121395
-6871332723766264756,997978,1492121417
8359351186212025862,997978,1492121394
-4141097102430224256,997978,1492121423
-42791471527361963,997978,1492121426
6840052415448064630,997978,1492121395
9069424244007409938,997978,1492121414
4657572121126262407,997978,1492121411
3758293290376606556,997978,1492121387
-1544082927405845912,997978,1492121426
-4870673813023503517,997978,1492121406
-4092459212264288581,997978,1492121381
8276975041661536665,997978,1492121367
-9179444454653692174,997978,1492121375
9065507138771910716,997978,1492121414
835333970697409745,997978,1492121394
1553517581453899072,997978,1492121427
6119168622707286550,997978,1492121405
8396517522485691485,997978,1492121373
-2557418468055642927,997978,1492121408
-2041798327700828334,997978,1492121370
-4428481457064208220,997978,1492121418
4739981647726623345,997978,1492121414
2588391784370790152,997978,1492121373
-1352713035264996428,997978,1492121402
7074845582659506042,997978,1492121421
-4649686130033011502,997978,1492121388
-1459182478249496510,997978,1492121416
-4545810298832871772,997978,1492121377
-8004123863289871440,997978,1492121395
-2598508977888159583,997978,1492121413
-460146982998721010,997978,1492121404
-4824813023814884176,997978,1492121390
-2200203538729582798,997978,1492121372
814592411342689938,997978,1492121412
7842841616731085000,997978,1492121394
-436666914253771285,997978,1492121376
6167413404863389327,997978,1492121373
655968472069262105,997978,1492121396
-8822224308001091475,997978,1492121391
6303046804363532086,997978,1492121396
-7002846331016935097,997978,1492121415
-1640350051806127614,997978,1492121407
-7368669085068285016,997978,1492121372
6771750709861122990,997978,1492121378
-3487533991684702554,997978,1492121381
-4996460230036853379,997978,1492121410
5403572036362312114,997978,1492121412
6787359456135454133,997978,1492121403
2709680923585165401,997978,1492121384
2962680610910875303,997985,1492121423
6758012198816713971,997985,1492121384
9065507138771910716,997985,1492121411
-9098459072232379256,997985,1492121398
-3875845990948438157,997985,1492121373
-2773742168400914597,997763,1492121408
7670992038734935897,997824,1492121422
-9179893701115749022,997824,1492121410
-8640851094991905191,997824,1492121370
-7145263547057926117,997824,1492121386
1021705271536485382,997824,1492121405
7010618884441948003,997824,1492121410
-490369659861049064,997824,1492121404
6201644924112719565,997650,1492121412
-4630413110800388165,420064,1492121385
451415156021057431,420064,1492121400
3706758224253481286,420064,1492121420
3470441581728774232,420064,1492121385
5136127308217227490,958204,1492121422
-6605774250965380744,997949,1492121408
3959512489318926134,997929,1492121398
-2063223255620587723,997929,1492121390
3713059128565455246,997929,1492121407
1466383064858419366,997929,1492121418
3950658550518354558,997929,1492121372
-6150710923045880260,997929,1492121410
-4099036737169761120,997929,1492121427
9007155437901830123,997838,1492121406
4956387956652121151,997838,1492121407
8032010000599586810,152443,1492121415
3223858582845462791,997973,1492121398
-4582164391816994641,997973,1492121406
5019556799777895479,997973,1492121387
2269532602911120406,997973,1492121421
1319363502739948083,997973,1492121385
3353216592301593183,997973,1492121404
-5871920901144021797,997973,1492121419
7415421071382731155,997973,1492121397
4794216704895820001,997973,1492121382
8426936383419788369,997973,1492121424
-8639358281067871836,997973,1492121413
-7156547622037768947,997973,1492121416
-6129536607698415177,997973,1492121394
6650580328337331097,997973,1492121422
1586553677318611669,997973,1492121376
-7820448586253656023,994861,1492121368
5427191552531044269,997951,1492121419
8358394841564292122,996906,1492121420
2869183506670535941,997107,1492121390
-5450346637899607396,997107,1492121398
5405904636053293166,997107,1492121374
2294025941346352969,997107,1492121400
2546663683215918143,997107,1492121417
7085735008264704471,997107,1492121399
-3263504245936826362,997107,1492121419
-1066091378032861604,997107,1492121419
3498697203700524977,997107,1492121393
1148212755071577342,997107,1492121394
-3723201149269592840,997107,1492121378
-2607696915616323524,997107,1492121406
-7302980758704122501,997107,1492121406
-6711343023874570167,997107,1492121421
1282989386135809462,997107,1492121403
-2393730098912295353,997107,1492121414
8131772160367527225,997107,1492121382
-5659004502925595926,997107,1492121388
3572997069927232277,997107,1492121392
-5817511729348776317,997107,1492121375
-5687069141846423520,997107,1492121419
-9179893701115749022,997791,1492121410
-6210179914158026659,997947,1492121371
-4452199794057304223,997947,1492121379
9084471466152133070,997947,1492121402
-8004123863289871440,984248,1492121389
-3570575880079312815,984248,1492121407
9101678472269778320,984248,1492121404
-1578563114864396767,984248,1492121393
-705012380845017888,984248,1492121379
8131772160367527225,984248,1492121376
-7596762665153675428,984248,1492121402
-7080527723601873832,984248,1492121420
-7219691318130799195,984248,1492121418
-1657804871635004847,997406,1492121409
-4806476537649360430,997852,1492121386
-4080248349122046141,957837,1492121390
-3803056260596186719,997384,1492121422
-4080248349122046141,957615,1492121412
4104908208908067746,997820,1492121406
-5184170464569213358,997820,1492121393
3329245988207272213,997820,1492121419
-8896657466040951053,997820,1492121387
4926165374972707140,997820,1492121396
-5129398479120262561,997820,1492121416
209684603772411343,997820,1492121377
2526359081904095638,997820,1492121398
3077420820360637644,997820,1492121399
4609680172883991452,997537,1492121387
4571171515611509288,997537,1492121417
3148283779710722477,997593,1492121423
1332461035163416485,997954,1492121412
-823832882315863536,997954,1492121388
7260301684349663640,997954,1492121421
4906797025829902451,997954,1492121377
-8236494281701277139,997954,1492121416
-2617723329692985700,997954,1492121420
-3739516816829032540,997954,1492121376
-2446794330398555822,997941,1492121418
7768019845192916888,997941,1492121378
-8078052697193090646,997941,1492121417
-8344355806417770631,997941,1492121410
7099116691193266669,996960,1492121391
1058728219742327870,996675,1492121388
5805879669395076910,345909,1492121390
451415156021057431,345909,1492121418
-4630413110800388165,345909,1492121385
-1070363015132028925,997848,1492121370
6640337953545012170,990703,1492121371
4549113245559800511,997746,1492121419
-179250462661900403,997797,1492121407
8362986481606600515,989011,1492121367
6529421015489278249,994532,1492121417
-1798852519546895618,996779,1492121418
8034601692958360619,994171,1492121381
3434166149344229363,344029,1492121368
-3797054508135247381,997574,1492121419
-9105834194270568481,996406,1492121414
232862119473839413,13396,1492121387
7745749272534230563,965598,1492121377
6640337953545012170,990605,1492121388
1946514880847736406,997930,1492121407
5417234813038291717,997930,1492121399
-8911407412862587361,997930,1492121370
-973182421148419409,997930,1492121418
1406800506535798107,997930,1492121417
-6184679660246293123,45017,1492121421
-4543192578340565641,997986,1492121382
8641079154487541580,997986,1492121397
9065507138771910716,997986,1492121399
-9098459072232379256,997986,1492121390
-3472290349861918170,997986,1492121401
-3875845990948438157,997986,1492121373
-6001890605483883161,997986,1492121404
-3181042492940584134,997986,1492121387
6513786440194699578,997986,1492121381
8672051673178373110,997986,1492121387
1246551831077740852,997986,1492121369
80045359611806318,997986,1492121395
2389641928121109517,997986,1492121373
5878380755545712037,997986,1492121389
-8723497810716699360,997986,1492121380
4351007824577494193,997986,1492121386
-2846322388902450812,997986,1492121377
6490313572646556361,997986,1492121379
773561354670244224,997986,1492121418
318874627801800242,997986,1492121417
5501251739397933621,342746,1492121426
4537869673451656782,342746,1492121394
6685131582131764073,997948,1492121385
402338600551496155,997948,1492121427
7768019845192916888,997948,1492121389
-8078311688788663656,997948,1492121408
-2900374676654282445,997948,1492121399
7267757453093620239,997948,1492121368
8582588551219960157,997948,1492121380
-3082606706244695942,997877,1492121381
-8902184279372407115,997042,1492121391
5136127308217227490,995464,1492121415
7136652348018431789,995464,1492121405
-7703938923170326634,995464,1492121399
2184408570621675336,995464,1492121406
6931329317303688695,995464,1492121421
-701871870259479736,995464,1492121421
-3082606706244695942,997844,1492121411
-4449924910569315177,997706,1492121403
-4714364886571785251,997706,1492121385
-4363718118219410391,340121,1492121410
-4613034795896007764,939801,1492121364
944520721300145338,939801,1492121391
-6135941025715181350,997703,1492121409
68657882460798861,997703,1492121403
854617750469395349,997703,1492121389
-5470220371989159909,997703,1492121395
7384790542211563737,997703,1492121421
-5325062850684870123,406042,1492121378
-6263617925483207368,996852,1492121369
-7606920293834459579,997818,1492121401
8234255112920105506,997531,1492121369
638784311167145017,997601,1492121382
2347736361396345795,997601,1492121427
-95142677548370030,997601,1492121409
4971478375507122180,997966,1492121413
1240784699291776743,997966,1492121416
7267757453093620239,997966,1492121392
-3252669369224177828,997966,1492121386
1319363502739948083,997966,1492121416
-4253247337418317242,997966,1492121386
3353216592301593183,997966,1492121419
-1448433483834334306,997966,1492121377
7415421071382731155,997966,1492121403
-5871920901144021797,997966,1492121423
3223858582845462791,997966,1492121398
5019556799777895479,997966,1492121387
-3236109510191283414,997966,1492121415
-6152467492814157647,997966,1492121426
3205910054174545287,997352,1492121372
-7860111546782313937,997352,1492121394
1358680125843424955,997352,1492121377
5336574695417031442,997575,1492121394
-1969051071180369730,963444,1492121415
4571171515611509288,997638,1492121393
8278869978420766710,997638,1492121369
1929725942267173553,997638,1492121392
4549113245559800511,997801,1492121419
-1694314025048002315,995785,1492121419
-192873746031814320,997919,1492121427
6427041613401602370,997919,1492121377
-755738519005343753,997919,1492121386
280353543807376480,997919,1492121418
-1533912561731911236,997919,1492121382
3853812714624712477,997919,1492121400
5918051490059088799,997919,1492121396
1047174659253396468,997919,1492121416
9136073610510276806,997919,1492121419
-5667742051951992570,997919,1492121390
-1994066118400276509,997919,1492121374
2628185991577355100,997919,1492121376
-6871514095863114023,997919,1492121402
-3125711806920546042,997919,1492121382
-349133558330154045,997919,1492121401
4004174384907363104,997919,1492121382
-6735574277325140736,997919,1492121373
-4008854244248690038,997919,1492121379
647579225567912781,997919,1492121404
1595192795174553035,997919,1492121371
-8900510159200029754,997919,1492121383
-1512393491793255068,997919,1492121420
6343783626165924248,997919,1492121394
1959728357430722171,997919,1492121304
-118770120210208819,997919,1492121401
-2781081086332204107,997919,1492121385
-9167784614835091601,997919,1492121419
-5364131735480766019,997919,1492121384
-1364253274882682493,997919,1492121368
-7315624063573375012,997919,1492121414
-4564983606659831344,997919,1492121414
-7558083861093829841,997919,1492121427
-4259693005981679386,997919,1492121426
8119361202255959289,997919,1492121420
8369796250178291133,997919,1492121381
-5869772239716705996,997919,1492121375
5065531166368553532,997919,1492121377
281988874439910918,997919,1492121370
9179987208060920292,997919,1492121372
3365392771962341246,997919,1492121397
2123395124392697192,997642,1492121392
6201644924112719565,997642,1492121407
-6834858975489375042,997642,1492121396
-8840803111380333825,997642,1492121418
-8559676920310116139,997642,1492121423
7208386926251928945,997302,1492121378
-7865382065669929137,997302,1492121416
-5891426973693594943,974441,1492121381
2158404581566034793,974441,1492121416
4399455010664335304,997317,1492121408
7914057030614997483,997317,1492121398
-2186903887763750651,997317,1492121423
4995311818953843108,997729,1492121419
-1585719988917158482,997729,1492121398
-6143892179111035196,992295,1492121371
3214789074414883960,994352,1492121403
-1070363015132028925,997843,1492121374
-4806476537649360430,997843,1492121386
3434166149344229363,343992,1492121373
-8324961127446757618,993841,1492121419
-544761282762296858,997343,1492121375
-429379808057523849,997343,1492121407
3221570233807450717,997958,1492121404
3329245988207272213,997754,1492121379
1510430009071764877,997754,1492121379
-7156547622037768947,997962,1492121415
-4956007679917709379,997962,1492121384
7420946039205013088,997962,1492121379
3738057729906567788,997962,1492121411
-2494892938888992080,997962,1492121397
-1282493028594171913,997962,1492121383
-5871920901144021797,997962,1492121411
4794216704895820001,997962,1492121377
2480951877355855953,997962,1492121372
-6129536607698415177,997962,1492121394
-5372211722609640004,997962,1492121377
-8985537024949985702,997962,1492121376
1424238294185516009,997962,1492121415
2473495273715465189,997962,1492121386
-4946837781376154016,997962,1492121399
-4301795948436940820,997962,1492121406
443141901259370433,997962,1492121408
7304930916150366369,997962,1492121413
7415421071382731155,997962,1492121389
5089487728444364127,997962,1492121421
-6334246531728868558,997962,1492121375
-6843647612130911666,997962,1492121417
9011343894046495708,997962,1492121383
-603895104724668838,997962,1492121383
-7703938923170326634,997962,1492121415
-2494732540539130666,997962,1492121401
-8775336443641130454,997962,1492121415
267367084099448695,997962,1492121396
-8939226903706016096,997962,1492121392
4787051247289190219,997962,1492121410
1676638464564848830,997962,1492121381
5811863276871092756,997962,1492121374
-7423387461124699273,997962,1492121411
-2787786858977468447,997962,1492121422
-2555707322411706310,997962,1492121406
-9172198858838991816,997962,1492121405
5922006729582060504,997962,1492121392
6690982855130502987,997962,1492121379
-1008167261330071844,997962,1492121422
-5292294168133065703,982132,1492121423
2637285931831800907,996789,1492121410
3209447320318464663,996789,1492121382
-8911407412862587361,997925,1492121370
1946514880847736406,997925,1492121407
5417234813038291717,997925,1492121399
-1255558686736687512,339219,1492121397
-3082606706244695942,997856,1492121404
6629768449225478034,997856,1492121374
-8794295227168089218,997597,1492121382
3493933289292654663,997705,1492121417
-2658602280758383255,997885,1492121409
4263000431450873699,997885,1492121388
4549048673254872973,997885,1492121413
-2988571729984629829,997885,1492121422
-7482241184408843092,997224,1492121422
7590746454863562291,997942,1492121394
-8379547734491363229,997942,1492121417
6205670648338011999,997942,1492121395
-4290251017417793073,997942,1492121374
7512146209607890768,997942,1492121385
-1762442142236534335,997942,1492121419
-744859839671370081,997942,1492121413
-5773696303818059063,997942,1492121391
8053141553121554400,997942,1492121413
-4982014177853553538,997942,1492121396
915618941415409790,997942,1492121422
6685131582131764073,997942,1492121427
9171040491033921823,997942,1492121372
-4961531290548493526,997942,1492121417
7768019845192916888,997942,1492121397
-6355010443361226538,997942,1492121369
-5274776624286765341,997942,1492121380
3137919719027047212,997942,1492121409
868984614239810045,997942,1492121403
1504019948412739528,997942,1492121426
-2752988693417534698,997942,1492121382
2142767771106024362,997896,1492121413
-3102715241629402257,997896,1492121418
-6634982097675874693,997896,1492121382
8575405988245943424,997896,1492121419
-653127561848725484,997896,1492121385
-1915044717102043097,997896,1492121377
4490189676091902918,997896,1492121418
1430011812452161211,997896,1492121384
7843357914564033933,997896,1492121406
-705012380845017888,997896,1492121379
9101678472269778320,997896,1492121404
553232222492152261,997995,1492121379
3687540373749192062,997995,1492121373
-6132529447907570760,997995,1492121373
-2474697126389157515,996503,1492121411
-5778007144894407187,995540,1492121409
-3788452967803345648,997672,1492121405
1276734869794648651,997672,1492121413
3214789074414883960,991801,1492121403
-4688835364350238915,991801,1492121423
-6150710923045880260,997914,1492121383
-4099036737169761120,997914,1492121424
1466383064858419366,997914,1492121404
-6748769762602987903,997914,1492121404
-189736865177268570,997914,1492121381
8362986481606600515,989016,1492121390
2869183506670535941,986277,1492121390
-9160581719066246288,996996,1492121420
77604299942725778,922568,1492121376
329403150067289188,994318,1492121377
5554280132171720610,995193,1492121393
-3527412883811118917,997982,1492121408
4175008220521639643,997982,1492121391
-3502546874737450477,908277,1492121382
-7948687199275998119,908277,1492121387
1336817182589736765,500908,1492121391
5427191552531044269,997961,1492121419
-6605774250965380744,997961,1492121408
-7360011301354181023,997961,1492121387
7581529453059331685,997961,1492121405
-8260632593954865433,997961,1492121377
372217663007645537,997961,1492121370
-5476579049294310496,997961,1492121381
-977115871912321426,997961,1492121417
-4917067613314774959,997961,1492121401
-9145141105359399106,997961,1492121428
-8835331511073716377,997961,1492121402
4596386003654972644,997961,1492121406
-4253247337418317242,997961,1492121422
-7814034602120187486,997961,1492121379
7698859256574346309,997961,1492121398
-6691583593032762031,997961,1492121379
3368475823772210794,997804,1492121424
5472107865822712362,997466,1492121390
8588817158395626,997688,1492121407
8638633356078322825,343208,1492121421
-5147328917643632204,997450,1492121425
7916832538799891645,993661,1492121392
6602368936159691164,997396,1492121388
6100449312459652729,997912,1492121418
7541191489053554965,997912,1492121392
5337571314678413277,997912,1492121383
-2408505448081626365,997912,1492121421
1466383064858419366,997912,1492121371
-27149471311432682,997912,1492121381
-6748769762602987903,997912,1492121404
-4099036737169761120,997912,1492121390
5871839233969535367,997912,1492121381
7590746454863562291,997912,1492121394
-5773696303818059063,997912,1492121391
-5200010327983345495,997912,1492121408
-7877472205890958803,997912,1492121425
-744859839671370081,997912,1492121413
2687841490983537757,997912,1492121410
-3602471464131312232,997912,1492121398
-3716243173674451101,997912,1492121398
-4675109967097070591,997912,1492121424
8053141553121554400,997912,1492121413
7512146209607890768,997912,1492121385
-1762442142236534335,997912,1492121419
-2276770144608017222,997756,1492121400
-8078311688788663656,997933,1492121408
3796824575985723918,997933,1492121409
1231273373944846236,997933,1492121403
7395116341018518373,997933,1492121393
7768019845192916888,997933,1492121382
7695632708374991850,997933,1492121407
-4253247337418317242,997964,1492121398
1240784699291776743,997964,1492121427
7415421071382731155,997964,1492121412
-5476579049294310496,997964,1492121374
-5871920901144021797,997964,1492121428
-1448433483834334306,997964,1492121377
1319363502739948083,997964,1492121416
2261890171241340034,972031,1492121378
6720389238782096665,972031,1492121397
-3181977825057358859,995991,1492121410
-3759347941006901072,997992,1492121416
9191151274988671764,997992,1492121416
4175008220521639643,997992,1492121416
-4931936927769276315,997680,1492121419
-5470220371989159909,997680,1492121388
2628185991577355100,997904,1492121396
-9020875335280151342,997904,1492121372
-5667742051951992570,997904,1492121403
4004174384907363104,997904,1492121408
8552038621719889098,997904,1492121369
-1071610332459821527,997972,1492121414
-6055179615588435528,997972,1492121425
-3236109510191283414,997972,1492121415
-8964939219862163684,997972,1492121396
5526697262461589236,997972,1492121422
5940112415453761598,997972,1492121409
8801689981030025967,997972,1492121405
2663847359224919194,997972,1492121375
-982750702813343941,997972,1492121378
8047055114661571766,997972,1492121392
2972433323040254495,997779,1492121407
6740963500692150935,997779,1492121406
-4944794161111006693,997975,1492121428
7230642702475672616,997975,1492121394
-6424031320531460302,997975,1492121406
-3021334110543349799,997975,1492121392
4353067444992139807,997975,1492121421
1388766686807709096,997975,1492121395
-2771233141702114936,997975,1492121408
8546505728629925216,997975,1492121413
7377551458425375908,997975,1492121418
-7151607644098073159,997975,1492121380
-5589959875896534032,997975,1492121423
-8045708225438629838,997975,1492121423
3319963324947689444,997463,1492121394
-8700461178845376963,991500,1492121369
7001189717634814452,997390,1492121403
-2060857819099368947,887920,1492121414
-9160581719066246288,997001,1492121414
2869183506670535941,990186,1492121390
2864811307528791002,997582,1492121394
4731243288492769791,341294,1492121388
-544761282762296858,997497,1492121395
5789994647467583046,997760,1492121416
-6092082636831460023,997918,1492121418
-9127233898697943996,997918,1492121384
-7665705722391771765,997918,1492121422
-6867480622928620586,997918,1492121426
-6453056951713062283,997918,1492121421
4956387956652121151,997865,1492121378
-8124761112375848257,997934,1492121384
4906797025829902451,997934,1492121392
-1183849447557149120,997934,1492121379
1332461035163416485,997934,1492121417
4391672777648495950,993207,1492121379
6292503057916655401,997644,1492121419
6386662140519520001,997644,1492121413
5370129947214189053,997644,1492121421
-1311111819690247111,997644,1492121416
7235171314123118083,595098,1492121405
2696028630798236088,997977,1492121401
6048245565774158641,997977,1492121391
8600554324222882909,997977,1492121416
7842536800169050436,997977,1492121403
1388766686807709096,997977,1492121395
3738057729906567788,997977,1492121382
6690982855130502987,997977,1492121377
-3656465543341626414,997977,1492121410
1667275617014691659,997977,1492121408
-6424031320531460302,997977,1492121401
7377551458425375908,997977,1492121418
7011975303275291129,997977,1492121379
8442109272778567835,997977,1492121412
2881384242420731766,997977,1492121422
-6040385825220973438,997977,1492121372
-2614027843191100208,997977,1492121426
6835863015265956094,997977,1492121393
-373137216598524044,997977,1492121429
8838153099803081223,997977,1492121396
-2082879808623457206,997977,1492121383
-8245942210360398176,997977,1492121389
-3036956517147122573,997977,1492121422
6549988438564753693,997977,1492121399
-3515139143139925146,997977,1492121417
-8528762341561609562,997977,1492121375
-344399173663623320,997977,1492121413
6865267169755205787,997977,1492121429
5470833430581198697,997977,1492121397
-6198841738304449508,997977,1492121388
-1842317556132935661,997977,1492121415
-6678571302308549515,997977,1492121405
9009455670939296718,997977,1492121407
6828434934390142637,997977,1492121394
-9098459072232379256,997977,1492121412
-5059618529512615903,997977,1492121418
-816232098217869716,997977,1492121393
-4813359493497497830,997977,1492121410
7743963645767852221,997977,1492121394
6706439396439843350,997977,1492121390
2791639127963146794,997977,1492121379
7821566376322832177,997977,1492121414
-3004337463199375552,997977,1492121384
-8293546644004087161,997977,1492121389
-7994053691520438063,997471,1492121370
-7703938923170326634,997058,1492121388
-7482241184408843092,997256,1492121415
8657959019957890749,997996,1492121416
9191151274988671764,997996,1492121416
5018581940828940703,997996,1492121401
-5124223852130496808,997996,1492121427
-2359064100803097237,997996,1492121378
-3527412883811118917,997996,1492121423
-1577888492530990062,997996,1492121385
-6647652964187304655,997996,1492121374
6025718843976540676,997996,1492121403
-3127265449120216931,997996,1492121396
5065531166368553532,997996,1492121389
4995311818953843108,997747,1492121375
-8462401514791924004,997747,1492121393
-7482241184408843092,997269,1492121402
-179250462661900403,997794,1492121407
-6034871460156802772,996486,1492121391
-7820448586253656023,994006,1492121368
-3544513234210527586,997887,1492121417
2063241457847498458,997957,1492121422
-3739516816829032540,997957,1492121376
-2617723329692985700,997957,1492121420
861887706354089140,997957,1492121414
-7333740417462907316,997957,1492121401
-1347018943617337071,996487,1492121416
4517187729547919146,997907,1492121397
-5984906384495371248,997907,1492121383
1171563176997350020,997907,1492121374
7579806275555993991,997943,1492121391
-8344355806417770631,997943,1492121396
-4870723781517576114,997943,1492121422
-8078052697193090646,997943,1492121391
7226537145560715424,997943,1492121411
7780568204987274693,997943,1492121416
2670080198726001786,997943,1492121408
6628878809769598922,996947,1492121404
-9160581719066246288,996947,1492121399
-4905401097844322272,886139,1492121421
6414943563731739561,994955,1492121421
7406711581801035909,997798,1492121370
-490369659861049064,997786,1492121403
8174091539366776897,997786,1492121428
-4621082565281963250,997786,1492121391
-488686369788200739,997786,1492121410
-7490058959469303089,997871,1492121392
-3082606706244695942,997871,1492121385
-9160581719066246288,996986,1492121405
6141004122573999319,952640,1492121397
-5257948002612704670,997905,1492121416
-6875365989225869948,997905,1492121413
-7482241184408843092,997195,1492121429
6201644924112719565,997631,1492121418
-478981747787405452,963999,1492121378
329403150067289188,994739,1492121377
-3984232523791370836,997851,1492121380
-4806476537649360430,997851,1492121369
3097268033988191068,997851,1492121411
-7956623061458182037,997851,1492121421
-5567240856363261230,997851,1492121376
4237185492090374316,997851,1492121423
-631645110354276659,997586,1492121421
3821216250306579802,997864,1492121411
-76203164882473502,997864,1492121411
6995544852386144774,997864,1492121428
4520046435080699155,997911,1492121379
-5576042429679740525,933667,1492121389
-6720512978559019105,997053,1492121420
-1154056711770031263,996723,1492121423
-4688835364350238915,996723,1492121378
1120961961235823601,997539,1492121381
-4501715688427946001,997407,1492121408
-3125711806920546042,997854,1492121415
6642728567324921894,997854,1492121424
-2480327657715988655,997660,1492121392
163556344109171657,997660,1492121380
-1315822059906333833,997660,1492121397
68657882460798861,997660,1492121403
-3840415686777985019,997660,1492121412
4995311818953843108,997702,1492121419
-544761282762296858,997538,1492121395
-5147328917643632204,997454,1492121374
5472107865822712362,995443,1492121367
-5470220371989159909,995443,1492121378
7099116691193266669,996745,1492121391
3821216250306579802,997873,1492121399
-76203164882473502,997873,1492121403
-715367481644086393,997283,1492121385
-1183849447557149120,997953,1492121379
1332461035163416485,997953,1492121417
4906797025829902451,997953,1492121382
-823832882315863536,997953,1492121388
-3082606706244695942,997868,1492121371
-4713881254137610198,995362,1492121400
1493513373739410637,997561,1492121398
-6686739428129994739,997561,1492121393
6640337953545012170,990342,1492121388
-2607696915616323524,997371,1492121420
4337088890131319158,991760,1492121399
-1311111819690247111,997649,1492121416
4391672777648495950,992321,1492121410
-4410187182189634983,997616,1492121373
3806670149929138722,997652,1492121420
-2474697126389157515,996466,1492121411
-9160581719066246288,996990,1492121379
