264177921406359267,984669,1489447621
8248901410803487767,984669,1489447656
-3911486545091310422,984567,1489447628
-5691634046762843299,984567,1489447680
1671816996434877776,418207,1489447662
-908078347052990077,984820,1489447656
6329427446128906338,984820,1489447637
8229706460423116836,984820,1489447624
4630537578824373229,978438,1489447661
334861541727447369,984698,1489447656
167560825237702189,984628,1489447632
3502883492755706812,984628,1489447642
-922768591461616797,984628,1489447632
-18243156384388163,417486,1489447650
-2845241919617469085,983955,1489447647
-8606147811467022104,875328,1489447640
-3260793711884400000,984799,1489447667
9036620967085055766,984799,1489447662
3404378223651058549,984440,1489447666
9105289786316945654,977271,1489447678
-301473542490572674,914496,1489447635
-2458174382358843132,984095,1489447640
-6885350829205326447,984366,1489447642
-838510446062030282,976717,1489447668
-3086807392074097751,984652,1489447662
-119305526923766209,984652,1489447635
8047577509636108784,984652,1489447632
-6277360622598489941,984652,1489447649
-257540727765033886,984652,1489447677
-2540020424589598096,984652,1489447663
4127251665003032327,984652,1489447675
-7827994158728428741,984652,1489447669
-4980095117180814708,984652,1489447662
1209604453953045276,984652,1489447647
1470507287024244151,984652,1489447652
4676712798496468164,984652,1489447671
167560825237702189,984652,1489447663
6516580990334347330,984791,1489447638
1768869459430787026,984791,1489447668
-483864537103506432,984791,1489447671
4170486126570840172,984791,1489447659
7135566017483161032,984758,1489447661
2171060615920090274,984758,1489447628
1930927527161202682,984758,1489447657
-4304921629295173117,984758,1489447675
4908363999284229417,984758,1489447632
794984575691626987,984685,1489447647
718772965341367597,984685,1489447621
2516497886558554332,984685,1489447658
2353341058062742922,984685,1489447623
1871372136786392687,984649,1489447623
-6093346291737314926,970308,1489447634
6333655995971932319,984682,1489447643
1776443409084167304,984838,1489447659
-3646920486682971139,984838,1489447666
8251085060735332925,984838,1489447631
-1540027894318708432,984838,1489447664
7116502981101558597,984838,1489447632
167560825237702189,984838,1489447661
-4884409838083777174,984706,1489447675
2000523512070407573,984706,1489447626
5578094406024254028,984533,1489447644
-5908391152678869520,984533,1489447630
6709302074341750579,984533,1489447654
-3932035683273360169,982042,1489447661
4829271100945561075,982042,1489447656
-8468931862144613840,982042,1489447633
-261971455048263324,984363,1489447636
4581211106106854235,984740,1489447642
440558861992826937,984740,1489447636
6329427446128906338,984818,1489447674
-908078347052990077,984818,1489447677
-301473542490572674,917744,1489447630
718772965341367597,984663,1489447660
-3598468375904921128,984384,1489447666
-8416943310758322932,984752,1489447651
8268380853222625653,984752,1489447640
-8403476255218391896,984752,1489447675
-3324685430200830800,984752,1489447659
-3112428312101873032,984752,1489447628
-7479083258576282571,984752,1489447626
-8852818549645404544,984752,1489447634
-3641694113585770562,984752,1489447644
3648847689040431316,924013,1489447671
-908078347052990077,984826,1489447625
3594265698252132925,984826,1489447661
-1081385426938303646,984826,1489447647
5430001338732167084,984826,1489447645
2946114705031544562,984826,1489447644
-3951435640245247769,984826,1489447657
2679837127265978245,984434,1489447650
1816363023531704473,984434,1489447637
5101397750446746527,984434,1489447652
2319956548003255371,984434,1489447676
5259737343597803238,984434,1489447674
2940919705987946489,984784,1489447649
-6710383433264352264,984784,1489447632
-6082634100115650045,984784,1489447676
2634371453922531043,984784,1489447672
4147247044668760022,983525,1489447667
7526438948235704316,984745,1489447674
7176782642927927615,984745,1489447679
-4622581180125998410,984745,1489447668
7301947693986041330,984745,1489447659
8578114989328769485,981963,1489447653
-3355973385504045280,982532,1489447628
-7829138091320608209,883111,1489447640
167560825237702189,984624,1489447650
-2930398235066126131,984723,1489447662
1816363023531704473,970963,1489447666
3885487569043878784,984268,1489447628
-5796822822769022580,984291,1489447634
5538174217876527602,984291,1489447629
-3187863295288541226,984671,1489447642
4186766786681699631,984671,1489447625
-7662145586438832251,984802,1489447679
6601601732174187398,984802,1489447640
3536684719400560144,984802,1489447676
-3112428312101873032,984802,1489447634
-842660493782644235,984802,1489447664
-5213057734640710638,984802,1489447649
-3038341214393749351,984802,1489447636
1544695535333605026,984802,1489447623
-5739077000211413081,984802,1489447668
9074168628538069315,984802,1489447644
-7700333134493566074,984802,1489447638
-919122403336041743,984802,1489447654
-4826785772701408783,984802,1489447654
2394949160427703711,984802,1489447648
-2531434365405354611,984802,1489447644
-4344099286591645456,984802,1489447628
2227534409014931973,984460,1489447620
-301473542490572674,915151,1489447635
-6775488558416928582,984468,1489447656
-6332297865705010840,984468,1489447676
-2266808759223971119,984681,1489447634
-261971455048263324,984681,1489447660
-3187863295288541226,984668,1489447665
-2923818603782246863,979470,1489447657
-2923818603782246863,979366,1489447669
4983771742765787843,984349,1489447659
7592988142566982362,342189,1489447622
3961893981219000912,984548,1489447645
-8770332324023468195,984548,1489447645
-3948542794286786793,981364,1489447632
-7841005946865388388,984614,1489447653
-3598468375904921128,983919,1489447675
3404718821014032721,945181,1489447656
-3695115553252489549,405037,1489447666
-7279269958108103165,984106,1489447676
-5938986680688866722,410575,1489447626
167560825237702189,984645,1489447626
-370336138701125136,984638,1489447633
-4198791038071701369,984726,1489447651
9183698614647564402,984726,1489447626
9105289786316945654,984726,1489447654
2201784992581128096,984726,1489447622
-4678462755767938533,984726,1489447627
8811605211369368239,984726,1489447672
-8513056435163392564,984726,1489447662
4343846168743699082,984726,1489447623
-5498247071719659676,984726,1489447668
7954131100576006642,984726,1489447642
2922849297035987495,984726,1489447664
-776050909837987099,984726,1489447663
-2828207391515416075,984726,1489447670
-3748792871425546955,984726,1489447625
5502959585718246318,984726,1489447681
8487005648531831085,984726,1489447674
4215076569443848052,984726,1489447629
-5492528808816480063,984726,1489447671
-660203013448375279,984726,1489447670
1205006207982486941,984310,1489447671
-5861893191068785166,984490,1489447671
8488863134669506764,984096,1489447655
1816363023531704473,966865,1489447666
2983228799404409441,896359,1489447675
6431728669440752209,984593,1489447673
6321363464431452211,984792,1489447623
-5241257895243000989,984792,1489447637
3871271017412147018,984792,1489447654
-2685681566396882910,984792,1489447656
167510837804507035,984792,1489447679
2298943367492219970,984792,1489447677
3996781856717223756,984792,1489447641
2548407569626183443,984792,1489447672
3280345191875777042,984792,1489447622
8606640591497984789,984792,1489447645
-3911486545091310422,984566,1489447637
-3948542794286786793,981489,1489447640
-8997455851659424937,984684,1489447662
1654639953636518792,984684,1489447628
-5460236304485410441,984684,1489447673
-3324685430200830800,984747,1489447659
8268380853222625653,984747,1489447645
-8416943310758322932,984747,1489447655
-8403476255218391896,984747,1489447676
-7279269958108103165,984293,1489447631
-7566335417296209593,983694,1489447666
-8004702548731292613,984550,1489447653
-2865066903623909524,984848,1489447648
-1573721875258774576,984848,1489447657
2593524269015165634,984848,1489447626
3586326920095401806,984848,1489447639
2835502073653869297,984839,1489447677
-347897891261844439,974441,1489447639
-3419177972263750373,974441,1489447661
-7662145586438832251,984716,1489447649
-5796822822769022580,984288,1489447636
4481900282897498684,978725,1489447678
-2439868329981590748,401334,1489447657
4630537578824373229,979543,1489447675
-8356287893639465595,984844,1489447649
4231934909109500396,984844,1489447627
-8800597084268626813,984844,1489447660
2835502073653869297,984844,1489447622
1150187391541479580,984844,1489447658
-4131726724185679418,984844,1489447677
-2865066903623909524,984844,1489447649
3350688208344058327,984844,1489447626
-7250760177705318753,984844,1489447656
-8512764240472921449,984844,1489447641
2140559557307794828,984187,1489447662
2171060615920090274,984765,1489447676
5013087508560426111,984472,1489447680
8248901410803487767,984680,1489447651
-8165538978387153593,984836,1489447679
5287407160301518203,984423,1489447641
-5861893191068785166,984423,1489447665
-7080168581563927889,984367,1489447655
-3295377446780896436,984535,1489447679
-2583745533339051115,984535,1489447648
-1448608950098601341,984794,1489447627
2548407569626183443,984794,1489447672
-2685681566396882910,984794,1489447632
3996781856717223756,984794,1489447641
8606640591497984789,984794,1489447644
3280345191875777042,984794,1489447681
167510837804507035,984794,1489447662
3871271017412147018,984794,1489447625
-1040999017833613085,984794,1489447627
2298943367492219970,984794,1489447660
-447862281922122837,984794,1489447663
-842660493782644235,984794,1489447677
6601601732174187398,984794,1489447645
3536684719400560144,984794,1489447678
-7751098904700229909,984794,1489447672
-3113100860650097077,984794,1489447626
2084398692935089335,984794,1489447659
6673470588564306451,984794,1489447660
-2626078430276796147,984794,1489447667
-3038341214393749351,984794,1489447636
8887814134293637829,984794,1489447653
-2771048211787268652,984794,1489447635
8142647556356340488,984794,1489447666
3290970334056160373,984787,1489447651
-1955470141868493718,984622,1489447640
1321164359125309507,984736,1489447665
264177921406359267,984654,1489447630
5226130049249421626,984841,1489447679
2835502073653869297,984841,1489447662
-5161554149161156125,984841,1489447654
-6445733009146340124,984841,1489447648
-7619409437742257240,984841,1489447656
2629555193985953304,984841,1489447651
4231934909109500396,984841,1489447642
-3726744525785900473,984841,1489447656
4630537578824373229,979755,1489447631
2135519829796614502,950872,1489447629
-4265415593146416339,984149,1489447642
8785670831389698765,984849,1489447665
-1102948257737620285,984849,1489447630
5250612216906457424,984849,1489447665
5149722954781731581,984849,1489447647
-512593847918542460,975858,1489447653
6329427446128906338,975858,1489447667
-908078347052990077,975858,1489447677
7592988142566982362,342201,1489447622
-2735426477391808637,984002,1489447641
1475189985467062637,984601,1489447625
-522805231608085145,984665,1489447650
8110462388387160916,151610,1489447663
7902498263484278500,984764,1489447670
2117481176087022556,984764,1489447674
-4622581180125998410,984764,1489447668
7526438948235704316,984764,1489447651
1321164359125309507,984751,1489447665
4326168769808461946,984751,1489447659
-3948542794286786793,981498,1489447648
392541581042157890,984828,1489447682
2835502073653869297,984828,1489447681
8332002338940919583,984828,1489447646
718772965341367597,984656,1489447622
9016157434512400980,984656,1489447648
5013087508560426111,984469,1489447674
-3978919238426327514,984469,1489447674
-370336138701125136,984621,1489447660
-5796822822769022580,984292,1489447635
4833954522356159697,983647,1489447674
5795151486676653415,984259,1489447632
74878744635124405,984259,1489447642
-6400531807790157382,984259,1489447657
1679207580774681227,984259,1489447672
-379768661086438497,984259,1489447649
-7619409437742257240,984259,1489447639
-2460783927051018545,984259,1489447673
-3058413258723850562,984259,1489447661
2174454108474447175,984259,1489447680
-7509079137205772053,984259,1489447661
3961893981219000912,984259,1489447652
-4001326298115295928,984259,1489447666
4131659182998043154,984412,1489447626
4456112755615204302,982454,1489447634
3061550143785671754,984433,1489447635
8229706460423116836,984821,1489447624
-908078347052990077,984821,1489447633
3594265698252132925,984821,1489447661
-951823825993239361,984132,1489447675
-2207005203627076817,984620,1489447662
4147247044668760022,981201,1489447628
3999833763575651770,983598,1489447670
4833954522356159697,983813,1489447673
-370336138701125136,984632,1489447650
3281319385045348598,983987,1489447673
-4884409838083777174,984700,1489447664
-280314495767514785,984700,1489447643
6215519875932060504,984700,1489447629
1383526937683730736,984700,1489447674
-3911486545091310422,984557,1489447654
-8004702548731292613,984557,1489447644
-4151816968316805683,984481,1489447644
-2553434489637469588,984481,1489447672
-4265415593146416339,984456,1489447642
-5461105808827140650,984456,1489447640
7526438948235704316,984772,1489447680
2038532604954237743,972937,1489447672
7996766051275640616,972937,1489447655
7777201315772195152,972937,1489447635
4630537578824373229,978864,1489447675
2000523512070407573,984702,1489447626
-4884409838083777174,984702,1489447675
5101397750446746527,984329,1489447653
4983771742765787843,984329,1489447659
-7841005946865388388,984610,1489447678
-8558715505638156300,984610,1489447664
-6714122015938138646,984610,1489447677
-373657929162813104,984610,1489447628
-984547632224085399,984610,1489447649
6089441947644068112,984534,1489447623
-6250517472604277503,984534,1489447653
-2458174382358843132,984572,1489447636
6364263050339236723,984602,1489447647
5983450364750044215,984098,1489447655
8488863134669506764,984098,1489447644
5131022087351500067,984098,1489447639
6709302074341750579,984719,1489447654
2227534409014931973,984276,1489447656
1904670988679027278,881536,1489447661
3404718821014032721,881536,1489447642
2823693133411340844,972545,1489447680
7457506037543330147,984753,1489447662
1383526937683730736,984753,1489447635
8501108610195003992,984753,1489447623
1126272777993245331,984753,1489447651
-1500683286382353004,984753,1489447675
5301371437967912512,984753,1489447663
5847306183575145878,984753,1489447670
-5861893191068785166,984552,1489447679
3389805079861487313,984793,1489447673
8749684642579209441,984793,1489447670
-7497062622806609409,984793,1489447665
-4304921629295173117,984793,1489447643
-5241257895243000989,984793,1489447638
167510837804507035,984793,1489447679
3871271017412147018,984793,1489447654
6321363464431452211,984793,1489447623
-2685681566396882910,984793,1489447656
2298943367492219970,984793,1489447677
1079399947454917274,983155,1489447660
1816363023531704473,983556,1489447656
-3598468375904921128,984376,1489447675
7902498263484278500,984692,1489447645
4063322258941716822,984692,1489447677
7936195057785636108,984722,1489447655
7409708490526968779,984789,1489447637
2171060615920090274,984789,1489447658
1930927527161202682,984789,1489447674
4833954522356159697,983251,1489447627
-3658552337038760632,984255,1489447623
-1828170444031796381,346429,1489447679
5287407160301518203,984595,1489447626
-8170001083865102071,983605,1489447643
1859042860805166930,984734,1489447672
-8171496803353427754,982135,1489447631
8708617077140453711,972031,1489447662
1341540043809233809,972031,1489447634
6329427446128906338,984819,1489447674
-2799790276268636769,984457,1489447621
9036620967085055766,984813,1489447662
-5492528808816480063,984767,1489447625
5703031156041221180,984767,1489447650
1424078205802025449,983500,1489447655
7289979844194206908,984309,1489447675
-4622581180125998410,984721,1489447626
7526438948235704316,984721,1489447631
-2346767399251655099,984109,1489447654
-5369680548916403191,983762,1489447674
-5492528808816480063,984761,1489447671
3320836393430624130,984804,1489447661
3184674066047297646,984804,1489447638
-1081385426938303646,984827,1489447627
-3260793711884400000,984827,1489447674
-1809172598931502824,984827,1489447650
3594265698252132925,984827,1489447638
-2200048455126413694,984827,1489447648
5430001338732167084,984827,1489447635
-8004702548731292613,984530,1489447660
-8136729717843288771,984330,1489447623
-1470636472576697666,984594,1489447651
-1374071374270703248,984594,1489447660
-460577222504508484,984594,1489447681
-3010785361524220086,984559,1489447631
-370336138701125136,984608,1489447660
-1871386784593757414,984569,1489447669
-951823825993239361,984052,1489447678
9015356329769467864,984436,1489447644
-5691634046762843299,984571,1489447680
-6920442595318728841,984728,1489447633
4581211106106854235,984728,1489447643
1776443409084167304,984835,1489447673
2938671559858202210,984735,1489447654
-7322455428727799050,984735,1489447662
440250683384683505,984735,1489447667
8941293408950942144,984735,1489447642
4821495604410589278,984735,1489447624
-4677534951475828177,984735,1489447682
2040095312950415956,984735,1489447624
-280314495767514785,984735,1489447650
3601826880802756932,984735,1489447632
6956580300675491009,984735,1489447655
4802202065487101064,984735,1489447680
-2442609073552233002,984735,1489447627
-5691627305727521455,984735,1489447636
8427249381874707065,984735,1489447642
5013087508560426111,984470,1489447637
-8468931862144613840,982472,1489447633
3184674066047297646,984806,1489447638
3320836393430624130,984806,1489447661
4833954522356159697,983692,1489447651
1229859392040519900,984551,1489447642
-7570553461742268506,984705,1489447682
-7662145586438832251,984705,1489447674
2644657478622449195,984473,1489447647
-9075672764414575228,983765,1489447638
733571571648808170,984843,1489447633
2835502073653869297,984843,1489447657
4231934909109500396,984843,1489447642
1150187391541479580,984843,1489447660
167560825237702189,984843,1489447638
7142265899923826771,982034,1489447655
120300106464372331,984445,1489447679
1482268112180564552,984218,1489447679
-5796822822769022580,984290,1489447636
1871372136786392687,984631,1489447623
-8559087540969344864,982680,1489447636
7457506037543330147,981521,1489447660
-3187863295288541226,984664,1489447667
8998226014788496164,984664,1489447683
-7662145586438832251,984746,1489447629
440250683384683505,984746,1489447667
-7322455428727799050,984746,1489447662
-3701345882080688117,978018,1489447675
-7427258696385942303,978018,1489447657
1229859392040519900,980310,1489447642
-1871386784593757414,984696,1489447636
6065274778596460596,984696,1489447646
5578094406024254028,984696,1489447647
-2870837052389596198,984616,1489447670
-1871386784593757414,984616,1489447669
-2923818603782246863,979387,1489447669
-18243156384388163,415144,1489447651
8251085060735332925,984840,1489447625
-2923818603782246863,979597,1489447636
-2735426477391808637,984005,1489447641
-4391488465116938841,984798,1489447666
-5996900421589310222,984798,1489447627
3780143228174744881,983364,1489447674
-6738765212888198579,885972,1489447669
271724379335270473,984387,1489447644
-3383034054081001455,984387,1489447673
5790425912816417955,984387,1489447645
2227534409014931973,984355,1489447656
588532377592360374,981770,1489447650
2802842273425265868,981770,1489447682
-2387870942425068613,983712,1489447649
-7279269958108103165,983712,1489447676
-4467273611672329159,984447,1489447679
4258911477271910711,984447,1489447680
-6517422516252060592,984447,1489447662
611989661657375301,984447,1489447630
6524262813559511755,982365,1489447661
681515368613786075,981555,1489447680
-4122203961042438601,981555,1489447679
-8308621832407850682,981555,1489447649
-2584422641414558894,981555,1489447636
6172735755196402035,981555,1489447651
-429879563125890810,984495,1489447643
1321164359125309507,984749,1489447639
-8416943310758322932,984749,1489447655
-2923818603782246863,979559,1489447644
4131659182998043154,984406,1489447626
-6710383433264352264,984770,1489447662
-5114890981037568378,984639,1489447621
-260348544816377321,984808,1489447647
1531872661534860504,984845,1489447625
-4131726724185679418,984845,1489447677
-7250760177705318753,984845,1489447656
-8800597084268626813,984845,1489447652
-4840882623445829235,984845,1489447657
1150187391541479580,984845,1489447657
6475249874912955372,984845,1489447657
3001206666324133810,984845,1489447651
-395146667013730088,984845,1489447665
-6424985863280487726,984845,1489447671
1580811080527013738,984845,1489447634
7814218475824908307,984845,1489447648
7024467647538779402,984845,1489447671
-3048012272362749930,983817,1489447672
-674301786926538478,983817,1489447638
-4197486075446247881,983817,1489447641
-5414774676421730462,983817,1489447669
-646447704033665473,338176,1489447649
3404718821014032721,901493,1489447634
-3948542794286786793,981327,1489447621
-2207005203627076817,984627,1489447662
-8377837463534381636,984553,1489447670
-7825323756383189507,984635,1489447639
3586326920095401806,984831,1489447651
4699362819898757145,957530,1489447664
-1169454939560466159,984811,1489447651
6019008370483012168,984651,1489447637
6333655995971932319,984651,1489447645
8248901410803487767,984675,1489447656
-951823825993239361,984195,1489447678
2227534409014931973,984451,1489447646
1930927527161202682,984788,1489447674
2171060615920090274,984788,1489447639
-4304921629295173117,984788,1489447675
4007154939430647130,984729,1489447661
-6920442595318728841,984729,1489447647
-3367049704594322947,984729,1489447662
4331536702851059760,984462,1489447643
1996878499037861295,984462,1489447634
-6901692615407872785,984462,1489447684
6364263050339236723,984462,1489447640
-8110845464579594785,984462,1489447667
-838510446062030282,984462,1489447660
572729327507139774,984462,1489447630
1645623108827450657,984462,1489447672
-7256089103208212164,984462,1489447637
2484189820568827873,984462,1489447660
8219909435551496564,984462,1489447629
-6841093374502022342,984462,1489447663
-7966614560396205711,984462,1489447645
5790425912816417955,984435,1489447645
-3383034054081001455,984435,1489447673
7902498263484278500,984683,1489447634
-5262986231364182047,984683,1489447665
423481901799728829,984683,1489447646
-7980513424785331951,983214,1489447626
6516580990334347330,984711,1489447677
1768869459430787026,984711,1489447680
-4304921629295173117,984711,1489447650
8749684642579209441,984711,1489447670
-7497062622806609409,984711,1489447665
2298943367492219970,984711,1489447684
-834660670297918234,982918,1489447650
-6710383433264352264,984771,1489447662
6115860374950151210,983535,1489447678
6906592108437966883,983535,1489447642
-8004702548731292613,983535,1489447639
-2159991666427051608,983535,1489447653
5259737343597803238,983535,1489447657
392541581042157890,984832,1489447682
8332002338940919583,984832,1489447646
-7934103452461613553,984832,1489447677
26117887349603765,984832,1489447647
-3355973385504045280,978362,1489447650
-6710383433264352264,984780,1489447640
8760584035769074599,984565,1489447656
-8442754986827941526,984565,1489447669
-2848508742947476857,984565,1489447656
2353341058062742922,984540,1489447659
6089441947644068112,984539,1489447623
3404718821014032721,413941,1489447649
7289979844194206908,984313,1489447675
2171060615920090274,984564,1489447676
7409708490526968779,984564,1489447637
5702788718091234485,984181,1489447679
1482268112180564552,984216,1489447679
4007154939430647130,984727,1489447672
-2722646601159180458,984727,1489447684
5703031156041221180,984763,1489447650
5778365950749323292,984763,1489447656
5131022087351500067,984763,1489447680
