-8468745200935893701,975374,1489909098
-4781796995669702779,981012,1489909086
5616477897294982293,984434,1489909110
-3664976231746680831,987036,1489909140
-5491016952090756291,987036,1489909136
6318196244231060698,987036,1489909085
-6345240212431613304,987036,1489909136
-1727017761688257652,987036,1489909108
-701237168558593679,987036,1489909134
7181145817573755808,987036,1489909109
1890163686656021162,987036,1489909089
-3735160814267116714,985982,1489909109
4668521016864578700,987112,1489909120
-8102784940465446854,987112,1489909099
8018403834223310429,987112,1489909105
5690012441461311937,987112,1489909122
5209555184310331583,987112,1489909116
-3441961342042597446,987112,1489909118
-8430272978093690837,987112,1489909138
-248049593206784936,987112,1489909133
155792492787905262,987112,1489909098
-6812123524439582649,986921,1489909132
7706151274270532481,986921,1489909112
4633910938877477001,986921,1489909105
-4634391997408197762,986921,1489909134
-3104925828078205849,986921,1489909124
-3723630004041784526,972937,1489909140
6539067118417082786,972937,1489909098
-1860642337685855854,972937,1489909121
8556138634875587849,982698,1489909091
-4934792768492001524,343654,1489909086
-8071460234521857453,343517,1489909105
6315459371396640754,901452,1489909139
-5555071879060732519,987005,1489909108
-5580789418205366975,987081,1489909134
2310099473112698329,987081,1489909095
-48579797348079205,987081,1489909086
-3799686061189377103,987081,1489909096
6918457716933106690,987081,1489909114
8644491896056206887,987081,1489909131
-2767521120125255804,987081,1489909122
-5036170688043972652,987081,1489909138
-8395910858669793491,987081,1489909134
-4506726357660358590,986027,1489909137
-2470710084941242717,986027,1489909137
-7988944595199640738,986831,1489909139
-8666939469158299257,986716,1489909092
2632324037955443541,902482,1489909089
7722972884592662867,986805,1489909133
8121675866040810787,986805,1489909128
-3571655866352575475,986805,1489909139
4989139362350836608,986805,1489909097
-5987299916582765609,986805,1489909087
5927937851606430114,918509,1489909114
-1815391571109551286,986497,1489909120
-8798585879484299484,986497,1489909104
1968086505778390022,985555,1489909100
649504872563779022,982503,1489909092
386299653605493238,985782,1489909140
-971651453594422937,986789,1489909126
-6970104341980429412,986789,1489909108
-7957086641921721848,986789,1489909107
2510491763952191275,986789,1489909094
-6596213007979251011,986789,1489909129
-6609270094701722109,986789,1489909118
7603781864612414805,986789,1489909131
-1873629914950768681,986789,1489909116
1385242753422284458,986789,1489909136
6102521198919705396,986789,1489909137
2986985030632588123,986857,1489909109
-440712955189148314,986857,1489909134
3076572322516310498,986857,1489909123
7415701939566139236,986857,1489909106
-5802536669393707582,986857,1489909141
-3742360680158870578,986857,1489909114
-1672017695021582155,986857,1489909138
5632928648015628018,985080,1489909129
7700790429494110605,986841,1489909124
3702159949396647675,345525,1489909100
-7890979989280379406,987119,1489909086
-4977166530827011136,987119,1489909110
1154892878781483885,987119,1489909106
363660209368378426,987119,1489909125
-2367608715133917246,987119,1489909130
874437820373023802,987119,1489909098
394765695808054215,987119,1489909104
-7714200684160005817,987119,1489909132
-1562782425973068177,987119,1489909120
-413184538912315891,987119,1489909102
-2518708987000323885,987119,1489909085
5847837317320134709,987119,1489909107
897750292070944638,987119,1489909092
8210913423921618065,987119,1489909126
6444900371577185180,987119,1489909122
-5035348262619380021,987119,1489909136
-281060671980755838,987119,1489909095
-8160951596884967693,987119,1489909117
-7960497772894568232,987119,1489909107
-9003723784517421238,987119,1489909104
-2475358445114296656,987119,1489909101
7307467588828304699,987119,1489909110
-5368294707843160072,987119,1489909098
6466409615808663600,987119,1489909136
-4148280273624725303,987119,1489909097
-2518038060929340232,987119,1489909118
-3873906548363348312,987119,1489909141
6548909529682201686,987119,1489909111
1418507993798999119,987119,1489909092
3669957462128322513,987119,1489909111
4297807872947393960,987119,1489909110
-7824901233243977622,987119,1489909092
1005602297844736002,987119,1489909137
-7813019361602168438,987119,1489909117
-8108397097063220809,987119,1489909090
-7128724440656687204,987119,1489909137
-2197681147547630624,987119,1489909134
1095050187422502727,987119,1489909095
-443236291948022675,987119,1489909143
2337211286323292162,987119,1489909119
-2039612974257753324,987119,1489909125
-6910737404587389172,987119,1489909093
-6440947461433442130,987119,1489909131
6556784088561083532,987119,1489909087
-701646447601559837,987119,1489909100
-1224926843117799967,987119,1489909123
-1009005268011955550,987119,1489909096
8664440983748326890,987119,1489909140
-2253956401961247688,987119,1489909123
-1777394489856470871,987119,1489909126
-2248306207457066218,987119,1489909103
-4604770043983859579,987119,1489909099
7583028829650151262,987119,1489909127
-1519247279412669491,987119,1489909103
4424718147571630164,987119,1489909086
8657300183783233311,987119,1489909136
-1675378029154599552,987119,1489909085
-23975201120232828,987119,1489909117
8201391892042104652,987119,1489909129
-5887658623360273819,987119,1489909086
-8034097293036944913,987119,1489909125
8347506481708543517,987119,1489909134
1454983135995272563,987119,1489909109
6481265467011482369,987119,1489909117
-3621343425735413037,987119,1489909090
-510199914209769666,987119,1489909133
4349281465698030031,987119,1489909107
-5397895598477143882,987119,1489909135
-355766845296195259,987119,1489909115
8340019824063585209,987119,1489909111
-626925850532360777,987119,1489909086
7094831719446697004,987119,1489909122
-1546702265111331601,987119,1489909140
-409931658350138226,987119,1489909127
-6652408491239696764,987119,1489909138
2990954527657744139,987119,1489909119
-2237359615068458832,987119,1489909086
-6012860834091256396,987119,1489909144
-4445119860819053544,987119,1489909129
212577343759724526,987119,1489909121
-2473420767252744879,987119,1489909105
-6510447064499852395,987119,1489909086
8288874475349992689,987119,1489909128
5186008402026673248,987119,1489909140
-8994800518953515386,987119,1489909118
2848926317015273284,987119,1489909105
4697784855258799816,987119,1489909121
-7570377396749375326,987119,1489909125
-1593874803361592536,987119,1489909134
-6174424575789774631,987119,1489909100
-8808851429330688409,987119,1489909091
8868846994829457636,987119,1489909104
-7974357746370525573,987119,1489909123
7879575014281052421,987119,1489909118
-6656286695581619808,987119,1489909090
-1762800026453192490,987119,1489909095
-1664908125366750171,987119,1489909140
-2842078908884287640,987119,1489909143
-3449284422917298299,987119,1489909125
2514259399488325317,987119,1489909100
-4538371196204208983,987119,1489909144
6036377879429914436,987119,1489909116
2270770624962298705,987119,1489909107
-137750944745539280,987119,1489909127
-4648738079573671298,987119,1489909094
4495627039024525046,987119,1489909128
-3168771189381136020,987119,1489909132
-1940903978892725955,987119,1489909092
4027383733403092724,987119,1489909129
-4695217512676897786,987119,1489909126
3057565863881894515,987119,1489909109
-5702473844045279995,987119,1489909089
-7702049925656642566,987119,1489909114
3846695759961555124,987119,1489909125
181197322282132885,987119,1489909109
5519906632039556666,987119,1489909087
-6258582555585521081,987119,1489909117
8143540215718493919,987119,1489909096
2050497151254451195,987119,1489909128
6314718774104123019,987119,1489909132
3532907834515188234,987119,1489909105
1899839849448739626,987119,1489909127
3242753378923534412,987119,1489909143
-2672754196791243695,987119,1489909086
5206551028817799932,987119,1489909101
-2772093647250717434,987119,1489909093
-116034312179375174,987119,1489909131
2393113511595374073,987119,1489909100
6062142022685322430,987119,1489909133
2371208098059967546,987119,1489909093
-2296461425594499802,987119,1489909113
-2354910908201079980,987119,1489909100
-3694311654090500630,987119,1489909141
2284263195948418263,987119,1489909088
-280577587671216755,987119,1489909122
6873253290131693168,987119,1489909142
4762984863420051945,987119,1489909138
-6620942550755330874,987119,1489909128
-7873200265636505943,987119,1489909112
6705702072016144061,987119,1489909105
8544980281461885409,987119,1489909125
2281132294686629251,987119,1489909130
7820700204522374835,987119,1489909096
5943104669843631732,987119,1489909120
8699947874153883405,987119,1489909137
-5107204058681904724,987119,1489909130
-1867642818119041133,987119,1489909090
3725542382897661971,987119,1489909093
-9036085907975109388,987119,1489909110
-7043298846907091623,987119,1489909126
-2840922267333885677,987119,1489909134
4486855756880540149,987119,1489909123
7748038220143032193,987119,1489909125
-8574737682075069229,987119,1489909124
-5912418130756889441,987119,1489909109
3829318790275240259,987122,1489909107
-1740830727504130090,987122,1489909132
1434606155858018615,987122,1489909142
7487276611888302148,987122,1489909140
2115368416541232584,987122,1489909135
-2700560205221831733,987122,1489909125
8599933430374919537,987122,1489909132
-5793939716141747864,987122,1489909114
-2809590662126047934,981884,1489909136
-2017326948907903783,986976,1489909119
-4445078504087356202,986976,1489909093
4104348612693365031,986976,1489909110
5050359008462829271,986976,1489909097
6510567245610468360,986976,1489909099
8342119549537535283,986976,1489909132
4764579181197752930,986976,1489909143
-8048528274546789211,986976,1489909107
-2460933128658771368,986976,1489909118
7842491690178701409,986976,1489909096
2274925259982692563,986976,1489909093
-8452304269418991822,986976,1489909134
-3663616021782137550,986976,1489909095
8935822741773272589,986976,1489909126
-8268091101120732138,986976,1489909125
1613515067115976059,986976,1489909114
2421241814672293887,976765,1489909098
-2764597017439043984,902632,1489909136
-2420478619320114787,987055,1489909110
1890914629126416639,986231,1489909137
5448951270770709412,982164,1489909140
2842374044189991395,982010,1489909088
-2757239559491542965,987156,1489909122
-4880292742853326108,987156,1489909108
-4810080848268607005,987156,1489909098
-2819148913590295204,987156,1489909137
1231775463716067976,987156,1489909120
6792271863153128157,987156,1489909129
-6475201109886559388,987156,1489909132
4919103405163649694,987156,1489909110
-1163644060172307152,987156,1489909118
-3301896262645418183,987156,1489909101
6401703906448513254,987156,1489909102
-8288554842509737546,987156,1489909111
5906934980989338716,987156,1489909125
-1477251612012688501,987156,1489909102
668665748782485413,987156,1489909118
1368707336465107671,987156,1489909132
90797535718093483,987156,1489909109
-2443042493181733832,986871,1489909115
-7389683954112315774,986304,1489909124
7085178142831544431,986304,1489909087
-8552221714030487195,986304,1489909094
2075545488072561006,986304,1489909110
713548710025279033,986304,1489909129
5862438935163685475,986304,1489909128
-444705028757407633,987120,1489909105
-9111979078700923152,987120,1489909132
-7709338355494738108,987120,1489909092
2286887059252210606,987120,1489909121
-3864266228180281724,987120,1489909129
3826841188389700806,987120,1489909144
-8880148648782164599,987120,1489909140
6451100289817038677,987120,1489909141
-5272339571026615834,987120,1489909124
-6451547159344760919,987120,1489909114
3846695759961555124,987120,1489909111
-1853986125346134912,987120,1489909110
3693180461696421664,987120,1489909137
1477418691217592035,985000,1489909116
3991198983153508563,985000,1489909090
4398560503976971831,986628,1489909127
-7684672572011408181,986628,1489909132
-235906515842341681,984726,1489909132
-6318044786261794094,986914,1489909106
521312036709191888,986914,1489909139
7168919522469739441,985745,1489909134
-17205652281625622,985745,1489909117
9006915052495155305,985983,1489909093
-7454958404127372990,987065,1489909115
-5347740216742547958,987065,1489909120
-8842365345173387719,987065,1489909134
2944070484670105458,986695,1489909115
-3846765174172397497,406100,1489909140
-7637698324350306408,987063,1489909086
-1015236509548386164,947362,1489909102
-3646284266289328932,983929,1489909095
-217682029238165050,983929,1489909100
666554939913637843,983929,1489909096
-6815011106391261866,983929,1489909133
-2781624300668612685,983929,1489909108
-1516425317353762837,983929,1489909106
-8846524890249502903,983929,1489909101
6245872061175090086,983929,1489909130
-4627270995554465136,984310,1489909089
-5917367825822054331,980974,1489909089
-8666939469158299257,986738,1489909114
-3847412469192161344,987040,1489909141
198592851966815759,987040,1489909095
4799921961240433143,987040,1489909085
6343626006781606156,987040,1489909127
6518475033666917548,987040,1489909097
-8547614896699912717,987040,1489909096
-1675378029154599552,987040,1489909090
-8328173296936053839,987040,1489909119
-5025792635745776334,987040,1489909117
7385516299128701090,987040,1489909110
-7251212144947468173,987040,1489909092
1769661969374859868,987040,1489909089
-7456298558079325699,987040,1489909138
-2420478619320114787,987040,1489909110
-6425504898922714489,987040,1489909131
-308008550518648078,987040,1489909117
5818981685475890169,987040,1489909122
-6121234323200961283,987040,1489909126
-7280149131967944353,987040,1489909118
5411717724960687420,986229,1489909136
983906119688814262,986229,1489909119
342218849317156226,985260,1489909096
-2359704830098887443,986377,1489909132
234874523863131881,986518,1489909131
5910531818159489194,986958,1489909130
3233312712679841744,895951,1489909129
-4630524303795991142,921762,1489909091
-5555071879060732519,987013,1489909103
-6670117617665120409,987048,1489909141
-4037681492694254278,987110,1489909089
-4810080848268607005,987110,1489909117
-5278295819923094676,929686,1489909103
2571455695672965646,987070,1489909107
7716731312702695816,987070,1489909120
6715628620815424316,986158,1489909100
-1018281247987224951,986430,1489909121
7212467757411963704,986430,1489909093
-7825186377226428954,986818,1489909118
84904511428912915,986818,1489909134
-2865980122856709210,967404,1489909109
5731760455606176864,987094,1489909114
-3374538995868815297,987094,1489909142
1719540872128181635,987094,1489909108
-2043411857898604800,987094,1489909130
6408757683839214575,987094,1489909105
-3966757732888538585,987094,1489909107
3462683388751481421,987094,1489909139
3455358305638100507,987094,1489909140
7425289555109581316,987094,1489909130
-17205652281625622,985048,1489909127
7168919522469739441,985048,1489909140
8816168691867000431,715146,1489909123
7101787122368449091,985935,1489909101
9144079998011391959,984473,1489909113
-7523974139062487133,906841,1489909084
7638358493557383691,906841,1489909111
-1642119418894917787,987157,1489909122
-8918177021100776498,987157,1489909135
-7561907985093058705,987157,1489909096
8883758444237412770,987157,1489909117
-2562559622298320693,987157,1489909120
4621368779048197327,987157,1489909095
5314704391041460326,987157,1489909109
-4805127196018439995,987157,1489909143
-5895005131906334586,987157,1489909109
7575024455803178223,987157,1489909092
296985904589988309,987157,1489909121
1983334877730764201,987053,1489909139
-5294181001239939890,984747,1489909141
603349163549789873,986955,1489909138
-4976204847806171591,986955,1489909135
8855470233590206510,986955,1489909119
-2962170078260316374,986955,1489909124
-1675378029154599552,986955,1489909093
8340019824063585209,986955,1489909135
3826841188389700806,987121,1489909137
-1853986125346134912,987121,1489909109
-5272339571026615834,987121,1489909124
2115368416541232584,987121,1489909135
3829318790275240259,987121,1489909107
1434606155858018615,987121,1489909142
-7119651209042087177,986717,1489909114
-4512977722363998626,986926,1489909143
5607998424146831875,986926,1489909103
-6827739349063958305,986926,1489909126
7157465131879314528,922068,1489909131
2474082021947884187,986933,1489909139
-7103838799231767305,986933,1489909143
-293773865257781320,987118,1489909138
232085376225090473,987118,1489909129
-75051550385534557,987118,1489909092
2931804076636057483,987118,1489909135
-2459607945267825296,987118,1489909143
4517339243237134933,987118,1489909138
-7709338355494738108,987118,1489909134
-8430272978093690837,987118,1489909098
5920918745316457775,987118,1489909129
2270770624962298705,987118,1489909110
6639021166483231526,987118,1489909140
5965154017245510107,987118,1489909107
7722736204753353560,987118,1489909107
76976552843890925,987118,1489909137
-4465636057695966085,985857,1489909139
155792492787905262,987115,1489909098
5209555184310331583,987115,1489909114
-2339313766527800031,986932,1489909121
8260743767239530825,986932,1489909090
3845255709831109094,986932,1489909139
744863562187344619,986932,1489909142
2774865206036075609,986968,1489909086
-2865980122856709210,967521,1489909106
2150696418257669464,345257,1489909087
-143607151448784837,986733,1489909113
1483421773214247399,986270,1489909086
-2960028422474894807,986270,1489909112
-6938067062041303527,986270,1489909113
2414743578307392850,986270,1489909108
-968881027554177407,986270,1489909119
4065201767600094439,986270,1489909105
7593949388235948690,986270,1489909092
8741661344787581458,986270,1489909086
-397256272996180151,986270,1489909123
5654501859617060341,986270,1489909140
7406604072803499107,986270,1489909124
8174137227293366763,986270,1489909131
6102521198919705396,986270,1489909114
-8044476192074694972,986270,1489909096
1808557998222458308,986270,1489909119
-5864387572702277009,985944,1489909106
5411717724960687420,985944,1489909089
-9215239488168652917,985944,1489909105
8984049617305372740,985944,1489909133
-5473430682263927599,985944,1489909094
-4818766138808415924,985944,1489909086
-1807201816473927878,985944,1489909096
1898234081216939762,344609,1489909121
-8736133782385717773,341125,1489909121
3157746556682924057,884006,1489909122
-3595634198407403538,884006,1489909104
4288512007379418027,987152,1489909128
-3120020619418483795,987152,1489909136
8834403655834672048,987152,1489909131
-6193028974639819058,987152,1489909098
2045559645258745125,987152,1489909111
-4810080848268607005,987152,1489909104
2431727066874777202,987152,1489909128
3137502989481196156,987152,1489909092
-6857863905575541899,987152,1489909127
771464213477674242,987152,1489909099
-9133028277560293344,987152,1489909122
1741076967536792831,987152,1489909096
-7991932093664320055,987152,1489909115
-2866495586334384248,987152,1489909101
-1557064098349069206,987152,1489909105
-6131379215308884046,987152,1489909097
4065452857984546131,987152,1489909102
4819262741518383191,987152,1489909116
-5414751338345679499,987152,1489909129
7921181535569264560,981601,1489909096
-8441146062756709948,987124,1489909115
-6757757498803936790,987124,1489909101
-7224574167683634085,987124,1489909134
-5793939716141747864,987124,1489909100
3980780184380802517,987124,1489909118
7012941562457469800,983574,1489909120
-5257663345924523804,986283,1489909108
1968086505778390022,985519,1489909110
1336980384011236473,986324,1489909124
5500214548180624130,987082,1489909131
1483421773214247399,987082,1489909092
-8257129679796605239,987082,1489909097
-4023121940751716793,987082,1489909139
3403103874895549160,987082,1489909128
-7232371115744194678,987082,1489909119
-7365283731497899716,987082,1489909099
-12985247495730251,987082,1489909101
-1141576734803157759,987082,1489909096
441259707874587388,987082,1489909131
-3442886186484125113,987082,1489909112
7107973279285113818,987082,1489909117
-3966757732888538585,987082,1489909123
5093679357555532916,987082,1489909096
-5588992032105783529,987082,1489909096
-3125000070782473784,987082,1489909118
-5836019086949717696,987082,1489909113
-102937636451276637,987082,1489909121
6585246008270955860,987082,1489909136
-2122296228852215206,987082,1489909090
-8024137178533864146,987082,1489909100
84904511428912915,986824,1489909134
-1931466569431259862,986824,1489909136
-7825186377226428954,986824,1489909104
7700790429494110605,986824,1489909139
1630121858586459185,986941,1489909110
6455679410582109842,986941,1489909115
3317096049931261610,191334,1489909115
8007136375653706897,986208,1489909144
6679868508939096547,986208,1489909093
6475872849006092795,986208,1489909087
-8599411414744916892,986208,1489909130
1983334877730764201,987059,1489909109
-3676137528548853699,940647,1489909139
3650159696649711862,987074,1489909116
6798371590045736158,987074,1489909144
-4405622096528493061,962214,1489909114
6066516977135571516,962214,1489909115
800805351431110508,962214,1489909110
560695896812716781,598,1489909136
5411717724960687420,986464,1489909122
1270926588820861161,986464,1489909095
-5473430682263927599,986464,1489909095
-4220549641346648947,986773,1489909142
-1472486598069748147,986773,1489909139
3089259774934930909,986773,1489909114
-1640182345911869770,986773,1489909114
6588989116414686521,986773,1489909132
-8675210706556419461,986773,1489909085
7678163793841852673,986773,1489909106
7531633542115536344,986773,1489909141
6459793118759592824,986773,1489909118
-8109928280772072742,986773,1489909100
-2723037810566382809,986773,1489909096
-4964389212079880686,986773,1489909117
7261334856593297485,986773,1489909119
-2034439141611978027,986773,1489909119
2421241814672293887,986773,1489909097
-6688171277269598944,986773,1489909138
6136999350849117675,986773,1489909111
-7104530344550639631,986773,1489909106
1708308809540407688,986773,1489909138
-2967553129490257580,986773,1489909109
-6048018297076327307,986773,1489909143
3178088653539033112,986773,1489909097
6019699586291257276,986773,1489909137
-1671792042815590875,986773,1489909099
-5831170204317968690,986773,1489909108
6597527060390618071,986773,1489909106
-5920901731420037508,986773,1489909129
8845078600630102748,986773,1489909093
-868088660178581341,986773,1489909102
86505852683672613,986773,1489909120
2829040581394938020,986773,1489909138
2430074678814851975,986773,1489909108
892754178763194260,986773,1489909131
-4977166530827011136,986773,1489909139
6795508052887085347,986773,1489909126
-4800613623838243086,986773,1489909093
7630777254568031580,986773,1489909107
-6802322002061238719,986773,1489909086
-7399818136718404789,986773,1489909110
-2129557623949327221,986773,1489909102
-7084990575356361730,986773,1489909115
8566276315350109691,986773,1489909130
3378533325670979306,986773,1489909098
8741201247019818757,986773,1489909133
-5560833302659697570,986773,1489909094
-4096559249458201383,986773,1489909090
792404706001045996,986773,1489909110
-8823143565469246147,986773,1489909110
5404990211108943772,986773,1489909116
-1035563615403903005,986773,1489909087
441927948591236809,986773,1489909111
4486855756880540149,986773,1489909087
7418047856701967640,986773,1489909129
-239744801925918070,986773,1489909096
-2938792510610341936,986773,1489909088
-279437692105225422,986773,1489909138
-5667892243524349797,986773,1489909088
-4076572576613280593,986773,1489909102
-2320669449804251515,986773,1489909102
3593335785899335790,986773,1489909099
4881340558040450214,986773,1489909108
5653703192075588199,986773,1489909112
1908459000907221851,986773,1489909123
8098332889307353154,986773,1489909138
-1158202148581752238,986773,1489909137
-5106100156124355809,986773,1489909103
-7921928401168971759,986773,1489909098
5833391709427102961,986773,1489909136
7476988465955668451,986773,1489909142
-4981976912059822408,986773,1489909097
-6035085522420721163,986773,1489909109
2772871083807970897,986773,1489909136
-9197620038149924544,986773,1489909089
-7270777754655129905,986773,1489909127
-3489947355230021368,986773,1489909128
-4701914836993799089,986773,1489909095
-5568460713228245235,986773,1489909107
8560086659868603463,986773,1489909141
2750951300618639967,986773,1489909100
5840994234547124085,986773,1489909125
2476458257646253058,986773,1489909095
7000748375046932271,986773,1489909092
-3208968199452116141,986773,1489909138
7369985547073447087,986773,1489909096
2274925259982692563,986773,1489909128
-5970657745737785933,986773,1489909102
2983473927984136126,986773,1489909086
31024204179829179,986773,1489909109
7632438731196182649,986773,1489909143
-6043366706133352287,986773,1489909128
7192849346094936546,986773,1489909098
187232304690804193,986773,1489909143
-1244015268227524185,986773,1489909120
-4298456040997832774,986773,1489909131
-1449780978243258205,986773,1489909088
2887624475609102287,986773,1489909086
-5174125725553153378,986773,1489909134
9103596369245903835,986773,1489909093
-8470295479909404905,986773,1489909114
6971861814886284190,986773,1489909107
-5735275036906215931,986773,1489909097
3734726594628404291,986773,1489909131
7355650190977944972,986773,1489909117
7393446550630207415,986773,1489909096
590022001342937037,986773,1489909132
-8404782632612183306,986773,1489909102
4408150456878187469,986773,1489909091
-2387617202233415058,986773,1489909129
-7648750901519564944,986773,1489909100
-9215762410653120207,986773,1489909137
-6509370971509278,986773,1489909089
-7339913789353652973,986773,1489909112
-6467278514376292442,986773,1489909103
2290788849922186638,986773,1489909087
4956205289856097605,986773,1489909113
3308108615098482435,986773,1489909095
-2880793000374483609,986773,1489909109
-982627660936968019,986773,1489909144
-181588624058907801,986773,1489909098
8404824835120007872,986773,1489909133
-8386179815021215969,986773,1489909088
8566811937363233541,986773,1489909104
-1729053774960610538,986773,1489909133
5446724104192303782,986773,1489909107
6060270220583698356,986773,1489909111
3564852168986485340,986773,1489909103
7086403845579804855,986773,1489909094
-4153084440037843485,986773,1489909089
-6207645711887831262,986773,1489909106
1667249738517090830,986773,1489909101
3216916370911226495,986773,1489909136
5524203809339191833,987111,1489909088
-1217955600037466546,987111,1489909115
-4769529099896678142,987111,1489909123
-6013971700324031433,987111,1489909129
5005408916931954155,987111,1489909139
-31206199311333034,987111,1489909120
1482859368454316208,987111,1489909099
4330939032303713404,987111,1489909127
2386335337061168546,987111,1489909126
4849394416685523240,987111,1489909131
-4977166530827011136,987111,1489909128
4726694382780299839,987111,1489909124
2654167805946110620,987111,1489909089
-677939813683255351,987111,1489909133
-7921132423731563500,987111,1489909137
6481265467011482369,987111,1489909110
-3228540501542874475,987111,1489909094
-2696104655598788557,987111,1489909092
2526418181364134333,987111,1489909088
7468064507874190958,987111,1489909118
8640339838449420218,987111,1489909138
-1777394489856470871,987111,1489909092
5689338805206390204,987111,1489909133
5313012493523378876,987111,1489909107
6556784088561083532,987111,1489909142
360874789930345050,987111,1489909112
8931017807181242708,987111,1489909092
-7735303315763992440,987111,1489909133
-3062646274352814838,987111,1489909131
2829494079580572228,987111,1489909128
2057805277885518911,987111,1489909091
3149588019275931494,987111,1489909126
-7974357746370525573,987111,1489909118
3693180461696421664,987111,1489909096
2988679104885554628,987111,1489909086
-8621325069505426785,987111,1489909127
-1513307013629968319,987111,1489909098
897750292070944638,987111,1489909114
-2081643494923420769,987111,1489909095
3027637368335047847,987111,1489909122
5831002408286269813,987111,1489909122
-7813019361602168438,987111,1489909133
-443236291948022675,987111,1489909088
1680305008418391394,987111,1489909086
8460920365975806355,987111,1489909143
-1009005268011955550,987111,1489909101
-4964931261803073504,987111,1489909103
-701646447601559837,987111,1489909103
-4948710153463828082,987111,1489909096
-4148280273624725303,987111,1489909098
-7714200684160005817,987111,1489909134
-1675378029154599552,987111,1489909086
-1095869217564676820,987111,1489909135
5847837317320134709,987111,1489909107
8917158271813326420,987111,1489909142
-4024472328517741124,987111,1489909117
-1224926843117799967,987111,1489909123
6554544951872930614,987111,1489909108
-4160235400550000703,987111,1489909101
394765695808054215,987111,1489909104
6786331020297662691,987111,1489909131
-4604770043983859579,987111,1489909100
8340019824063585209,987111,1489909115
-2039612974257753324,987111,1489909125
-2253956401961247688,987111,1489909123
8559623606931615176,987111,1489909111
3634736968338945073,987111,1489909131
-6652408491239696764,987111,1489909102
7235518550202369466,987111,1489909100
-2237359615068458832,987111,1489909134
29192713999048476,987111,1489909101
-5661189085781884408,987111,1489909089
718683322147489218,987111,1489909100
7299939439956356732,987111,1489909111
3324397262811875888,987111,1489909093
3527881813807699088,987111,1489909107
-1940039965992158063,987111,1489909105
1005602297844736002,987111,1489909137
-5966210338199584842,987111,1489909133
8602179346434376496,987111,1489909134
6444900371577185180,987111,1489909122
-1591041842698744349,987111,1489909137
520067282652452547,987111,1489909096
-6440947461433442130,987111,1489909131
787457115545146576,987111,1489909112
363660209368378426,987111,1489909125
-281060671980755838,987111,1489909095
773314803121945187,987111,1489909101
7142357530063418508,987111,1489909134
-3873906548363348312,987111,1489909141
-5887419790119967167,987111,1489909086
-2475358445114296656,987111,1489909101
8674339276426877389,987111,1489909134
2385694782884054145,987111,1489909117
7006396113804980949,987111,1489909116
3598810959969925935,987111,1489909123
-3228634820125289120,987111,1489909099
8767942116557581851,987111,1489909126
-6407288292883446621,987111,1489909089
4424718147571630164,987111,1489909116
7583028829650151262,987111,1489909127
7681357213640015379,987111,1489909088
874437820373023802,987111,1489909098
-8160951596884967693,987111,1489909117
8162859631537065788,987111,1489909137
-7394338853957420417,987111,1489909139
-1939336900052304425,987111,1489909142
-3047814390197942885,987111,1489909121
6446396655927840344,987111,1489909103
1837509010063999999,987111,1489909144
-4634204683152093184,987111,1489909137
-9003723784517421238,987111,1489909104
-5816082128854522288,987111,1489909110
-7511370978165901873,987111,1489909135
4862097240202524337,987111,1489909106
-2672754196791243695,987111,1489909134
-1445461296040384666,987111,1489909114
8960605187857606926,987111,1489909107
3669957462128322513,987111,1489909111
-1113920783903793965,987111,1489909093
-5368294707843160072,987111,1489909099
-8966591066867896709,987111,1489909100
3224201583620579589,987111,1489909121
-276739378842773028,987111,1489909136
-1646754750755701621,987111,1489909134
-6807977257065240382,987111,1489909133
6597853558122910472,987111,1489909132
426951887653333480,987111,1489909085
-6620942550755330874,987111,1489909135
-4829633024408143402,987111,1489909141
8664440983748326890,987111,1489909140
-1808571196325281505,987111,1489909111
6811210259093274032,987111,1489909143
-7970832443973467089,987111,1489909094
7619439570596604370,987111,1489909133
-299927475355642768,987111,1489909106
3469688198932046428,987111,1489909141
2843470901447230922,987111,1489909120
-1562782425973068177,987111,1489909120
-2471926285013992590,987111,1489909108
-1198363595867047873,987111,1489909095
6466409615808663600,987111,1489909136
4297807872947393960,987111,1489909111
-8719601759286738805,987111,1489909104
1173240270399549001,987111,1489909093
-1777450387957733610,987111,1489909110
2474455907351958666,987111,1489909133
-5378456252101849424,987111,1489909139
-8914447025646356322,987111,1489909121
-2227928793738450454,987111,1489909104
-3407216739666968525,984735,1489909108
-6015693106007580892,984735,1489909095
-8671259658754032988,984735,1489909098
-4734004134629378812,984735,1489909120
-3716944775817251945,984735,1489909090
-1397973022153980894,981555,1489909089
1907930861511728081,972325,1489909120
5507521442617297765,985619,1489909131
-8751228412841196656,985619,1489909092
-1675378029154599552,985619,1489909096
35144650866793470,987079,1489909134
7349075741084157358,987079,1489909102
-1748027456486195492,987079,1489909135
6798371590045736158,987079,1489909132
1925821196036141267,987079,1489909141
8501766633702185000,987079,1489909093
-6345240212431613304,987037,1489909086
6115646961942165749,987037,1489909116
-6076850079410304848,979418,1489909087
6737906323212346940,979418,1489909132
-1882382544512938865,958655,1489909130
-4963396932486891786,984148,1489909112
-5025792635745776334,986751,1489909117
1504937979134744195,986751,1489909117
-7503924938806793622,986167,1489909122
-6899619031737527103,986167,1489909097
-5831170204317968690,986167,1489909116
383788529951109816,986167,1489909130
3702159949396647675,345524,1489909094
1898234081216939762,344611,1489909100
-4983488706615298482,198155,1489909118
-7732854477580419733,987144,1489909111
9172324435723354744,987144,1489909093
-7104715137010609406,987144,1489909125
-5310880698240085895,987144,1489909108
-3966428919485442397,987144,1489909115
-3874176237058050845,987144,1489909113
-1002667957808188981,987144,1489909123
1658463767319285231,987144,1489909093
57488723983184849,987144,1489909120
-4209789560665077760,987144,1489909097
-5364158292459157372,987144,1489909108
8981332913521069638,987144,1489909107
496211122436781463,987144,1489909129
2265785670657143232,987144,1489909137
4529173434671718467,987144,1489909116
-6012860834091256396,987144,1489909125
-1727639029198074041,987144,1489909115
1326101592457162986,987144,1489909095
-3518960851693521032,987144,1489909132
-4440722644442598207,987144,1489909136
-7877195604553626165,987144,1489909140
4520794872228099064,987144,1489909142
2905412636761202302,987144,1489909094
8577466341305306362,987144,1489909130
8355603781376632453,987144,1489909139
-1831428773684562377,987144,1489909110
2127391734554854675,987144,1489909086
6579085139384946906,987144,1489909116
4882900327662351786,987144,1489909109
4886842517313073778,987144,1489909105
1330702843103910419,987144,1489909118
-3377669244329563645,987144,1489909093
-6567752949907720907,986873,1489909144
5338838602725635373,194938,1489909093
-6567752949907720907,986875,1489909144
-5920901731420037508,955937,1489909144
2162966995175044557,986862,1489909118
-245488916084599322,986862,1489909099
2299621003099958777,986862,1489909095
234874523863131881,986525,1489909095
-3235921943437683602,987068,1489909130
4092022280736322112,986970,1489909091
2774865206036075609,986970,1489909113
-5001510546954696543,986970,1489909114
-7614556756722934215,986415,1489909139
999932672112280878,986203,1489909137
-1675378029154599552,986287,1489909095
-2006513856418297525,986899,1489909143
4131715877810866604,987126,1489909096
3980780184380802517,987126,1489909111
-910837332789280402,987126,1489909131
1377251932652435374,987126,1489909130
5381524410438478098,987034,1489909129
-5562745065356485924,987034,1489909122
-6132257580797927631,987034,1489909086
-2255968475251618775,987034,1489909102
7995469211684532867,987151,1489909118
4529173434671718467,987151,1489909106
-6403217749267655036,987151,1489909099
8937518696317055175,987151,1489909143
-8439860444020821023,987151,1489909102
9114857570972894222,987151,1489909088
-7955293990415587278,987151,1489909087
2431727066874777202,987151,1489909134
7192125563701742678,987151,1489909137
4489107357269016813,987151,1489909085
6166931643721491128,987151,1489909103
5267640978820392648,987151,1489909140
8110596465327487334,987151,1489909106
7127906908462326217,987151,1489909137
7135416732321875611,987151,1489909128
-722102631552864477,987151,1489909138
-5161486362268222112,987151,1489909120
-9143956984096983667,987151,1489909096
-6630905560190833747,987151,1489909127
5582128529953600353,987151,1489909114
-2798393521523404986,987151,1489909090
4328045587509458938,987151,1489909139
-7950991269117515067,987151,1489909144
8461608164590258912,987151,1489909125
4092022280736322112,986969,1489909123
2774865206036075609,986969,1489909120
-7215775434625145752,901535,1489909111
7921181535569264560,981536,1489909106
-5364158292459157372,987150,1489909087
2265785670657143232,987150,1489909089
-8439860444020821023,987150,1489909109
2431727066874777202,987150,1489909140
-7955293990415587278,987150,1489909092
8937518696317055175,987150,1489909143
-6040104979458719216,986010,1489909099
7087727078711005871,983592,1489909128
6820923550989203532,984432,1489909098
-8537443109514873502,986898,1489909131
8023565509492703945,986898,1489909087
-5496614067365022515,986898,1489909127
-3533568401947007083,986934,1489909104
-5555071879060732519,987017,1489909105
-1689249714629929353,198160,1489909118
8666616163262032458,982339,1489909104
6841049188720904912,96000,1489909085
-217682029238165050,986712,1489909121
666554939913637843,986712,1489909101
7122574518828928813,987128,1489909118
-5111275217423894068,987128,1489909123
-4262343705942668023,987128,1489909141
8441758078882325870,987128,1489909098
-6450865893005491457,987128,1489909142
229668880468537970,987128,1489909112
8817138094537360799,987128,1489909136
8788362414405263983,987128,1489909129
3571631105480043775,987128,1489909095
-6199796973366454115,987128,1489909123
-2713477651099805615,987128,1489909098
7473245628866452747,987128,1489909125
-2459607945267825296,987128,1489909090
-6499565234108781707,987128,1489909131
8081777098486481796,987128,1489909119
-5955827742806873309,987128,1489909128
6438127536479057026,987128,1489909129
3296044738928958086,987128,1489909115
-2264659797835445473,987128,1489909092
-6545528886362293275,987128,1489909137
-7517201487039417299,987128,1489909093
1748475465601505363,987128,1489909114
755745639581236714,987128,1489909109
-3971085394761463492,987128,1489909108
-8076403009061601314,987128,1489909113
-6474601815955681717,987128,1489909098
2907194555325499306,987128,1489909103
4974032060068186072,987128,1489909135
902241202319632084,987128,1489909129
-1021817552112682452,987128,1489909118
5144670709931727085,987128,1489909123
-6815301060424009662,987128,1489909137
2211734187186374679,987128,1489909106
-9040422419895488352,987128,1489909100
3503866094952794019,987128,1489909131
529031087801799141,987128,1489909091
-2791469717159036404,987128,1489909121
-5416488687075593686,987128,1489909088
-3449284422917298299,987128,1489909108
-8644216685396682664,987128,1489909096
7653393931852640342,987128,1489909109
-6655022952352402509,987128,1489909109
6314718774104123019,987128,1489909106
8547807706390055281,987128,1489909098
-3455865906499721153,987128,1489909117
147710971857636435,987128,1489909102
508212536602011763,987128,1489909119
6102521198919705396,987128,1489909131
6738519065596053151,987128,1489909124
6526235599047196081,987128,1489909111
-2094277316431211073,987128,1489909114
-1774044220232015111,987128,1489909086
-1378938771532553726,987128,1489909138
-4987482327067320357,985962,1489909093
5145324979914235759,985962,1489909109
6165767178381812281,985962,1489909085
-87095186440023625,986467,1489909125
-6019630753342741365,986987,1489909131
263419015676252786,986987,1489909101
-3271229583422108770,986987,1489909113
3720514004265445166,986987,1489909142
-1141143793128939879,986987,1489909119
2505087297527310654,972878,1489909116
1583717066956577548,972878,1489909126
-586458707057863600,987134,1489909141
-545209278707075238,987134,1489909108
-7245864630121001196,987134,1489909096
-5373819552108739066,987134,1489909092
-6545528886362293275,987134,1489909107
-442329711903377916,987134,1489909099
-4304485044662269348,987134,1489909086
6314718774104123019,987134,1489909109
-5336880303879616076,987134,1489909134
-2043411857898604800,987097,1489909116
6408757683839214575,987097,1489909095
1719540872128181635,987097,1489909090
3455358305638100507,987097,1489909141
-3966757732888538585,987097,1489909104
-3374538995868815297,987097,1489909113
-2150760349730961579,987097,1489909106
-611322138020426240,987097,1489909137
-3682292990321662175,413542,1489909105
5092087497014900218,987011,1489909143
4438441822266417398,987011,1489909101
-7103838799231767305,987011,1489909086
-1675378029154599552,987011,1489909091
5982300808741788162,987011,1489909097
-7637698324350306408,987011,1489909110
4799921961240433143,987011,1489909105
545284459481776794,987011,1489909104
5507521442617297765,985626,1489909102
-8751228412841196656,985626,1489909090
-1675378029154599552,985626,1489909095
5481249708373356656,985626,1489909094
5338838602725635373,194931,1489909093
-3546551257843988387,986630,1489909135
5927937851606430114,918508,1489909121
-3684061044998461037,345163,1489909105
2903053123708700808,983348,1489909109
205077537396955440,986491,1489909084
9197788716832812579,987002,1489909134
7796305663671914829,979750,1489909094
2474082021947884187,986950,1489909131
-2799488279260051159,981770,1489909104
-101370297727667045,986702,1489909103
4198405797982251906,986702,1489909119
5632928648015628018,986702,1489909121
-7038978812977888850,986702,1489909121
5928140023621169303,986702,1489909099
-8662234521629602044,986702,1489909110
6393530175752642117,986702,1489909142
-4984110611344565873,986702,1489909094
2268088985938498576,986702,1489909116
-8650247554673409871,986702,1489909102
3515522011053600962,987138,1489909142
-6545528886362293275,987138,1489909086
5751678994323373511,987138,1489909094
2150696418257669464,345258,1489909087
5507521442617297765,985329,1489909141
-8751228412841196656,985329,1489909102
-1675378029154599552,985329,1489909096
-2089956019984833220,965646,1489909135
-4138253620673561988,985663,1489909106
8943739441324720042,883660,1489909087
-1807201816473927878,986510,1489909095
-4984110611344565873,986510,1489909098
-7823806493357492698,986510,1489909138
-7637698324350306408,987046,1489909092
1538658416949043165,51831,1489909134
4815930554294684365,986624,1489909110
-277606772658003967,986624,1489909131
-9111979078700923152,986624,1489909092
-2111948523629431764,986624,1489909135
4167551661599092364,986624,1489909142
4222237163714973519,986624,1489909127
1964572745363142599,986637,1489909127
-1685916070326277115,982184,1489909123
-1840425817681277104,986840,1489909086
6611564878387675228,987101,1489909101
-6720664688067595777,987101,1489909140
9190271925216822526,987101,1489909130
8845399371911756850,987101,1489909124
-8014695545312414154,987101,1489909098
2502315219947716035,987101,1489909139
293177748862714531,987101,1489909094
1968859139072045534,987101,1489909112
-8048528274546789211,987101,1489909106
-611322138020426240,987101,1489909095
-3374538995868815297,987101,1489909093
-6144218839706831479,987101,1489909121
-2781624300668612685,987101,1489909091
1739401185806021485,987101,1489909108
-3799686061189377103,987101,1489909117
4941866205882242861,987101,1489909088
5515638182803286695,987101,1489909128
304947670192945454,987101,1489909099
-1853541925405032246,987101,1489909111
8084855838141612370,987101,1489909111
-2172053743703772771,984678,1489909093
7107973279285113818,987084,1489909117
441259707874587388,987084,1489909131
-8024137178533864146,987084,1489909100
1719540872128181635,987084,1489909129
-3966757732888538585,987084,1489909123
5244970017395269640,987084,1489909119
6408757683839214575,987084,1489909133
2265785670657143232,987145,1489909137
-5364158292459157372,987145,1489909102
-3218082996640588437,986838,1489909130
-2809590662126047934,981816,1489909136
-7458994708660422988,877317,1489909106
-5335862508592714143,987060,1489909135
-4476493495798735641,987060,1489909143
6300100921472220854,987060,1489909128
4820675299902343351,985873,1489909127
-8470295479909404905,985873,1489909104
7694236735636230770,985873,1489909109
2863824795358968623,985873,1489909085
-3336483380234030101,985873,1489909125
-7530253472162248305,986291,1489909093
6911804173883230203,986961,1489909122
-5125896812964188792,986961,1489909101
-8074733725332471115,986961,1489909098
-2962170078260316374,986961,1489909120
-7250005886265399234,986961,1489909127
4167551661599092364,986961,1489909130
-3767713955533882123,986697,1489909120
-779025356969468416,985262,1489909138
-622466451644442055,985262,1489909142
-5783505526366195718,984739,1489909144
8851450203377826806,984739,1489909087
-512467892007821177,984739,1489909140
-4494699455577620209,425688,1489909137
-2204004786835978214,985905,1489909097
5949863922491519162,953228,1489909124
-3664976231746680831,987047,1489909098
5381524410438478098,987047,1489909085
-681227374839214158,987047,1489909120
-1576606636081368847,987047,1489909100
4110773104582264554,987047,1489909125
6343626006781606156,987047,1489909142
7458144797802911955,987047,1489909135
-6122214981590247371,987047,1489909102
2529255743428831940,987047,1489909133
3259224563734715575,987047,1489909090
-2675899748116135221,987047,1489909110
-1315509702066472256,987047,1489909125
-5025792635745776334,986765,1489909093
-5939625261557423043,986765,1489909130
-8964127401124096164,986765,1489909113
7529758679221082515,986765,1489909129
1236741051558775543,986765,1489909094
-4446932835822778133,986765,1489909106
-3573107104348155168,986765,1489909141
7619439570596604370,986765,1489909142
-564293660890178362,986765,1489909086
-8914447025646356322,986765,1489909106
-3147438556874518427,342612,1489909100
-3716160452234403267,985229,1489909092
-8926591829149348097,985229,1489909101
-6827635648082064686,983754,1489909091
6637545958258130573,983754,1489909144
-2410737819800190246,983754,1489909093
-5105719679700899872,933642,1489909111
6653508554079803828,985363,1489909098
-7819410493496490086,986699,1489909143
1371693043287535041,986699,1489909141
3572888482814240394,984989,1489909123
2743113365703730430,986204,1489909137
-10344463093255555,916307,1489909097
-587620608621761860,187895,1489909104
-2896716503374435152,985074,1489909098
-5257663345924523804,986463,1489909105
935180437021100323,986922,1489909113
-1990311033680069474,986922,1489909134
-4431573335923405110,986922,1489909135
61721293879848686,982042,1489909101
-2866495586334384248,986531,1489909092
6491850065848546481,987158,1489909118
-3554863885595738474,987158,1489909139
-1642119418894917787,987158,1489909100
-4805127196018439995,987158,1489909139
-2562559622298320693,987158,1489909113
2065794258376444474,987158,1489909141
-5422315956074790147,987158,1489909091
-6414430043221496529,987042,1489909126
-6541824543894538361,987042,1489909111
4620360496486630874,987042,1489909127
-7245864630121001196,987133,1489909144
-545209278707075238,987133,1489909137
1426592679566176359,987133,1489909110
-5373819552108739066,987133,1489909104
-6545528886362293275,987133,1489909112
-1921139862270068346,987133,1489909131
-442329711903377916,987133,1489909099
-586458707057863600,987133,1489909142
3889061388409351854,984945,1489909115
3889061388409351854,984909,1489909115
7121672173957007355,984909,1489909098
-1248527686169525100,986957,1489909084
603349163549789873,986957,1489909138
-2470710084941242717,986037,1489909137
-4506726357660358590,986037,1489909137
3572888482814240394,984289,1489909124
-8141870045407663449,142120,1489909098
2286499069149442212,904041,1489909099
-3300221959080010703,341508,1489909129
-2172053743703772771,984500,1489909090
4092022280736322112,986962,1489909123
956931505407628229,986962,1489909128
5751678994323373511,987140,1489909094
3515522011053600962,987140,1489909129
2553560198622241674,987140,1489909106
-3585067539384080888,930142,1489909124
7135416732321875611,986674,1489909126
-7250005886265399234,986674,1489909127
6281516581636960485,986674,1489909122
4167551661599092364,986674,1489909130
-7482121243136778848,986674,1489909114
6560040701954830397,986674,1489909107
-2815410425749061278,986674,1489909142
-7607100080661415788,986674,1489909099
2088473438858739672,986674,1489909139
-1630233143785451760,986674,1489909139
-5562745065356485924,986674,1489909130
-1289585815847808611,986674,1489909137
-7970894821897908017,986674,1489909140
6873521569886724572,901048,1489909105
-5491016952090756291,987033,1489909136
6318196244231060698,987033,1489909085
-6345240212431613304,987033,1489909136
-3664976231746680831,987033,1489909141
-608209137737560964,985379,1489909120
-3218082996640588437,986839,1489909130
-7632978202673469280,940788,1489909113
6120111025846451852,987088,1489909117
1832550560364928283,987088,1489909114
-5036170688043972652,987088,1489909104
-611630229555211005,987088,1489909123
-3844614903065889923,987088,1489909103
-4669309698621311,987088,1489909143
5071654416533315269,986924,1489909117
6686642234980066799,986924,1489909137
5435029480653955466,986924,1489909107
4627695862422046524,986924,1489909113
-1642119418894917787,986924,1489909137
4621368779048197327,986924,1489909102
-8918177021100776498,986924,1489909138
-7082566985676338845,986924,1489909090
-4805127196018439995,986924,1489909143
4349886172049318887,987103,1489909121
1074639073124791,987103,1489909108
-4645998253835188192,987103,1489909088
-611322138020426240,987103,1489909110
-3374538995868815297,987103,1489909105
-3966757732888538585,987103,1489909092
-8014695545312414154,987103,1489909107
8845399371911756850,987103,1489909124
293177748862714531,987103,1489909094
-2700560205221831733,987103,1489909133
2502315219947716035,987103,1489909139
-6720664688067595777,987103,1489909140
6611564878387675228,987103,1489909101
-8254817984570722884,987103,1489909116
234874523863131881,986522,1489909131
-6448452220769928903,885278,1489909090
-4627270995554465136,984187,1489909125
2610934513985574801,987030,1489909123
106254044354184828,987000,1489909112
176171014222431432,986943,1489909136
2610934513985574801,987029,1489909116
7795215579107520607,984522,1489909140
5055870633465851179,423806,1489909119
-8549785908203381763,984468,1489909139
-4889787279119495838,985318,1489909092
-8296029541198818408,966865,1489909131
205077537396955440,986165,1489909096
5010924338349766448,970897,1489909090
3125494268467500646,986225,1489909096
-7823806493357492698,986225,1489909138
7738817952778381190,986225,1489909131
-7679830784157879545,986225,1489909114
2945264589158695821,986225,1489909097
7700790429494110605,986842,1489909124
-3851189949487769713,986222,1489909141
1499112168031379714,976360,1489909126
1925821196036141267,987080,1489909141
6798371590045736158,987080,1489909126
8644491896056206887,987080,1489909131
-5580789418205366975,987080,1489909136
2310099473112698329,987080,1489909095
-5891298979964739062,987001,1489909134
-1551637419990627817,987001,1489909122
4203377775546024832,987001,1489909117
-6303415680326757358,987001,1489909119
2485457390785657953,987001,1489909108
-5075191189570456553,987001,1489909125
7921181535569264560,987001,1489909130
1699398765158538471,987001,1489909102
-5257663345924523804,986434,1489909114
-3546551257843988387,986648,1489909135
8056472205385207262,986648,1489909098
4842362833311998565,986649,1489909143
-6260611891085905383,986649,1489909092
-7309843914158538373,987153,1489909102
-5161486362268222112,987153,1489909120
-7607100080661415788,987153,1489909141
5408003774998976405,987153,1489909140
-8796362245775144769,987153,1489909104
5267640978820392648,987153,1489909134
8461608164590258912,987153,1489909125
-6630905560190833747,987153,1489909127
-722102631552864477,987153,1489909138
-7950991269117515067,987153,1489909138
-748011344946158356,987153,1489909143
8110596465327487334,987153,1489909106
5582128529953600353,987153,1489909114
2813709660650016383,987153,1489909108
-2798393521523404986,987153,1489909090
7192125563701742678,987153,1489909132
-8377608280565798128,987153,1489909110
6166931643721491128,987153,1489909102
-2764597017439043984,987153,1489909097
8937518696317055175,987153,1489909125
-9143956984096983667,987153,1489909096
6773730812438372001,987153,1489909103
4328045587509458938,987153,1489909139
2431727066874777202,987153,1489909122
-5221942471579341280,987153,1489909136
-622648259368652013,987153,1489909111
-8910982192592218913,987153,1489909118
-608512278438321269,987153,1489909088
7986986801307783849,987153,1489909133
179985861196250057,987153,1489909134
8223231090223994470,987153,1489909087
-1270140465774361330,987153,1489909142
-2100417382438199041,987153,1489909099
-5677195824737442660,987153,1489909127
-5903141281875055742,987153,1489909095
-2323015374686671936,987153,1489909137
-7220680144282164595,987153,1489909136
2567574936776751007,987153,1489909123
-2995172635675882975,987153,1489909136
-4082256074524693851,987153,1489909109
-2525226786578600137,987153,1489909105
-2432924040688180416,987153,1489909109
9210113358822765377,987153,1489909099
140709971799410659,987153,1489909105
-1908040541316814569,987153,1489909136
6066370500030785094,987153,1489909137
-237798194116597357,987153,1489909099
1450520165977519851,987153,1489909132
-4705958408356175775,987146,1489909098
2265785670657143232,987146,1489909115
-5364158292459157372,987146,1489909097
-1626484579870981169,983767,1489909092
6043169602161276780,958786,1489909092
-3715914207647428219,986977,1489909130
745941517136040203,975858,1489909103
-5219649703822038726,975858,1489909087
-7232371115744194678,975858,1489909119
-12985247495730251,975858,1489909101
5411717724960687420,986191,1489909136
-7843763191104895968,986913,1489909100
-4587816165139527784,986913,1489909113
2162966995175044557,986849,1489909119
4630904243558631696,936427,1489909114
-4037681492694254278,987077,1489909089
-5864387572702277009,986663,1489909101
1733549872866308858,986556,1489909139
-4851902360093695134,986556,1489909093
4989139362350836608,986556,1489909092
-1587978183177714056,986556,1489909097
5742426809331286132,986556,1489909106
7473895773266295496,986556,1489909119
97014015001683529,986556,1489909104
5263708759692698471,986963,1489909112
5517723365691535909,986664,1489909102
-277606772658003967,986664,1489909131
5638774623749265849,986848,1489909122
-6990955658884463902,986848,1489909114
-662357081578731984,986848,1489909104
8277479780567663888,986848,1489909098
9137872266161739842,986848,1489909115
4257357894394510408,418038,1489909140
-6899619031737527103,985548,1489909095
745941517136040203,987072,1489909086
3996149642391221321,987072,1489909136
8961598987265301471,987072,1489909113
-2563214971283381209,987072,1489909103
-49418527811635079,987072,1489909110
4875487455093245350,987072,1489909136
5225515399183659257,987072,1489909097
2310099473112698329,987072,1489909103
-5653400787701388250,987072,1489909108
-2781624300668612685,987072,1489909129
8161196691969955348,987072,1489909122
1266432874626465375,987072,1489909094
46954784889315726,987072,1489909126
3312010446384678571,987072,1489909114
-6982324858885485585,987072,1489909110
3650159696649711862,987072,1489909134
6459538057786328235,987162,1489909122
3202728720923277145,987162,1489909123
2148516593616022495,987162,1489909098
-5515041515114513205,987162,1489909134
3592472166720419695,987162,1489909140
1643620614886425123,987162,1489909113
7646469377715353911,987162,1489909135
-8964127401124096164,981696,1489909121
3407141938749171766,984782,1489909107
-6689304795250543064,984782,1489909135
-5125896812964188792,984782,1489909101
2115368416541232584,987123,1489909112
8599933430374919537,987123,1489909131
4490521321326084885,987123,1489909093
7487276611888302148,987123,1489909112
-2700560205221831733,987123,1489909111
1434606155858018615,987123,1489909104
-5793939716141747864,987123,1489909114
-8441146062756709948,987123,1489909115
-7224574167683634085,987123,1489909134
-4644939439317289009,987123,1489909101
3980780184380802517,987123,1489909118
-6564135885165463699,987123,1489909143
5207895166201845339,986418,1489909125
2162966995175044557,986866,1489909114
4689262926772526706,986592,1489909121
-7368270569822128955,986592,1489909086
4976978582227884936,984940,1489909138
-2184786412023601931,980018,1489909095
5624275828392330690,986586,1489909132
1483421773214247399,986586,1489909119
-9072869440240942368,986586,1489909105
-2907548127912420599,986586,1489909118
2087147455267561947,986586,1489909132
-2815410425749061278,986586,1489909116
-8599804712584148798,986586,1489909099
7279021138901725456,986586,1489909117
2088473438858739672,986586,1489909131
8866122840305683177,986586,1489909136
3088715293254049965,986586,1489909087
-7970894821897908017,986586,1489909140
1190539244692491733,986586,1489909110
-2320669449804251515,986586,1489909097
-8816304117239786585,986586,1489909118
-1630233143785451760,986586,1489909136
-5730365114258075545,986586,1489909117
-1546702265111331601,986586,1489909102
62047502666134695,986586,1489909140
1414669271104790013,986586,1489909124
2270770624962298705,986586,1489909090
8973501682202590835,986586,1489909106
-2571772967950530747,986586,1489909128
9031534233955907919,986586,1489909084
-4447291755998201807,986586,1489909136
7240483231422705662,986586,1489909137
-4994038004316288476,986586,1489909115
8526863514065839694,986586,1489909111
-1039130540947263259,986586,1489909102
-109190807121297284,986586,1489909119
4886842517313073778,986586,1489909098
5942037292641838790,986586,1489909136
1808557998222458308,986586,1489909105
6426955298085940776,987021,1489909096
4799921961240433143,987021,1489909105
-1266316388370006768,987021,1489909129
-7637698324350306408,987021,1489909110
4438441822266417398,987021,1489909093
-1675378029154599552,987021,1489909090
-8859910545094884265,987021,1489909084
-4212718901048968086,987021,1489909120
4575896517989857612,987021,1489909088
-1870236443638212156,987021,1489909090
8232214902542087949,987021,1489909143
2763386527731628235,979751,1489909086
-8740799926089514097,945416,1489909118
-1397973022153980894,983931,1489909087
-8554702026866257889,830707,1489909119
-1685916070326277115,982540,1489909123
-5403709902732530545,982540,1489909087
-3270248605693994538,342221,1489909142
1765017358841434996,986715,1489909124
-5843707155526085336,347128,1489909126
-5257663345924523804,986451,1489909114
8037837477527942723,987064,1489909125
-3235921943437683602,987064,1489909130
-8071460234521857453,343518,1489909105
6737906323212346940,979402,1489909141
-7368270569822128955,986499,1489909087
-5118382135886187722,987071,1489909112
-7574802548555327695,987071,1489909138
7716731312702695816,987071,1489909120
7362312185249992689,987071,1489909113
2821361116055172178,987071,1489909141
-617913107086971281,987071,1489909112
-8494612023876393431,982365,1489909133
4438441822266417398,986981,1489909138
-4342637574393696191,986981,1489909087
6485764507429155988,986981,1489909126
1436343007616550649,986981,1489909106
-5900569150977736945,974441,1489909112
3365199475042975689,974441,1489909132
713548710025279033,963853,1489909125
-858410596204389427,943559,1489909085
-2084786008269447680,986978,1489909101
-155835986286769360,986978,1489909135
1454943343879923841,986978,1489909107
197267830627367121,986978,1489909097
3216573135773250396,986978,1489909144
4314561969792281084,986978,1489909108
-1064339354240644482,986978,1489909116
1864165046955521766,986978,1489909114
-5674214429876172493,986978,1489909095
-5309350321294633080,986978,1489909089
5899796865796394671,986978,1489909120
2075545488072561006,986978,1489909097
9133440504180556498,986978,1489909121
5398214137768649440,986978,1489909125
2406800620282346216,986978,1489909134
657477004100651971,986978,1489909117
4903561865325815235,986978,1489909119
911735168970706421,986978,1489909093
5517007622101852120,986978,1489909129
-1979843437290136602,986978,1489909109
2400955637467781480,986978,1489909101
-4019087998882399041,986978,1489909102
8396865014256800032,986978,1489909088
7057724123642677894,986978,1489909137
3057132488978996595,986978,1489909103
8968346541791097225,986978,1489909107
6314431433905447227,986978,1489909144
6246177296271753158,986978,1489909104
2319898446242484710,986978,1489909089
-8206506787725047649,986978,1489909114
-4960809967912201695,986978,1489909138
-8798858325576154105,986978,1489909106
3728345554661523999,986978,1489909089
3515425623598114398,986978,1489909096
-4495675380687914423,986978,1489909141
-1120693205676564325,986978,1489909095
3260080478071389598,986978,1489909141
-5957322955487357027,986978,1489909139
8212620480212758500,986978,1489909103
3019861691257938648,986978,1489909142
1648774700938807745,986978,1489909139
6136999350849117675,986978,1489909131
2421473463729989466,986978,1489909122
1134868585381850023,986978,1489909102
6588989116414686521,986978,1489909136
722998596090435691,986978,1489909108
-6558405758693247785,986978,1489909116
341574363300834727,986978,1489909085
4043497663857480448,986978,1489909097
3702268611558394199,986978,1489909108
-8991152422775293566,986978,1489909103
-6635842320774903946,986978,1489909088
-7525625881345195410,986978,1489909125
-796007099610427940,986978,1489909089
-6535870092344727425,986978,1489909112
8092301474450740347,986978,1489909094
3403103874895549160,986978,1489909132
-1178992747937477296,986978,1489909090
-6688171277269598944,986978,1489909140
-448708978405919231,986978,1489909093
-4587816165139527784,986978,1489909107
5533090272453302758,986978,1489909115
5807547992153303475,986978,1489909086
3033015099103701250,986978,1489909087
-5337670132287652682,986978,1489909089
-7168701408297249249,987108,1489909102
2832416270199049637,987108,1489909118
3131426636820166544,987108,1489909100
4667161113817937452,987108,1489909116
6182928507378201110,987108,1489909125
5247733074168488265,987108,1489909097
1216871022675916225,987108,1489909080
-3766334823423715329,987108,1489909128
7840292068430926533,987108,1489909128
-1250536539546389134,987108,1489909130
2133686117707861007,987108,1489909119
5690012441461311937,987108,1489909122
8018403834223310429,987108,1489909105
-7033690979712753056,987108,1489909136
4668521016864578700,987108,1489909120
-4945910793001393800,987108,1489909125
-3638986815281242043,987108,1489909138
6132669267198200557,987108,1489909124
8406834855352720548,987108,1489909124
-8982220989154470828,987091,1489909107
-1320109773362466535,987091,1489909097
-12985247495730251,987091,1489909094
6408757683839214575,987091,1489909133
-7402516987664521451,987091,1489909105
1719540872128181635,987091,1489909120
-3966757732888538585,987091,1489909120
-8141502221749412342,987091,1489909090
-3966428919485442397,987091,1489909119
-4209789560665077760,987091,1489909101
-7104715137010609406,987091,1489909129
-2043411857898604800,987091,1489909130
-3374538995868815297,987091,1489909142
-4271600921043639439,987076,1489909094
3650159696649711862,987076,1489909094
7051889222633190754,987076,1489909085
6798371590045736158,987076,1489909144
7280398945163721121,987076,1489909122
-17205652281625622,985186,1489909127
1705941193131838571,986253,1489909116
-7284473653636381163,982199,1489909124
5750253427887301071,987137,1489909133
3666334903247281669,987137,1489909133
3515522011053600962,987137,1489909142
7055524904557568656,985159,1489909135
-608209137737560964,985487,1489909092
1112455132477266370,987087,1489909128
1087738136160367313,987087,1489909143
-573631567517208374,987087,1489909139
7529166755605696692,987087,1489909134
-8976192215835968057,987087,1489909126
-3377669244329563645,987004,1489909125
-4724277258983338737,987004,1489909102
5533090272453302758,979448,1489909108
-3104925828078205849,986997,1489909124
198592851966815759,986997,1489909095
-3847412469192161344,986997,1489909141
-4431573335923405110,986912,1489909135
935180437021100323,986912,1489909113
-3664976231746680831,987057,1489909091
5654501859617060341,987057,1489909123
7704818745493243059,987057,1489909117
-4301678105320521897,987057,1489909135
525231043240106750,987057,1489909126
4686571367694903408,987057,1489909132
-7454958404127372990,987057,1489909115
3496452493276779463,987057,1489909137
-5176951681690448158,987057,1489909142
2295848858829154414,987057,1489909115
-4098392540242698570,987057,1489909101
8886255756009163915,987057,1489909124
-4772744699805673865,987057,1489909141
1130017724840358775,987057,1489909125
-5178802418561495985,987057,1489909101
-681227374839214158,987057,1489909136
1426592679566176359,987132,1489909119
-6545528886362293275,987132,1489909120
-5373819552108739066,987132,1489909110
-545209278707075238,987132,1489909137
-5075454900350958813,986881,1489909130
7683079300744258973,986881,1489909116
8577466341305306362,987147,1489909086
2265785670657143232,987147,1489909098
-7955293990415587278,987147,1489909099
-5364158292459157372,987147,1489909092
2431727066874777202,987147,1489909140
-5294181001239939890,984752,1489909141
-3407216739666968525,984752,1489909108
8036198176913574914,985736,1489909128
-1774044220232015111,987129,1489909085
-2094277316431211073,987129,1489909114
-6545528886362293275,987129,1489909124
-5373819552108739066,987129,1489909110
1426592679566176359,987129,1489909119
-5674214429876172493,977773,1489909097
-6815011106391261866,986249,1489909133
7789417645136166663,986249,1489909093
6907506174555642331,986249,1489909101
8389909540316102881,986249,1489909122
-2628208813223735539,986623,1489909131
-8547614896699912717,986946,1489909117
-6933984715347158527,986946,1489909114
-7103838799231767305,986946,1489909137
-2410737819800190246,986946,1489909093
382835741640160114,986946,1489909130
-1675378029154599552,986946,1489909094
3151056590881463997,986946,1489909141
6283394382913725878,986946,1489909113
1278175319578758135,986946,1489909102
1138992663921458823,986946,1489909119
9182076455968063753,986946,1489909125
-4148280273624725303,986946,1489909116
2988679104885554628,986946,1489909115
3341837016806217961,986946,1489909122
-4976204847806171591,986946,1489909135
8582892493149556015,986946,1489909136
8159078112136725227,987083,1489909134
-2767521120125255804,987083,1489909122
3473052434446366029,987083,1489909140
7448410337960307799,987083,1489909092
-5036170688043972652,987083,1489909138
-3844614903065889923,987083,1489909140
6120111025846451852,987083,1489909132
-285077794415254174,344596,1489909142
4317471418248749285,986667,1489909118
-143607151448784837,986720,1489909113
5080079553289312505,985577,1489909085
-1026191322634905039,946035,1489909134
-6598835272944602831,986682,1489909116
-3573107104348155168,986682,1489909139
6637545958258130573,986682,1489909129
7385516299128701090,986682,1489909110
1769661969374859868,986682,1489909089
-1466953475117479082,986682,1489909094
-8914447025646356322,986682,1489909101
-308008550518648078,986682,1489909117
8582892493149556015,986682,1489909121
-8663697092683545360,986682,1489909126
-7456298558079325699,986682,1489909138
-8161502238663777825,986682,1489909144
-8547614896699912717,986682,1489909095
-6425504898922714489,986682,1489909131
-9188132488627187168,986682,1489909086
-1991851484848232300,986682,1489909099
-7251212144947468173,986682,1489909092
-8328173296936053839,986682,1489909119
-8419863953698632881,986682,1489909094
-6353696109004929485,986682,1489909105
1822050566682537573,986682,1489909121
-7511370978165901873,986682,1489909125
-7536700522822244347,986682,1489909132
3441406641455178273,986682,1489909106
-440356730332028282,986682,1489909122
5818981685475890169,986682,1489909122
6831534768526865334,986682,1489909125
2294763498427349716,986682,1489909120
4884698757969320907,986682,1489909120
-1675378029154599552,986682,1489909089
7965608531915401152,986682,1489909117
7172269953343338562,986682,1489909123
5831002408286269813,986682,1489909142
-1513307013629968319,986682,1489909105
6709689988098733526,986682,1489909130
-179170252055826421,986682,1489909101
-3175743985175226743,986682,1489909100
6929531882052349132,986682,1489909089
-1053534485820020479,986682,1489909112
-7824901233243977622,986682,1489909105
8340019824063585209,986682,1489909119
5928140023621169303,986682,1489909116
-7813019361602168438,986682,1489909132
7719715836336015118,986682,1489909094
-1217955600037466546,986682,1489909115
8205732484552614568,986682,1489909105
-7387035118595926650,986682,1489909142
1082648113602197821,986682,1489909133
-6393024652261927107,986682,1489909124
-3273433917348638043,986682,1489909136
-1834370466067732197,986682,1489909110
-1944737319327148332,986682,1489909136
3527881813807699088,986682,1489909093
6914489807224099299,986682,1489909102
-7977977370288020294,986682,1489909114
-4769529099896678142,986682,1489909123
4062094979785779235,986682,1489909115
-6013971700324031433,986682,1489909129
8210913423921618065,986682,1489909138
5005408916931954155,986682,1489909139
-5427490333513644496,986682,1489909127
3995920541166755158,986682,1489909088
2954491058060910295,986682,1489909138
2386335337061168546,986682,1489909127
-691154887373572524,986682,1489909101
5313012493523378876,986682,1489909108
-8072175143873065639,986682,1489909086
6556784088561083532,986682,1489909142
5524203809339191833,986682,1489909088
-2076370020367620748,986682,1489909100
3356004303866079828,986682,1489909086
-6434496983638153345,986682,1489909108
-1941128423490281659,986682,1489909097
6481715533338059738,986682,1489909101
-7735303315763992440,986682,1489909133
-7394338853957420417,986682,1489909098
-31206199311333034,986682,1489909120
-5481073385985173445,986682,1489909129
3309857633665239496,986682,1489909141
1482859368454316208,986682,1489909100
2829494079580572228,986682,1489909128
1184224645807369083,986682,1489909087
-297197223363689482,986682,1489909092
6578573609778739675,986682,1489909131
-677939813683255351,986682,1489909134
-4133752735931186163,986682,1489909088
-378847965979968642,986682,1489909133
-2518038060929340232,986682,1489909132
173252035843712444,986682,1489909135
897750292070944638,986682,1489909114
5527555977513191366,986682,1489909092
4330939032303713404,986682,1489909127
7619439570596604370,986682,1489909127
4849394416685523240,986682,1489909131
6392589810928254196,986682,1489909135
8640339838449420218,986682,1489909138
2896766385247615410,986682,1489909141
-1653878836640931198,986682,1489909086
-6385612502933846352,986682,1489909142
-1444662068465832123,986682,1489909108
4767821896255476789,986682,1489909105
-938860541282472550,986682,1489909145
-2546615133133444955,986682,1489909108
-6182109705108990147,986682,1489909100
-824360600257336063,986682,1489909097
2654167805946110620,986682,1489909090
-3298040367722394595,984551,1489909138
-726642416230340681,986993,1489909127
-1840425817681277104,986908,1489909131
2091059837829661923,976467,1489909140
-3365865972991562580,987136,1489909119
-7238965843961412126,987136,1489909138
-442329711903377916,987136,1489909092
-586458707057863600,987136,1489909095
-6545528886362293275,987136,1489909092
-7722120293057883954,986788,1489909141
7789417645136166663,986788,1489909134
-8074733725332471115,986788,1489909098
-6199458591540849510,986788,1489909094
218556931894047011,986788,1489909101
-9147330499303964391,986788,1489909087
9150652147596314865,939411,1489909132
6241410282701294856,939411,1489909124
-4306746773977798251,939411,1489909140
-6109857746993720183,939411,1489909115
849332066346507633,968717,1489909102
-6670117617665120409,987044,1489909140
-4316470949817263087,986053,1489909089
7774402596328676023,986802,1489909105
-4446932835822778133,986785,1489909085
1377711955955614586,987062,1489909113
6647465724495194798,987062,1489909110
4603699639669416718,987062,1489909140
-108130832241339825,987062,1489909103
2213091678577769220,987062,1489909094
-6293580442792529992,987062,1489909106
525231043240106750,987062,1489909126
-3646284266289328932,987062,1489909105
1188255590565729020,987062,1489909141
682523007369571891,987062,1489909122
608175479708257878,987062,1489909138
-7164030810675329889,987062,1489909095
-2169057803065834586,987062,1489909118
-6736216568267981818,986747,1489909094
7603781864612414805,986747,1489909097
-2960028422474894807,986747,1489909112
-1431519660219792806,986747,1489909104
-2865980122856709210,965965,1489909109
9205673625047343211,987130,1489909143
-7183016340437502095,987130,1489909138
8340019824063585209,987130,1489909103
-4810080848268607005,987130,1489909117
82461700648927143,987130,1489909088
1231775463716067976,987130,1489909101
-6193028974639819058,987130,1489909098
6942681975206701063,987130,1489909106
5207895166201845339,987130,1489909119
-5436692338477966563,987163,1489909119
-8784962092288229494,987163,1489909124
8185752100935730452,987163,1489909139
5984765621816826193,987163,1489909092
-4683588957843572365,987163,1489909103
-5730365114258075545,987163,1489909101
7338953365858407768,987163,1489909096
-215053214991652227,987163,1489909135
-8323919736219035051,987163,1489909100
7911638693026070990,987163,1489909143
-2562559622298320693,987163,1489909105
-2166039239066429821,987163,1489909143
2454860554686520438,987163,1489909114
6523701947586024102,987163,1489909112
1929473636650140634,987163,1489909120
-4634697265598504130,987163,1489909092
2065794258376444474,987163,1489909136
-4842461362760786585,987163,1489909088
-437734787330220721,987163,1489909144
5869102942651064163,987163,1489909143
864809112663849277,987163,1489909108
-4327208781362251157,987163,1489909131
-2594731290936644,987163,1489909097
-3361177343590392254,987163,1489909113
-4039500803539193946,987163,1489909135
-215547125702249272,987163,1489909141
-2147834418430330951,987163,1489909140
-309771140040969478,987163,1489909118
1126653682255293148,987163,1489909141
7782858445364509207,987163,1489909133
948111703011720657,987163,1489909097
8952782885354917430,987163,1489909142
3707575467749389797,987163,1489909128
8761345654482571130,987163,1489909142
-8392741529113686428,987163,1489909134
-8074377368347468518,987163,1489909141
4882524841748229485,987163,1489909145
-4423377737865484805,987163,1489909133
3504818284993032314,987163,1489909137
6127398368836644518,987163,1489909100
-574860926591969539,987163,1489909087
2602830388902407983,987163,1489909097
8321339520102369733,987163,1489909127
-1980764872258247657,987163,1489909088
3607821021161169809,987163,1489909133
5509894660871529516,987163,1489909140
198088863260672455,987163,1489909140
-2200041567728324380,987163,1489909131
4725580088784090486,987163,1489909132
2474082021947884187,986966,1489909111
-2850712491596283754,986966,1489909116
254894901671021555,986966,1489909135
6007384654353519147,986966,1489909119
-3725792840543500758,986966,1489909127
996252410402628266,986966,1489909131
3524972999795918832,986966,1489909115
863068543863936815,986966,1489909134
-2028053794834693253,986966,1489909122
-7284117710319244629,986966,1489909103
-1715705069197710671,949713,1489909124
-337074965645985765,949713,1489909129
-8941969108919961323,983971,1489909086
-622466451644442055,983971,1489909142
-779025356969468416,983971,1489909138
7042404463130397841,986348,1489909088
-2089956019984833220,973027,1489909135
-608209137737560964,985385,1489909120
8199391734393112616,986450,1489909137
996252410402628266,987014,1489909116
-7390599052085955804,987014,1489909088
-6303415680326757358,987014,1489909136
-7103838799231767305,987014,1489909091
2048117683368532002,987014,1489909089
-3944990010599194667,987014,1489909143
118640015504623908,987014,1489909091
-1179360316005268496,987014,1489909116
-3287739447355283732,987014,1489909131
-3176421383503049778,987014,1489909116
-4630524303795991142,895901,1489909122
-7697342270815154813,986689,1489909123
-5310880698240085895,986689,1489909140
756304366620726670,986689,1489909101
1499112168031379714,986689,1489909118
-2048598929808470987,986689,1489909101
5758925791589357404,986689,1489909143
4900551267533532492,986689,1489909114
2299206861305942096,986689,1489909135
7936963791630013670,986689,1489909137
7582060182310134867,986689,1489909140
7593949388235948690,986689,1489909091
-8495197028939766817,986689,1489909136
591392105400349734,986689,1489909090
-6541776062572001648,986689,1489909106
-174796647957415378,986689,1489909131
4978049750038865813,986689,1489909092
3101197509927949339,986689,1489909113
7406604072803499107,986689,1489909120
-4945404876212901577,986689,1489909102
-3669351594807088820,986689,1489909125
-6806432858595608609,986689,1489909097
-4923118038398998449,986689,1489909144
9031534233955907919,986689,1489909143
-4261922782482606990,986689,1489909121
965671293226532427,986689,1489909118
3230010632514722391,986689,1489909107
-3097159589880444085,986689,1489909126
-7137917117405895446,986689,1489909139
6102521198919705396,986689,1489909097
1211814087408336439,986689,1489909091
6163779656604060846,986689,1489909135
-4587816165139527784,986689,1489909119
-2065732105019937235,986689,1489909114
1808557998222458308,986689,1489909089
-7078793362580639125,957539,1489909140
-180573764307697162,984322,1489909115
-2896716503374435152,985440,1489909103
-3076229847157871929,985440,1489909088
8597980768514116737,983824,1489909096
-8373214311909145500,922410,1489909122
-1516431844919840231,985107,1489909085
-1015236509548386164,985107,1489909093
-8671259658754032988,985107,1489909099
-6015693106007580892,985107,1489909127
3057132488978996595,985107,1489909139
443834361377979363,985107,1489909111
-2967553129490257580,985107,1489909118
-1671792042815590875,985107,1489909101
-2693679623668945443,985107,1489909094
-4734004134629378812,985107,1489909085
-7512900123853142760,985107,1489909137
6709183284890859721,985107,1489909128
657477004100651971,985107,1489909127
6795508052887085347,985107,1489909124
3766210291588254506,985107,1489909113
377619392608131982,985107,1489909133
-5874722929677834084,985107,1489909124
5261712279141492897,985107,1489909120
219084553842276360,984049,1489909085
-6696521596981252809,984977,1489909096
-8180966439342428852,342384,1489909112
4026323733977410715,986910,1489909113
-3595960177846640425,987141,1489909087
2553560198622241674,987141,1489909106
5786217713689377454,987141,1489909108
3515522011053600962,987141,1489909089
-502873021357424443,987141,1489909092
5511301671776360677,987141,1489909142
9187558451175277004,987141,1489909117
-1084480844807785743,987141,1489909090
7855973794578182637,987141,1489909106
6415300117867010309,987141,1489909110
-5743341238486302164,987141,1489909094
4037208708270681211,987141,1489909104
-1521592888530243810,987141,1489909098
6686355593601163436,986971,1489909094
-1316690729687625766,986971,1489909100
-3011772942187504042,986971,1489909089
5592389167220601527,986971,1489909115
2863362951781136201,986971,1489909095
4104348612693365031,986971,1489909114
-4316110654814682208,986971,1489909114
8342119549537535283,986971,1489909132
-5987299916582765609,986971,1489909144
-1539535447833094778,986971,1489909145
-1266316388370006768,986971,1489909129
6221023402631425718,986971,1489909137
4438441822266417398,986971,1489909138
-2359704830098887443,986378,1489909133
-512467892007821177,979708,1489909138
6212437139326925854,979708,1489909093
-4630524303795991142,979708,1489909123
-3270248605693994538,342222,1489909142
3720514004265445166,986999,1489909123
-6303415680326757358,986999,1489909134
4203377775546024832,986999,1489909127
-5891298979964739062,986999,1489909134
-1551637419990627817,986999,1489909122
7572723798212456057,987102,1489909143
-8786093286752580379,987102,1489909137
-3374538995868815297,987102,1489909087
2832416270199049637,987102,1489909142
3918747191023467,987102,1489909109
1688701761483316833,987102,1489909120
2963263529297418252,987102,1489909119
7840292068430926533,987102,1489909134
97014015001683529,985025,1489909092
2402036289506802386,985025,1489909135
-2571772967950530747,985025,1489909090
-5270591704698061449,985025,1489909119
7630777254568031580,985025,1489909115
3019861691257938648,985025,1489909145
-5174125725553153378,985025,1489909132
-4647907154746317158,985025,1489909097
7835876476356692089,985025,1489909094
-9173814401309144005,986713,1489909116
666554939913637843,986713,1489909143
-217682029238165050,986713,1489909124
-2150760349730961579,987100,1489909106
-2043411857898604800,987100,1489909089
3455358305638100507,987100,1489909137
-611322138020426240,987100,1489909137
-3966757732888538585,987100,1489909100
-3374538995868815297,987100,1489909111
-8014695545312414154,987100,1489909107
1074639073124791,987100,1489909108
4349886172049318887,987100,1489909121
-4645998253835188192,987100,1489909088
2139768199311060853,987049,1489909126
5960735121841453626,987025,1489909140
1087596294679567095,985733,1489909101
1681493208911968559,985733,1489909100
5638508382279149844,985733,1489909124
-8453680022116972385,985733,1489909115
6149157079369077920,985733,1489909095
-3449284422917298299,985733,1489909099
-6891444703728277052,985733,1489909140
-8816304117239786585,987155,1489909097
1190539244692491733,987155,1489909086
5435029480653955466,987155,1489909120
-5730365114258075545,987155,1489909108
5071654416533315269,987155,1489909118
-6933767072716426508,987155,1489909123
4627695862422046524,987155,1489909113
-777866260390137648,987155,1489909137
-4413752079885124703,987155,1489909105
4621368779048197327,987155,1489909101
-1642119418894917787,987155,1489909137
-8549785908203381763,972356,1489909130
-7132219577723648388,400671,1489909086
7994124841360911558,986658,1489909102
-8552221714030487195,986917,1489909114
1377711955955614586,987127,1489909119
-7866609290255429463,987127,1489909143
3776075507895409522,987127,1489909141
1377251932652435374,987127,1489909122
8453953406885059735,987127,1489909091
-1618975093019585841,987127,1489909085
-5111275217423894068,987127,1489909143
3980780184380802517,987127,1489909096
5515638182803286695,987127,1489909105
8081777098486481796,987127,1489909132
7122574518828928813,987127,1489909123
-6545528886362293275,987127,1489909142
-6836247457788755655,987127,1489909088
-6199796973366454115,987127,1489909123
3296044738928958086,987127,1489909115
229668880468537970,987127,1489909112
8817138094537360799,987127,1489909136
7473245628866452747,987127,1489909127
6102521198919705396,987127,1489909136
5719564994176108412,889410,1489909097
-3844614903065889923,987085,1489909140
-5036170688043972652,987085,1489909134
6120111025846451852,987085,1489909132
-8996211396365217450,987085,1489909133
1832550560364928283,987085,1489909114
1898234081216939762,344608,1489909121
3889061388409351854,984928,1489909098
234874523863131881,986523,1489909111
2763386527731628235,979749,1489909086
-6390371331776833886,986607,1489909098
-3646284266289328932,986607,1489909129
6560040701954830397,986607,1489909124
-910837332789280402,987125,1489909125
7298872727886214293,987125,1489909100
1377251932652435374,987125,1489909130
3980780184380802517,987125,1489909103
-7866609290255429463,987125,1489909143
-6545528886362293275,987125,1489909142
7122574518828928813,987125,1489909125
7686354080328614614,987125,1489909087
8188996413409198185,987125,1489909130
-5111275217423894068,987125,1489909143
-1618975093019585841,987125,1489909085
3776075507895409522,987125,1489909141
922399904869349729,987125,1489909140
8081777098486481796,987125,1489909132
6083244967520484624,987032,1489909088
8656241642172539905,984757,1489909123
-6878053985559498889,985296,1489909130
-2892269045997973267,982743,1489909108
-8552221714030487195,986703,1489909114
-1471481941244257011,987154,1489909132
629017506550313713,987154,1489909114
-3551581644947855285,987154,1489909127
4733696522699624045,987154,1489909137
8382647422633821371,987154,1489909122
-163061988413680630,987154,1489909092
2431727066874777202,987154,1489909117
-4278858379988834789,987154,1489909087
-4991863872994217622,987154,1489909091
7338953365858407768,987154,1489909107
-5730365114258075545,987154,1489909119
-9208105472177410896,987154,1489909134
5386727588287293418,987154,1489909096
3721485671468538774,987154,1489909120
3088715293254049965,987154,1489909087
4905612393129826998,987154,1489909098
-1727282441737480508,987154,1489909089
3552948891807513321,987154,1489909088
-1270140465774361330,987154,1489909114
8438023980072082931,987154,1489909103
-5226250342734327366,987154,1489909140
-3443925871826779864,987154,1489909129
-8266699695434543063,987154,1489909134
-3266746725073203031,987154,1489909109
-6428988915923025344,987154,1489909132
-4117538938540202331,987154,1489909113
-346442735909009708,987154,1489909108
5316816254480669207,987154,1489909086
-6395546880131093931,987154,1489909106
-5448848514078432966,987154,1489909086
5096804360454341595,987154,1489909124
1190539244692491733,987154,1489909110
-5779039634999300379,987154,1489909126
-6597325793001898956,987154,1489909110
1228035047570835195,987154,1489909114
-8816304117239786585,987154,1489909118
6625306094519064636,987154,1489909097
5030331390518917539,987089,1489909135
-611630229555211005,987089,1489909113
7986245832670199187,987089,1489909118
-4669309698621311,987089,1489909143
6891076328341975619,987089,1489909129
8332485726609119330,987089,1489909138
-2369607695602478928,987089,1489909131
-3844614903065889923,987089,1489909098
7266017841368671714,987089,1489909125
4452189306527836489,987089,1489909091
-6558405758693247785,987089,1489909097
-2907548127912420599,987089,1489909133
1856338562134264196,987089,1489909128
7722736204753353560,987089,1489909104
7459099492220794646,987089,1489909089
8453953406885059735,987089,1489909131
-8880465833009534073,987089,1489909129
-7229415213581406135,987089,1489909127
-8967959510930644520,987089,1489909132
8201290759227749887,987089,1489909104
2816952994969007166,987089,1489909107
-5706328072555709585,987089,1489909143
-1795848462986205017,987089,1489909106
-3864485428692708269,987089,1489909142
-6295764048918844650,987089,1489909111
-5905298316907777532,987089,1489909129
-4212718901048968086,987026,1489909120
4575896517989857612,987026,1489909088
-1266316388370006768,987026,1489909108
5960735121841453626,987026,1489909140
4438441822266417398,987026,1489909086
7911561795312804441,987026,1489909091
-794374277070454870,987026,1489909094
-4358020545364255641,987026,1489909125
-4762141962146977835,987026,1489909118
-1241938461216684506,987026,1489909106
968745307529540488,986928,1489909113
-2643031945771964567,986928,1489909104
2474082021947884187,986928,1489909139
-7103838799231767305,986928,1489909143
-668832275694884329,346582,1489909099
155792492787905262,986298,1489909086
61721293879848686,982472,1489909124
-8475475943424511418,982189,1489909137
4820675299902343351,985910,1489909128
-8666939469158299257,986749,1489909114
3117850399424435953,889159,1489909093
-3441961342042597446,987114,1489909118
8886255756009163915,987114,1489909116
-248049593206784936,987114,1489909133
-8430272978093690837,987114,1489909138
5134169245414826459,987114,1489909096
5690012441461311937,987114,1489909085
3551064758316281552,987114,1489909134
4517339243237134933,987114,1489909138
2931804076636057483,987114,1489909135
-75051550385534557,987114,1489909092
-7709338355494738108,987114,1489909134
-5364158292459157372,987113,1489909120
5892841080578442500,987113,1489909108
-7988944595199640738,986956,1489909138
2510491763952191275,986956,1489909105
-6596213007979251011,986956,1489909132
7090495886484204208,971234,1489909108
-8468745200935893701,911056,1489909098
-3185554397419010067,955466,1489909115
-196041448800781397,986960,1489909092
8855470233590206510,986960,1489909102
6823592322154397399,986155,1489909093
5632928648015628018,986155,1489909129
-8547614896699912717,986155,1489909132
-2190621854725310583,986155,1489909118
-8650247554673409871,986155,1489909140
3650159696649711862,987075,1489909124
46954784889315726,987073,1489909126
3650159696649711862,987073,1489909134
-6001609691832910481,987073,1489909115
-2850712491596283754,986909,1489909139
2474082021947884187,986909,1489909122
6792271863153128157,986909,1489909143
-5075454900350958813,986878,1489909131
-2263821026486634540,986750,1489909088
6639021166483231526,987117,1489909140
76976552843890925,987117,1489909137
4517339243237134933,987117,1489909125
5965154017245510107,987117,1489909107
-8430272978093690837,987117,1489909087
-7709338355494738108,987117,1489909120
2931804076636057483,987117,1489909103
-3864266228180281724,987117,1489909137
2286887059252210606,987117,1489909124
3826841188389700806,987117,1489909144
1699398765158538471,987012,1489909102
-8941969108919961323,987012,1489909120
-6303415680326757358,987012,1489909112
-2089956019984833220,974137,1489909112
-7327477528485879087,416725,1489909094
8373192927522663873,940519,1489909086
-8696361822799833363,940519,1489909141
682523007369571891,987058,1489909122
-5144288791687514308,987066,1489909092
-7686329506274513437,987066,1489909095
7362312185249992689,987066,1489909113
-2646172324509664362,987066,1489909130
-5562745065356485924,987066,1489909142
7716731312702695816,987066,1489909097
-1712123343092316808,987066,1489909125
4107696838540704693,987066,1489909116
-8443732264889979929,987066,1489909120
8453953406885059735,987066,1489909145
-7412075030610282523,987066,1489909129
-2781624300668612685,987066,1489909135
8961598987265301471,987066,1489909129
4601850216749518651,987066,1489909108
-3173535965495590095,987066,1489909141
-7393267634114083740,987066,1489909133
9221433852145997919,987066,1489909139
-1727017761688257652,987066,1489909095
3407141938749171766,985753,1489909100
-8941969108919961323,985753,1489909099
-8696361822799833363,939801,1489909141
8373192927522663873,939801,1489909086
-3147438556874518427,416665,1489909095
-4963396932486891786,984191,1489909107
-5843707155526085336,347127,1489909138
-8475475943424511418,982541,1489909138
-5917367825822054331,980971,1489909090
6841755628177830567,986606,1489909117
5507521442617297765,985024,1489909142
-8296029541198818408,970963,1489909122
4769101784581180728,985215,1489909143
7293114409115032825,985439,1489909124
3572888482814240394,984762,1489909124
-7393570969789485562,987159,1489909092
5071632123501535883,987159,1489909129
-1642119418894917787,987159,1489909094
2471839912057876207,987159,1489909108
6523701947586024102,987159,1489909126
-8784962092288229494,987159,1489909137
1250158747420552919,987159,1489909135
-215053214991652227,987159,1489909140
-2562559622298320693,987159,1489909108
2065794258376444474,987159,1489909138
-437734787330220721,987159,1489909144
1091889087679644095,987159,1489909141
4773469106520030246,987159,1489909108
2454860554686520438,987159,1489909114
-2166039239066429821,987159,1489909144
-6378455178382771388,987159,1489909121
3720676122387206471,987159,1489909136
-4683588957843572365,987159,1489909103
-3664976231746680831,987027,1489909113
3512639816224498559,987027,1489909086
5654501859617060341,987027,1489909122
-6683868072021979797,987027,1489909137
-6345240212431613304,987027,1489909094
2996615184159801777,987027,1489909109
7743550627247009610,987027,1489909095
6201724984509094121,987027,1489909108
-5562745065356485924,987027,1489909115
1336564339707751776,987027,1489909096
2139810455836499164,987027,1489909130
-619213848733162414,987027,1489909132
-622400709815349372,987027,1489909090
3407141938749171766,986776,1489909107
6673719818104313138,985967,1489909121
6798371590045736158,987078,1489909138
7349075741084157358,987078,1489909102
-6448452220769928903,885098,1489909088
3774264394837702302,885098,1489909116
7706097689362475375,346101,1489909092
8260743767239530825,986945,1489909092
-1390527286562043715,986945,1489909136
4254772344967121383,986945,1489909106
-8164119983725563995,986945,1489909116
-2203546445108875544,986752,1489909104
263419015676252786,986980,1489909102
-6019630753342741365,986980,1489909131
2108468685967621798,986980,1489909085
3720514004265445166,986980,1489909142
5638508382279149844,983794,1489909128
1964572745363142599,987039,1489909119
-1881194577539761197,987039,1489909093
8619962510689007895,987039,1489909097
-6363688710786575005,987039,1489909095
-4769794010566685326,987039,1489909089
8916311647775764818,987039,1489909115
5358926295353748948,987039,1489909086
-681227374839214158,987039,1489909120
-3585067539384080888,911762,1489909132
4145494762718863279,987109,1489909121
2963263529297418252,987109,1489909119
1688701761483316833,987109,1489909120
3918747191023467,987109,1489909109
2832416270199049637,987109,1489909129
7840292068430926533,987109,1489909134
5247733074168488265,987109,1489909097
6182928507378201110,987109,1489909125
3131426636820166544,987109,1489909100
4667161113817937452,987109,1489909117
