6885241159061255518,986092,1489717279
-7857583661954388316,986092,1489717276
-5661550086583162338,985950,1489717274
6982998449060104578,951957,1489717274
-6752871339013113918,986309,1489717287
7564961890649705531,986158,1489717267
-6471787365671031824,986158,1489717306
-6466277248875235817,986158,1489717303
-7064219754728693528,986158,1489717271
4641562532621829441,985796,1489717312
-4283719956549535294,981213,1489717315
-6583968148387615896,981213,1489717281
1556737474946172873,981213,1489717321
6809018044110475014,981213,1489717263
-3660483284188845430,981213,1489717278
2302990993720321195,981213,1489717314
-3018421265773217681,981213,1489717310
-7527993694623215852,981213,1489717297
5097591976685307952,981213,1489717312
460033571470223788,986374,1489717310
-9196230020956266837,986374,1489717282
-2646028637330813221,986374,1489717297
4675158862788963384,986374,1489717316
-2165427759970616420,986374,1489717271
4107546562072916095,986374,1489717298
8530651058489988913,986374,1489717294
-5610965554012621233,986374,1489717307
5404727118473346359,986374,1489717316
-303388857904764500,986374,1489717317
-8416243495714947678,986374,1489717271
4306070958253496082,986374,1489717313
-3202910667375147445,986374,1489717311
7510465066430168820,986374,1489717282
-5982700572972432734,986374,1489717293
1512303408667145270,986374,1489717284
-3298469969214322885,986356,1489717292
-2527653631504572019,971272,1489717264
2938085972640249357,986021,1489717271
4376858324858024241,986237,1489717265
-3666179090583347599,986237,1489717321
-8058934943907575456,986178,1489717290
-1037634389703803662,986178,1489717309
-6452655082028946654,986143,1489717318
-5610965554012621233,986143,1489717267
-2127917041003459178,986143,1489717321
3312351483469193353,986143,1489717289
8530651058489988913,986143,1489717280
4185614653962701898,986143,1489717305
6809018044110475014,986143,1489717305
-6674118439306130855,986038,1489717320
-5083825975927014936,986104,1489717312
1625871503469647582,984471,1489717312
-2732251153334310704,984471,1489717322
2800976988990960993,986206,1489717264
2807508297800326705,986206,1489717277
-3969368778857680459,986206,1489717318
-8717781402622377456,986032,1489717313
8760425919917459794,986032,1489717267
-1210101171056260410,986032,1489717311
4948982036844452144,986032,1489717315
-7459701443108597352,986032,1489717303
-5540658838250538133,986032,1489717313
-6875344894606716668,985211,1489717277
-5499438481933393442,985204,1489717306
3594540790425070152,941364,1489717320
-31796776642073295,986358,1489717294
6985455492731841829,986358,1489717313
-679970061755566330,986358,1489717305
-5094785044721172825,986198,1489717316
-3006994568737776228,986198,1489717308
-8058934943907575456,986163,1489717294
4313251763831175220,928155,1489717270
9023795513304084404,985107,1489717320
4438126477298450424,985107,1489717265
5035980311282870544,985107,1489717296
5260727851230420786,986135,1489717277
-1894445806821698788,175320,1489717303
7221360369857528178,986370,1489717296
1547354662999755737,986370,1489717322
-1726720691481980775,986370,1489717317
-4774951610341710897,986370,1489717316
6985455492731841829,986370,1489717266
7521145274006196860,145358,1489717271
-4207925714004190211,986324,1489717282
2988636261329912901,986324,1489717285
-2799790276268636769,986324,1489717287
2800976988990960993,986181,1489717309
-2706727189532068408,986179,1489717312
7874421409673835920,986397,1489717274
4641562532621829441,984546,1489717300
6087204437971294100,984546,1489717296
-6910183383261635035,977179,1489717296
8213295593735543296,954294,1489717298
-3491884296916343619,343204,1489717310
6681645210035229796,985657,1489717266
-1656341897971675045,986280,1489717322
8442752382105878330,986280,1489717270
-3666179090583347599,986254,1489717270
5642022083361716012,986254,1489717266
-9215577549852066879,986399,1489717278
4444789999133032667,986399,1489717281
-2800801092949698776,986399,1489717297
-7077782342329303853,986194,1489717311
28512347964810114,985931,1489717296
290787733063082322,986113,1489717307
-8010505864976816385,986007,1489717274
2822969741973095525,986308,1489717289
-1578983210487505920,986308,1489717295
7250425193556902398,415268,1489717269
9241664788189083,415268,1489717270
6353014826321335504,415268,1489717272
3988173710859871577,986404,1489717296
9209872620052053070,986404,1489717321
-4860280033282016706,985951,1489717313
4968892332320485564,986275,1489717279
-6337742476280243296,986275,1489717320
2489609131753679761,985926,1489717270
-8749698254156947378,986284,1489717266
-542510914782047499,345979,1489717289
-570855820961263956,986258,1489717276
-1656341897971675045,986258,1489717322
-7023095505404692262,986114,1489717278
7190741200929515465,986316,1489717282
373536651371367118,986316,1489717295
-4411962585953116991,985742,1489717282
-1097084094128681650,986040,1489717280
6536156348806463021,986389,1489717313
7909593070774861441,986389,1489717292
2696212057823581694,986389,1489717280
3825596779914459180,986389,1489717319
4082708515042018833,986389,1489717296
6663611108349999519,986389,1489717282
-3093313424367208257,986389,1489717294
-2855417309474619107,986389,1489717304
-7740928342835549919,986389,1489717266
-6951098263989457408,986389,1489717308
-9121122935514876238,986389,1489717294
2247957321961658764,986389,1489717287
-923604521130014080,986389,1489717295
-2194524139333635097,986389,1489717277
-7708359696764910961,986389,1489717303
-6891834303436293287,986389,1489717309
8052477092382273622,986389,1489717313
6016332423526086653,986389,1489717307
-1231731167375849517,986389,1489717292
-4551757013202669338,986313,1489717282
-4533066662242952851,986313,1489717282
-5406804373747310907,985533,1489717322
-7935938813219132766,976525,1489717290
236495261698198673,986241,1489717279
-2155130508418556424,986241,1489717269
1615694680792334915,986241,1489717276
-5406804373747310907,986241,1489717317
-6448490124691595471,986241,1489717274
-6778990401831156929,986241,1489717290
5456612004493408347,986241,1489717303
5350363663368061567,986241,1489717294
8231175150599270732,986241,1489717278
-1634716897741914703,986241,1489717306
-5621108090861048817,986241,1489717295
3162659185429572300,973027,1489717310
-5843957941944502689,985981,1489717301
2938085972640249357,986085,1489717313
7633319537880439193,889532,1489717307
-1997357321655361256,985873,1489717298
-4372115083712557355,985873,1489717267
4684958661279315357,985873,1489717300
946591896259701725,985873,1489717316
912702058476707787,985873,1489717301
3495352513074484802,985873,1489717274
-8712230678996009848,985873,1489717310
8186917452035236088,985873,1489717309
7127153917715385654,985873,1489717317
4930304829846185650,985873,1489717273
-672892815319956553,985873,1489717281
-4110183922930930792,985873,1489717297
-5709689076232377012,985873,1489717312
-6566174130003860778,985873,1489717284
-2558229765150108559,985873,1489717315
-8322920241217994943,985873,1489717265
-1878562057627721860,985873,1489717304
1030591991353910844,985873,1489717317
-5271413452860193547,985873,1489717295
-667990055974095200,985920,1489717319
-9188534278909963720,985719,1489717301
-7077782342329303853,986209,1489717303
1089131953568189646,985631,1489717318
2825370999959525597,986226,1489717302
6618640241061839044,986226,1489717273
9089034368051140493,986226,1489717284
3191537425544180020,986226,1489717280
-8147782551090200738,986226,1489717313
1483251432630696090,986226,1489717308
7975057152942089472,986226,1489717290
3124011479153544509,986226,1489717317
7874421409673835920,986396,1489717280
3053113132720428816,986381,1489717308
-2165427759970616420,986381,1489717266
-8416243495714947678,986381,1489717271
4107546562072916095,986381,1489717291
-5610965554012621233,986381,1489717303
4675158862788963384,986381,1489717304
3691374163829322363,986381,1489717300
2544268336071635549,986381,1489717290
5381308743504238748,986381,1489717281
3380105400955917653,986381,1489717280
8530651058489988913,986381,1489717289
1615694680792334915,986381,1489717319
7591840967096271587,986381,1489717302
6809018044110475014,986381,1489717310
-2706727189532068408,986381,1489717294
-7191038556185730961,986381,1489717291
-76823999480275501,986381,1489717304
-9124267758249497592,986381,1489717287
8526832418860708198,986381,1489717267
-6448490124691595471,986381,1489717283
4185614653962701898,986381,1489717310
-1500339572555429549,986381,1489717277
2408437456189525221,986381,1489717311
2489609131753679761,985914,1489717276
-2301284138182509350,985914,1489717269
674642897389579149,985935,1489717282
6071566050254408572,985935,1489717286
-667990055974095200,985935,1489717303
-7903111783645329918,985935,1489717299
-118166593320575887,985935,1489717280
-793877737774666454,986231,1489717266
-303388857904764500,986231,1489717264
5404727118473346359,986231,1489717283
6618640241061839044,986231,1489717319
1096706496749547041,986231,1489717268
4022293545593785340,986231,1489717287
-5339076903352035886,986231,1489717290
4626942048518434543,986231,1489717297
5951663684401101982,986231,1489717269
-5851194637782179519,986231,1489717292
-5196088877404261125,986231,1489717283
-5999136788645388551,986231,1489717322
8716304581335398225,986231,1489717314
-4187352220008613592,986231,1489717303
-7527993694623215852,986231,1489717317
7203977283228604968,985239,1489717277
8552120318399788462,985239,1489717288
-8028565180915206787,986140,1489717275
3312351483469193353,986140,1489717284
7874421409673835920,986140,1489717268
-793877737774666454,986140,1489717282
-2800801092949698776,986140,1489717300
-7405656255167647142,986140,1489717303
-9215577549852066879,986140,1489717278
6809018044110475014,986140,1489717293
2411867075149634061,986140,1489717295
-1634716897741914703,986140,1489717301
7918702735750493003,986140,1489717309
-3580754192586092096,986140,1489717289
4444789999133032667,986140,1489717281
-9200849887353622866,986140,1489717308
1096706496749547041,986140,1489717269
-6503560736769133022,986140,1489717268
5260727851230420786,986129,1489717293
1097008502297248827,986129,1489717321
-3298469969214322885,986359,1489717275
-2527653631504572019,966401,1489717315
6517976970050838387,401233,1489717315
6985455492731841829,986348,1489717276
-1726720691481980775,986348,1489717317
1547354662999755737,986348,1489717322
-4774951610341710897,986372,1489717304
-1726720691481980775,986372,1489717298
1547354662999755737,986372,1489717292
-2752725891698027384,986372,1489717313
3564018884601901428,986372,1489717304
8961996028198569663,986361,1489717268
4648575874729563361,986361,1489717299
1372522148494566189,986361,1489717296
191925152172508514,986361,1489717270
6414701675121381253,986361,1489717321
-31796776642073295,986361,1489717294
-954508827994137314,986361,1489717273
-3514119121263112192,985962,1489717278
1843422167640830500,986378,1489717279
-7905840893765856794,986378,1489717284
-8717781402622377456,986250,1489717315
-7240758809976553017,986227,1489717297
9089034368051140493,986227,1489717284
3191537425544180020,986227,1489717280
-6308941838328776826,986173,1489717268
-3144402950131995877,986173,1489717320
-1037634389703803662,986173,1489717317
-7678657792284239350,986167,1489717311
-6147957266725201012,986167,1489717290
1128032568540390813,986167,1489717264
3950874300292761455,986167,1489717279
-4692084362045053917,986167,1489717285
1907223476151331867,986167,1489717287
-4283719956549535294,986167,1489717319
9096664347528647898,986167,1489717266
6422802552381304799,986167,1489717288
-1977544047111915394,986167,1489717322
-3813158929478179900,986167,1489717304
-3614165487858159775,986167,1489717322
-7440579437226851876,986167,1489717296
-6466277248875235817,986123,1489717303
-4551757013202669338,986318,1489717265
4641562532621829441,985815,1489717312
-557332962595383545,986177,1489717306
-1037634389703803662,986177,1489717311
444230995067080700,986177,1489717272
2988636261329912901,986177,1489717318
-1578983210487505920,986285,1489717289
-3122774898082013184,986285,1489717273
2822969741973095525,986285,1489717283
-7229409875768136891,985823,1489717265
-999324834591690714,985823,1489717316
4376858324858024241,986236,1489717288
1237426186139219216,344583,1489717312
-5089386711018326280,983525,1489717316
6614175557755225280,946705,1489717283
7084178347042009481,985921,1489717318
-4857264101191780476,985921,1489717309
-4109645336184153293,986332,1489717321
-7945387207085669890,986332,1489717311
-6357510676780754957,902397,1489717272
7845721115746044125,904494,1489717293
7395756229820505714,986314,1489717311
5228402152851718517,986122,1489717288
5222910147171858432,986122,1489717316
-3756085849832985543,986122,1489717264
-8504078100352022683,986122,1489717270
-3666006119901399054,986122,1489717275
-3865145117641652109,986122,1489717307
-1984805699949847614,986122,1489717303
2524241097273748085,986122,1489717297
7750806493586108985,986122,1489717320
-2903186283384634017,986210,1489717267
6184735212705177892,911817,1489717298
-5825522560828848283,986341,1489717267
1538014412666638338,986341,1489717317
6885241159061255518,986071,1489717322
-3721281780104869667,986071,1489717299
1824361691478328387,882240,1489717281
-3491884296916343619,345916,1489717310
-5620432914677038887,985736,1489717317
1163074067249166711,985736,1489717307
5350363663368061567,985736,1489717272
2489609131753679761,985736,1489717287
-8380295763329308670,985736,1489717318
838339972710716250,985910,1489717308
-4372115083712557355,985910,1489717267
-7418489354428060599,980012,1489717306
6885241159061255518,986155,1489717319
3050207423495690200,986155,1489717281
1151182080133721669,986081,1489717283
-2434937838440905517,986081,1489717322
-7536292601375406874,986081,1489717298
8318013307197255552,986081,1489717286
-8554873549264041679,986081,1489717316
-1601670427082151680,986382,1489717321
4185614653962701898,986382,1489717297
8530651058489988913,986382,1489717275
-7740928342835549919,986382,1489717319
-1486240682100748032,986382,1489717320
-1984805699949847614,986293,1489717303
-8406405662661987523,986293,1489717311
-6328737156030481605,986293,1489717294
-1818995806594186896,970904,1489717299
-6822938002270967105,986343,1489717303
-8044752640250893126,971599,1489717287
6048134475524320699,986409,1489717319
-4367064283448882950,986409,1489717281
3248857746449442303,986409,1489717263
-2404973712611105395,986409,1489717287
-2446724919367761438,986409,1489717264
2402707026686388400,986409,1489717288
163213671625597655,986409,1489717269
1190220652154389728,986409,1489717275
3740897672510257997,986409,1489717273
8978741349158876627,986409,1489717315
7742719321032049815,986409,1489717274
2299206861305942096,986409,1489717299
-3136233504941381385,986409,1489717314
-3309848830558830431,986409,1489717321
8365012583467646515,986409,1489717322
24484489867636022,986409,1489717319
-2933744935196471535,986409,1489717279
2660427044937606748,986409,1489717269
-9084521175245210796,986409,1489717269
3593040964667244693,986409,1489717279
-5124889529103560607,986409,1489717317
8926360269363240797,986409,1489717299
-416455244249632511,986409,1489717284
8262372345919142556,986409,1489717287
5729962614551221010,986301,1489717315
8442752382105878330,986301,1489717320
-3525656460107438389,985290,1489717299
-5941105372736354442,986058,1489717284
9193906152249124790,986058,1489717267
-6529532127416695852,986058,1489717273
-2540351379700655293,986058,1489717283
290787733063082322,986058,1489717315
3050207423495690200,986191,1489717280
-6283688842161072930,986191,1489717322
7005462179103208372,986191,1489717317
-8727920146867511630,986191,1489717279
-8320889544424965319,984784,1489717287
-8356069216000085143,981178,1489717265
-8176634269937071269,69979,1489717313
5201119237703532631,69979,1489717319
-8485947483831530993,986108,1489717266
-5610965554012621233,986380,1489717314
-9196230020956266837,986380,1489717289
460033571470223788,986380,1489717314
8530651058489988913,986380,1489717297
4107546562072916095,986380,1489717298
-3721281780104869667,986229,1489717282
2313425176541579722,986229,1489717296
-8727920146867511630,986229,1489717274
4684958661279315357,985973,1489717315
8207623913402585710,985923,1489717316
-2977432212958652682,986242,1489717280
-5850904312522945921,986242,1489717315
3694321057712009331,986242,1489717306
-7875375254370998125,986139,1489717264
-1486240682100748032,986386,1489717316
8530651058489988913,986386,1489717265
-4136235922036144769,986386,1489717296
416058164885100233,986386,1489717302
-3666946655591205033,986386,1489717291
4185614653962701898,986386,1489717285
-7740928342835549919,986386,1489717313
-4852787605255459967,985917,1489717293
-4288998228109992562,986238,1489717291
-7627134490573690779,986238,1489717282
-8273854032424020355,986238,1489717320
-7859271213329426464,986238,1489717300
8177662335850929105,986320,1489717318
-6040011670673368424,986320,1489717281
-6810918100173493180,986320,1489717318
4710597765688417115,986320,1489717276
-4551757013202669338,986320,1489717282
8207623913402585710,985913,1489717312
6521238782972886684,985913,1489717276
-8576483576042357434,985913,1489717291
-7559772651645759393,985913,1489717273
-9063394475512838862,986017,1489717285
687036047056397269,986017,1489717299
6782814767123465718,188625,1489717310
-5488945595690885438,405899,1489717288
7564961890649705531,986110,1489717293
-6752871339013113918,986322,1489717279
494821524039572369,986322,1489717272
-7186633926227424027,986201,1489717310
2988636261329912901,986201,1489717318
-6490198365579338675,986201,1489717289
-3660483284188845430,986029,1489717268
-8349402796240387927,985626,1489717272
-3256391259429699119,986184,1489717295
-5736073783977467577,985732,1489717263
687036047056397269,986011,1489717275
9183651365313213998,986023,1489717317
274246194549568985,985953,1489717294
-2180721602377639635,986387,1489717298
-2127917041003459178,986387,1489717291
4185614653962701898,986387,1489717303
8530651058489988913,986387,1489717278
5432958907393581469,986387,1489717270
-2420974469656412718,986387,1489717294
-3574806931397904835,986387,1489717312
-3756085849832985543,919332,1489717264
-1578983210487505920,986311,1489717270
2822969741973095525,986311,1489717272
-1656341897971675045,986311,1489717312
7236623352772781261,986311,1489717263
1590097514868509432,986101,1489717312
-2298183186920779095,986101,1489717299
-1037634389703803662,986172,1489717308
-4507028765036742508,986172,1489717282
-1056695114389100561,986172,1489717315
3816091546684072305,986172,1489717296
2390892387110343896,986172,1489717301
-8272860802622977062,986172,1489717297
8592365468146374774,986172,1489717317
-6625956719293120458,985889,1489717281
-4820893128419095533,985989,1489717299
-1899118366032922507,985989,1489717278
-4187352220008613592,985989,1489717303
6431715736542563881,985989,1489717308
-5999136788645388551,985989,1489717322
-3580754192586092096,985989,1489717282
7203977283228604968,985989,1489717317
8088730061062079655,985989,1489717272
1586339268631729490,985989,1489717280
4022293545593785340,985989,1489717282
5505710378661051060,985989,1489717277
-8028565180915206787,985989,1489717299
2320521404129244045,985989,1489717318
-8276250195217928779,985989,1489717285
5624992084931175797,985989,1489717293
-2786430496512080904,985989,1489717302
7308836962059326525,985989,1489717268
2411867075149634061,985989,1489717280
-1634716897741914703,985989,1489717292
2000560318005646342,985989,1489717268
8473364043798076984,985989,1489717264
8668289308904859501,985989,1489717298
-5089386711018326280,983712,1489717266
-5083825975927014936,986105,1489717312
2938085972640249357,986087,1489717313
9018824230786398901,986234,1489717311
3124011479153544509,986234,1489717311
-8058934943907575456,986154,1489717300
-1037634389703803662,986162,1489717314
-4065731346685084098,986252,1489717300
-8749698254156947378,986252,1489717266
-8722253800247054348,985782,1489717321
6723490774842805300,985782,1489717281
-9034054782155512282,984800,1489717264
1150923524966103150,984800,1489717272
4561985372620537588,986102,1489717307
-8402427699119291284,944418,1489717288
4736915446919720200,986093,1489717311
4710100976310332698,986093,1489717302
-7077782342329303853,986196,1489717320
4610621506531237218,984527,1489717317
-2891815919495805959,974649,1489717311
-7023095505404692262,985936,1489717281
6681645210035229796,985936,1489717299
7395756229820505714,986256,1489717310
-5102291056184631043,986256,1489717283
8330915258083819817,986256,1489717277
-3660483284188845430,986025,1489717265
-2322419219253431285,424931,1489717285
4058116226277524522,976717,1489717310
-557332962595383545,986214,1489717263
-7240758809976553017,986214,1489717312
-7875367276065407316,986340,1489717300
3979223821657527172,986340,1489717289
-5825522560828848283,986340,1489717282
-1489017330782620838,986340,1489717294
-7986656775274857333,986340,1489717306
2694992104331718292,986340,1489717314
334113968819884055,986340,1489717268
-6752871339013113918,986330,1489717270
-4109645336184153293,986330,1489717321
9018824230786398901,986096,1489717264
3535995688404432613,985972,1489717265
-980612767927113901,986406,1489717316
9209872620052053070,986406,1489717313
-2404973712611105395,986406,1489717307
4436918198351015704,986144,1489717303
5696930777461142437,986144,1489717263
-8485947483831530993,986149,1489717266
-4411962585953116991,985748,1489717286
-5006280137839889350,986379,1489717264
6501048897654986734,986379,1489717313
3373337533310776420,986379,1489717267
460033571470223788,986379,1489717314
5451608989861938142,986379,1489717278
8530651058489988913,986379,1489717297
-9196230020956266837,986379,1489717289
-5610965554012621233,986379,1489717314
6702327211053424368,985295,1489717264
-8230638933799835670,964885,1489717288
4032351038992963611,985328,1489717266
-8058934943907575456,986192,1489717285
-2716938338383828558,986244,1489717301
3252861702807002556,986244,1489717284
7777508166811481446,986244,1489717306
8760425919917459794,986244,1489717313
1241394790624430515,986244,1489717287
4376858324858024241,986244,1489717280
-4676614923036496364,986244,1489717273
3343256897896756457,986244,1489717267
4058116226277524522,984462,1489717311
1824361691478328387,893471,1489717272
8508694752145456176,986353,1489717297
-3952291026337439158,986353,1489717263
4436918198351015704,986211,1489717276
-1830959253406284974,986211,1489717283
-3666946655591205033,986211,1489717281
-3821841201715244761,986211,1489717288
-7121997727320412779,986211,1489717287
7325389690290728847,986211,1489717270
-7740928342835549919,986211,1489717306
-9124569024102012878,986211,1489717296
-1899118366032922507,986211,1489717320
7510465066430168820,986211,1489717269
-9124267758249497592,986211,1489717275
2695125314791435362,986211,1489717277
951785475782981009,986211,1489717278
-303388857904764500,986211,1489717289
4185614653962701898,986211,1489717271
6713561574788507343,986211,1489717302
1615694680792334915,986211,1489717289
7439277295196850111,986211,1489717293
6536156348806463021,986211,1489717313
-6367164884222047612,986211,1489717299
7591840967096271587,986211,1489717282
-2706727189532068408,986211,1489717278
-7191038556185730961,986211,1489717270
-2855417309474619107,986211,1489717304
-3400683474006609385,986211,1489717276
513147084656399993,986211,1489717264
1277385933114017712,986211,1489717314
3534540062140850531,986211,1489717304
-3093313424367208257,986211,1489717294
3825596779914459180,986211,1489717319
8552120318399788462,986211,1489717314
4082708515042018833,986211,1489717297
326924340421783216,986211,1489717281
2696212057823581694,986211,1489717280
5350363663368061567,986211,1489717305
-679970061755566330,986369,1489717305
6985455492731841829,986369,1489717313
-1601670427082151680,986390,1489717280
-4136235922036144769,986390,1489717315
8530651058489988913,986390,1489717272
416058164885100233,986390,1489717310
-7740928342835549919,986390,1489717319
-1486240682100748032,986390,1489717320
4185614653962701898,986390,1489717286
-6833213381296136320,952787,1489717292
-6752871339013113918,986328,1489717290
-7077782342329303853,985881,1489717286
-2903186283384634017,985881,1489717267
-667990055974095200,985940,1489717279
-4159822886421279286,985741,1489717295
-542510914782047499,345975,1489717291
-2799790276268636769,986306,1489717286
-5219809236403479224,986306,1489717323
-5219809236403479224,986288,1489717323
-3328657043413761420,986288,1489717317
3372907273657874277,986288,1489717280
-2799790276268636769,986288,1489717275
7801490022681091693,986288,1489717288
-8276250195217928779,986288,1489717301
-6255850418683163630,986288,1489717268
4271500382743681879,986288,1489717303
-5825522560828848283,986345,1489717282
-2527653631504572019,971087,1489717278
9209872620052053070,986405,1489717321
4281970230853533467,986402,1489717264
534047672701334786,986402,1489717289
-2180721602377639635,986402,1489717274
5033880189564475544,986402,1489717275
3988173710859871577,986402,1489717297
8442752382105878330,986271,1489717263
952955143400334392,986271,1489717319
2822969741973095525,986271,1489717289
-2706727189532068408,986204,1489717319
-2646028637330813221,986204,1489717311
-4857264101191780476,985922,1489717298
7084178347042009481,985922,1489717284
-5499438481933393442,985205,1489717290
4968892332320485564,986286,1489717279
-6337742476280243296,986286,1489717320
-8504078100352022683,986044,1489717295
6728778248838656925,165343,1489717304
7763646363375017968,986065,1489717313
4046583588062862378,961960,1489717318
5642022083361716012,986203,1489717315
-3666179090583347599,986203,1489717294
6221076449388043123,876594,1489717268
-5406804373747310907,984450,1489717322
-6752871339013113918,986321,1489717284
8400425320378318619,986321,1489717301
8430708923397577583,902091,1489717293
6485258404146954962,985716,1489717267
6614175557755225280,942376,1489717282
-3256391259429699119,986166,1489717295
1549707152559899021,986166,1489717316
8526832418860708198,986385,1489717267
4185614653962701898,986385,1489717311
8530651058489988913,986385,1489717286
-5610965554012621233,986385,1489717271
-2127917041003459178,986385,1489717321
-6452655082028946654,986385,1489717318
-8710123748253905137,913736,1489717302
-4899920552065066334,985130,1489717278
-3144402950131995877,986147,1489717318
-1037634389703803662,986147,1489717315
8516442904611860585,986147,1489717317
-557332962595383545,986147,1489717306
3162659185429572300,979708,1489717311
4878440479759437169,985792,1489717313
-2301284138182509350,985746,1489717269
-9188534278909963720,985713,1489717301
-6965688260670868558,986213,1489717292
5059409737342379788,986088,1489717282
8961996028198569663,958833,1489717265
7413130240924645946,984790,1489717295
2807513612499251175,971588,1489717284
7801490022681091693,986289,1489717307
-8044752640250893126,972284,1489717277
6642380911904727698,986146,1489717263
-6171365951495938235,986070,1489717275
6184735212705177892,911807,1489717305
-7728174027808810614,985184,1489717298
4826667782451742329,986156,1489717322
7564961890649705531,986156,1489717293
-3391865943332328636,8354,1489717277
-2752725891698027384,986373,1489717312
1547354662999755737,986373,1489717290
-1726720691481980775,986373,1489717286
-4404320131048837356,986373,1489717300
-2375041094210290789,986373,1489717303
-4868584201707401859,986373,1489717322
3779641522265863431,986068,1489717298
4641167157843159191,984994,1489717274
-667990055974095200,985937,1489717319
6071566050254408572,985937,1489717301
-7451711972358249749,985674,1489717294
-724856925317063954,985674,1489717322
-3666179090583347599,986235,1489717321
1538014412666638338,986347,1489717317
-5825522560828848283,986347,1489717264
1949842592104874406,986347,1489717309
-3606301113771474259,985548,1489717280
-9157488665428667862,985548,1489717319
-3746540150031537428,986273,1489717295
-7288599388976953851,986273,1489717310
5729962614551221010,986273,1489717315
8442752382105878330,986273,1489717320
-2891815919495805959,985243,1489717318
2489609131753679761,985895,1489717287
-7077782342329303853,986116,1489717320
-5736073783977467577,985266,1489717277
7954792796141936807,985629,1489717319
6202713981852234398,985928,1489717319
-7255016622290428533,985258,1489717319
-2527653631504572019,970292,1489717289
-2382600550514628807,986292,1489717321
7750806493586108985,986292,1489717320
2524241097273748085,986292,1489717297
-3865145117641652109,986292,1489717307
8320438080851360671,986292,1489717319
-8230356892112432431,986292,1489717310
436852071340561358,986292,1489717314
-1120422432158464709,986292,1489717293
-8689174352154017439,986222,1489717300
-1608605019444042350,986222,1489717276
-3991870210836549882,986222,1489717266
-345829054086971501,986222,1489717281
-7240758809976553017,986222,1489717300
-3686517525580138732,986222,1489717307
3495352513074484802,986222,1489717288
-8090283603853878703,986222,1489717308
-3952291026337439158,986354,1489717263
8508694752145456176,986354,1489717267
-3298469969214322885,986354,1489717292
-5843957941944502689,985939,1489717301
1027487542714866429,981743,1489717297
-1559585620119876233,985440,1489717264
5808800753935333165,958876,1489717272
-5813774310904566483,966710,1489717292
-2434937838440905517,986223,1489717281
-8058934943907575456,986223,1489717265
1737171778067864018,986223,1489717308
-7945387207085669890,986338,1489717311
-4109645336184153293,986338,1489717313
9183651365313213998,986061,1489717311
-6632878134854407737,986274,1489717286
-5110483026424428064,986274,1489717321
2390892387110343896,986193,1489717296
8722795142486606949,986193,1489717285
-8058934943907575456,986215,1489717277
4438126477298450424,984953,1489717308
1315433723948514129,986394,1489717315
-5056525924132874893,986394,1489717317
-1231731167375849517,986394,1489717292
-2855417309474619107,986394,1489717283
3825596779914459180,986394,1489717266
2247957321961658764,986394,1489717287
-6951098263989457408,986394,1489717308
-8406923848596781746,986394,1489717281
-976630738476866638,986394,1489717295
-4995219406036458706,986394,1489717295
2916510856883017326,986394,1489717265
-9121122935514876238,986394,1489717294
-4551483525712857237,986394,1489717295
4523744217387016853,986394,1489717322
757862639698325983,986394,1489717272
3922858071828324649,986394,1489717296
-7708359696764910961,986394,1489717303
5095676589351571391,986394,1489717302
8052477092382273622,986394,1489717313
-2194524139333635097,986394,1489717277
-2865921139265090638,986394,1489717303
5107072459985952547,986394,1489717272
2361978964139571834,986394,1489717318
2449561404536247940,986394,1489717274
7874421409673835920,986394,1489717280
1810797666868252345,986394,1489717266
5336894019534574285,986394,1489717309
7917373098772154127,986394,1489717273
3345974458034340929,986394,1489717302
-5392306997754404352,986394,1489717284
-8553909090037170176,986394,1489717293
-6971246328728986076,986394,1489717278
6846473298402053713,986394,1489717296
-1634716897741914703,986394,1489717263
2208943187551854590,986394,1489717306
-7676900615704241886,986394,1489717290
294388226468990638,986394,1489717269
-4827147637526380812,986394,1489717283
6801376686842026215,986394,1489717286
5426592849617495916,986394,1489717263
6286587182038395671,986394,1489717287
-2606582822939799848,986394,1489717306
-9086190547076249314,986394,1489717295
6684827584172974563,986394,1489717316
4032351038992963611,986098,1489717307
3110148858283779510,986098,1489717291
-5825522560828848283,986344,1489717275
-6337742476280243296,986268,1489717274
2358522865524711590,977053,1489717316
-2404973712611105395,986407,1489717307
2299206861305942096,986407,1489717310
3740897672510257997,986407,1489717279
1190220652154389728,986407,1489717276
9018824230786398901,986221,1489717319
-2781528777527589969,420300,1489717305
-4489970128171590112,986362,1489717289
-1726720691481980775,986362,1489717275
6728778248838656925,986362,1489717266
-4620231930422732522,986362,1489717317
4675158862788963384,986362,1489717316
6933926334193405374,986362,1489717281
9018824230786398901,986228,1489717319
-7240758809976553017,986216,1489717304
-1608605019444042350,986216,1489717277
-6337742476280243296,986281,1489717292
-8176634269937071269,69988,1489717313
-118166593320575887,985945,1489717271
-667990055974095200,985945,1489717263
8643227445848233812,926569,1489717269
6517976970050838387,928922,1489717298
7156258113739212784,985982,1489717321
-2840194864813435969,985982,1489717306
-1127066971039526534,972937,1489717267
-4195991779265600922,972937,1489717285
-3585746561702936238,972937,1489717303
4561985372620537588,986120,1489717307
-5089386711018326280,983229,1489717318
7397278548282136477,985640,1489717290
-2901319398230623580,896333,1489717284
8828984754876062577,986051,1489717283
-8044752640250893126,966156,1489717316
-3666179090583347599,986243,1489717311
5642022083361716012,986243,1489717315
-2527653631504572019,968741,1489717315
-2695656358265673006,904265,1489717296
2538397959403049682,972031,1489717273
740786466642466518,972031,1489717300
-5124889529103560607,986408,1489717317
2299206861305942096,986408,1489717287
1713430946142248394,986408,1489717319
4224669738389010676,986408,1489717318
-6466277248875235817,986169,1489717291
-1037634389703803662,986169,1489717317
-6529532127416695852,986006,1489717273
5642022083361716012,986251,1489717307
-3666179090583347599,986251,1489717288
-6815148174659517016,984010,1489717304
4271500382743681879,984010,1489717270
-4310957836567766600,984010,1489717321
3967270162034160659,984010,1489717280
-7627134490573690779,984010,1489717282
-8273854032424020355,984010,1489717320
5381308743504238748,984010,1489717291
1715662747557253870,984010,1489717264
-5736073783977467577,984909,1489717289
5228402152851718517,986349,1489717294
1949842592104874406,986349,1489717281
8508694752145456176,986349,1489717297
1151182080133721669,986349,1489717304
-2828418124891322571,984709,1489717291
425447896120045521,190541,1489717312
-3491884296916343619,417340,1489717285
-2800801092949698776,986401,1489717292
4444789999133032667,986401,1489717274
5033880189564475544,986401,1489717267
-8276250195217928779,986401,1489717277
6809018044110475014,986401,1489717286
-4989913152705386802,986401,1489717301
378312952491417790,986401,1489717263
-4857264101191780476,985916,1489717309
7084178347042009481,985916,1489717318
-6622383583913149095,986126,1489717274
-3503504679260048492,986126,1489717316
-6150985086991991451,978024,1489717308
8371495150795846961,986262,1489717289
-8722253800247054348,986262,1489717280
-6761038026435534193,986262,1489717310
-6852910421047301965,986262,1489717314
-3746540150031537428,986278,1489717296
-5499438481933393442,985173,1489717306
274246194549568985,985941,1489717294
-8591034024895684684,982680,1489717300
1027487542714866429,982680,1489717297
-7060667467034130567,982680,1489717274
3250675688032553736,985704,1489717282
-2763504208102315500,985551,1489717292
2313425176541579722,985024,1489717299
6290953492669593,985712,1489717296
-5089386711018326280,983441,1489717318
1949842592104874406,986350,1489717309
-8485947483831530993,986151,1489717263
-7419868008520414305,985790,1489717310
416058164885100233,986392,1489717279
7325389690290728847,986392,1489717286
7510465066430168820,986392,1489717279
4185614653962701898,986392,1489717279
2695125314791435362,986392,1489717284
-3666946655591205033,986392,1489717283
-7740928342835549919,986392,1489717307
-7121997727320412779,986392,1489717287
-4109645336184153293,986339,1489717287
