5018372381058116415,984271,1489377348
-1075962314697005001,984271,1489377312
6265089725034866831,984271,1489377349
-7289344992281972256,984271,1489377315
8855123200786795458,984271,1489377342
-7895073394563339039,984271,1489377326
-2792414452129271356,984274,1489377352
8855123200786795458,984274,1489377324
-7989224582313406748,983930,1489377313
-6928580379493135799,983919,1489377357
2167719938739009963,983919,1489377343
-1272686574453814026,983919,1489377348
-2469696146262380138,951856,1489377350
6695377296599985265,983931,1489377340
5577191090865209086,983449,1489377305
-1844970554138196969,983449,1489377358
8111015904275648148,983449,1489377335
-3651948376902666329,984219,1489377330
1053169834135575851,984219,1489377333
-4416598069548052762,984219,1489377332
939420048249818197,983152,1489377307
-8232253780648661620,982038,1489377324
-5190116857260059553,981216,1489377316
6157802167628021826,981216,1489377359
-5541532875151196465,984104,1489377327
-6363575791588788483,984104,1489377338
1128407002035870960,984104,1489377343
8697183839598468360,984321,1489377346
-3615510218079932152,984321,1489377317
-7116115279585580680,984321,1489377329
-4540629203168040595,984321,1489377347
-8232525638539166111,984321,1489377323
6057292111768200858,984321,1489377346
5708242581035374683,984321,1489377341
3932197965495795800,984321,1489377354
-3692829163136270318,984321,1489377300
774601309064400708,984321,1489377330
-5700812355811335316,983724,1489377310
3903444994710487524,983724,1489377307
6512630466995899372,983724,1489377309
-8562594390934740,984385,1489377301
4841877927847601114,984385,1489377313
-36412538149615857,984385,1489377312
-2135148950555325254,984385,1489377340
8329306064355392410,984385,1489377310
3247348906437196459,984385,1489377355
2128673249892148362,984385,1489377301
8129887742522962630,984385,1489377358
-8692887656495984970,984385,1489377305
3151671159134699503,984385,1489377304
-5333327045093292975,984385,1489377302
1898835042241743159,984385,1489377315
7169295066912253096,984385,1489377349
6836735499407254262,984385,1489377352
-4952509431141232498,984385,1489377336
-2223834093036630033,984385,1489377335
6084508943860078847,984385,1489377319
-2382758081748796562,984385,1489377344
-3665794897984857468,984385,1489377359
2547322848367900141,984029,1489377314
-8232253780648661620,982054,1489377315
-8110731269374183528,984369,1489377303
697659200745739466,984369,1489377322
-7031254753165327970,984369,1489377313
-6995638559756400445,984369,1489377327
-1264915455768182814,984369,1489377314
-4756527179171814878,984369,1489377305
-6224266447261716723,984369,1489377309
-4884207867054102968,984369,1489377322
-360898692052319375,984369,1489377357
-8115458353204293480,984369,1489377352
-2984975525474820262,984369,1489377349
5096545660912849695,984369,1489377340
5095782958260521329,984369,1489377336
5053983120352399601,984369,1489377358
-5349561249178298647,984369,1489377343
870091684830264047,984369,1489377302
-3793908930654279652,984369,1489377357
7451784254954799641,984369,1489377325
-5322400626852915668,984369,1489377316
3758064148871385174,984369,1489377325
-7357391296591897498,984369,1489377334
-582193849492598523,984369,1489377346
3621054082853325308,984369,1489377321
7371617190432144469,984369,1489377335
7814098750266683508,984369,1489377341
6175412103876070755,983824,1489377306
-6483366169515281641,983824,1489377354
8667357218129016544,983368,1489377316
-1719308002329505911,984166,1489377351
-7480640484677266059,984166,1489377311
9083011607451396144,984270,1489377327
4590461271146242667,984270,1489377311
1666326531832972686,984270,1489377310
5018372381058116415,984270,1489377357
-7289344992281972256,984270,1489377321
-9104808341668398203,984270,1489377348
8855123200786795458,984270,1489377344
-7408683868471005323,984270,1489377344
-5643714629678234269,984106,1489377320
-1075962314697005001,984106,1489377357
8121892401486401373,984357,1489377347
3605402364588806792,984240,1489377334
-3051034608534483894,984240,1489377340
105236111515433611,984300,1489377309
-6020619512149407255,984300,1489377311
7282188726736115561,984300,1489377316
-8468033602410919253,984300,1489377306
-5877309344428254622,984300,1489377306
-2014626283632130834,984300,1489377344
5079672516860944638,984300,1489377317
5947420857267291421,984300,1489377325
1053169834135575851,983849,1489377350
-3575430228726752783,982421,1489377320
-6654250852064840880,982421,1489377337
-6408584810672458396,984162,1489377348
-4701583195848943637,984310,1489377314
-287402913411590591,984310,1489377335
6359894334547748748,984310,1489377303
-292401890702657647,984310,1489377337
2240635777900331969,984310,1489377343
761492856922778034,984310,1489377347
5941710745683800486,984310,1489377342
5357448849802635000,984310,1489377308
1055426515589855535,984310,1489377303
3140652583007640062,984310,1489377328
-8915607243208574994,984310,1489377337
5515620250376124889,984310,1489377324
-3476121168120409831,984310,1489377330
8835128629404262900,984310,1489377325
4571025808851961109,984310,1489377300
-4807882983622161093,984310,1489377338
-3087953092683296907,984310,1489377356
5749573151274001050,984310,1489377355
8919376306296459953,984310,1489377354
4682225577609763101,984310,1489377355
-7955256523052608608,984310,1489377345
5659314212620766230,984310,1489377344
8572495530778699498,984310,1489377354
-6805683914013696587,984310,1489377314
221607258005126034,984310,1489377357
1211314710220705884,984310,1489377343
1070594423369815817,984310,1489377339
-7808948902851550278,984310,1489377316
1881176578640421362,984310,1489377333
2938918241274516194,984310,1489377336
7026283280879381733,984310,1489377325
2358053029757916691,984310,1489377317
8260841851826254738,984310,1489377358
-4510228734896112638,984310,1489377347
-1416623943020179608,982922,1489377339
5506283365296818533,983386,1489377329
-4805493661076013749,984096,1489377347
-1324462735860054952,984096,1489377310
-974234017300536807,981426,1489377305
-6287420286731689612,939801,1489377301
8084991257710214256,984170,1489377325
8111015904275648148,983694,1489377331
-8168249254259838785,983694,1489377339
8578488774539117057,982544,1489377345
7374377566387074920,185361,1489377322
-755054073716044525,981811,1489377300
4415908937976386441,984288,1489377335
-1569327624826433545,984288,1489377312
-8468033602410919253,984288,1489377338
814236164885768017,128976,1489377355
-1894836425443235007,978011,1489377304
-6892072576700806820,978011,1489377347
-8910930414092630923,936370,1489377309
-7962175337390031807,983464,1489377341
-1186161594209299923,983581,1489377322
5411565336763890258,983623,1489377349
-3171063910164473645,984293,1489377333
-2014626283632130834,984293,1489377338
-4430979361634644330,984293,1489377356
-7493845102126377416,978725,1489377316
4541395455841882961,978725,1489377312
1928349328456128236,981451,1489377351
8561168960740581282,981451,1489377307
7063671080378116343,981451,1489377321
-6067345115990143740,981451,1489377352
2855845667804752652,962178,1489377331
1833167141417765319,400750,1489377308
-1186161594209299923,983577,1489377351
-3015413623787353331,984379,1489377307
-538865231950040586,984379,1489377321
3934214269371205659,984379,1489377333
-3523301257309707516,984379,1489377326
-9012343222478357352,984379,1489377317
-4473849792593694463,984379,1489377333
-4113527027946680180,984379,1489377353
-8711562056186829430,984379,1489377343
559853818903107542,984379,1489377328
8550623442403963667,984379,1489377347
7764464480888721728,984379,1489377334
-4919060890787994108,984379,1489377342
341496413629102483,984379,1489377332
-8249817603132625605,984379,1489377318
-3571675804471516494,984379,1489377359
-4894781062200694092,984379,1489377322
-4038650755610250592,984379,1489377323
-4209522179501524808,984379,1489377306
-6144343181385777141,984379,1489377355
972919028788989996,984379,1489377357
4944972446288565205,984379,1489377355
3377252078950995212,984379,1489377346
-1206547786342411089,984379,1489377305
7244079942967540295,984379,1489377325
3602924995046030727,984379,1489377317
4878230340240197248,984379,1489377336
1118300455005264708,984379,1489377328
7903951327186478,984379,1489377309
1406972728974252544,984379,1489377336
5181885693254170891,984379,1489377342
-6332087636139038947,984379,1489377334
4908579715090685990,984379,1489377302
-5097706321278683783,984379,1489377316
7565534967595716950,984379,1489377301
-1784450769698280547,984379,1489377341
-7392834606900277322,984379,1489377349
8494129624935604593,984379,1489377341
584500489217855308,984379,1489377333
-7277085748087699032,984379,1489377336
3955119271154299724,984379,1489377331
3674820711744504231,984379,1489377326
-5782969785230259647,984379,1489377344
-486141934092010093,984379,1489377346
-5220601490570799163,984379,1489377332
6970885406403156081,984379,1489377322
-3115227277892090806,984379,1489377315
1396332752163260464,984379,1489377338
-3944197984423754354,984379,1489377353
2461587717125838391,984379,1489377332
745446048600501899,984379,1489377305
8201217467628818297,984379,1489377313
-9023448173633311397,984379,1489377308
5206964590619240145,984379,1489377328
5227025913102316934,984379,1489377357
4682145858150274245,984379,1489377347
6241817613480941619,984379,1489377313
4695581556283672281,984379,1489377321
4189449187371650182,984379,1489377310
1630540891821555621,984379,1489377351
-3698682780217846406,984379,1489377353
-5874842323714539992,984379,1489377354
3247156383420669470,984379,1489377351
2597491810662997220,984379,1489377345
3630985982014241821,984379,1489377337
-254815867203490955,984379,1489377325
-686453083033981902,984379,1489377353
-6870699204186863243,984379,1489377338
-6328123332247609043,984379,1489377337
4486840985597478107,984379,1489377325
6604539218122593818,984379,1489377341
-7245550472251267802,984379,1489377313
-5867340014486712417,984379,1489377336
7227717601341523338,984379,1489377309
-3888205055141632502,984379,1489377345
-1876278810704391474,984379,1489377344
3727003204212682702,984379,1489377318
7830713996446395090,984379,1489377352
-5906833081787647317,984379,1489377319
-6972738993779292832,984379,1489377335
-158946086172375021,984379,1489377332
6845541661015496005,984379,1489377332
2518290859576078016,984379,1489377324
5421825503590687657,984379,1489377324
-2871187513829677036,984379,1489377320
375514055158597608,984379,1489377343
7690478961742508578,984379,1489377359
5858528302662562736,984379,1489377320
67006549769332594,984379,1489377316
-4928675417613222022,984379,1489377353
2085542495597230215,984379,1489377337
7328093349482774844,984379,1489377300
-7411105703654208903,984379,1489377354
6962205939148906160,984379,1489377341
7963123404834088423,984379,1489377318
-5505272283178230955,984379,1489377327
-7864248522211237838,984379,1489377359
-4720434839835355778,984379,1489377345
-6879806262094933563,984379,1489377317
8833671304721710560,984379,1489377352
-9020181073347046189,984379,1489377338
-3302542009108337872,984379,1489377350
-3479507335616453328,984379,1489377324
1809011757894477792,984379,1489377338
-36412538149615857,984379,1489377357
6699211080004324992,984379,1489377352
3153933064870347124,984379,1489377312
962888581874155022,984379,1489377359
-5816621908827203170,984379,1489377339
-729454935082996435,984379,1489377359
6627500713250663133,984379,1489377327
2943357675723301927,984379,1489377305
4852028774611217274,984379,1489377350
8062785200288722413,984379,1489377322
-8350382136044095277,901621,1489377338
-1949532340192055588,984346,1489377306
2747671321072322036,984346,1489377359
4693345524388559364,984346,1489377358
4787102770932019804,980018,1489377322
2534792250377284909,984187,1489377314
-6483366169515281641,984187,1489377347
8113144890499840337,984187,1489377355
-5871381092078317683,984187,1489377310
6683609711083498029,984187,1489377358
-7068121536102117087,984187,1489377314
8740444296143715234,984187,1489377330
6260650868865650432,984187,1489377300
3123130482692796046,984187,1489377347
5224984203886630645,984187,1489377350
3691976706836380785,984187,1489377349
-6719976487212872121,984187,1489377305
2343342283897457026,984242,1489377342
-6443749984499829001,984242,1489377349
8552120318399788462,981438,1489377324
1250766952176190904,981438,1489377305
8764623954482072274,981438,1489377322
4319067808615058695,981438,1489377341
-1964850662600759931,981438,1489377313
-6718576170909749853,981438,1489377326
5242425956443226213,984278,1489377350
4943478878604275124,983710,1489377317
-3296360732119867349,879655,1489377303
-5079477540480960075,984367,1489377327
-5967768756442599916,984367,1489377315
-853065495093937436,984367,1489377341
6624608681939162569,984367,1489377327
4662219644848524885,984367,1489377322
-618838353561533676,984367,1489377315
-5145665491156329920,984367,1489377352
4323070656687788668,984367,1489377357
-7442079619042405989,984367,1489377343
1206675102147660958,984367,1489377329
-2899143148553319933,984367,1489377320
6716972793580873933,984367,1489377351
2776867206715008334,984367,1489377331
-2857913328643082870,984367,1489377308
-1453747966772288793,984367,1489377351
8187445934177093152,984367,1489377316
-9011475818205514278,984367,1489377353
9210370588327113628,984367,1489377317
-431839352424610727,984367,1489377358
3243731353496320338,984367,1489377353
4275098184352011823,984367,1489377343
-3747791050192600255,984367,1489377330
-600681264356455393,984367,1489377333
8699844437500604254,984367,1489377350
-8177248944831748933,984367,1489377340
-4065731346685084098,984041,1489377311
7906322279493630541,983683,1489377329
3711261230380453824,984287,1489377309
-8468033602410919253,984287,1489377323
-3296360732119867349,879651,1489377301
-5237680457337039154,984068,1489377350
-7513659773199638349,981482,1489377321
-8926738039291336270,984383,1489377348
2128673249892148362,984383,1489377335
-8562594390934740,984383,1489377332
1497705438073749879,984383,1489377349
5619244000461356859,984383,1489377345
1128472350203979952,984383,1489377329
6683706858844241236,984383,1489377300
-1199407236812622361,984383,1489377305
3247348906437196459,984383,1489377355
-4836921309522104239,984317,1489377350
-3136006276047189992,984317,1489377313
-226415918980371366,983982,1489377354
-2755235985657707865,983943,1489377306
-8080074616357802940,984340,1489377307
-3136478392467741605,984340,1489377300
8495793577763420112,984340,1489377322
2575289749020449155,984340,1489377320
3053391916591332075,984340,1489377324
-1298282117455162518,976760,1489377338
5850027798474546626,984114,1489377345
-815245689749347508,190579,1489377347
9036584064223447884,982335,1489377344
3158966068585911248,982335,1489377353
972182138374727355,982335,1489377327
-6020619512149407255,984294,1489377321
-8468033602410919253,984294,1489377313
7282188726736115561,984294,1489377317
-2014626283632130834,984294,1489377344
-1034696568404365745,984294,1489377331
1294802180159983862,976378,1489377328
-5862469265430355969,984308,1489377328
-7563225886925347155,984308,1489377324
-4450154301899185474,984308,1489377354
8893772980032420341,984308,1489377307
7762810787997419413,984308,1489377319
-1324202732582602536,984308,1489377301
361226346805300397,984308,1489377339
5593588260701600415,984308,1489377332
6138837393152677821,984193,1489377311
1956047312507385166,975858,1489377346
-4836921309522104239,975858,1489377334
-3615510218079932152,975858,1489377342
-8232525638539166111,975858,1489377351
7842691461314936948,975858,1489377336
-6440811231249916814,983626,1489377321
8578488774539117057,983626,1489377345
6175412103876070755,983626,1489377320
-7053197861994198086,983002,1489377340
5343887193058111219,983575,1489377357
4590461271146242667,984264,1489377359
-7289344992281972256,984264,1489377352
8855123200786795458,984264,1489377355
-2883045421943200009,984360,1489377312
6779098471264230631,984360,1489377357
5929562694409964110,984360,1489377325
8584898771751980237,984360,1489377349
7727512652031501625,984360,1489377335
-7917090693432276769,984360,1489377357
6151616674037430951,984360,1489377302
-993797246977734940,984360,1489377338
-8114916482019465880,984360,1489377313
-1047732426756679874,984360,1489377334
-5517139934325329192,984360,1489377326
3188576760712624167,984360,1489377315
-2857913328643082870,984360,1489377342
-3218795445317905864,984360,1489377332
7016285568812336731,984360,1489377358
4531892423641160526,984360,1489377332
-3966888754942566557,984360,1489377345
-101415221208908157,984392,1489377306
912383624199672883,984392,1489377325
-2223834093036630033,984392,1489377335
4571245188548499465,984392,1489377308
-5042629422052942392,984392,1489377333
-3665794897984857468,984392,1489377359
788134855417603267,984392,1489377312
4581703477174133253,984392,1489377310
7590127626375946996,984392,1489377326
2826906010214348218,984392,1489377314
-5896473289305821152,984263,1489377303
-3470572831021215977,984263,1489377321
-7289344992281972256,984263,1489377355
5242693199656348307,984129,1489377315
4995911246021359847,984057,1489377337
-7706063166900901695,984057,1489377338
3284666244470662474,984057,1489377314
5467755597979051420,984057,1489377354
-7670163696499499856,984057,1489377315
8632758301301086911,984057,1489377337
230361882512381769,984057,1489377346
-8265486181826881698,984057,1489377326
-7173414036314628354,984057,1489377352
-6067345115990143740,981680,1489377321
-3433904789101210196,981680,1489377341
8290969311400566776,984292,1489377300
1007175866396543165,984292,1489377305
-8468033602410919253,984292,1489377331
-6659477284092038147,984292,1489377307
-8522364561665065668,979983,1489377303
1928349328456128236,979983,1489377351
8665854635725467039,983592,1489377320
-3420605641102000201,983592,1489377321
-5541532875151196465,984184,1489377344
-6363575791588788483,984184,1489377347
-1949532340192055588,984338,1489377343
-1050005555831444880,984338,1489377317
-2426477013134148039,983696,1489377315
1735371640425644683,983696,1489377334
-547553332594653804,982487,1489377326
-3470572831021215977,983488,1489377321
-7289344992281972256,983488,1489377355
-3100989504668368751,983488,1489377355
-5912610542824058834,983488,1489377329
7646125543061128000,983488,1489377330
2889024237266480118,984083,1489377319
-1847288141288535989,984083,1489377331
8028340091334227073,984083,1489377341
-5036304431634908861,982454,1489377359
2866315192834450051,982454,1489377303
-8965021626230075477,982454,1489377323
-1435404984422970615,982454,1489377356
8835128629404262900,982454,1489377345
-3455656831782884305,982454,1489377323
-4570452687919674051,982454,1489377347
3360485962738845230,982454,1489377317
-5478683803020327373,982454,1489377338
-5240077256548358220,982454,1489377359
-7100712236023130749,982454,1489377347
9075044949799259256,979884,1489377303
-1075962314697005001,984132,1489377357
-5643714629678234269,984132,1489377323
7906322279493630541,983775,1489377329
6175412103876070755,983563,1489377355
-7495763038256784724,984374,1489377323
-8247461403056295061,984374,1489377317
-3077153471531208071,984374,1489377333
6334756803150777721,984374,1489377308
3293001377996462009,984374,1489377349
3617632833670184083,984374,1489377302
5122992024203992580,984374,1489377342
6157802167628021826,984374,1489377302
-5965496791310954188,984374,1489377344
-8821388391866385601,984374,1489377325
7565534967595716950,984374,1489377352
-2408689235210049072,984374,1489377337
2719723105398654118,984374,1489377343
-413631297538306230,984374,1489377321
6256079554290762928,984374,1489377337
7371617190432144469,984374,1489377313
-4122789539615896375,984374,1489377329
2274571344578612529,984374,1489377310
-2432461042047419689,984374,1489377318
-4013924652054114029,984374,1489377309
-3046713592481383613,984374,1489377304
-7816952946495547021,984374,1489377329
-3115227277892090806,984374,1489377353
-7342869419571040907,984374,1489377360
-4038650755610250592,984374,1489377341
3148980500099594199,984374,1489377304
2031151943456240373,984374,1489377319
-2383810943068060274,984374,1489377300
3621054082853325308,984374,1489377302
-1206547786342411089,984374,1489377317
4682145858150274245,984374,1489377357
1561376560793131079,984374,1489377304
5053983120352399601,984374,1489377308
2461587717125838391,984374,1489377343
4908579715090685990,984374,1489377339
3955119271154299724,984374,1489377350
-4720848690059050045,984374,1489377345
-6936869700855992764,984374,1489377356
-1610293444198604108,984374,1489377336
-5098070847218577557,984374,1489377348
-7821354760688501112,984374,1489377347
424209911317572732,984374,1489377304
329243725979123212,984374,1489377348
-8171971539107321596,984374,1489377341
7244009521721183464,984374,1489377333
1320142198788631728,984374,1489377322
-555129872191223985,984374,1489377359
-3523301257309707516,984374,1489377340
1406972728974252544,984374,1489377336
1118300455005264708,984374,1489377350
-2642306665936723569,984374,1489377332
237819049439594352,984374,1489377328
-2717146507449398028,984374,1489377357
8879489820043301078,984374,1489377354
-7795289925131862895,984374,1489377322
6970885406403156081,984374,1489377330
8494129624935604593,984374,1489377347
4105884681001075907,984374,1489377341
-2342042455300722042,984374,1489377324
-4252613840742600136,984374,1489377322
177874073483387580,984374,1489377355
1857273012473778605,984374,1489377348
7842691461314936948,984318,1489377335
1956047312507385166,984318,1489377330
-8232525638539166111,984318,1489377351
-4836921309522104239,984318,1489377327
-3615510218079932152,984318,1489377342
-7116115279585580680,984318,1489377329
-4736680980022984366,984318,1489377333
8697183839598468360,984318,1489377346
-4540629203168040595,984318,1489377347
-8176790758094290864,984202,1489377341
3954315360084256269,984305,1489377321
-1235880213823968090,984305,1489377328
-1060630788191329521,984305,1489377331
8425572310616641549,984305,1489377318
6330181036750590343,984305,1489377353
-7018999188009726030,984305,1489377356
-3399878579525080781,978798,1489377353
5763841985090777221,984324,1489377345
-4934789676173436266,982933,1489377350
2842117366433702204,982933,1489377311
-168657393756427865,982933,1489377317
3422052951519572602,982933,1489377336
-3070119911258220253,982933,1489377309
-8249217929850314809,982933,1489377356
-6428725070660342783,982933,1489377338
4018405607273779471,982933,1489377333
7242390070426401815,982933,1489377322
2047070902855989713,982933,1489377355
4738894497427311251,982933,1489377323
-9170578648617853082,982933,1489377310
3916856599962282533,982933,1489377311
5542989268267978752,982933,1489377301
1274407055151240899,982933,1489377359
-8793493776439730504,982933,1489377352
4549640287961283680,982933,1489377347
4511153398136960191,982933,1489377305
-5560055706370403180,982933,1489377320
-4339608323341651897,982933,1489377339
-1015554544820555853,982933,1489377325
3111059790833385057,982933,1489377312
-5732627709618217054,982933,1489377330
7412367386275930198,982933,1489377308
6445377469828978475,982933,1489377302
-449540806426538966,982933,1489377316
-9002075724864502367,982933,1489377343
-5229840620578590956,982933,1489377319
1535180051726639730,982933,1489377340
-7664369597460730511,982933,1489377302
-8819761392139933994,982933,1489377308
2121423215306659997,982933,1489377302
-1952106253750888414,982933,1489377330
-5228051259225051581,982933,1489377300
-8694612400669738983,982933,1489377333
6695377296599985265,984003,1489377335
-5541532875151196465,984180,1489377309
-6363575791588788483,984180,1489377332
3125733012499534562,984180,1489377338
-6892072576700806820,977250,1489377352
-1894836425443235007,977250,1489377304
3476649298377682586,984356,1489377329
8509701955954862728,984356,1489377325
-2852633460664235286,984356,1489377306
7560740995289862964,984356,1489377308
4693345524388559364,984356,1489377313
3188576760712624167,984356,1489377350
3575386513584891415,984356,1489377305
-3298619728486763848,984356,1489377336
507306957906447115,984356,1489377300
-7866331379192430470,984356,1489377327
-6301734807297801820,984356,1489377309
-8285412541119577090,984356,1489377305
-7933238700138250780,984356,1489377312
-5517139934325329192,984356,1489377349
-2857913328643082870,984356,1489377356
8815258286891498276,984356,1489377322
3724052834021113396,984152,1489377301
2228440367589031622,983962,1489377307
-3972298506464421504,983962,1489377321
2389167580041830711,984251,1489377351
-152237306388940143,984251,1489377323
-5240077256548358220,984251,1489377330
-5681277575459285704,984251,1489377346
-7866331379192430470,984354,1489377350
-2852633460664235286,984354,1489377324
8509701955954862728,984354,1489377337
3476649298377682586,984354,1489377340
507306957906447115,984354,1489377311
3575386513584891415,984354,1489377313
-3298619728486763848,984354,1489377345
-3370219909700456817,984354,1489377305
4693345524388559364,984354,1489377319
-8285412541119577090,984354,1489377311
-6301734807297801820,984354,1489377312
3188576760712624167,984354,1489377350
7560740995289862964,984354,1489377308
-6239803234189612110,984329,1489377325
2047070902855989713,984329,1489377313
1432950417565448209,984329,1489377330
3933959068759338201,984329,1489377301
-8819761392139933994,984329,1489377308
-3378702741427401930,984329,1489377316
-4339608323341651897,984329,1489377336
2121423215306659997,984329,1489377302
8745328417029749166,984329,1489377351
2358053029757916691,984329,1489377314
-5229840620578590956,984329,1489377318
-2926005092122439778,984329,1489377354
-1952106253750888414,984329,1489377329
-9002075724864502367,984329,1489377343
-8694612400669738983,984329,1489377331
8584731142689928102,984329,1489377358
-2896637555331367988,984329,1489377329
1535180051726639730,984329,1489377340
6445377469828978475,984329,1489377302
4549640287961283680,984329,1489377342
3111059790833385057,984329,1489377312
7823411300949845019,984329,1489377305
-5228051259225051581,984329,1489377300
-1015554544820555853,984329,1489377323
9126418519603549737,984329,1489377330
4511153398136960191,984329,1489377301
-3271930845356060454,984329,1489377346
-6461034908358256731,984329,1489377313
-1004288148922498896,984329,1489377333
-7664369597460730511,984329,1489377302
-8793493776439730504,984329,1489377342
-2355255553132845243,984329,1489377327
507306957906447115,984329,1489377352
-5732627709618217054,984329,1489377330
3057068053373489265,984329,1489377310
2797522968707317129,984329,1489377314
-974786844353932638,984329,1489377310
-3370219909700456817,984329,1489377342
4693345524388559364,984329,1489377341
5019784602892233582,984329,1489377300
-3313397581270927145,984329,1489377336
-6301734807297801820,984329,1489377342
1274407055151240899,984329,1489377342
7412367386275930198,984329,1489377308
-4610835639842503243,984329,1489377338
7948399287560478625,984329,1489377336
-4614313101275764931,984329,1489377341
9197978747782451531,984329,1489377351
8395766408508548079,984329,1489377320
-209391274032335167,984329,1489377330
4652221801931428363,984329,1489377319
8882443282086031323,984329,1489377357
3114810345426558372,984329,1489377343
5398161014609221318,984329,1489377341
3967453597965515742,984329,1489377343
-7497551938432808439,984329,1489377337
-6686625472377880230,984329,1489377339
670443001117563960,984329,1489377334
5447306777126890967,984329,1489377346
-852452573321077899,984329,1489377306
5231941800849891550,984329,1489377341
-6671767900222652152,984329,1489377308
-6095959828112344569,984329,1489377337
-3257071404153666639,984329,1489377351
-1985513636762268902,984329,1489377351
-8994188670763606251,984329,1489377331
-4016451052497408241,984329,1489377317
-4531773472793097706,984329,1489377351
-3535649487256014364,984329,1489377318
5099662087637383033,984329,1489377321
-5088660057467876872,984329,1489377310
1589579413693592548,984329,1489377316
-8990949955477712485,984329,1489377300
7911057740164414488,984329,1489377345
-2158389245058991666,984329,1489377324
-6098210114103742622,984329,1489377339
3768366959106727147,984329,1489377325
-410290855863983734,984329,1489377350
-194356370175362300,984329,1489377315
-4466699438678651836,984329,1489377303
8002957152439484844,984329,1489377346
5302422284741757032,984329,1489377329
-2265141423434820796,984329,1489377345
-5782734059453246228,984329,1489377352
-5580514948198255497,984329,1489377305
-1705022960361865202,984329,1489377321
-8285412541119577090,984329,1489377355
-6447537061259562632,984329,1489377355
9019314997861504737,984329,1489377301
-7732302846938787740,984329,1489377351
7508790202077414062,984329,1489377303
921142701511105612,984329,1489377327
300261302567593115,984329,1489377316
4968257431004918746,984329,1489377338
-542824764966451313,984329,1489377353
-2852633460664235286,984329,1489377300
-2979226632194582462,984329,1489377302
-2849393715631162203,984329,1489377343
5511917366133935375,984329,1489377333
4425147602673094947,984329,1489377326
-2899800337120355963,984329,1489377338
-5237680457337039154,984044,1489377351
-5044011405573451346,982346,1489377342
-854677949597003829,982346,1489377355
-4696584135389365721,982346,1489377319
-935706117195998711,982346,1489377331
-1752298509870020039,982346,1489377346
-1359127106804294590,982346,1489377360
924707372678803682,982346,1489377333
2096578615736522816,982346,1489377320
-8038281137982495806,982346,1489377303
5206699431003701175,982346,1489377305
248269086891833124,982346,1489377307
4667243032500404573,982346,1489377358
7283518883512290938,982346,1489377347
7628040816713089378,982346,1489377334
-389088678065901026,982346,1489377344
-5858567962039354850,982346,1489377338
6102160412790073932,982346,1489377319
-2893625633981916454,982346,1489377330
7958444540358137365,982346,1489377344
-6098389753446615118,982346,1489377302
891754853883949231,982346,1489377341
-6967774284036954886,982346,1489377305
2434305271845736793,984316,1489377317
-3978382188944241086,984206,1489377359
-3548848111833810647,984206,1489377312
8228411472938662835,984206,1489377323
7389090729996010840,984389,1489377322
-101415221208908157,984389,1489377340
-8894155281440597650,984389,1489377331
-2847472499908145261,984389,1489377301
912383624199672883,984389,1489377342
788134855417603267,984389,1489377324
3460021469239502231,984389,1489377302
-2469696146262380138,951883,1489377350
3808112319413251101,983598,1489377347
4267181110548158764,983987,1489377359
7753233847501309625,983987,1489377350
-2967838397165115878,983987,1489377325
-5635715962058847611,983987,1489377341
-1844970554138196969,983987,1489377348
-1182758192293559340,983987,1489377356
-3972298506464421504,983987,1489377303
-7095405952114690894,984037,1489377326
-4065731346685084098,984037,1489377311
1252045777077328532,984237,1489377327
4224503385909355424,971952,1489377323
1602864045215126914,982847,1489377347
7216713306348806149,984084,1489377349
-6892072576700806820,977201,1489377352
-9068762066776834402,983998,1489377357
5371921263659094154,981974,1489377343
193909480059846287,981974,1489377343
1250766952176190904,981974,1489377307
5269716317066940185,981974,1489377308
2547322848367900141,984022,1489377339
-8965021626230075477,982398,1489377323
6245920641323915622,983481,1489377338
2938918241274516194,984314,1489377336
-3476121168120409831,984314,1489377320
-4836921309522104239,984314,1489377355
2081158145843900998,984314,1489377322
7442316031959419952,984079,1489377348
-7562295298888374794,902617,1489377316
6886100568600590417,984032,1489377321
-3969883116859559576,983510,1489377319
-5940623304435036052,984273,1489377305
-9104808341668398203,984273,1489377344
8855123200786795458,984273,1489377313
-8220616038223487342,984273,1489377329
5242425956443226213,984273,1489377351
-3759953207906896371,984273,1489377325
5499387797253258393,984273,1489377354
6485751584202607428,984273,1489377310
-4983302790996149121,984302,1489377314
-6740129845614648135,984302,1489377318
1294411958743057935,984302,1489377357
8425572310616641549,984302,1489377348
3954315360084256269,984302,1489377350
-1060630788191329521,984302,1489377355
666229472162708799,983250,1489377355
-3972298506464421504,983556,1489377309
6245920641323915622,983476,1489377338
-3969883116859559576,983440,1489377325
1940303830146611045,973211,1489377315
-2923007322699770684,982328,1489377337
-8831312059725460620,984098,1489377350
8274723561017053892,984098,1489377331
-4805493661076013749,984098,1489377346
-6944125928291875840,984098,1489377357
-6349387682117120488,984098,1489377332
739731842776749815,984098,1489377328
-3051034608534483894,980307,1489377335
-7052851534943621975,983700,1489377301
6817470531822100071,983155,1489377358
-1361636620725989773,983155,1489377320
7022053961368236972,983155,1489377334
8752573635927321349,983155,1489377330
2250361525712223244,983155,1489377321
1297698258486274998,983155,1489377326
788226950587306727,983155,1489377324
2288916178542917105,983155,1489377346
5013576721989755325,983155,1489377308
4537123329981221452,983155,1489377333
-8822614371989898193,983155,1489377344
144530471192070540,983155,1489377310
-5481161394973469908,983155,1489377353
-4599146861583255296,983155,1489377307
-1307479664557017419,983155,1489377302
-8041350137159371043,983155,1489377356
947896488188963771,980279,1489377320
-8711562056186829430,984260,1489377305
6301571389144586089,984260,1489377339
-7095405952114690894,984014,1489377356
3808112319413251101,984116,1489377322
3903444994710487524,984116,1489377350
1250766952176190904,983289,1489377319
-287402913411590591,983289,1489377345
-9076087931523308174,983289,1489377336
-7493845102126377416,983251,1489377316
6946649770305296811,983251,1489377313
-3421860677316933690,981466,1489377313
-2440092951170353985,983605,1489377351
-2599271491110775943,983605,1489377316
1959114742852287808,338277,1489377348
-8468033602410919253,984295,1489377319
-6020619512149407255,984295,1489377321
2050477380832329698,984295,1489377354
2050477380832329698,984341,1489377344
4413285027472510834,984341,1489377313
-6792346741992254333,984341,1489377345
-2014626283632130834,984299,1489377331
-6740129845614648135,984299,1489377359
3954315360084256269,984299,1489377350
1294411958743057935,984299,1489377357
8425572310616641549,984299,1489377348
-3969883116859559576,983546,1489377300
-8001212654962566909,874836,1489377345
-837116185861874366,983666,1489377309
6485751584202607428,984276,1489377310
8855123200786795458,984276,1489377303
5242425956443226213,984276,1489377351
761174347474004370,984276,1489377300
7022360810320111149,984276,1489377341
-6892072576700806820,979301,1489377343
5242425956443226213,984281,1489377345
-1186161594209299923,983465,1489377355
-3969883116859559576,983222,1489377333
2794798164869954864,979439,1489377336
-1186161594209299923,983567,1489377309
3459743778733579596,982391,1489377348
6157802167628021826,982391,1489377358
-2169949001998736920,984226,1489377344
5538366935733406513,984226,1489377312
-6981392856859266398,984226,1489377350
-1964850662600759931,982042,1489377313
918981254069334385,982042,1489377358
-622575876218444046,982042,1489377331
-3761577632112979323,982042,1489377358
8886138905261705612,980040,1489377323
4531892423641160526,984358,1489377332
-8114916482019465880,984358,1489377302
7016285568812336731,984358,1489377358
-3218795445317905864,984358,1489377327
-1047732426756679874,984358,1489377324
-5517139934325329192,984358,1489377317
3188576760712624167,984358,1489377306
-2857913328643082870,984358,1489377334
-9221303980639726595,984358,1489377304
-618838353561533676,984358,1489377335
-5079477540480960075,984358,1489377335
8187445934177093152,984358,1489377332
4662219644848524885,984358,1489377343
1206675102147660958,984358,1489377337
-2899143148553319933,984358,1489377335
-853065495093937436,984358,1489377353
-1453747966772288793,984358,1489377353
-5105765346670399029,984358,1489377336
5654523028914240663,984358,1489377318
-5486585185802726717,984358,1489377309
-4242929728430599714,907405,1489377337
6814757316144060601,972614,1489377313
-941835208302739951,984188,1489377324
-6999994036182014643,984188,1489377334
-393220093745526736,924013,1489377325
-5820287764933816527,984157,1489377330
8371709817697366,984335,1489377345
-4175533325155855695,984335,1489377356
-4201901895901257728,984335,1489377321
-8080074616357802940,984335,1489377336
4406612457019781432,984335,1489377360
-8015662153448458821,984335,1489377306
8475194047459531603,984335,1489377349
-1758930090967282237,984335,1489377351
5088997431993433619,984335,1489377344
5763841985090777221,984275,1489377343
168778214986822555,984395,1489377306
-7621574939588561368,984395,1489377356
-3665794897984857468,984395,1489377349
5632329966695726353,984395,1489377358
2940579185951162603,984395,1489377342
-1701810065439645075,984395,1489377358
-2500266136153789441,984395,1489377347
-7396386360354845722,984395,1489377359
7590127626375946996,984395,1489377301
-6638077272503400069,984395,1489377339
-6969266285015469486,984395,1489377348
3231827840745029168,984395,1489377338
7649899059983082239,984395,1489377339
-9090169314124431176,984395,1489377314
-2943005117720781107,984395,1489377338
3962141804203905840,984395,1489377358
-9150774707717461678,984395,1489377357
2927138620946177026,984395,1489377344
-7724276628739239590,984395,1489377345
-8316464961340793396,984395,1489377320
2276488797990919032,984395,1489377334
6185901477309460047,984395,1489377356
-4263856203824094090,984395,1489377338
658694000034764835,984395,1489377354
8525721555290500554,984395,1489377301
2465244732179220004,984395,1489377350
-870137877928923181,983361,1489377325
-5481161394973469908,983361,1489377353
-4368445047677205091,983361,1489377330
4285922712223936590,983361,1489377329
-8318703294229385611,983361,1489377349
-6787569120421245947,983361,1489377344
-4640078608565185554,983361,1489377353
-5380656438164455824,983361,1489377342
-7933238700138250780,984361,1489377312
-5517139934325329192,984361,1489377349
-8285412541119577090,984361,1489377302
-6301734807297801820,984361,1489377304
-7866331379192430470,984361,1489377315
-2857913328643082870,984361,1489377356
-3298619728486763848,984361,1489377316
3188576760712624167,984361,1489377325
-8114916482019465880,984361,1489377357
-7387247393175523511,984361,1489377324
8282387154656039380,984361,1489377321
3130408100861101857,983269,1489377349
-6767433335341876490,982988,1489377354
2547322848367900141,984021,1489377339
6066218709801896078,984092,1489377345
272446103189318044,984092,1489377357
7426892143321875319,984092,1489377310
-6810918100173493180,984092,1489377308
-6067345115990143740,981481,1489377352
-8136699736285491407,984311,1489377307
5886624453976950352,984311,1489377305
8666395068357418293,984311,1489377344
-4450154301899185474,984311,1489377327
1275256481890766375,984311,1489377354
-5876066602998417572,984311,1489377346
-5673124191545246038,984311,1489377316
5593588260701600415,984311,1489377326
1626664978948159063,984311,1489377346
6287883306685329626,984311,1489377311
-8075912414175501133,984311,1489377359
4893344281109638127,984311,1489377328
6110046087345753654,984311,1489377327
5515620250376124889,984311,1489377351
3140652583007640062,984311,1489377349
1276813914715688064,984311,1489377335
-386611346287808206,984311,1489377301
8228411472938662835,984311,1489377321
-8784583532579874530,984311,1489377322
-7449828562348228328,984311,1489377355
-131086221863212092,984311,1489377359
-5919291694714701539,984311,1489377314
-486305555523094894,984311,1489377335
5357448849802635000,984311,1489377325
-3299102773315301563,984311,1489377337
-270505472888006301,984311,1489377311
3847650312778273386,984311,1489377359
-9010621832831309063,984311,1489377336
-6944724826387550849,984311,1489377342
4350924348835067776,984311,1489377337
13903303229569207,984311,1489377319
783418143233956022,984311,1489377329
-3930720695871673810,984311,1489377338
4347801781624659191,984311,1489377322
1252045777077328532,984235,1489377333
-8905009089689705142,984303,1489377328
1294411958743057935,984303,1489377322
38153452101165250,984303,1489377325
3954315360084256269,984303,1489377347
-1060630788191329521,984303,1489377354
-1235880213823968090,984303,1489377350
8425572310616641549,984303,1489377336
7816964344517487182,984303,1489377308
2556470374872509928,984303,1489377327
193909480059846287,982384,1489377328
6838275892285199214,982384,1489377348
-4133922720842503531,982384,1489377315
1940079794890146515,982384,1489377343
3834060762619140664,982384,1489377301
4372539005280903805,982384,1489377336
-3427619499843834678,975148,1489377355
-4433576875891243503,975148,1489377328
-4250520603696517103,984178,1489377331
-941835208302739951,984109,1489377348
-6363575791588788483,984109,1489377321
-6999994036182014643,984109,1489377345
-6530803135046278058,982255,1489377326
-974234017300536807,974287,1489377316
-6944724826387550849,984309,1489377342
2584224134032042348,984309,1489377305
1733387436093596358,984309,1489377355
7816964344517487182,984309,1489377306
8574717251759623978,984309,1489377342
3320004476488559088,984309,1489377317
-3476121168120409831,984309,1489377349
5357448849802635000,984309,1489377325
-8784583532579874530,984309,1489377314
8835128629404262900,984309,1489377331
3140652583007640062,984309,1489377333
5515620250376124889,984309,1489377327
4518692081322949051,984309,1489377338
-292401890702657647,984309,1489377337
-9158147235033759541,984309,1489377303
-4686625347022323,984309,1489377321
1553668408706410813,979325,1489377338
6175412103876070755,983733,1489377323
-547553332594653804,983195,1489377330
9198600450981276192,411038,1489377343
-1569327624826433545,984286,1489377333
4415908937976386441,984286,1489377348
-8468033602410919253,984286,1489377342
6175412103876070755,983729,1489377355
-1764253570952405400,983642,1489377303
4923896407368866937,984142,1489377328
-7480640484677266059,984167,1489377330
-1719308002329505911,984167,1489377351
5579538715228761305,984049,1489377316
7440821665004506645,984049,1489377303
-5464179349919969594,984049,1489377357
-8179205251040591818,984049,1489377343
-2188982125316339499,984110,1489377306
-494699111503834523,975849,1489377334
891754853883949231,984198,1489377311
6408429347068220991,984198,1489377304
3698360027283159960,984198,1489377305
8304451921755323448,984198,1489377351
-6626735720727965916,984198,1489377312
-2180721602377639635,984391,1489377320
520234700550941312,984391,1489377337
-2223834093036630033,984391,1489377324
-3580579233653972481,984391,1489377300
4175145837203557356,984391,1489377302
788134855417603267,984391,1489377310
-9090169314124431176,984391,1489377355
-8898485241168081432,984391,1489377309
-3665794897984857468,984391,1489377358
7590127626375946996,984391,1489377326
-7870051083352668316,984391,1489377354
7803000181875225394,984391,1489377346
-8224618974062143211,984391,1489377334
6424221505855358618,984391,1489377353
-3910645474285665286,984391,1489377354
-2611336520389989795,984391,1489377313
8199523147865153530,984391,1489377360
-6566563578324446648,984391,1489377357
2826906010214348218,984391,1489377359
-7201043305293548677,982240,1489377321
3596625328033875579,984225,1489377345
-7524167637177565535,984225,1489377354
-7313102350667289841,943798,1489377320
-8506265413480435691,984330,1489377301
6334686003579627162,984330,1489377328
-4540629203168040595,984330,1489377315
3201409670611353125,984330,1489377347
-5844716344926177932,984330,1489377351
96442025377924321,984330,1489377333
-4553357057484245158,984330,1489377334
-8015662153448458821,984330,1489377346
6175412103876070755,983731,1489377345
-8711562056186829430,984257,1489377311
-7816279662170038654,983500,1489377358
-4063285149694472377,983500,1489377344
551292465922917399,983500,1489377355
-7162812822140527021,983500,1489377301
9214007355141666517,983500,1489377347
2940493233487065362,983500,1489377343
-4650861431253659017,983500,1489377304
-5125642748731436506,983500,1489377344
2240635777900331969,983500,1489377343
2817622230787246199,983500,1489377318
-7600227662340647594,983500,1489377352
5600208580600696783,983500,1489377329
-5298220247068869147,983500,1489377309
248269086891833124,983500,1489377347
7070005080542014282,983500,1489377342
-5464179349919969594,983500,1489377353
6838275892285199214,983500,1489377303
496798367788259741,983500,1489377301
-2042562718216204400,983500,1489377336
9036584064223447884,983500,1489377351
-4794822313191681701,983500,1489377337
5746506484217282587,983500,1489377358
-8368748496530055238,983500,1489377357
-8101718257998428683,983500,1489377327
-4893575148515869391,983500,1489377315
7022053961368236972,983500,1489377338
5052769957002264688,983500,1489377357
-3567418904683394604,983500,1489377300
9024772670766697187,983500,1489377350
-7580992894689510478,983500,1489377305
-6432549092762153252,983500,1489377313
3822152527895727509,983500,1489377360
425497438130168444,983500,1489377348
8583929964829184155,983500,1489377322
-6826016192747180799,983500,1489377334
6973152761986852580,983500,1489377311
-5999516212112449424,983500,1489377357
-3504767364221802090,983500,1489377343
-6098389753446615118,983500,1489377343
207920612540500994,983500,1489377340
-8397778468029070489,983500,1489377347
9029224588485732077,983500,1489377357
-7793072561157586144,983500,1489377325
7216713306348806149,984052,1489377349
2547322848367900141,984026,1489377333
-6054670650500568436,981967,1489377318
7589125465619369960,984164,1489377345
-7480640484677266059,984164,1489377330
1294802180159983862,976164,1489377328
-6363575791588788483,984182,1489377357
-4596263292151662443,984182,1489377312
-6999994036182014643,984190,1489377310
1101566134496254714,984190,1489377329
2794798164869954864,976377,1489377343
-4227176956912969539,345501,1489377320
-8176790758094290864,983064,1489377341
2913833700744251231,982472,1489377342
918981254069334385,982472,1489377358
2707032320642751532,982472,1489377328
788226950587306727,982472,1489377311
-287402913411590591,982472,1489377324
-5858567962039354850,982472,1489377338
2250361525712223244,982472,1489377328
-750232490247205782,982472,1489377311
3988133877721408216,982472,1489377321
-5519575222397472773,982472,1489377310
-2066067427717570966,984247,1489377309
-2238163839718969646,982479,1489377306
3130408100861101857,983463,1489377349
3602278868502895061,984256,1489377359
4073280607566812558,984256,1489377355
148113399017947724,984256,1489377323
155362508096561124,984256,1489377355
1618391611317265664,984256,1489377344
-5896473289305821152,984256,1489377303
-7743869277762179890,984256,1489377346
-1086931372759277644,984256,1489377341
-9104808341668398203,984256,1489377348
4950235628199124072,983580,1489377347
3163544553459670702,978395,1489377339
-5820287764933816527,984159,1489377303
5269716317066940185,983692,1489377301
-2861669336169845820,426057,1489377310
3932197965495795800,984320,1489377354
-3692829163136270318,984320,1489377300
-8232525638539166111,984320,1489377310
5708242581035374683,984320,1489377339
774601309064400708,984320,1489377330
5694212792102827301,984320,1489377302
-4540629203168040595,984320,1489377328
-8506265413480435691,984320,1489377305
48958660118847339,984320,1489377320
3201409670611353125,984320,1489377347
-4748113588044896350,984320,1489377327
-8174468432259826470,984320,1489377335
6334686003579627162,984320,1489377328
5081974955776130748,984320,1489377352
7631583914949828425,984320,1489377341
149123052605638393,877392,1489377345
-4553357057484245158,984328,1489377324
-8015662153448458821,984328,1489377325
7315655670116779159,984328,1489377355
-5286282083003602897,984328,1489377338
2547322848367900141,984008,1489377337
-3392246824513345953,984222,1489377316
-7530196930585679503,984222,1489377300
5952360939972738787,984222,1489377358
-3172244263287103901,984222,1489377300
5019393658442141864,984222,1489377315
4804812991053327795,984222,1489377322
-3399878579525080781,978827,1489377347
-3978382188944241086,984209,1489377337
7315655670116779159,984336,1489377355
-5286282083003602897,984336,1489377338
467419834230477827,984336,1489377336
-8080074616357802940,984336,1489377347
-8015662153448458821,984336,1489377317
8475194047459531603,984336,1489377353
8371709817697366,984336,1489377345
3919431157094563466,984336,1489377336
-4175533325155855695,984336,1489377356
-4201901895901257728,984336,1489377321
-2755235985657707865,983949,1489377306
1726427682296758630,983949,1489377342
-6878048758803903435,983949,1489377348
1128472350203979952,984386,1489377318
-4672048535321898197,984386,1489377345
1497705438073749879,984386,1489377358
1294802180159983862,976393,1489377325
8113144890499840337,984322,1489377333
3160342746262621107,984322,1489377336
5447306777126890967,984322,1489377334
-3645193777228640823,984322,1489377333
-6442903518739321040,984322,1489377322
-2265141423434820796,984322,1489377323
-1705022960361865202,984322,1489377310
1169237112357999798,984322,1489377324
1940079794890146515,984322,1489377328
6461197280560702738,984322,1489377358
6911843107928611353,984322,1489377340
5511917366133935375,984322,1489377306
2096578615736522816,984322,1489377313
6683609711083498029,984322,1489377352
1274407055151240899,984322,1489377333
-8392178093014812806,984322,1489377329
248269086891833124,984322,1489377317
4709789006215408766,984322,1489377311
4634261323840716344,984322,1489377360
-3241179848909176641,984322,1489377314
9195030198873550955,984322,1489377358
-9019645430719587033,984322,1489377321
-3561074230854953150,984322,1489377357
4064318418033278768,984322,1489377359
2196426159373962831,984322,1489377341
-3539474775560737342,984322,1489377312
-3738604328577874627,984322,1489377351
-5197785237151447675,984322,1489377334
-6626735720727965916,984322,1489377357
7729805916610046158,984322,1489377307
-3025366317554787876,984322,1489377354
2801910816807963069,984200,1489377302
-5858567962039354850,982374,1489377316
-8318703294229385611,982374,1489377337
-7495763038256784724,982374,1489377332
286121260998362022,982374,1489377341
-5519575222397472773,982374,1489377306
-1385757224134609898,982374,1489377352
-920957845927743873,984245,1489377349
8747420352975122966,984245,1489377320
-6443749984499829001,984245,1489377349
2542004112115893151,984245,1489377333
1180517168781917037,984245,1489377321
221136444447014346,984245,1489377331
370828434270563433,984245,1489377318
-648374983411868928,984245,1489377352
-3861615532824335314,984245,1489377348
-9019645430719587033,980165,1489377318
-2880310699536576342,957061,1489377308
6814757316144060601,971848,1489377360
-547553332594653804,982239,1489377318
-2519727671419792326,982034,1489377331
-4034306707044545040,982034,1489377315
-399214939063658358,934107,1489377319
-1569327624826433545,984290,1489377301
-8468033602410919253,984290,1489377333
1007175866396543165,984290,1489377305
-1186161594209299923,983590,1489377300
-6878048758803903435,978018,1489377348
1726427682296758630,978018,1489377340
-4761824204730234520,978018,1489377328
4799288498537121789,978018,1489377325
4181943308356296468,978018,1489377302
-7160719252826771734,978018,1489377304
4837577675631462242,978018,1489377355
-725374515905441903,978018,1489377329
149123052605638393,978018,1489377349
-7494076752565782768,978018,1489377347
-582569249219457110,982680,1489377342
-2066067427717570966,984249,1489377309
155362508096561124,984249,1489377357
-152237306388940143,984249,1489377323
2389167580041830711,984249,1489377351
-5681277575459285704,984249,1489377346
-7018999188009726030,984298,1489377356
-1060630788191329521,984298,1489377320
6330181036750590343,984298,1489377351
8425572310616641549,984298,1489377307
-1235880213823968090,984298,1489377315
3954315360084256269,984298,1489377306
3981353400685670842,984298,1489377340
-8847410694926318011,984298,1489377334
4933838428483791110,984298,1489377338
4286653545884585123,984298,1489377329
5712726762396779900,984298,1489377356
7063671080378116343,981851,1489377321
1928349328456128236,981851,1489377319
8561168960740581282,981851,1489377307
4738894497427311251,981851,1489377343
-9170578648617853082,981851,1489377336
-6780949573945841047,969001,1489377342
-3374377554911961269,983781,1489377328
-939308322368168189,983781,1489377307
-7068121536102117087,983781,1489377344
-7656758118549324708,984334,1489377332
-7951693961610920043,416158,1489377346
4576658661204769814,974220,1489377309
-6067345115990143740,981529,1489377350
-3972298506464421504,974188,1489377317
537162033722489974,983574,1489377337
-6920636951493017300,981555,1489377302
-9090498212460872708,982958,1489377352
-7249149458482521934,982175,1489377350
8561168960740581282,982175,1489377301
-5560055706370403180,982175,1489377314
-9170578648617853082,982175,1489377336
4738894497427311251,982175,1489377337
3023178395178274985,982175,1489377309
4018405607273779471,982175,1489377333
3422052951519572602,982175,1489377336
-8793493776439730504,982175,1489377354
2047070902855989713,982175,1489377355
-168657393756427865,982175,1489377317
1274407055151240899,982175,1489377359
-4934789676173436266,982175,1489377350
-3070119911258220253,982175,1489377309
-8822614371989898193,983712,1489377333
-5380656438164455824,983712,1489377319
-652557115131827453,983712,1489377326
7404015499385198966,983712,1489377332
-727418953112901501,983712,1489377342
-651439779813458725,983712,1489377322
2940493233487065362,983712,1489377360
-3160939312131261175,983712,1489377334
-6319262326312562371,983712,1489377308
-5389704100302694285,983712,1489377308
2033947418062638815,984246,1489377318
-4242929728430599714,907365,1489377330
6695377296599985265,984005,1489377344
7250127256387062641,972100,1489377356
-2382758081748796562,984390,1489377344
912383624199672883,984390,1489377354
5448545344760958822,984390,1489377326
7425113516059976869,984390,1489377341
5242425956443226213,984283,1489377342
-1508727455383951984,984283,1489377343
-690796579798298369,984283,1489377305
4838200805726029788,984283,1489377344
-7095405952114690894,984031,1489377330
-661676909983915759,984355,1489377324
-8285412541119577090,984355,1489377349
3285616274162686267,984355,1489377313
8260841851826254738,984355,1489377306
-3370219909700456817,984355,1489377323
924707372678803682,984355,1489377359
-2852633460664235286,984355,1489377339
-637974973576653259,984355,1489377314
-3298619728486763848,984355,1489377357
8509701955954862728,984355,1489377349
3575386513584891415,984355,1489377324
-7284387634893396319,984355,1489377321
-7866331379192430470,984355,1489377359
-6301734807297801820,984355,1489377320
4693345524388559364,984355,1489377327
-2073760215236178061,984355,1489377307
507306957906447115,984355,1489377317
2965133458079479782,984355,1489377334
3476649298377682586,984355,1489377340
-6516990052910061631,984355,1489377332
-8001212654962566909,874895,1489377325
-9204708945533835666,968092,1489377322
2263470431045598010,339632,1489377316
-4002066151899279020,983143,1489377347
-8898485241168081432,984393,1489377304
6424221505855358618,984393,1489377353
-3369253175990927249,984393,1489377359
-7870051083352668316,984393,1489377350
7719101510108057953,984393,1489377335
-6566563578324446648,984393,1489377357
-627066733173399839,984393,1489377354
-2611336520389989795,984393,1489377313
7877350470500086547,984393,1489377345
-3805638693639200509,984393,1489377315
1835021831292336876,984393,1489377302
4164302267432452087,984393,1489377340
2402707026686388400,984393,1489377329
-6503421545411571729,984393,1489377344
5497926520656846832,984393,1489377358
2634239535987532960,984393,1489377337
-7254660093298705770,984393,1489377327
2001108469345831617,984393,1489377325
-6042058046894719348,984393,1489377352
2916978378965416323,984393,1489377326
-5620720129062785962,984393,1489377344
2141873127197339670,984393,1489377330
6512630466995899372,983238,1489377301
-2014626283632130834,984265,1489377341
2547322848367900141,984025,1489377312
4950235628199124072,981892,1489377340
-2253855448557499914,981892,1489377351
7906322279493630541,983548,1489377308
7762810787997419413,984306,1489377319
-1324202732582602536,984306,1489377301
361226346805300397,984306,1489377339
8893772980032420341,984306,1489377303
-7563225886925347155,984306,1489377302
4893344281109638127,984306,1489377358
-8784583532579874530,984306,1489377344
-4450154301899185474,984306,1489377344
5593588260701600415,984306,1489377332
651737741836413327,984306,1489377352
-5673124191545246038,984306,1489377316
6287883306685329626,984306,1489377311
8666395068357418293,984306,1489377344
5886624453976950352,984306,1489377305
2794798164869954864,978219,1489377343
3787706842097483077,984327,1489377324
3201409670611353125,984327,1489377325
-690796579798298369,984327,1489377305
-1858161503802036581,984327,1489377301
-5844716344926177932,984327,1489377351
-8015662153448458821,984327,1489377346
-4553357057484245158,984327,1489377334
5831163800769873743,984327,1489377322
1095457935184798889,984327,1489377354
5763622756104883884,984327,1489377354
-4113686840099875752,984327,1489377302
-2056497937329196667,984327,1489377333
-5197581399692585480,984327,1489377308
1055426515589855535,984327,1489377335
-6352394733303741163,984327,1489377330
-4631073490561436943,984327,1489377357
-2697070132370126138,984327,1489377312
-5478683803020327373,983348,1489377329
5830741001075363511,983348,1489377343
1250766952176190904,983348,1489377312
-5036304431634908861,983348,1489377359
-3944197984423754354,984381,1489377339
2461587717125838391,984381,1489377319
-36412538149615857,984381,1489377357
5206964590619240145,984381,1489377316
-5505272283178230955,984381,1489377327
6699211080004324992,984381,1489377352
-7411105703654208903,984381,1489377354
4682145858150274245,984381,1489377342
2065880757520874328,984381,1489377353
4841877927847601114,984381,1489377313
8329306064355392410,984381,1489377311
-1624567062390377954,984381,1489377345
-1569327624826433545,984282,1489377339
-8468033602410919253,984282,1489377346
4415908937976386441,984282,1489377348
-8350382136044095277,407216,1489377300
-1186161594209299923,983558,1489377355
5096545660912849695,984375,1489377302
-3793908930654279652,984375,1489377340
3617632833670184083,984375,1489377356
-3046713592481383613,984375,1489377353
2274571344578612529,984375,1489377346
-8821388391866385601,984375,1489377359
2031151943456240373,984375,1489377351
-8247461403056295061,984375,1489377348
-5322400626852915668,984375,1489377304
-1206547786342411089,984375,1489377341
-5349561249178298647,984375,1489377314
5053983120352399601,984375,1489377327
-4122789539615896375,984375,1489377349
-7816952946495547021,984375,1489377343
7371617190432144469,984375,1489377324
-2984975525474820262,984375,1489377310
3621054082853325308,984375,1489377312
-4013924652054114029,984375,1489377318
6157802167628021826,984375,1489377310
2719723105398654118,984375,1489377343
-413631297538306230,984375,1489377321
-3115227277892090806,984375,1489377353
6334756803150777721,984375,1489377308
-7342869419571040907,984375,1489377360
6256079554290762928,984375,1489377337
-2408689235210049072,984375,1489377337
5122992024203992580,984375,1489377342
-5965496791310954188,984375,1489377344
7565534967595716950,984375,1489377352
4682145858150274245,984375,1489377357
8550623442403963667,984375,1489377310
-5636719895329976056,984375,1489377357
4105884681001075907,983990,1489377311
-6894318301337615410,983990,1489377306
-6178448417615786007,983990,1489377347
177761884784749515,983990,1489377334
4267181110548158764,983990,1489377345
5381110625887246055,983990,1489377315
1618391611317265664,983990,1489377356
5892864881101718067,983990,1489377316
3685282894219678179,983621,1489377307
1439225723903806030,983621,1489377358
-5808299214725284273,983306,1489377353
2398364670004162163,983306,1489377335
939420048249818197,983306,1489377306
3887211016952518062,983306,1489377317
5242425956443226213,984277,1489377349
-8428286824069386442,983268,1489377306
4319067808615058695,983268,1489377336
8764623954482072274,983268,1489377316
8552120318399788462,983268,1489377348
9195030198873550955,983268,1489377339
-1623464145273625225,983268,1489377316
385457101007738261,983268,1489377319
-7962175337390031807,983426,1489377341
-5912123124212655007,981024,1489377356
-3891892365206556002,984396,1489377319
-1433103701363808430,984396,1489377342
2577211315036608397,984396,1489377305
3231827840745029168,984396,1489377327
-9150774707717461678,984396,1489377356
7532500912478964291,984396,1489377344
-9090169314124431176,984396,1489377304
6185901477309460047,984396,1489377356
6142029772259329332,984396,1489377338
-2951276141265850261,984396,1489377320
7649899059983082239,984396,1489377329
2276488797990919032,984396,1489377334
-3603904646916080081,984396,1489377355
5291148312376930499,984396,1489377327
1832581748728952617,984396,1489377347
-6638077272503400069,984396,1489377322
-7724276628739239590,984396,1489377345
3962141804203905840,984396,1489377352
-3616008800631554130,984396,1489377329
-1701810065439645075,984396,1489377317
-6969266285015469486,984396,1489377336
-846706678123488770,984396,1489377349
2465244732179220004,984396,1489377350
-2943005117720781107,984396,1489377330
4581703477174133253,984396,1489377309
-7058750791406920720,984396,1489377326
4563563308143278195,984396,1489377343
-301034907935009957,984396,1489377314
-3342968794340524475,984396,1489377315
-1113163758197969357,984396,1489377352
-9187394761342922795,984396,1489377313
6998009799380480655,984396,1489377332
1827558787321807926,984396,1489377314
-7639049427052080490,984396,1489377354
-1009452657952842688,984396,1489377309
-6012849307731469420,984396,1489377349
4010398641621745636,984396,1489377323
3800047860969233811,984396,1489377306
6929606700719359127,984396,1489377316
5810764021124688262,984396,1489377311
1804224105980375118,984396,1489377358
2626344299972907213,984396,1489377354
542001817314104284,984396,1489377304
-1556610037233809612,984396,1489377303
-4163968085502130858,984396,1489377354
-1359331704312663366,984396,1489377336
-8911941376943600422,984396,1489377358
-911770244506763341,984396,1489377311
-6371455013810952200,984396,1489377314
7078080054078134761,984396,1489377312
-2611177555434527309,984396,1489377347
-4087481814225032397,984396,1489377329
7010621938444642268,984396,1489377345
-25087783353864240,984396,1489377300
-3261381492305723125,984396,1489377307
2760662408987289092,984396,1489377311
8194850900671991258,984396,1489377329
4575995435844235749,984396,1489377357
8093927737950318506,984396,1489377313
7429052213341795456,984396,1489377327
-8748970022275099568,984396,1489377346
-3149148930312665184,984396,1489377332
7836247097429395817,984396,1489377353
-189837232039237788,984396,1489377301
4973215274617566037,984396,1489377348
7603045286715046481,984396,1489377355
5034689571659369359,984396,1489377329
2816491294226314489,984396,1489377342
7223112609975070690,984396,1489377349
6857687628899217156,984396,1489377330
493677937793773411,984396,1489377355
-4193610812531120088,984396,1489377305
3169011533378065496,984396,1489377333
-3384922696327446090,984396,1489377311
2065010452603846460,984396,1489377355
-9013916996746109359,984396,1489377303
3447678824428969276,984396,1489377319
-8135179689264112699,984396,1489377333
6068387986286345513,984396,1489377358
3986405429527650786,984396,1489377360
4185614653962701898,984396,1489377339
-5100403606084040253,984396,1489377349
5152183839475880835,984396,1489377352
2978732241768313894,984396,1489377353
2820612891227574459,984396,1489377346
7681980048575209772,984396,1489377354
6849852370267982924,984396,1489377315
9005481138106293463,984396,1489377340
5748329241984447030,984396,1489377306
1528816808307353575,984396,1489377336
-8522364561665065668,979793,1489377323
-6687000006087366210,984377,1489377315
-6201133418868021191,984377,1489377340
-2408689235210049072,984377,1489377303
5432269421333473745,984377,1489377350
-7342869419571040907,984377,1489377343
1320142198788631728,984377,1489377322
-4596263292151662443,984377,1489377312
7244009521721183464,984377,1489377333
-555129872191223985,984377,1489377359
-4252613840742600136,984377,1489377322
1421736319283718446,984377,1489377339
455263073508765518,984377,1489377344
329243725979123212,984377,1489377348
-7795289925131862895,984377,1489377321
237819049439594352,984377,1489377328
-2642306665936723569,984377,1489377332
-2203171949909935023,984377,1489377306
4695581556283672281,984377,1489377306
2005733752497690054,984377,1489377342
-6228986345990716403,984377,1489377318
8879489820043301078,984377,1489377354
2719723105398654118,984377,1489377309
-4720848690059050045,984377,1489377345
-1747003361168510472,984377,1489377334
-3337989296663436129,984377,1489377310
-2776939665343212677,984377,1489377324
-8249817603132625605,984377,1489377360
4908579715090685990,984377,1489377338
-8171971539107321596,984377,1489377341
2031151943456240373,984377,1489377301
-2767322729608844548,984377,1489377327
-2717146507449398028,984377,1489377357
-8659221849920279465,984377,1489377329
1118300455005264708,984377,1489377350
3955119271154299724,984377,1489377350
-3115227277892090806,984377,1489377330
-3523301257309707516,984377,1489377340
5053983120352399601,984377,1489377303
-7821354760688501112,984377,1489377347
-7317114089942354417,984377,1489377301
7565534967595716950,984377,1489377312
3377252078950995212,984377,1489377356
6256079554290762928,984377,1489377306
-486141934092010093,984377,1489377354
6970885406403156081,984377,1489377330
2461587717125838391,984377,1489377339
7764464480888721728,984377,1489377339
8494129624935604593,984377,1489377347
4682145858150274245,984377,1489377351
-1206547786342411089,984377,1489377308
745446048600501899,984377,1489377308
-6332087636139038947,984377,1489377337
972919028788989996,984377,1489377360
-9012343222478357352,984377,1489377320
4099728625203386861,984377,1489377327
8550623442403963667,984377,1489377349
3674820711744504231,984377,1489377326
5755253673182712623,984377,1489377355
-8581747572267042221,984377,1489377317
-5243451514232295251,984377,1489377329
341496413629102483,984377,1489377332
518820543596892774,984377,1489377328
559853818903107542,984377,1489377328
-5747724927736655280,984377,1489377330
8706397084895095471,984377,1489377310
7903951327186478,984377,1489377309
3710482230154799827,984377,1489377353
1204898430363950174,984377,1489377343
6205240477974947304,984377,1489377331
7206623592209505778,984377,1489377353
343936366562743815,984377,1489377328
-7392834606900277322,984377,1489377349
5554538043212392235,984377,1489377339
-4919060890787994108,984377,1489377342
-9219120970913635662,984377,1489377309
-6097000949151228295,984377,1489377339
5206964590619240145,984377,1489377328
-4113527027946680180,984377,1489377353
4944972446288565205,984377,1489377355
-8907617944722156834,984377,1489377321
3419687892749199999,984377,1489377335
584500489217855308,984377,1489377333
4578226224086496898,984377,1489377321
-5220601490570799163,984377,1489377333
-6544067784059287759,984377,1489377329
-6808548917015483440,984377,1489377337
5849867384360222381,984377,1489377349
-3999667004014483036,984377,1489377347
8201217467628818297,984377,1489377313
-2465312794228887415,984377,1489377336
4878230340240197248,984377,1489377336
-7237906111688136601,984377,1489377341
6872694188783774688,984377,1489377330
1116959845756894781,984377,1489377318
-3433904789101210196,982188,1489377305
-2782402434303844633,920362,1489377309
-3978382188944241086,984208,1489377310
-6363575791588788483,984185,1489377324
-6999994036182014643,984185,1489377345
-941835208302739951,984185,1489377348
4943478878604275124,982757,1489377318
-39235811661495550,984350,1489377359
2747671321072322036,984350,1489377323
9126418519603549737,984350,1489377353
-4736680980022984366,984350,1489377308
-2355255553132845243,984350,1489377347
4693345524388559364,984350,1489377346
-3271930845356060454,984350,1489377346
-6301734807297801820,984350,1489377342
-3378702741427401930,984350,1489377316
-7945378206087090665,984350,1489377312
-3370219909700456817,984350,1489377342
507306957906447115,984350,1489377352
-2355255553132845243,984347,1489377356
4693345524388559364,984347,1489377352
2747671321072322036,984347,1489377328
9126418519603549737,984347,1489377357
-2464119354873148567,879761,1489377300
-5293312439848997689,984151,1489377322
-1621556758613287037,932282,1489377312
-6591888055557965891,114705,1489377308
-8948187704758457113,984140,1489377359
-4002066151899279020,983999,1489377333
-1844970554138196969,983999,1489377344
-8854266188728946758,983999,1489377307
-6892072576700806820,979688,1489377303
8494370559982142338,984163,1489377316
-3266515191103872447,962214,1489377314
5088997431993433619,984339,1489377344
-1758930090967282237,984339,1489377351
234726256835460417,984339,1489377309
-8866824913995435600,984339,1489377334
8475194047459531603,984339,1489377345
8111015904275648148,984339,1489377306
4406612457019781432,984339,1489377351
-5948054004412635132,984339,1489377354
-8080074616357802940,984339,1489377319
4133677020510345138,984339,1489377351
-7853074375090647620,984339,1489377346
-1949532340192055588,984339,1489377343
2388070376016991571,984339,1489377309
-1050005555831444880,984339,1489377317
-1083483733123185374,984339,1489377349
-5242211313286276931,984339,1489377339
-4356899721589685281,984339,1489377323
8768908251227116433,984339,1489377359
-8207328089467184396,984339,1489377331
5850027798474546626,984131,1489377303
-4128803741248643060,984131,1489377354
-4533671511187265639,983737,1489377331
-4736680980022984366,984323,1489377333
-39235811661495550,984323,1489377359
-8711562056186829430,984254,1489377342
-3296360732119867349,879653,1489377303
-3399878579525080781,978823,1489377353
-547553332594653804,983202,1489377330
7357605341957648830,972879,1489377307
8447795702287735217,345111,1489377358
5242425956443226213,984280,1489377344
5248258243938241098,984280,1489377331
-8533470712032669842,984280,1489377337
-7497763480849500996,920015,1489377326
-6999994036182014643,984191,1489377322
972182138374727355,982752,1489377330
8333098691200442383,983494,1489377303
-132233800821193524,983494,1489377345
-4632878480603481351,983494,1489377307
-4942696852826987469,983494,1489377311
2240635777900331969,983494,1489377306
2547322848367900141,984030,1489377306
-939308322368168189,984030,1489377334
-7095405952114690894,984030,1489377339
8304451921755323448,984091,1489377338
-9191196125994424273,984091,1489377359
272446103189318044,984091,1489377357
6066218709801896078,984091,1489377345
-1764253570952405400,983644,1489377318
-3969883116859559576,983270,1489377333
-6054670650500568436,982560,1489377318
6695377296599985265,984370,1489377345
-5227892525261208420,984370,1489377327
-7518291411910996389,984370,1489377329
1622578302731115425,984370,1489377306
8699844437500604254,984370,1489377306
-1453747966772288793,984370,1489377301
-4378111973652995308,984370,1489377314
-6224266447261716723,984370,1489377349
9072758592317960686,984370,1489377340
4150807405603373072,984370,1489377322
697659200745739466,984370,1489377357
-4756527179171814878,984370,1489377340
2892094134721491090,984370,1489377330
-4884207867054102968,984370,1489377354
870091684830264047,984370,1489377332
1652979909113319504,984370,1489377341
-5349561249178298647,984370,1489377359
6716972793580873933,984370,1489377306
3243731353496320338,984370,1489377310
7451784254954799641,984370,1489377332
-1264915455768182814,984370,1489377320
7593210770369368475,984370,1489377353
5053983120352399601,984370,1489377358
-8948187704758457113,984370,1489377315
-360898692052319375,984370,1489377357
4209208867369381172,984370,1489377327
-2984975525474820262,984370,1489377349
-8115458353204293480,984370,1489377352
-2219298995144252480,984370,1489377301
-3793908930654279652,984370,1489377357
-8110731269374183528,984370,1489377303
-6995638559756400445,984370,1489377327
5095782958260521329,984370,1489377336
-7031254753165327970,984370,1489377313
5096545660912849695,984370,1489377340
-8176790758094290864,984204,1489377317
-5105765346670399029,984364,1489377336
2776867206715008334,984364,1489377359
-5486585185802726717,984364,1489377309
4662219644848524885,984364,1489377343
-618838353561533676,984364,1489377335
8187445934177093152,984364,1489377332
-2899143148553319933,984364,1489377335
-853065495093937436,984364,1489377353
-5079477540480960075,984364,1489377335
1206675102147660958,984364,1489377337
-2857913328643082870,984364,1489377314
-1453747966772288793,984364,1489377353
-5145665491156329920,984364,1489377352
6624608681939162569,984364,1489377327
6716972793580873933,984364,1489377351
-7442079619042405989,984364,1489377343
-5967768756442599916,984364,1489377315
4323070656687788668,984364,1489377357
148113399017947724,983742,1489377349
-2254084273054972167,983742,1489377325
-4065731346685084098,983673,1489377306
3948159736167834725,342711,1489377340
5850027798474546626,984127,1489377313
-8534528933862754153,894676,1489377306
-3978382188944241086,984213,1489377312
9064957955708198269,984213,1489377315
6683609711083498029,984363,1489377339
3123130482692796046,984363,1489377344
8282387154656039380,984363,1489377321
-8114916482019465880,984363,1489377357
-7387247393175523511,984363,1489377323
-7866331379192430470,984363,1489377308
6151616674037430951,984363,1489377328
1274407055151240899,984363,1489377321
7727512652031501625,984363,1489377358
-3298619728486763848,984363,1489377313
-3218795445317905864,984363,1489377346
-2857913328643082870,984363,1489377351
-5517139934325329192,984363,1489377334
3188576760712624167,984363,1489377323
8584898771751980237,984363,1489377349
-2883045421943200009,984363,1489377312
-4433576875891243503,984363,1489377323
2713464502360285093,984363,1489377360
6779098471264230631,984363,1489377359
-1047732426756679874,984363,1489377334
5929562694409964110,984363,1489377325
-3978382188944241086,984205,1489377359
8121892401486401373,984362,1489377311
-39235811661495550,984368,1489377321
5574766599720652263,984368,1489377332
-431839352424610727,984368,1489377348
2776867206715008334,984368,1489377302
-4045104263999907882,984368,1489377341
-8177248944831748933,984368,1489377317
-4840868691441600478,984368,1489377335
-600681264356455393,984368,1489377319
-3747791050192600255,984368,1489377311
-4378111973652995308,984368,1489377360
2293597565864997561,984368,1489377320
3243731353496320338,984368,1489377351
-7945378206087090665,984368,1489377312
-5145665491156329920,984368,1489377309
5912400090334678247,984368,1489377323
-1453747966772288793,984368,1489377334
4275098184352011823,984368,1489377322
-5227892525261208420,984368,1489377357
-7442079619042405989,984368,1489377306
8699844437500604254,984368,1489377334
6716972793580873933,984368,1489377331
2713464502360285093,984368,1489377333
3148980500099594199,984368,1489377311
-3077153471531208071,984368,1489377343
880245857197767880,984368,1489377354
4150807405603373072,984368,1489377322
-4884207867054102968,984368,1489377356
-5349561249178298647,984368,1489377359
9072758592317960686,984368,1489377340
870091684830264047,984368,1489377332
-1264915455768182814,984368,1489377321
-4038650755610250592,984368,1489377341
-7518291411910996389,984368,1489377329
697659200745739466,984368,1489377357
-4756527179171814878,984368,1489377340
7451784254954799641,984368,1489377332
-8847410694926318011,984296,1489377334
354368112759665386,984296,1489377169
3981353400685670842,984296,1489377326
4286653545884585123,984296,1489377329
5712726762396779900,984296,1489377356
4933838428483791110,984296,1489377338
-5862469265430355969,984296,1489377328
8893772980032420341,984296,1489377307
-4450154301899185474,984296,1489377354
-7563225886925347155,984296,1489377324
7426892143321875319,984115,1489377310
4693345524388559364,984345,1489377358
2747671321072322036,984345,1489377331
-2355255553132845243,984345,1489377356
-5820287764933816527,984156,1489377351
7803000181875225394,984394,1489377346
-9090169314124431176,984394,1489377346
7590127626375946996,984394,1489377322
3231827840745029168,984394,1489377345
-3665794897984857468,984394,1489377352
-7396386360354845722,984394,1489377359
-2500266136153789441,984394,1489377347
5632329966695726353,984394,1489377358
-6638077272503400069,984394,1489377339
3962141804203905840,984394,1489377358
-1701810065439645075,984394,1489377358
-9191196125994424273,984095,1489377337
5850027798474546626,984095,1489377345
-8522364561665065668,979711,1489377323
1252045777077328532,984232,1489377348
-6363575791588788483,984183,1489377352
-5541532875151196465,984183,1489377344
-6228675518951322005,984183,1489377323
2757620995398688414,984366,1489377309
4323070656687788668,984366,1489377337
1206675102147660958,984366,1489377314
-2899143148553319933,984366,1489377306
-8177248944831748933,984366,1489377340
4275098184352011823,984366,1489377343
-3747791050192600255,984366,1489377330
2776867206715008334,984366,1489377321
9210370588327113628,984366,1489377314
-7442079619042405989,984366,1489377324
-5145665491156329920,984366,1489377327
8699844437500604254,984366,1489377350
8187445934177093152,984366,1489377310
-600681264356455393,984366,1489377333
-431839352424610727,984366,1489377358
-1453747966772288793,984366,1489377343
-39235811661495550,984366,1489377330
6716972793580873933,984366,1489377338
2293597565864997561,984366,1489377322
3243731353496320338,984366,1489377353
5015993639586939965,984366,1489377352
-5227892525261208420,984366,1489377357
-4840868691441600478,984366,1489377337
5574766599720652263,984366,1489377332
-4378111973652995308,984366,1489377360
69243977094236263,984366,1489377341
-1624567062390377954,984380,1489377345
2065880757520874328,984380,1489377353
-7411105703654208903,984380,1489377340
6699211080004324992,984380,1489377329
4682145858150274245,984380,1489377330
-8562594390934740,984380,1489377350
2128673249892148362,984380,1489377340
4787102770932019804,980090,1489377322
-837116185861874366,983078,1489377330
-7449110913649008737,984313,1489377352
-2287338591237551434,984313,1489377302
-3679412925828627239,984313,1489377353
8574717251759623978,984313,1489377316
2081158145843900998,984313,1489377322
-6632917975785724471,984313,1489377355
2938918241274516194,984313,1489377323
-9158147235033759541,984313,1489377303
4518692081322949051,984313,1489377337
4852034783571018195,984313,1489377314
-3476121168120409831,984313,1489377314
-4836921309522104239,984313,1489377355
-1398001707446591960,984313,1489377338
8616142507973290285,984313,1489377319
332966157485203532,984313,1489377354
6795930595893827586,952034,1489377321
1362757535502911583,984181,1489377326
-2110752375880199413,984181,1489377321
5930189314054433163,984181,1489377357
599158148424653264,984224,1489377341
4953902559100943234,984215,1489377327
-4416598069548052762,984216,1489377346
-6363575791588788483,984099,1489377357
3611676547944002376,969498,1489377337
-1342299958652740096,980991,1489377357
-8562594390934740,984384,1489377350
2128673249892148362,984384,1489377340
1128472350203979952,984384,1489377333
-8926738039291336270,984384,1489377348
5619244000461356859,984384,1489377345
5224984203886630645,981726,1489377319
-7714037714001815117,984349,1489377329
7412367386275930198,984349,1489377305
6332088507443781070,984349,1489377341
-4610835639842503243,984349,1489377336
-2109578052816508436,984349,1489377357
-194356370175362300,984349,1489377315
-3345627188967797442,984349,1489377326
-852452573321077899,984349,1489377306
-3535649487256014364,984349,1489377316
4425147602673094947,984349,1489377326
6110558553650391224,984349,1489377325
5398161014609221318,984349,1489377341
1535180051726639730,984349,1489377303
5511917366133935375,984349,1489377333
507306957906447115,984349,1489377339
-3271930845356060454,984349,1489377317
-2852633460664235286,984349,1489377360
3933959068759338201,984349,1489377306
-6301734807297801820,984349,1489377336
8113144890499840337,984349,1489377348
-2355255553132845243,984349,1489377311
5447306777126890967,984349,1489377346
-1705022960361865202,984349,1489377321
-3370219909700456817,984349,1489377333
1940079794890146515,984349,1489377336
-8285412541119577090,984349,1489377355
4693345524388559364,984349,1489377333
1274407055151240899,984349,1489377338
-8658030961153778412,984349,1489377337
-6143793575829832664,984349,1489377360
3160342746262621107,984349,1489377336
1386158573921687360,984349,1489377312
7507904275783867532,984349,1489377344
6911843107928611353,984349,1489377340
1020615024440055916,984349,1489377315
-6124299520147660210,984349,1489377349
1169237112357999798,984349,1489377324
-3298619728486763848,984349,1489377357
-654349496294386032,984349,1489377303
3285616274162686267,984349,1489377313
-661676909983915759,984349,1489377324
8509701955954862728,984349,1489377349
3575386513584891415,984349,1489377324
-637974973576653259,984349,1489377314
-7866331379192430470,984349,1489377359
-1515706304391327100,984272,1489377341
2214491361082767326,984272,1489377339
5242425956443226213,984272,1489377343
-8468033602410919253,984272,1489377346
-1569327624826433545,984272,1489377339
6661301839021637222,984272,1489377303
-1746083323800230562,982451,1489377325
5910054121379446042,983871,1489377334
-3019537057153206154,984291,1489377322
2548455272372532719,984291,1489377346
1826176313057131520,984291,1489377351
-2413360068865081760,984291,1489377314
5452352441140667267,984291,1489377301
7829074578278691127,984291,1489377314
-7940879511147001628,984291,1489377314
8228411472938662835,984291,1489377309
7476988465955668451,984291,1489377356
-8399326613491866197,984291,1489377359
7279764333714145348,984291,1489377306
971004762353812914,984291,1489377354
-6483366169515281641,984291,1489377333
-5317203787246054655,984291,1489377303
-8238755092591569149,984291,1489377313
-6659477284092038147,984291,1489377307
-6021645419298699268,984291,1489377311
-8468033602410919253,984291,1489377329
1809165453389379626,984291,1489377348
-1503103320806701478,984291,1489377342
8469988370421483656,984291,1489377312
-1015328146464978055,984291,1489377321
-3037537557650704080,984291,1489377320
2845569154970761209,984291,1489377337
3479223611325796276,984291,1489377341
1491170421062972552,984291,1489377310
-7204486253373718854,984291,1489377300
-4765029869303246557,984291,1489377355
-2640633590506424809,984291,1489377312
4968500399221803186,984291,1489377337
7715203847664105773,984291,1489377305
-2210089663164197433,984291,1489377355
-8934529065263296616,984291,1489377300
-2158389245058991666,984291,1489377349
-7074247584621964091,984291,1489377360
7947591424643881384,984291,1489377316
-8096551969755876295,984291,1489377356
2916182087290680591,984291,1489377304
4132829668354363198,984291,1489377342
-5111459807606077314,984291,1489377340
4892734357490819520,984291,1489377345
3633868748286689145,984291,1489377311
-3015644757478004328,984291,1489377336
3976800810250962427,984291,1489377358
3711261230380453824,984291,1489377309
9035925078067149065,984291,1489377335
-151638209105290381,879081,1489377336
-582193849492598523,984372,1489377346
7814098750266683508,984372,1489377341
-360898692052319375,984372,1489377327
-8115458353204293480,984372,1489377328
3758064148871385174,984372,1489377325
7451784254954799641,984372,1489377322
5095782958260521329,984372,1489377320
5096545660912849695,984372,1489377321
-2984975525474820262,984372,1489377327
5053983120352399601,984372,1489377343
-5349561249178298647,984372,1489377330
-2808896371573673531,984372,1489377301
-3793908930654279652,984372,1489377351
7371617190432144469,984372,1489377335
-5322400626852915668,984372,1489377313
3621054082853325308,984372,1489377321
-8247461403056295061,984372,1489377354
3617632833670184083,984372,1489377356
2900924803659934376,984372,1489377320
4195236221794284527,984372,1489377315
2031151943456240373,984372,1489377351
-3046713592481383613,984372,1489377353
-7816952946495547021,984372,1489377343
-4013924652054114029,984372,1489377318
-4122789539615896375,984372,1489377349
-8821388391866385601,984372,1489377359
2274571344578612529,984372,1489377346
-1206547786342411089,984372,1489377341
-8001212654962566909,874820,1489377345
7425113516059976869,984388,1489377341
-2382758081748796562,984388,1489377331
5514089757183627363,984388,1489377331
7389090729996010840,984388,1489377342
912383624199672883,984388,1489377354
788134855417603267,984388,1489377330
-8894155281440597650,984388,1489377331
-101415221208908157,984388,1489377340
8176250314614629611,984388,1489377342
-688758516282953845,981688,1489377340
-7289344992281972256,984268,1489377345
8855123200786795458,984268,1489377355
4590461271146242667,984268,1489377315
5018372381058116415,984268,1489377357
-7339058314189040824,984268,1489377352
-2974077559573485231,400549,1489377354
3571630644347737489,983204,1489377323
569859174117427807,975304,1489377321
-1949532340192055588,984342,1489377318
-5734804362329911104,984342,1489377348
2253025999794975358,984342,1489377339
2747671321072322036,984342,1489377359
