-2961976585221550904,934455,1489793399
-5358475096805893619,983120,1489793386
8456155338581986872,944612,1489793380
2872282208729714757,986517,1489793396
-1128465675906232661,986717,1489793354
-2080478776702179333,986601,1489793372
-5112241149426247776,986685,1489793377
835084337833529527,986842,1489793394
-5065463941404798236,986842,1489793362
-5358475096805893619,984471,1489793379
4562270162305812904,986878,1489793376
-4038357261032477780,986878,1489793399
-506332371785497755,338176,1489793358
3166950201367808907,162625,1489793356
1493443149698142158,982698,1489793349
-1879701973670297078,923828,1489793388
-6597377837047541808,986374,1489793383
-7383517253468467015,986541,1489793400
594456066007803372,986497,1489793343
8836634970173867242,986497,1489793355
-6303879413269688351,985107,1489793365
-272636392597887318,986491,1489793346
-5992992218535299361,986491,1489793388
-881072843264941967,986143,1489793402
226799070293199156,986796,1489793386
-7506371295407612465,986796,1489793352
8110802606714016095,985211,1489793395
-4139620163680563149,90363,1489793357
-5987030943288418110,981213,1489793365
7004720273581430484,986745,1489793375
6659910163766524365,986827,1489793378
2078403923420605643,149291,1489793351
-5866999904230153404,953559,1489793392
784375774492065528,887760,1489793389
6794847341050607267,980667,1489793374
-4764385950618400158,934047,1489793369
5324539120733950511,986732,1489793362
1681781378534437315,975858,1489793346
2354739285969809048,977179,1489793364
219760849206421556,343865,1489793344
-7074475458963566002,986663,1489793391
9036620967085055766,986600,1489793378
4060575039962927992,986838,1489793369
5743435917921818244,986838,1489793400
-1212387575798032738,986838,1489793368
8097008287720681398,986838,1489793374
1012288480723769021,986838,1489793346
-6492829433893655057,986838,1489793380
-7449374541395858235,986838,1489793391
-5460116729104866233,986838,1489793380
-7171638006418026422,986838,1489793359
1388406799600565422,986838,1489793400
-8330732369589646674,986450,1489793384
-6352579519708905362,986636,1489793376
-2974969927011523275,986817,1489793382
-8583167165049598182,986817,1489793384
6939293388699001098,986817,1489793385
1998044679707712921,986817,1489793396
5499210059958335610,986817,1489793359
-3170056237835365108,986199,1489793375
2862538743229851296,986647,1489793370
8766702973951126213,986623,1489793379
-8921823853209362795,986623,1489793379
-1338197749369980582,986623,1489793371
4078990077282358515,974441,1489793398
3546804609480303103,974441,1489793355
3266070848441443645,974441,1489793377
-3537619010019487164,928938,1489793397
3207817161690148675,985074,1489793376
-4139620163680563149,90370,1489793358
-6352579519708905362,986612,1489793402
-1645198322170362003,986612,1489793366
-6597377837047541808,986370,1489793396
-749993127664753384,907925,1489793378
4018593150670312844,881922,1489793356
2647767887152861655,986702,1489793344
3494807890887453346,986702,1489793365
-8283808226594177023,986702,1489793359
8663866633916974213,986702,1489793345
8056125515000742955,986702,1489793373
6050482760824518282,986702,1489793354
8335071853888694352,986702,1489793379
-4793290429409559217,986702,1489793392
-780347753062441060,986702,1489793390
7178292512966210902,986702,1489793391
-8660628342777676624,986702,1489793402
5208292731067645434,986702,1489793358
7770558290345745310,984739,1489793366
5759956133314910231,984739,1489793377
4939885447765931793,984739,1489793352
5921485623976022489,984739,1489793364
6208999417823732157,984739,1489793383
-4385482792751016712,417266,1489793347
1546355001645148109,985873,1489793396
2773142805155147275,985873,1489793385
-2540768858766157310,986225,1489793375
-7074475458963566002,986225,1489793392
8284203566368578255,986225,1489793356
5886457467093170072,986225,1489793359
-3785694482253160578,984546,1489793401
-7718099832075687978,984546,1489793376
-1977628754331991586,986467,1489793365
5086250569252277600,986467,1489793388
-6180892422894846203,986467,1489793362
2485943573600168179,986467,1489793357
7281350806208251409,986467,1489793398
-8014452766332455554,986467,1489793344
4856870244672242068,986467,1489793385
-2947304220156617180,984211,1489793350
-58656877869646401,343556,1489793354
-2661712706695563427,986834,1489793393
-5853341825619616425,984746,1489793347
-4483488006356760332,986241,1489793381
5165319951039823987,986241,1489793398
-4483488006356760332,985533,1489793381
820328873064235910,986628,1489793383
1865026909243603572,986628,1489793402
-3385274701677802657,900123,1489793360
-6597377837047541808,986381,1489793370
-4631048128754676414,986500,1489793388
-6793369056027745387,945371,1489793356
461249174998941033,943205,1489793344
-979162642708155396,986719,1489793387
3963383389900989341,986851,1489793369
5341404254692541241,986438,1489793396
1411875329045191623,986776,1489793402
-1568647515302024433,986776,1489793358
4212179105610987100,986776,1489793344
841947044410787294,901082,1489793350
-3712649765042109009,967456,1489793364
-2226522373507073277,985962,1489793394
8458325571668521030,986648,1489793390
6689239639299522297,983500,1489793376
7158642587503450190,986533,1489793402
5991132873236824976,986533,1489793349
-3470583503115764401,986177,1489793396
-2661712706695563427,986804,1489793383
-8076560395935070945,986806,1489793395
1022797918257387628,986806,1489793365
3831400981967625439,986806,1489793349
-8583167165049598182,986806,1489793398
-4587138731654974055,986806,1489793393
-2974969927011523275,986806,1489793398
6689239639299522297,986167,1489793367
6742342598698591359,986283,1489793399
5341404254692541241,986572,1489793372
-4793290429409559217,986715,1489793378
-774003798801306281,986807,1489793370
-9179558518780292460,986807,1489793350
4543262037613313150,986453,1489793351
-6352579519708905362,986599,1489793360
8639002918967183717,985691,1489793351
71432050087347227,986360,1489793387
-5358475096805893619,986360,1489793378
-6095633941478735213,986360,1489793365
2555618492771233443,986501,1489793355
6435342970919706651,986799,1489793368
-1817479712151345757,986799,1489793366
-3195423718394779312,986799,1489793360
-4341950732642992595,422125,1489793389
4950714240671262418,986482,1489793391
8868063539508403891,986482,1489793353
1349892727404539134,986735,1489793371
2725123078605104074,986735,1489793352
-9138725151123046169,986735,1489793374
-542154161574593401,986808,1489793356
4052270413462423,986808,1489793389
1682579491521833258,986420,1489793394
7166754978915813068,986420,1489793373
8166290293191485499,986420,1489793380
-1647162065497271491,986528,1489793377
-8636530459739287111,986686,1489793347
-1739848475416528922,985736,1489793374
3648249562801918978,985736,1489793379
791481171880033756,986155,1489793384
-8283808226594177023,986155,1489793368
2354739285969809048,986229,1489793366
-3397366822499129956,986734,1489793398
-8701309016975198529,986734,1489793351
-222705389043199544,986734,1489793383
5499210059958335610,986802,1489793359
1998044679707712921,986802,1489793396
-8583167165049598182,986802,1489793366
6939293388699001098,986802,1489793383
-6847942479119111703,986802,1489793388
6402268081499214884,986802,1489793396
-5786388579731042230,986654,1489793374
1022797918257387628,986811,1489793377
-774003798801306281,986811,1489793346
3784227221271760927,986737,1489793360
7478078972357381298,918349,1489793358
7680275425693066134,898868,1489793399
1622642439345379173,986818,1489793394
5890802534468408210,986818,1489793393
-8356346522276343657,986818,1489793401
6939293388699001098,986818,1489793377
-8614016111327314718,986818,1489793375
1989420944496989694,986818,1489793358
817837274856781964,986818,1489793348
-2608883970652283069,986561,1489793401
-3471123602349967132,986561,1489793354
-3690925188818331364,986750,1489793353
467436145119279996,986750,1489793374
-4695940433461794760,986621,1489793393
-2881054534983672177,986621,1489793354
-85920614537370914,986620,1489793346
-2098793525853779296,986729,1489793370
4256948211488591574,986729,1489793389
8290105304454574359,986729,1489793386
4371706739285384247,986729,1489793385
-5663573563601751605,986729,1489793394
-8358351340629794547,986729,1489793352
4008660296274060546,986729,1489793378
6618282903884264302,986729,1489793373
-3170056237835365108,986253,1489793375
-6880829856062750732,986253,1489793353
4846356579996682583,986464,1489793384
-5320559127369940282,986464,1489793383
-8747234467158163949,889317,1489793373
6203708629201582089,986566,1489793355
5455557430520968005,986671,1489793390
5743435917921818244,986839,1489793361
-7449374541395858235,986839,1489793391
-5460116729104866233,986839,1489793380
4532091071640068086,986839,1489793401
6379612326940591920,923951,1489793389
-7213954057248781239,401519,1489793397
-5729496917933948738,895648,1489793362
-6793369056027745387,945382,1489793364
-7225751899958131819,986704,1489793354
7911166413031987958,985626,1489793371
-6109427147343140873,986752,1489793354
7916277585309132381,873200,1489793362
2665669063365812125,873200,1489793385
2251952261660606963,983962,1489793381
-374752188773927832,983962,1489793404
9036620967085055766,986672,1489793376
-241546537029819834,986672,1489793393
-4695940433461794760,986613,1489793393
-3712649765042109009,968598,1489793364
-8092941526704413633,986843,1489793378
4306079656353662834,986843,1489793351
5781167861843298952,957209,1489793361
271816245436356468,986676,1489793361
4217431003288189192,986676,1489793385
-1100267199582169057,986767,1489793381
-6352579519708905362,986631,1489793366
-7213954057248781239,400821,1489793376
9036620967085055766,986691,1489793350
3168319176174875207,986691,1489793361
-6847942479119111703,986820,1489793388
1998044679707712921,986820,1489793370
3712306032994925158,986820,1489793347
6939293388699001098,986820,1489793380
5890802534468408210,986820,1489793393
1622642439345379173,986820,1489793394
-1212387575798032738,986835,1489793397
-2846933485030459318,986835,1489793378
-7867491779866807012,986835,1489793346
5743435917921818244,986835,1489793400
4060575039962927992,986835,1489793369
8957211698591846731,986276,1489793349
-1134468647313675022,986276,1489793350
-5262185181759307884,986558,1489793389
-4007079828362010575,986775,1489793383
7158642587503450190,986535,1489793402
-4182909557663131424,939801,1489793367
8468089598653308192,986540,1489793348
6212334551798271564,986540,1489793391
6742342598698591359,986540,1489793396
-5329235512970783718,986540,1489793346
5570526496117679015,986340,1489793395
5080664145714016353,986211,1489793402
-774003798801306281,986795,1489793367
-9179558518780292460,986795,1489793350
1022797918257387628,986795,1489793405
-2448158253550869222,985944,1489793349
-6930034563583280988,985944,1489793380
-5178098176850514085,985944,1489793357
-6682236755972514421,985944,1489793371
-5460724053609372384,985944,1489793366
-3242154725562204664,985944,1489793357
962488304141408852,985944,1489793373
448925747088643843,985944,1489793365
-5438616018229397303,985944,1489793396
1961502205498165884,985944,1489793395
-7546942728354153790,909387,1489793346
3507041070450762232,986668,1489793372
7141262500696599954,986668,1489793369
-3860362579360828871,986668,1489793405
-2080478776702179333,986589,1489793372
-5880158959386077382,984462,1489793389
-3363898885598226429,945456,1489793391
2862538743229851296,986661,1489793391
8639002918967183717,985569,1489793386
-5358475096805893619,982331,1489793389
-2947304220156617180,985016,1489793343
-6793369056027745387,945376,1489793376
-2448158253550869222,986510,1489793348
2912935959057262061,986632,1489793387
-6352579519708905362,986632,1489793404
-6532849139507037423,986632,1489793394
-6161336190372271956,986632,1489793376
-7586844632429307878,985711,1489793402
-3854589246025504118,985080,1489793344
-8283808226594177023,985080,1489793368
1563110349713460700,985080,1489793384
-5972323021011863553,986879,1489793382
7842920420383889640,986879,1489793405
-2312340647172327190,986879,1489793349
-3670425534234213273,986879,1489793352
-6647713919768256739,986879,1489793400
-514364426771738381,986879,1489793370
-2846933485030459318,986879,1489793376
-7620465013076288190,986879,1489793391
-1021429121589771819,986879,1489793373
3020522349461576296,986879,1489793386
4362226142504736293,986879,1489793397
-1861941442290482173,986879,1489793391
175584067525446014,986879,1489793368
7499221576355304599,986879,1489793373
-6692163939234585297,986879,1489793397
799881394915377419,986879,1489793381
-1568647515302024433,986505,1489793382
-5262185181759307884,986462,1489793405
-6352579519708905362,986596,1489793378
7141262500696599954,983654,1489793397
-6640674188675096437,986868,1489793355
2932756732379283808,986868,1489793357
1924215391527287022,986868,1489793377
6267568647917297948,986868,1489793397
-1105201544027952436,986868,1489793360
4948542099590998289,986868,1489793363
1964804327603435869,986868,1489793397
-3384521096511897632,986868,1489793403
2589863186014873051,986716,1489793387
-1531042796152514379,986716,1489793401
5324539120733950511,986716,1489793362
-4515860311642834824,986716,1489793401
-4143081269411837967,986707,1489793375
-2169813803496943277,986867,1489793351
-8183904655408672972,986867,1489793354
2932756732379283808,986867,1489793388
7141262500696599954,986688,1489793351
5818007081307285024,986812,1489793363
1022797918257387628,986812,1489793405
5488203017196211496,986812,1489793369
-774003798801306281,986812,1489793354
-8092941526704413633,986812,1489793399
2510972944662834182,986812,1489793404
5739266017848616628,986812,1489793396
-8355807798330289038,986812,1489793375
828125379901931558,986812,1489793378
7632739982532521285,986812,1489793383
-3773689669787693383,894478,1489793349
8704920532236796370,873574,1489793345
271816245436356468,986669,1489793361
4217431003288189192,986669,1489793385
-5245953046474199964,986740,1489793399
-7476582611677315687,986740,1489793401
-5141960423291288089,986725,1489793351
2012100584967166958,986725,1489793389
-3647689736948017653,986725,1489793351
5488203017196211496,986498,1489793391
5316106823275664632,986498,1489793348
-6597377837047541808,986204,1489793349
5455557430520968005,986736,1489793390
-1100267199582169057,986736,1489793381
7911166413031987958,985229,1489793393
-4341950732642992595,873049,1489793348
-8794510805617448930,873049,1489793367
2276805038078329881,986790,1489793391
-3873882325571391671,986790,1489793366
-339586328645790582,982199,1489793345
-5992992218535299361,986514,1489793387
9036620967085055766,986679,1489793361
-4615291264869509271,986679,1489793396
2932756732379283808,986869,1489793383
-1105201544027952436,986869,1489793389
-9138725151123046169,986733,1489793405
2725123078605104074,986733,1489793379
8260606090145722305,986706,1489793375
6939293388699001098,986823,1489793373
4627207469083439376,986823,1489793387
4511935537809313614,986841,1489793364
-5460116729104866233,986841,1489793348
-7449374541395858235,986841,1489793356
4532091071640068086,986841,1489793401
5075263592446658153,986841,1489793372
-9083396817516909004,986841,1489793384
550405257738573164,986841,1489793351
-9177318396326193100,986841,1489793349
3020522349461576296,986841,1489793360
2728279416975549192,986841,1489793351
-8356346522276343657,986841,1489793403
7038968023317532664,986841,1489793397
-6964132343709828449,986841,1489793401
1839235187469908742,986841,1489793392
-5502348217889621700,986841,1489793389
3539601466346871307,986841,1489793394
-8377837463534381636,986841,1489793362
-2169813803496943277,986861,1489793405
2932756732379283808,986861,1489793401
-1879701973670297078,923822,1489793388
5507606425508090392,923822,1489793399
-1645198322170362003,986511,1489793366
-6352579519708905362,986511,1489793402
-5358475096805893619,974841,1489793368
6408814220177001348,986695,1489793350
-5112241149426247776,986697,1489793377
2444999512099225932,986697,1489793382
-2540768858766157310,970418,1489793375
-2774298666614065169,984329,1489793392
461249174998941033,982034,1489793366
3155992973502193252,986146,1489793396
8781152136567652828,986683,1489793384
9036620967085055766,986683,1489793354
9147518621895030213,986683,1489793386
-9138725151123046169,986720,1489793405
2725123078605104074,986720,1489793379
4948399402229404064,984958,1489793402
8683461648046376136,986833,1489793352
6939293388699001098,986833,1489793355
-7867491779866807012,986833,1489793400
8538924582128353123,986833,1489793347
1948075086374355946,986833,1489793373
-6382860054566738375,986768,1489793395
3383624021520973658,986768,1489793366
-2974969927011523275,986814,1489793398
-8583167165049598182,986814,1489793398
6939293388699001098,986814,1489793385
-8974209813973946068,986053,1489793381
5277198382636537274,986053,1489793399
-1977146856231891667,986053,1489793374
3182379126410809163,986053,1489793356
1839235187469908742,986053,1489793367
5323136129730149676,986053,1489793401
-2104693942827726646,986873,1489793362
5078923890706908210,986873,1489793375
18738065931679779,986873,1489793384
-4091842251185857524,986873,1489793357
-5300897090994799757,986873,1489793401
6347452461586896715,986873,1489793357
2957896873733982071,986873,1489793358
6267568647917297948,986873,1489793366
6460345872315526256,986873,1489793391
-7744199146970914070,986873,1489793361
-1635712064276540250,986873,1489793396
8957211698591846731,986219,1489793345
-64722953896280072,986219,1489793387
-3384521096511897632,986874,1489793389
4948542099590998289,986874,1489793350
6347452461586896715,986874,1489793370
6267568647917297948,986874,1489793377
-5300897090994799757,986874,1489793404
-6793369056027745387,945390,1489793375
8613625434112242951,945390,1489793375
1321021719690769942,927617,1489793391
3166950201367808907,162628,1489793371
-6532849139507037423,986635,1489793387
-3408091912748922679,986635,1489793350
-6352579519708905362,986635,1489793368
-6352579519708905362,986645,1489793363
1937468395448992612,986854,1489793390
5879181348953594547,986854,1489793353
4217431003288189192,986049,1489793369
8751714485550787440,986049,1489793368
-6352579519708905362,986629,1489793381
-6352579519708905362,986625,1489793398
-4631048128754676414,986495,1489793388
471993283556866441,986652,1489793404
5241440479706511494,986652,1489793364
923485262231491279,985516,1489793392
1924215391527287022,986872,1489793359
311686168787650678,986872,1489793364
-1105201544027952436,986872,1489793352
1964804327603435869,986872,1489793394
-3384521096511897632,986872,1489793403
4948542099590998289,986872,1489793356
6347452461586896715,986872,1489793375
6267568647917297948,986872,1489793383
1457405371596653624,986872,1489793404
5341404254692541241,986460,1489793396
-4307848720732310219,986664,1489793364
-3711372733579164762,986780,1489793375
1377523472531087342,979662,1489793394
1452068291960168247,917183,1489793380
-2169813803496943277,986865,1489793388
-147170626144557920,986865,1489793378
2932756732379283808,986865,1489793401
-6352579519708905362,986638,1489793348
71432050087347227,971359,1489793390
-6930034563583280988,985440,1489793391
3207817161690148675,985440,1489793398
1937468395448992612,986858,1489793390
5879181348953594547,986858,1489793353
2043242936820486300,986871,1489793379
-7434688656649923950,986871,1489793398
-8092941526704413633,986871,1489793356
1874493649870416646,986863,1489793349
-2169813803496943277,986863,1489793379
2932756732379283808,986863,1489793398
-147170626144557920,986863,1489793369
3425688218721218529,986863,1489793380
2694526292737361273,986863,1489793353
-7867491779866807012,986828,1489793405
6939293388699001098,986828,1489793358
8683461648046376136,986828,1489793354
-1977628754331991586,986468,1489793365
4117221491732763199,986336,1489793357
302007994260799222,984735,1489793367
7404076705592368827,35845,1489793371
1090493418158982593,985642,1489793370
-147170626144557920,986859,1489793362
-2169813803496943277,986859,1489793369
2932756732379283808,986859,1489793390
-4414804802299668173,894481,1489793363
-4341950732642992595,418449,1489793366
4846356579996682583,985934,1489793384
-5300897090994799757,986875,1489793369
3211879305862303870,986875,1489793381
8518905413144419402,986875,1489793404
-1635712064276540250,986875,1489793396
6460345872315526256,986875,1489793388
6267568647917297948,986875,1489793355
-6647713919768256739,986875,1489793403
7842920420383889640,986875,1489793406
-6932037268413599554,986875,1489793393
-2081917628548367785,986875,1489793399
2251952261660606963,983754,1489793381
6819028454654761539,986866,1489793362
-1754819512351349198,986866,1489793380
1084033508064012047,986866,1489793367
-25902325614507645,986866,1489793370
-8098882893051225133,986866,1489793392
-6597377837047541808,986362,1489793391
-8330732369589646674,986448,1489793390
1698836985334551913,986448,1489793367
3396812785567048386,972937,1489793405
-5065826236634296719,972937,1489793382
337530990954394057,972937,1489793361
-4703935961152369943,919442,1489793392
1924215391527287022,986853,1489793399
-1105201544027952436,986853,1489793377
2932756732379283808,986853,1489793370
-6640674188675096437,986853,1489793355
4948542099590998289,986853,1489793363
-8588586842767221165,986787,1489793361
4627207469083439376,986787,1489793387
-3739015799722272921,986787,1489793349
6435342970919706651,986787,1489793360
6939293388699001098,986787,1489793365
-7867491779866807012,986787,1489793405
8683461648046376136,986787,1489793354
6203708629201582089,986724,1489793348
4990460266595534598,972031,1489793349
-5520681391931127476,972031,1489793377
9139926699081609623,972031,1489793402
-4526094163263888996,986251,1489793348
-3634110274148919478,986521,1489793376
-7867491779866807012,986826,1489793394
1948075086374355946,986826,1489793373
-1212387575798032738,986826,1489793397
7356406667941701469,986831,1489793386
-1105201544027952436,986831,1489793383
2932756732379283808,986831,1489793372
1924215391527287022,986831,1489793399
7974388673384503228,986824,1489793399
1989420944496989694,986824,1489793358
5890802534468408210,986824,1489793374
-8356346522276343657,986824,1489793394
3816082038157761390,986824,1489793392
1622642439345379173,986824,1489793367
817837274856781964,986824,1489793347
-8614016111327314718,986824,1489793375
6939293388699001098,986824,1489793374
4502111769988107475,986824,1489793382
-6930340099213957206,986824,1489793369
-3328558095796415826,986824,1489793386
3855438329354529685,986824,1489793392
7065397522630232726,984909,1489793389
6860810510984589781,983592,1489793392
1937468395448992612,986856,1489793356
-831682742806953784,986856,1489793386
-2524646763852174887,986856,1489793367
-4840704271296235727,981013,1489793352
-7807692323892466382,976803,1489793387
3836597538493965003,986618,1489793397
-241546537029819834,986680,1489793393
9036620967085055766,986680,1489793365
9147518621895030213,986634,1489793367
-3615995956214674686,986860,1489793390
-2169813803496943277,986860,1489793405
-4163321315113427369,986245,1489793375
7911166413031987958,985318,1489793359
2012100584967166958,986126,1489793389
305682051256704677,986722,1489793359
-168220298115303260,986696,1489793397
-5112241149426247776,986696,1489793404
