-4053498442820872951,986806,1489919987
99549667963053873,983862,1489919964
4057708167881506523,986841,1489919998
-1538386127174965896,982698,1489919960
2593889750623715254,983250,1489919975
5402038324877116323,986921,1489919975
-3034641577988739977,986921,1489919992
8358124666289636895,986921,1489919970
-530983002589619987,986921,1489919959
-4242883360690948647,986921,1489919960
-6619813877140638138,982010,1489919974
566809746296813635,983427,1489920001
28361391347583078,972937,1489919984
-811064651213114429,986583,1489920000
-1422303896536372482,987112,1489919969
2208518528519634392,987112,1489920001
7880235921128861635,987112,1489919981
7914085417103385922,987081,1489919955
-7210440341682351112,987081,1489919981
7893067171481735809,987081,1489919975
-2872887530765769586,987081,1489919994
-2141405341501214698,987081,1489920000
7541432839079899071,986336,1489919989
3410767971545867215,960384,1489919946
3075217674171534419,899271,1489919961
-6578599362490353782,986497,1489919987
-3508750266563672883,986497,1489919984
1992513158726464589,986319,1489919976
-7092949734777385685,986319,1489919953
8364609777514151018,986319,1489919985
8394000027163604085,986319,1489919972
3276964350713166927,986319,1489919996
-4576776706767640906,986319,1489919970
-3955770540992331665,986319,1489919962
-3527921160968945575,986319,1489920000
-5634922196848858843,986319,1489919947
654412441178998926,986319,1489919968
7018459647197164210,986319,1489919977
-1898334268834828610,986319,1489919999
-7191817974556092094,986319,1489919986
-3422686996340003476,986319,1489920003
6798388757379672163,986618,1489919975
-8257317827929021502,986805,1489919951
-7161219330534618157,986805,1489919982
6697953721161573175,986805,1489919958
8656138639788415024,986805,1489919978
-5259227489355928180,986508,1489919966
-7791392260732025132,985000,1489919949
-3478453296022161683,985000,1489919993
4066297633659526165,985622,1489919992
678622538801588425,985622,1489919954
3029948367000895913,985622,1489919979
8680229720880932953,985622,1489919981
-1119510696853936093,985622,1489919971
-8981048333869794581,986716,1489919946
980861486545603132,986854,1489919985
9146342574004181986,986830,1489919996
-6357831825760167003,986830,1489920003
5410071675790700919,986830,1489919969
1480577699314978896,984256,1489919977
-7561737368472424802,986976,1489919971
-8979079509113435646,986976,1489919972
8768159424209247294,986976,1489920001
-3347985970971241348,986976,1489919961
2795326568581301962,986976,1489919973
6385379211817889134,986976,1489919995
-180136570770014274,986976,1489919987
6639182701663169520,986976,1489919947
5195827699264011013,986976,1489919951
728739180258073417,986976,1489919976
124711920420074828,986976,1489919949
7318161049903899386,987120,1489919971
7880235921128861635,987120,1489919959
5123853524313282104,987120,1489919975
5686410623728280856,987005,1489920001
-5093960570499932331,987122,1489919990
4920526568819740580,987122,1489919980
7741165851649887029,987122,1489920002
5123853524313282104,987122,1489919967
-8267399122876880862,987122,1489919995
5244080767180613753,985597,1489919966
5275397112156425416,985597,1489919957
5133488571352324332,985293,1489919949
-7569499499119522625,986550,1489919946
6942084842390235906,987156,1489919952
-1327231096365321347,987156,1489920002
7635053814813099107,987156,1489919977
5306200162694816372,987156,1489919954
-3652777649708327653,987156,1489919989
69215524271864766,984965,1489919954
5053792472160514719,984620,1489919975
-2761606781708748758,986958,1489919945
-1928119094802292137,986958,1489919966
3080175028200626061,987110,1489919953
1973517387100228056,975963,1489919980
2987476404454623062,986904,1489919950
-5957132959136228235,984541,1489919962
6782511008151322049,962813,1489920001
733335291935221436,983851,1489919988
7496091924865863600,953261,1489919944
-6590977815882082239,950777,1489919985
8885675792999749173,987065,1489919974
-2283787919854289393,987065,1489919977
8753511272495184040,987070,1489919958
-3447527159017630554,987070,1489919995
6261659730533029140,987070,1489919952
-2804669789270384966,987070,1489919945
-520322205457551531,987070,1489919947
5308367564915483966,987070,1489919981
3721777323177170267,987070,1489919997
5897251640839320817,987070,1489919972
909146641183311300,987070,1489919971
-8584385063451760071,987070,1489919997
-3853004698452938793,987070,1489919981
-3180659847588959385,987070,1489919951
1714460751636933408,987070,1489919967
-1096407896033174946,987048,1489919977
-8739605405075748366,987177,1489919954
-7854372515893462093,987177,1489919944
-1046788315216589101,987177,1489919946
-5302590252085104336,987177,1489919999
-3604442358623550685,987177,1489919967
-3431815163260508318,987177,1489920002
-2230532808944663290,987177,1489919954
1119791139983564810,987177,1489920003
-885613963733072167,987177,1489919948
2284141768529151404,987177,1489920004
-5092398715737410896,987177,1489919967
6261829024585223653,987177,1489920003
342224874484360187,987177,1489919984
-6299585699972646990,987177,1489919993
-3348521406802263197,987177,1489919965
5796442657959961388,912982,1489919973
-2654542629921775369,986130,1489919971
-1313731969389996138,986130,1489919986
-6531795696235316852,986130,1489919999
5767405089318452193,986130,1489919998
1066115363199589745,986130,1489919993
-1039609903986059643,986130,1489919987
5094593124497457031,986130,1489919948
5087175072124547811,986130,1489919966
-4202635686250566996,986130,1489919975
9113473110782425977,985048,1489919975
-1798001465232881236,986443,1489920002
-2190882948476407185,987171,1489919957
-7939797581567306518,987171,1489919977
-7185173393001082299,987171,1489919984
-1532674199264265342,987171,1489919972
-3220166072205386272,987171,1489919982
-7731222472601134974,987171,1489919968
-123985045820491758,987171,1489919977
-2230532808944663290,987171,1489919980
-885613963733072167,987171,1489919974
-2127651724146681609,987171,1489920003
2894761824983050494,985935,1489919970
-8011916272582148219,985935,1489919981
4575998288382777872,934743,1489919989
-4217679803336412249,987040,1489920000
448363376898273460,987040,1489919958
7502136186777203002,987040,1489919960
-6276443149910651091,987040,1489919994
3667367291000576761,987040,1489919967
-4437113579965819597,987040,1489919992
2657364741899122960,987040,1489919977
-8681800998268663735,987040,1489919981
527277224436491689,987040,1489919949
1515636998183706477,987040,1489919981
-712468956427891410,987040,1489919961
-9220365897470598274,987040,1489919957
1712103576060512420,987040,1489920003
7209025001197155814,987040,1489919988
-7993406946803464548,987040,1489919958
9019132834339615224,987040,1489919982
6447160186320692795,987040,1489919972
4896915496577657231,987040,1489919997
4557062186295397577,987040,1489920002
-1407717329398178492,987040,1489919991
-2458350646490023932,987040,1489919975
8633253678035167797,987040,1489919973
5546567206960731396,986226,1489919997
-4706623398456706852,987157,1489919962
-7247633248262833786,987157,1489919958
-707203224560522200,987157,1489919974
2524241097273748085,987157,1489919976
-5112845601236627223,987157,1489919967
-2619632319542118396,987157,1489919945
-6048216270542503,987157,1489919986
-6690511613137731972,987157,1489919988
-2756748143966762530,987157,1489919983
-5875697935996774439,987157,1489919997
-152740632638795950,987157,1489919981
-3958512615655428653,987157,1489919999
7880235921128861635,987121,1489919950
5123853524313282104,987121,1489919973
-5093960570499932331,987121,1489919990
-1431001797368429620,976717,1489919969
-5308292077223556354,987118,1489919951
2208518528519634392,987118,1489919993
-437134036695862002,987118,1489919966
-1409912618561307121,987118,1489919981
7880235921128861635,987118,1489919972
-1422303896536372482,987118,1489919958
1836941516607071940,987118,1489919979
-5155687161398019559,987118,1489919992
7318161049903899386,987118,1489919990
3080263868508805323,987118,1489920004
3685919562489816824,417520,1489919959
-7781541632157135749,128200,1489919984
-5757005449515352720,985590,1489919959
4489964523969048964,985590,1489919997
2278153181302248612,985590,1489919966
-3202910667375147445,985590,1489919976
2519308160393079049,985590,1489919986
2246284548639031871,985590,1489919974
8075834089675377103,985590,1489919963
-8310528590894075711,985590,1489919981
4306306038773531473,985590,1489919978
-7844595306630955418,985590,1489919993
-8255801922329697068,985590,1489919970
-9017498871871844771,985590,1489919965
-9148130604354085001,985590,1489919958
-2917790911801156386,986941,1489920003
9113473110782425977,985112,1489919998
2113431976824386094,986063,1489919994
-2917790911801156386,986932,1489919986
-7620544289751423011,986932,1489919945
-1814716874780319554,987059,1489919978
3101134008389802141,986859,1489919996
-2497712858617549639,417084,1489919990
3468486440009524442,986751,1489919965
6272598688714795713,986751,1489919971
7189019003636898804,986751,1489919957
5803384532499541837,982366,1489919996
-4980249025879912540,962214,1489919957
-3981963073833717485,926133,1489919991
-6045567350920619607,984735,1489919978
7336826497826853717,984735,1489919982
-2302747622322810706,410085,1489919971
-7432236844227660301,986895,1489919964
1849737321803503716,985468,1489919974
733335291935221436,978725,1489919989
7643148541209943219,415633,1489919949
7367289546037711329,931194,1489919956
6997620586609539145,973738,1489919976
-7311586391905885508,127077,1489919978
-574527007432070137,986773,1489919952
2637576415474520161,986773,1489919998
296540128300950858,986773,1489919998
871883210150391574,986773,1489919963
8274212608593594345,986773,1489919962
1538780047268506879,986773,1489920000
7333645234364078860,986773,1489919999
-5818889734262525808,986773,1489919958
-8737783643781791764,986773,1489919974
-579427160581691812,986773,1489919965
-1598392470045297562,986773,1489919961
967845513582632777,986773,1489919986
-1898334268834828610,986773,1489919988
-6271857642317557035,986773,1489920000
2152570245575236934,986773,1489919992
-2290681247917635804,986773,1489919957
-6391772673023098944,986773,1489919957
191490766731040174,986773,1489919957
-5660935768573006243,986773,1489919987
-3740185742519255632,986773,1489919980
-6038810694041550396,986773,1489919988
-626208280783591566,986773,1489919992
1148838447305656081,986773,1489919999
6637370487703552215,986773,1489919980
-7958614195848138277,986773,1489919978
2600616804775861760,986773,1489919988
733335291935221436,981555,1489919977
3078864615645699522,986333,1489919989
-8257317827929021502,986333,1489919953
-5051018127502733328,987079,1489919986
-861883561818034891,987079,1489920001
3438081964434135250,987079,1489919970
-7210440341682351112,987079,1489919996
-4749338736411926872,982896,1489919993
5686410623728280856,987017,1489919971
6393310499638894087,987017,1489919987
-2682089846969217261,987017,1489919983
3403200913392780849,987184,1489920003
4610119066139221167,987184,1489920003
-5789593433309842904,987184,1489919968
4668355237381026674,987126,1489919951
-6541739933062387336,987126,1489920003
5394319966076125362,987126,1489919970
2552056211884449062,987126,1489919947
7741165851649887029,987126,1489919952
1172706878762511528,987126,1489919999
-8591639962540360580,987126,1489919998
8403300443855799440,986264,1489919981
5796442657959961388,909580,1489919973
-3520029363126959055,978998,1489919974
-8347488690568233875,978998,1489919987
2278349355583005749,987144,1489920000
-6043773839855047167,987144,1489919956
8008959606011362461,987144,1489919983
-8383510757754063563,987144,1489919948
-1578629513786797868,987144,1489919986
-1102573291212068396,987144,1489919973
-7684749389756045361,987144,1489919972
-3818353914113474352,987144,1489919988
-3826229849752673448,987144,1489920003
6494387373756495014,987144,1489919972
5660270441602914855,987144,1489919982
-5872567471481846190,987144,1489919960
-7200908483549878597,987144,1489919963
-8288830820705794496,987144,1489919992
295767184069703846,987144,1489919963
-527924020523301193,987144,1489919990
-5404473071181644727,987144,1489919969
86136401283778306,987144,1489919969
1375101346027901495,987185,1489919957
2456473123393608372,987185,1489919981
-3220623141733501443,987185,1489919985
-3145072337067244056,987185,1489919954
-132149116680992021,987185,1489919965
-1021598173578783526,987185,1489919994
2560701464645776486,986987,1489919955
-2590739150367759479,986987,1489919983
4736515243549504833,986987,1489919974
-508426661623241772,343565,1489919979
-4774010057489471068,987128,1489919947
-4871754226876195320,987128,1489920001
1364440955931006426,987128,1489920004
-1377960502053720951,987128,1489919987
-7882899512268754268,987128,1489919982
8166710438168716095,987128,1489919980
6490167952111515420,987128,1489919977
3436712562952336177,987128,1489919968
3007549821213253252,987128,1489919946
-300546810352877370,987128,1489919964
-8736640906974420150,987128,1489919993
-7083403074525296030,987128,1489919967
8613648570149271626,987128,1489919972
936858182289586575,987128,1489919988
4459800829793201063,987128,1489919999
-8591639962540360580,987128,1489919976
3621926808193473208,987128,1489919964
4318966297077000295,987128,1489919953
-8082567865005688316,987128,1489920003
-7564622656874296376,987128,1489919987
-3962451663117140339,987128,1489919973
7450996480554933273,987128,1489919984
2065610153191764886,987128,1489919982
467749996303818613,987128,1489920003
-993993225935073442,987128,1489919980
-3012753346819473317,987128,1489919968
-2919392499524518415,987128,1489919991
-253810858627012175,987128,1489919991
-3570213671086585781,987151,1489919951
7499548701629877068,987151,1489919961
4417026968177886368,987151,1489919974
-922730650470448661,987151,1489919955
-6115968227029226187,987151,1489920000
5166655111242247759,987034,1489919957
-9040450217471309236,987034,1489919957
-7370375630881036584,987034,1489919975
3153752969368672849,987034,1489919965
4246309833488952274,986984,1489919990
-7205366807848942029,985962,1489919955
-3937873538906126266,987134,1489919981
4190926452274064443,987134,1489919954
7877835084536820745,987134,1489919944
-2564872182509223047,987134,1489919996
-1064339354240644482,987134,1489919991
-5932220635742206622,987134,1489919993
2065610153191764886,987134,1489919961
-793989359681023073,987134,1489920004
-6398542944225897247,987134,1489919967
237859050919629364,987134,1489919990
-5150904862562484634,987134,1489919966
-6328099101814580320,987134,1489919953
2026226578713977317,987134,1489920004
-5619860104243814325,987166,1489919956
-1532674199264265342,987166,1489920001
-3273874890283235911,987166,1489919963
-7185173393001082299,987166,1489920003
816646344944528494,987166,1489919973
495113858179361960,987166,1489919975
-2230532808944663290,987166,1489919999
833294534934739637,949421,1489919960
-8569423719359973202,949421,1489919946
5133488571352324332,985281,1489919985
-6509961199334355466,987046,1489919993
3272121413277444731,987138,1489919998
220444715365200169,987138,1489919999
-793989359681023073,987138,1489919972
-5932220635742206622,987138,1489919949
237859050919629364,987138,1489919959
4152012871900166820,987138,1489919977
-538270725945758974,987138,1489919978
5613498846956060077,968608,1489919978
3866984763569036711,876394,1489919968
566809746296813635,986456,1489919946
4705466127711557051,346577,1489919946
-1854076111897846025,972262,1489919967
544765227365020161,972878,1489919995
-1477007887499144395,987024,1489920002
-2330684333329705853,880724,1489920002
8223927869598480951,987101,1489919997
-4740829578015915301,987101,1489919957
3323271539185635522,987101,1489919998
-7948593619568695803,987101,1489919971
4074866103592717104,987101,1489919992
4917770530863395030,987101,1489919961
4648474077549518644,987101,1489919967
-2761606781708748758,986953,1489919986
5049100578266348143,987084,1489919977
-6687277418320452607,987084,1489920001
-7881975289162610371,987197,1489919969
1595901133169066631,987197,1489919986
5960785921541730926,987197,1489919988
1066115363199589745,987197,1489919952
288284762515334214,987197,1489919956
2247020334050311534,987197,1489919986
-559643472190910095,987197,1489919960
703583965926542232,987197,1489919965
-7695298122748444704,987197,1489919946
-6226400461111016384,987197,1489919960
2590061036160043580,987197,1489919949
8353679876906458291,987197,1489919967
348017744908157570,987197,1489919946
-6791397890169557779,987197,1489919955
8783384616944042598,987197,1489919973
-5823422153528808150,987197,1489920003
-1898913561526187560,987197,1489919999
-3267904045213505716,987197,1489919987
-9161388796121504421,987197,1489919993
-811187569353118448,987197,1489919989
7535568261713666468,987197,1489919965
2051883187308533150,987197,1489919992
-1492829008531202195,987197,1489919978
-4118170600651401650,987060,1489919951
6933306478033004913,987060,1489919962
-520322205457551531,987060,1489919960
6424869810694035919,987060,1489919985
-3447527159017630554,987060,1489919995
-7237037140757167321,984739,1489919975
-6821984603341047511,986961,1489919953
329630430853880752,986961,1489919999
-5549928340874324586,986961,1489919973
907849797549100417,986961,1489920004
5350962544398527470,986670,1489919983
-1103673897983896087,986734,1489919979
-7084120226083408277,986734,1489919986
-2761606781708748758,986957,1489919973
2055620974286098227,987148,1489919960
-8629879760384499419,987148,1489919998
-7881975289162610371,987047,1489919973
1241755908146669921,987047,1489919996
-943769239570944610,987047,1489919986
3819756161169126160,987047,1489919998
-4465697239245788054,987047,1489919995
-4359245973169307118,987047,1489919998
-3436041447372380378,986531,1489919991
7827740576831025394,985560,1489919999
6494387373756495014,987145,1489919960
-5404473071181644727,987145,1489919969
86136401283778306,987145,1489919969
-8288830820705794496,987145,1489919992
-3826229849752673448,987145,1489919984
8820079724885387624,987145,1489919994
-6160666696602751520,983754,1489919954
8356057643963019550,983754,1489919987
2428187752002311795,986037,1489919993
7043482037576046158,985262,1489919983
-9205434039099529770,985262,1489919976
-2079485077985307140,985262,1489920003
1009966089911154137,986884,1489919971
2047418675605501591,981178,1489919999
-538270725945758974,987140,1489919978
3272121413277444731,987140,1489919964
220444715365200169,987140,1489919979
-793989359681023073,987140,1489919958
237859050919629364,987140,1489919957
4152012871900166820,987140,1489919977
-1854076111897846025,972269,1489919967
5133488571352324332,985271,1489919985
-2144859450314350110,987103,1489919955
-2656146935978264268,987103,1489919967
-4740829578015915301,987103,1489919974
3323271539185635522,987103,1489920000
-7177102353958435784,986962,1489919959
287198968045290435,971431,1489919950
-5133566938325514379,980963,1489919996
-2761606781708748758,986944,1489919992
8403300443855799440,986272,1489919974
-2702866595234019774,987029,1489919964
-6252073130502704561,987029,1489919966
-5275800447419637617,933132,1489919977
-1826849018538641054,949849,1489919958
-1023438394676892801,985318,1489919968
-2761606781708748758,986943,1489919998
1104554530892771362,986575,1489919966
-2702866595234019774,987030,1489919983
-6252073130502704561,987030,1489919966
4246309833488952274,986977,1489920002
8820079724885387624,987146,1489919995
-3826229849752673448,987146,1489919976
-8288830820705794496,987146,1489919975
86136401283778306,987146,1489919952
3410767971545867215,960432,1489919946
4736515243549504833,987001,1489919959
-2590739150367759479,987001,1489919966
2351918892847772463,987001,1489919991
-2647006944165204412,987001,1489920003
-7890514698421761147,986225,1489920002
-1079305954287990351,986225,1489919981
7502136186777203002,986225,1489919980
4246309833488952274,986979,1489919985
3294973198088095764,987072,1489919964
7846091635349117153,987072,1489919952
6877516959298757273,987072,1489919948
-3111534268212697687,987072,1489919961
4073902478534386394,987072,1489919955
3617340783300678304,987072,1489919997
6001041464278352996,987072,1489919959
-7599959484393750327,987072,1489919986
6387329441067670791,987072,1489919986
8881374190459663356,987072,1489919985
1524476208182920165,987072,1489919988
133172597797835958,987072,1489919975
-1090077072480609720,987072,1489919988
5350962544398527470,986701,1489919969
5671594256663516718,958786,1489919968
-7360059792111872302,936353,1489919983
-5275800447419637617,933635,1489919977
4772324071530226353,984782,1489919989
5672640633640071201,984782,1489919978
6785773515862981291,987162,1489919969
-2669410678259555267,987162,1489920001
2596997342020942875,987162,1489919960
-3273874890283235911,987162,1489919978
-4123072938124077631,987162,1489919965
-5619860104243814325,987162,1489919967
-6492256202851741101,986586,1489919966
-6687829552117698231,986586,1489919974
-2032881842633703188,986586,1489919965
-8082567865005688316,986586,1489919961
-8050524860355330245,986586,1489919985
-3539015354512075807,986586,1489919945
6792494657981896081,986586,1489919972
-1097070257566331318,986586,1489919958
-6388409029656337338,986586,1489919945
-5699289274959138304,986586,1489919998
5660270441602914855,986586,1489919986
-4357150480325397125,986586,1489919991
3013241475452347085,986586,1489919978
-720813098526486062,986586,1489919967
-4706623398456706852,986586,1489919991
6779464478514391240,986586,1489919990
-4633964073107737365,986586,1489919977
-7754397639189617820,986586,1489920003
-155848316121992351,986586,1489919998
-7247633248262833786,986586,1489919989
5306200162694816372,986586,1489919963
-6290809043811997123,986586,1489919987
8867388731294491930,986146,1489919984
6999911189529093276,987180,1489919951
6168029657162752857,987180,1489919986
-8007314977689361455,987180,1489920002
1900436368307654248,987180,1489919950
-7284532902912317265,987180,1489919988
-8333421036485450526,987180,1489919978
-1171803825289780197,987180,1489919986
3136931880916890594,987180,1489919962
-9132580005694922737,987180,1489919955
8090392893320367133,987180,1489919969
-670575230513004443,987180,1489919997
-5536388027512323167,987180,1489919977
-6687829552117698231,987180,1489919993
-885613963733072167,987180,1489919956
-2230532808944663290,987180,1489919959
-9214667154465951962,987180,1489919959
8624020150326189338,987180,1489919985
2208282405967985563,987180,1489919990
-6537650459676452871,987180,1489919951
-8575157731868336454,987180,1489919969
-8799123369022718806,987180,1489919972
8786011953900829215,987180,1489919998
-5302590252085104336,987180,1489919999
12792905909062331,987180,1489919952
8405627394246093921,987180,1489919977
-3431815163260508318,987180,1489920002
5624223745033757461,987180,1489919966
3336166511029479450,987180,1489919994
-6726194387253074556,987180,1489919998
7211979613705818471,987180,1489919983
-3018412824987296231,987180,1489919999
4246309833488952274,986988,1489919975
3624489474564552110,984291,1489919954
-4153695659123202062,987021,1489919964
448363376898273460,987021,1489919992
-5876824583962574144,987021,1489919949
5881947010628711320,987021,1489919959
501483659804266987,987021,1489919972
-4362050761428654237,987021,1489919968
-325964498227195867,987021,1489919980
-1561906001795043162,981252,1489919997
5053792472160514719,984639,1489919975
-4749338736411926872,982365,1489919993
5665782772203662367,982365,1489919996
733335291935221436,982365,1489919989
980861486545603132,986858,1489919980
-7696294019173018080,30503,1489919949
-3845275531107760829,987108,1489919976
-1422303896536372482,987108,1489919998
-5049872741136572552,1161,1489919989
-2899604028131086697,401043,1489919976
-2647879507871106149,987129,1489919970
-8591639962540360580,987129,1489919958
3621926808193473208,987129,1489919955
2065610153191764886,987129,1489919982
7450996480554933273,987129,1489919984
237859050919629364,987129,1489920003
9113473110782425977,985186,1489919984
7344684337848945196,987170,1489919961
-7939797581567306518,987170,1489919989
-2230532808944663290,987170,1489919990
-1532674199264265342,987170,1489919979
-885613963733072167,987170,1489919979
-7185173393001082299,987170,1489919988
-123985045820491758,987170,1489919977
8616498412144201111,986570,1489919986
-198703948780763126,987041,1489919973
-5133566938325514379,981419,1489919993
-8210480296223950239,340129,1489919978
-1116619246302827391,987083,1489919950
7893067171481735809,987083,1489919971
-7210440341682351112,987083,1489919975
4768186586661226413,987083,1489919999
-9163172684796435112,987004,1489919985
-5182286560263506423,986935,1489919960
-3633882693724477777,982188,1489919958
-2917790911801156386,986942,1489919991
-5416645733174753297,986978,1489919994
-7052676301542243521,986978,1489919970
-3478453296022161683,986978,1489919986
6906955383951924844,986978,1489919964
7139422281706790715,986978,1489919996
1629807764214123513,986978,1489919991
-6021049384932263549,986978,1489919987
5071528306357335355,986978,1489919973
-626208280783591566,986978,1489919986
6915658359950850054,986978,1489920001
-6082597384896926256,986978,1489919980
5633287762889342895,986978,1489919978
-1592480421220676876,986978,1489919959
-8509380110381970121,986978,1489919995
-8728380312171644569,986978,1489919962
2258368982762842308,986978,1489919981
5835360296224501172,986978,1489919989
-8368166434379548089,986978,1489919993
-6045567350920619607,986978,1489919956
-7935808778679740055,986978,1489919982
5646890978100775461,986978,1489919966
6475218863054505795,986978,1489919957
-5247187018912665795,986978,1489919982
-8277447134703310726,986978,1489919998
1837823003057699403,986978,1489919962
5581797918063174178,986978,1489919971
-6557202015836373482,986978,1489919956
-1736656170379854662,986978,1489919997
3225366455509698077,986978,1489919971
-5542819591262674381,986978,1489920000
2600863487613534756,986978,1489919962
3784321443619398029,986978,1489919947
-2391589374512953371,986978,1489919980
-4813957855486571220,986978,1489919997
-4096628963507050007,986978,1489919975
-7616160796803685117,986978,1489919952
-5115961138847723321,986978,1489919995
5485249379941814412,986978,1489919968
4868868040133205556,986978,1489919956
2438512007091959047,986978,1489919991
-938289899837876712,986978,1489919977
-5360742045781521901,986978,1489919956
-1084990500239873588,986978,1489919985
2186955708553740601,986978,1489919991
5835360296224501172,987087,1489920003
-2645825927547642963,987087,1489920000
4768186586661226413,987087,1489919999
7893067171481735809,987087,1489919962
6463516313826588484,987087,1489919988
4448498375845097892,933119,1489919965
-7046863161138109785,987186,1489920002
6277244305585017693,987186,1489919980
-5177353586997632803,987186,1489919970
3438462743472127183,987186,1489919953
-1084990500239873588,987186,1489919965
-1593164972832430317,987186,1489919999
7018459647197164210,987186,1489920000
-517694733965902488,987186,1489919985
-2987528920135616584,987186,1489919992
4584716703379892052,987186,1489919968
9041188620329469554,987186,1489919966
-2371116997348317946,987186,1489920001
4194531477391339926,987186,1489919969
-3011073726103523208,987186,1489919960
5438742781068947263,987186,1489919999
6573753642081527222,987186,1489919991
9113473110782425977,985710,1489919968
4158999671782533577,974329,1489919948
-5238048383488299812,49216,1489919999
1866665602884062014,986946,1489920001
-8869385646986370626,986946,1489919962
-12478211682222253,986946,1489919995
-6160666696602751520,986946,1489919954
1290081355342194777,986946,1489920004
255915161502206441,986946,1489919961
8356057643963019550,986946,1489919987
6289228832202657990,986946,1489919956
-4437113579965819597,986946,1489920003
7321659764195088937,986946,1489920003
-6869420200149270588,986946,1489919960
6167290728573687173,986946,1489919978
-6378671186722209391,986946,1489919966
-3101443289951961668,986946,1489919967
5774881235414189245,986946,1489919981
9106694106561541781,986946,1489919985
-925180835862448399,911429,1489919971
-8860947086591237920,987130,1489919987
-4641526290496070788,987130,1489919948
-1269001186291024793,987130,1489919980
-5490412366678532288,879891,1489919966
8876522968912549791,985760,1489919975
5881947010628711320,986939,1489919973
7908795801066912262,986939,1489919957
566809746296813635,986348,1489919972
7139422281706790715,949713,1489919995
2438512007091959047,984447,1489919986
-2925754131567467388,984447,1489919993
-6492256202851741101,986747,1489919991
99549667963053873,987181,1489919965
1307584644343102615,987181,1489919989
6920345356767418976,987181,1489919950
6655360688167004048,987181,1489920004
2456473123393608372,987181,1489919981
5316816254480669207,987181,1489920000
566809746296813635,986426,1489919949
2498553939615493946,987062,1489919947
6553562885095834697,987062,1489919970
-2283787919854289393,987062,1489920002
4489964523969048964,987062,1489919946
7333001937174401147,986548,1489919961
2593889750623715254,985184,1489919977
5275397112156425416,985266,1489919999
7333001937174401147,986543,1489919972
1290081355342194777,984322,1489919958
7761233842382836736,984322,1489920002
1304073480507130465,930250,1489919954
-1928119094802292137,986964,1489919952
329630430853880752,986964,1489920003
-4909107042952217278,985971,1489919970
8842360573708350084,403117,1489919981
9113473110782425977,984977,1489919998
320730285068812943,341520,1489919952
-2647006944165204412,987014,1489919969
-5838642534744163330,987014,1489919952
8048662775375089321,985733,1489919947
-7948593619568695803,985733,1489919980
122993996987776462,985733,1489919995
4115428218015698692,985733,1489919953
3869510175015863445,985733,1489919972
4953800176631331333,987174,1489919960
-2127651724146681609,987174,1489920003
-4159900968205068537,987174,1489919975
-1782943199430095523,987174,1489919975
-1532674199264265342,987174,1489919948
-123985045820491758,987174,1489919972
-7185173393001082299,987174,1489919957
-9132580005694922737,987174,1489920004
-3220166072205386272,987174,1489919966
-885613963733072167,987174,1489919973
-3359496999444522755,987174,1489919981
-2230532808944663290,987174,1489919976
8749278262994565374,987174,1489919956
1009966089911154137,986882,1489919969
-2144859450314350110,987100,1489919979
-2656146935978264268,987100,1489919977
-4740829578015915301,987100,1489919974
-5014230387982497816,987100,1489920001
1414669271104790013,984640,1489919993
1231897905563205865,984640,1489919955
-4979454206596731481,984640,1489919982
-2328719792201521215,984640,1489919981
-4874788823094910138,971857,1489919977
-3564100574252020268,951408,1489919990
-8026858424722329099,342833,1489919998
-155848316121992351,987155,1489919998
3013241475452347085,987155,1489919961
-7247633248262833786,987155,1489919989
-4633964073107737365,987155,1489919977
-4706623398456706852,987155,1489919983
-150492903028136320,987155,1489919999
6831466179774893464,987155,1489919952
6957722097082902877,987160,1489919950
2596997342020942875,987160,1489919948
8048397111589319400,987160,1489920001
7674770460778198299,987160,1489919998
4474630598147429170,987160,1489920000
-614715321125424173,987160,1489919996
-188114265290740744,987160,1489920001
2892241470183833435,987160,1489919972
-5304283937110550583,987160,1489919963
6508476188927908972,987160,1489919965
-3206302176889217285,987125,1489919994
-6541739933062387336,987125,1489919973
1172706878762511528,987125,1489919993
5394319966076125362,987125,1489919948
8166710438168716095,987125,1489919998
-8591639962540360580,987125,1489919998
3436712562952336177,987125,1489920004
-7083403074525296030,987125,1489919985
6069414928823062477,889159,1489919996
-3711252810778513822,984259,1489919959
5881947010628711320,987023,1489919948
-1477007887499144395,987023,1489920002
-5413475229849622501,986918,1489919983
5881947010628711320,987020,1489919970
-5772786184965789873,984198,1489919949
1619314906880876967,975814,1489919964
-9096861622619271835,986928,1489919957
-1579701043269366630,987026,1489919983
-1477007887499144395,987026,1489919947
-4362050761428654237,987026,1489919968
-2702866595234019774,987026,1489920002
-4186956205700560068,987026,1489920003
-249376465427788672,987026,1489919980
-4294739936544755058,987026,1489919987
6781731965729180595,987026,1489919990
3769807884360508961,987026,1489919969
-8428033125932691994,987026,1489919963
2078091512880519689,987026,1489919947
6435249353100555854,987026,1489919986
-2283787919854289393,987058,1489920002
133172597797835958,987075,1489919963
-5971305502313964788,987075,1489919964
5488263846242383579,987075,1489919961
220444715365200169,987113,1489919947
6494387373756495014,987113,1489920002
-4201489741879571755,987113,1489919959
4152012871900166820,987113,1489919956
-1578629513786797868,987113,1489919986
-3826229849752673448,987113,1489920003
1955159583637241805,985922,1489920001
4168569291600840817,987154,1489919967
-6115968227029226187,987154,1489919997
3100491899915147240,987154,1489919996
461350774677701221,987154,1489919990
3013241475452347085,987154,1489919997
-4706623398456706852,987154,1489919994
713915641568906235,987154,1489920000
-3539015354512075807,987154,1489919945
8455080952870657874,987154,1489920002
-7558067072291224922,987154,1489919976
2179598345346051229,987154,1489919951
-1210482892363696296,987154,1489919966
-6388409029656337338,987154,1489919945
1178309085497943725,987154,1489919993
606049555800587436,987154,1489919999
-4356350282862890843,987154,1489919996
8823897889118854787,987154,1489920002
2563817332739564760,987154,1489919948
6792494657981896081,987154,1489919972
-3711252810778513822,985111,1489919996
871883210150391574,987183,1489919998
-1593164972832430317,987183,1489920003
-5177353586997632803,987183,1489919970
7018459647197164210,987183,1489920000
6277244305585017693,987183,1489919980
-1166435639363950957,987183,1489919965
3080263868508805323,987117,1489920004
-1409912618561307121,987117,1489919976
-1422303896536372482,987117,1489919955
7318161049903899386,987117,1489919990
7880235921128861635,987117,1489919966
-3422686996340003476,987193,1489919983
-1337175547431810300,987193,1489919981
5380622020849377257,987193,1489919997
3276964350713166927,987193,1489919969
-7415315075448214588,987193,1489919988
1764208297920410430,987193,1489920005
8417801357419674116,987193,1489919989
-6277360622598489941,987193,1489919952
3984676936525052567,987193,1489919952
-603458715585961388,987193,1489920005
-3901731892520484349,987193,1489919981
6147849906960877766,987193,1489919975
-5834835757563686997,987193,1489919977
9117061513657095280,987193,1489919992
798717034836424551,972031,1489919962
1480577699314978896,983204,1489919962
3136557421640533993,986719,1489919998
-3652777649708327653,987167,1489919989
7635053814813099107,987167,1489919970
-1181519049405970223,987167,1489919964
1186346388747156267,987167,1489920003
3573957622593488473,986260,1489919950
-5534666467295756769,987027,1489919989
4685661097788194236,987027,1489919950
-7917321907889754291,987027,1489920002
-1083277896188502854,986919,1489919986
8379027198770304675,986919,1489919947
-1843541951114144423,986919,1489919963
-999515517432458223,986919,1489919987
5048715696421207630,986919,1489920001
3117570232104372305,986919,1489919994
-6844693057449298760,986919,1489919995
7112394641985789706,986919,1489919993
-5125968321270544593,986919,1489919998
1592455718116575040,986919,1489920005
-1981872187232112002,986919,1489919956
5410071675790700919,986919,1489919990
-8983809307592705705,984573,1489919957
552521004309809829,894224,1489919984
-2008262003813340993,894224,1489920003
-7052676301542243521,981024,1489919983
-2954564012934233580,987109,1489919968
-5444638720212795921,987109,1489919986
2495442216316764983,987109,1489919960
-1422303896536372482,987109,1489920000
-3845275531107760829,987109,1489919976
8847355868262184443,987039,1489919965
-5190376524496316960,987039,1489919949
-1565036914129879970,987039,1489919993
-1132160108361408088,986737,1489919995
2784941384500464422,985716,1489919950
2560701464645776486,986980,1489919987
-2590739150367759479,986980,1489919989
4736515243549504833,986980,1489919974
2560701464645776486,986973,1489919987
3101134008389802141,986867,1489919995
8434841254592326628,344871,1489919999
-2917790911801156386,986945,1489919961
-1340178204351048267,986945,1489919988
-5676775277300657670,986945,1489919955
-1420635039359955233,987159,1489919957
-2756748143966762530,987159,1489919975
-6690511613137731972,987159,1489919982
3149867193462536050,987159,1489919953
-2154054904691609537,987159,1489920000
-5875697935996774439,987159,1489919966
-5112845601236627223,987159,1489919949
-707203224560522200,987159,1489919953
-3273874890283235911,987159,1489919993
8455045559834616629,987159,1489919985
4121882225029072812,987159,1489919995
9100590760281774763,987159,1489919958
6107368629625656910,986668,1489919980
8048662775375089321,983794,1489919962
6656623361279230375,934107,1489920004
-3754872976798563394,986360,1489919958
3078864615645699522,986360,1489919991
-8026858424722329099,345854,1489919998
-8961837482089786769,987131,1489919980
436224962133908207,987131,1489920000
8206944165846441513,987131,1489919991
4913593919668328373,987131,1489919963
744737241166341477,987131,1489919956
-215574789997918108,987131,1489919988
-885613963733072167,987131,1489919947
-3837862546610237992,987131,1489919963
7913932588804932568,987131,1489919954
6261829024585223653,987131,1489920003
-4749113616873848352,987131,1489920005
-8819847006371413943,987131,1489919971
-5302590252085104336,987131,1489919974
-328931503428660253,987131,1489919962
-6424970651613895376,987131,1489919972
-3903473908315302821,987131,1489919977
342224874484360187,987131,1489919983
-5092398715737410896,987131,1489919967
-3348521406802263197,987131,1489919965
-3604442358623550685,987131,1489919953
5989723604331624161,987131,1489919994
-6299585699972646990,987131,1489919993
6806976688737851259,987131,1489919971
1119791139983564810,987131,1489919999
8037891690234537858,987131,1489919980
-2066295242519299876,987131,1489919999
6031581695356449114,987131,1489919984
2707968356221557854,987131,1489919960
-5711717866197338521,987131,1489920005
1054189170872792324,987131,1489919955
-5520526985142061585,987131,1489919946
6920345356767418976,987131,1489920005
-3431815163260508318,987131,1489919984
5699804273960199019,987131,1489920005
1148838447305656081,987131,1489919972
4417315325810861179,987131,1489919982
963331160527555801,987131,1489919949
2284141768529151404,987131,1489920003
1281894319268666355,987131,1489919993
-5196595754527600560,987131,1489919989
-2230532808944663290,987131,1489919948
-951635427030610306,987131,1489919957
-5112845601236627223,987131,1489919969
1244241432329971190,987131,1489919991
-4505514747251615567,987131,1489919987
6101958233306628656,987131,1489919951
5461373059830791423,987131,1489919986
462561690808290503,987131,1489919974
2409597028417415376,987131,1489919962
-1685865096696082936,987131,1489919969
-5634922196848858843,987131,1489919986
-7295825911568625145,987131,1489919994
-557058452162306979,987131,1489919970
5063350366492697737,987131,1489919984
-8335116427415210812,987131,1489919972
2356019383682750622,987131,1489919963
3583159296549390487,987131,1489919978
-3291314869906350678,987131,1489919988
269599126557241970,987131,1489919980
6257995520363425338,987131,1489919964
3411786250442573236,987131,1489919969
-4706800179596493681,987131,1489920003
-8170766064039280941,987131,1489919972
1496307817647833944,987131,1489919955
4842355355125625262,987131,1489919998
1307584644343102615,987131,1489919989
-6220181143930405989,987131,1489919958
-3515954404209167967,987131,1489919969
-5965822521194252024,987131,1489919952
7705277264598489520,987131,1489919985
-791853781859959986,987131,1489920001
-8246805944278639986,987131,1489919994
1387824263229141582,987131,1489919976
-8790870376290461268,987131,1489919990
2347826929869016005,987131,1489919973
7328622123686783243,987131,1489919971
-3550936386508783580,987131,1489919959
-4505359151555840728,987131,1489919967
2391163671364084146,987131,1489919992
7262193161418535312,987131,1489919957
-1961405462471839895,987131,1489919997
-938062279919786724,987131,1489919948
-5372709060243271111,987131,1489919980
5199968723476652845,987131,1489919974
4506288759521605472,987131,1489919975
-5285698084873944463,987131,1489919978
1034669610262100303,987131,1489919954
-8333421036485450526,987131,1489919983
-3009782531102350480,987131,1489919974
2917565171073924272,987131,1489919958
3827336355867525200,987131,1489919948
5831936494418270305,987131,1489919971
3263653096829375036,987131,1489919978
-2631930479796300546,987131,1489919973
5285119118390943448,987131,1489919971
-8433117677662519687,987131,1489919990
5582377992354102673,987131,1489919997
4302994120110618567,987131,1489919980
-5919407535781337153,987131,1489919985
-7914892843895732055,987131,1489919976
-513534122538750418,987131,1489919993
-4921553388920043135,987131,1489919951
8980533860986194888,987131,1489919952
-5791270877222149726,987131,1489919967
3193839140202274867,987131,1489920005
-7933377427218048352,987131,1489919958
3101134008389802141,986831,1489919961
-6625650454031599706,934829,1489919985
-4600257705000075993,986789,1489919970
-8465280262200769810,986789,1489919988
6456220054649003928,986789,1489919969
-7539253822369433958,986789,1489919987
-2397081917017252900,986789,1489919961
-7395182021022270740,986789,1489919959
-613011311886490848,986789,1489919953
-7948593619568695803,986789,1489919985
-2348923839689796261,986789,1489919955
8403204069735300810,986789,1489919982
-8546415145026525456,986789,1489919965
-3103031606334778389,985782,1489919965
-7117189954536985556,942456,1489919953
-8634227128031184409,986857,1489919990
63729032510591270,986857,1489919959
-4600478695612392342,986857,1489919952
5712690216007135851,986857,1489919976
-700869015081026189,986857,1489919973
170429082473416870,986857,1489920001
-2917790911801156386,986940,1489920003
-5376698110643825834,987198,1489919949
5847462483622373892,987198,1489919975
2703480692314155377,934965,1489920003
-5754152065281754491,987199,1489919957
2754231827687770791,987199,1489919994
4525222077041733053,987199,1489919954
-4259746720635549118,987199,1489919959
-1497276365576182722,987199,1489919945
6810168258003463300,987199,1489919966
-8285448496389375017,987199,1489919947
2187604438804381397,987199,1489919974
-292826901102491223,987199,1489919985
230367040828483542,987199,1489919989
1007815182781501488,987199,1489919999
-5786650693469741335,975374,1489919969
-7485291708697281275,874807,1489919995
-3875038442372173271,879357,1489919954
6057530938709616502,934808,1489919964
807680461136540891,986740,1489919962
-7732570304265548264,987028,1489919991
-6252073130502704561,987028,1489919951
-2702866595234019774,987028,1489919948
5166655111242247759,987028,1489919964
-8447246294905237735,987063,1489919987
-6435124040043687412,987063,1489920005
-3876621452061823994,984798,1489919954
3123271472985559118,986853,1489919996
9113473110782425977,985745,1489919970
-7237037140757167321,981732,1489919972
4448498375845097892,936778,1489919964
566809746296813635,985150,1489920001
4904705149188445520,986304,1489919987
-2590739150367759479,986304,1489919991
3015912604047482278,986304,1489919987
-4100647464508194415,987119,1489919994
-6118546922263052666,987119,1489919980
5986936973662277762,987119,1489919975
-1356321252235587738,987119,1489919995
2094355559174912710,987119,1489919971
-4627032696094968751,987119,1489919998
5928423413269156058,987119,1489919994
-5562826780474199754,987119,1489919957
-4613141741358259494,987119,1489920004
6776852166555365519,987119,1489919954
-1423884484145647150,987119,1489919953
-1608825658420137893,987119,1489919981
817270739760284203,987119,1489919969
528932952526851263,987119,1489919981
-7422464590556257676,987119,1489919975
-5691860971084426038,987119,1489919966
458797845579318995,987119,1489919989
4074866103592717104,987119,1489919979
6790898979894817348,987119,1489919968
-1560201925089166851,987119,1489919966
-3276125675019631171,987119,1489919970
1153299465544047000,987119,1489919953
6528287307296924473,987119,1489919968
-8943099355990990298,987119,1489920000
5463440080418520373,987119,1489919999
6294223382435215735,987119,1489919996
-6433117185778373045,987119,1489919993
6833694067959768040,987119,1489920003
-1505652419169232633,987119,1489919985
4256569923505911668,987119,1489920004
-5695714102475199991,987119,1489919956
-1495320782970440564,987119,1489919962
-4437113579965819597,987119,1489919986
-4732959061893194049,987119,1489919946
-9143358935854512564,987119,1489919977
-5340795208611193373,987119,1489919993
-1269936040913234355,987119,1489919988
3317081146872151215,987119,1489919981
-1800434868626909094,987119,1489920002
5946043043458477086,987119,1489919999
2457675671755232989,987119,1489919955
-2603390099363794606,987119,1489920005
2763708975605952925,987119,1489919984
6439657373475506468,987119,1489919966
-7948593619568695803,987119,1489919961
7324688003430740036,987119,1489919971
5292389359553225213,987119,1489919961
-8594768577357772157,987119,1489919969
-6060109657232994881,987119,1489919979
-950630894378112041,987119,1489919957
2790980673139397560,987119,1489919955
3340198426590148136,987119,1489919972
-6843014212862105724,987119,1489919972
2203689683755032299,987119,1489919963
537137892064877180,987119,1489919956
-2746043305905440947,987119,1489919982
-4165411642005951611,987119,1489919977
1775118091992847628,987119,1489919967
-2525448964849328443,987119,1489919984
7228065033802079153,987119,1489919946
8581674121525311526,987119,1489919964
-6095648375052945285,987119,1489919973
8377181776088046583,987119,1489919980
1056124318812882973,987119,1489919964
6078622689505790151,987119,1489919994
-2847596034271271203,987119,1489919990
6862280495742227467,987119,1489919983
-1950662259381895263,987119,1489920001
-2801695470513607398,987119,1489919965
-2426809516778706878,987119,1489919959
1176483172856065286,987119,1489919975
5690584638092953021,987119,1489919998
1223516890430929408,987119,1489919970
6860317378257124364,987119,1489919982
1895996184881920924,987119,1489920001
-9118074042872984434,987119,1489919949
9025360648850353006,987119,1489919950
-3180556680764977448,987119,1489920000
4369234637573774581,987119,1489919963
2511344643482891427,987119,1489919986
3853904443025529680,987119,1489919967
-1102573291212068396,987119,1489920000
2541820168274473671,987119,1489919971
-7461856337732910222,987119,1489919952
-1571260020057755717,987119,1489919948
376425880569403719,987119,1489919983
7345764048254301831,987119,1489919972
1056512688350023006,987119,1489919995
-5666589985910107526,987119,1489919997
1095027684268893057,987119,1489919946
7527501321028482496,987119,1489919998
-2273720586071232683,987119,1489919982
8338676166156765437,987119,1489919985
-720813098526486062,987119,1489919994
-8226288227910556965,987119,1489919977
-4011996137394179834,987119,1489919972
-3555420805114735907,987119,1489919966
-3262900750980450246,987119,1489919964
6930971024713149619,987119,1489919975
-902704299470009467,987119,1489919993
8562368479333070477,987119,1489919959
-8573881397951408098,987119,1489919964
-1360278455046212107,987119,1489919971
8351200025882533310,987119,1489919970
5275397112156425416,984744,1489919949
-5133566938325514379,981425,1489919989
762032038008116732,987187,1489919949
2413368099523923057,987187,1489919976
-1593164972832430317,987187,1489919994
5356895144669463738,987187,1489919987
9041188620329469554,987187,1489919966
4842355355125625262,987187,1489919997
-3011073726103523208,987187,1489919960
7018459647197164210,987187,1489919997
-1084990500239873588,987187,1489919957
654412441178998926,987187,1489919983
-4988929323758245698,987187,1489920001
-1577540348932719027,987187,1489919967
1788969709981230452,987187,1489919960
255915161502206441,986955,1489919948
-2594828510308478110,986955,1489919978
-12478211682222253,986955,1489919967
8356057643963019550,986955,1489919976
-2761606781708748758,986955,1489919964
-4437113579965819597,986955,1489919999
-1928119094802292137,986955,1489919981
6926460288934641784,986955,1489919971
-6687277418320452607,987094,1489919954
-1310758081938022265,987094,1489919963
-2656146935978264268,987094,1489919983
-4908684074762806425,987094,1489919961
-485420638430833007,987094,1489920001
-2144859450314350110,987094,1489919988
-1814716874780319554,987056,1489919978
-2303938118904343599,983929,1489919988
-3820342499411008290,986229,1489919954
7342620037342598829,986229,1489920003
-622603212201360331,986229,1489919988
7148341874867935687,985050,1489919974
-3359496999444522755,987176,1489919976
-123985045820491758,987176,1489919952
8556551856156903305,987176,1489919957
-2230532808944663290,987176,1489919974
-9132580005694922737,987176,1489919985
-3220166072205386272,987176,1489919956
-885613963733072167,987176,1489919966
-902634617229317283,987176,1489919960
-7544867598723260633,987176,1489919981
-670575230513004443,987176,1489920004
-1171803825289780197,987176,1489919987
-8026858424722329099,424915,1489919979
-833246438454158416,963843,1489919954
-5980986722491254324,986926,1489919978
8872564738549994914,986926,1489919971
-4323705863859543462,986926,1489919960
6677591173209806499,986926,1489920002
-9151036396650564055,986926,1489919948
-1538386127174965896,977922,1489919966
-1794661879541207932,986430,1489919971
-8756623670898879431,987203,1489919994
4643281014608723350,986270,1489919996
1913774750379219493,986270,1489920001
7877835084536820745,986270,1489919995
-3209078000537424584,986270,1489919965
3984676936525052567,986270,1489919981
-8831318015161849964,986270,1489919964
-6257779579146793509,986270,1489919982
-2899869476816039994,986915,1489919982
-5980986722491254324,986915,1489919979
-1049515257760085899,986050,1489919965
-4425868890871823517,986677,1489919960
-4609202081803249842,986677,1489919969
5485249379941814412,986677,1489919950
-890767040589674372,986677,1489920002
5436001201046705631,986677,1489919951
-559643472190910095,986677,1489919960
6599350937587362544,986677,1489919965
-5758788681915689030,986677,1489919974
-6226400461111016384,986677,1489919970
-2290681247917635804,986677,1489919970
-8446968851715701343,986677,1489919981
-613011311886490848,986677,1489919979
-5660935768573006243,986677,1489919951
2183216197804625053,986677,1489919962
6213093786769899185,986677,1489919956
4525842887429987265,986677,1489919979
-8884426518682813205,986677,1489919974
5603158692242351036,986677,1489919968
5228558009671862028,986677,1489919975
-1166435639363950957,986677,1489919982
-5024054604166246510,986891,1489919957
5881947010628711320,987019,1489919963
-5133566938325514379,981423,1489919981
7682519076354247681,338889,1489919987
2509613143763152843,987124,1489920000
8269768166808695820,987124,1489919979
2552056211884449062,987124,1489919995
8643919638073771381,987124,1489919962
7741165851649887029,987124,1489919978
1172706878762511528,987124,1489920002
-8591639962540360580,987124,1489920005
9217845221226383662,987124,1489919952
-6541739933062387336,987124,1489920003
4668355237381026674,987124,1489919951
103269376920697558,987152,1489919959
-8860947086591237920,987152,1489919982
-1327231096365321347,987152,1489919962
5841142988795618210,985944,1489919989
6896434032252114381,985944,1489919955
2888750294771863260,982289,1489919969
-2154900794890826420,985356,1489919971
3527659916154149596,938401,1489919987
9011017291755037705,938401,1489919994
-4487934408098358615,884006,1489919987
5753217692943085760,341878,1489919977
1104554530892771362,986633,1489920001
8449977093076252191,984495,1489919982
-5750709455149228378,986824,1489919984
7964479895779525149,986824,1489919959
-4452153990415614655,986824,1489919987
5488263846242383579,987074,1489919961
-5971305502313964788,987074,1489919958
4246309833488952274,986998,1489919948
5858009763861309197,986825,1489919974
834435561406467857,980003,1489919957
8885675792999749173,987068,1489919946
-520322205457551531,987068,1489919961
7861674892244811433,987037,1489919963
-7917321907889754291,987037,1489920002
624273125467330706,986208,1489919973
2841186672997555354,986208,1489919952
-7581439174194369975,986208,1489919961
587055392289707967,986208,1489919992
-3031894607692722753,987082,1489919996
277636796108713283,987082,1489919975
47228480992381526,987082,1489919950
-2906731221924282847,987082,1489919984
-8387068111473135776,987082,1489919966
6669894013046910231,987082,1489919965
-1701340063460389396,987082,1489919986
7839212461766887249,987082,1489919983
6990577291966076385,987082,1489919953
-8383510757754063563,987082,1489919975
-9132580005694922737,987175,1489919973
-3220166072205386272,987175,1489919948
-670575230513004443,987175,1489920004
-885613963733072167,987175,1489919961
-2230532808944663290,987175,1489919961
-1171803825289780197,987175,1489919987
1900436368307654248,987175,1489919950
8351200025882533310,987111,1489919954
2786521449369793291,987111,1489920005
3442960236466852638,987111,1489919991
-532746324286061758,987111,1489919967
496189664153815676,987111,1489919998
7596629081511799380,987111,1489919986
8378888642605587898,987111,1489919964
-8524685223009311725,987111,1489919972
-2558299810544370651,987111,1489919963
5912423891826876840,987111,1489919961
1196927229941703033,987111,1489919963
-9047717582604106921,987111,1489919998
6652605278594112006,987111,1489919990
-8498392199560347037,987111,1489919980
5491020887036556087,987111,1489919967
5432056385174843746,987111,1489919985
-5562826780474199754,987111,1489919994
-8995182742275280926,987111,1489920000
2859598597217878959,987111,1489919958
-1824754569606245509,987111,1489919964
9194865922801542963,987111,1489919972
-4334750023964073173,987111,1489919983
7345764048254301831,987111,1489919953
8946587373622152302,987111,1489919950
7543254688281853885,987111,1489919950
-8203602238628648397,987111,1489920000
-6944042997635731281,987111,1489919968
458797845579318995,987111,1489919998
-733285443721957753,987111,1489919955
6294223382435215735,987111,1489920005
-2108693038648116091,987111,1489919948
1612935376005630128,987111,1489919993
7489714014055391310,987111,1489919972
1153299465544047000,987111,1489919955
-4437113579965819597,987111,1489919988
-1241712293974689656,987111,1489920005
-7888120458704767850,987111,1489919964
528932952526851263,987111,1489919981
-7144765301119836358,987111,1489919952
-7428199404600775453,987111,1489919995
-2331689916264955558,987111,1489919979
2672336049206768898,987111,1489919985
3772811427524453277,987111,1489919997
-1356321252235587738,987111,1489919996
8689688807716688202,987111,1489919982
-2003303993756243738,987111,1489919958
-6999998351764198408,987111,1489920004
-6353728363665403118,987111,1489919971
2130778308405118525,987111,1489920005
-3520029363126959055,987111,1489919983
6090962981603990002,987111,1489919991
3252798689641977245,987111,1489920005
-8561617475056178391,987111,1489919983
-2839082786680069923,987111,1489919993
1131391567088759810,987111,1489919956
-8128216546352621710,987111,1489919949
6664501503935198547,987111,1489919996
-5691860971084426038,987111,1489919966
6790898979894817348,987111,1489919968
-6118546922263052666,987111,1489919980
-1087851093172098191,987111,1489920004
1803622024713279592,987111,1489919946
-282979968236316104,987111,1489919969
-6403964318026148511,987111,1489919954
7102923745330103355,987111,1489919967
5279465983507250259,987111,1489919956
-2834426276481511560,987111,1489919988
926616290214818531,987111,1489919961
-2308016245949077733,987111,1489919981
-6522109147612070824,987111,1489919962
2185362214942589730,987111,1489919975
5185195295610612519,987111,1489919994
-6206404876658089707,987111,1489919972
-2899344719211603464,987111,1489919985
6528287307296924473,987111,1489919986
7145581978239791206,987111,1489919975
-4613141741358259494,987111,1489920004
5028600320685564130,987111,1489919962
-8943099355990990298,987111,1489920000
1281774089034561181,987111,1489919958
-3672620077114660552,987111,1489919995
587055392289707967,986167,1489920002
2841186672997555354,986167,1489919953
-5717962275695342311,986167,1489919955
-5490412366678532288,879761,1489919966
-6530946046283224162,933474,1489919982
-3247416534806000025,986862,1489919964
-4791167078318945960,986862,1489919948
2294459145834538437,987204,1489919976
552521004309809829,894357,1489919984
-8771967630156320998,598,1489919957
5772028753919910131,598,1489919966
6107368629625656910,986661,1489919980
255915161502206441,986287,1489919961
-346138121312296358,986287,1489919953
-4437113579965819597,986287,1489920003
-12478211682222253,986287,1489919995
480772512510632163,986875,1489919996
8142011394757307993,982231,1489919954
7348217698152154008,987195,1489919955
6998692195728002546,987195,1489919974
2966171673656510149,987195,1489919956
-3674581059435594407,987195,1489920000
9117061513657095280,987195,1489919982
924577924867307710,987195,1489919969
2191885745363336800,987195,1489919960
-5376698110643825834,987195,1489919953
-5938666213471035328,987195,1489919985
6185346897504169450,987195,1489919979
5552811833897296062,987195,1489919958
-6046682504717299467,987195,1489919979
63729032510591270,985589,1489919992
-112879510094652262,986467,1489919963
-5570579335689838966,986467,1489919995
-7117189954536985556,411816,1489919992
566809746296813635,986232,1489919974
-8288830820705794496,987150,1489919958
8820079724885387624,987150,1489919957
4417026968177886368,987150,1489919981
7499548701629877068,987150,1489919965
-3570213671086585781,987150,1489919951
-3087138308922384679,180246,1489919947
749223139224796547,913422,1489919970
-112879510094652262,986468,1489919963
5753217692943085760,342905,1489919977
899340973792795611,949323,1489919974
-1310758081938022265,987097,1489919963
-2144859450314350110,987097,1489919988
-2656146935978264268,987097,1489919983
1992513158726464589,986755,1489919981
-7092949734777385685,986755,1489919957
8434841254592326628,345163,1489919998
5592336962092308559,981770,1489919967
1939487511660109521,987188,1489919984
2964227316732110669,987188,1489919997
3236387137257493181,987188,1489919978
7401940907403945962,987188,1489919950
-169823440421252622,987188,1489919975
1117407047815777124,987188,1489919954
6461341601282774285,987188,1489919969
-7191817974556092094,987188,1489919948
4065764778145680847,987188,1489920004
3720185200796414190,987188,1489919958
-3527921160968945575,987188,1489919976
654412441178998926,987188,1489919957
-6574110686464681051,987188,1489919995
-3249963598250617333,987188,1489919972
-3366351818244999786,987188,1489920005
-7111523322077380237,987188,1489920001
-4665466235051263295,987188,1489919988
3543462106455104055,987188,1489919952
8155139141854045766,987188,1489919947
3997820228358416652,987188,1489919972
-6016166366972442810,987188,1489919975
-2552172660076538519,987188,1489919974
-4949500421115601961,987188,1489919999
-732514784307436924,987188,1489919962
5712690216007135851,986624,1489919951
2020288300023497271,986624,1489919976
7827740576831025394,985489,1489920004
-256736753626874368,986276,1489919955
-4153695659123202062,987011,1489919984
-5876824583962574144,987011,1489919961
448363376898273460,987011,1489920000
236886335398801495,946485,1489920003
4246309833488952274,986991,1489919952
1829775538348121839,979378,1489919989
3829293869297023199,986510,1489919965
4772190643720156634,986840,1489919953
7604321533163927943,987194,1489919946
6208819484472126346,987194,1489919978
-744751369232582200,987194,1489919964
-7373972181210271489,987194,1489919947
-1898913561526187560,987194,1489919991
-8829529143224315786,987194,1489919965
6633633138253689178,987194,1489919993
2718255156497796138,987194,1489919965
4577632544950489893,987194,1489919963
-6231963781100133124,987194,1489919973
4736088518239092893,987194,1489919997
-3601519388942873058,987194,1489919980
8930722871466111161,987194,1489919956
-1195127963296381490,987194,1489919998
-6230691713626379972,987194,1489919954
2095865142783762556,987194,1489919991
2144729969733234466,987194,1489919972
-7671138345191292713,987194,1489919996
7884152766737519732,987194,1489919985
5638001410979293787,987194,1489919967
-4657010435542293526,987194,1489919952
3195644614284808861,987194,1489919961
4663655745283827451,987194,1489919956
6315962784538027142,987194,1489919992
-3267904045213505716,987194,1489919992
-6966103988550079448,987194,1489919994
-3250118554207813695,987194,1489920005
-7022475272179261942,987194,1489920006
-3188786637993079030,987194,1489919981
4371503506792076181,987194,1489919984
4493817627757928419,987194,1489919969
4030234223563607991,987194,1489919993
-3733955858672355730,987194,1489919948
-4019693690559699906,987194,1489919958
4793834915587089843,987194,1489919994
3910934271424794347,987194,1489919964
-4525268624008895941,987194,1489919960
-5648267391436794370,987194,1489919973
-7444125935833021343,987194,1489920001
-2370175144289605428,987194,1489919951
7624699210423313039,986637,1489919972
-2079485077985307140,986637,1489920003
8048662775375089321,986637,1489919963
7453638331577992818,987143,1489919981
-8485102532156030079,985480,1489919954
-8735151239510455082,987200,1489919965
7333001937174401147,986533,1489919980
-1736779769250812292,986702,1489919989
-3191894193676609412,986702,1489919975
-5893848460807171810,986702,1489919967
-3915756379041391474,986702,1489919954
-8574319761094586858,986702,1489919966
746054325495924588,986702,1489919983
-6226379309539889987,986765,1489919964
3468486440009524442,986765,1489919960
1842952501847092062,986765,1489920003
-3032719892131905970,986765,1489919968
3513975581276109628,986765,1489919954
-1195234415873693768,986765,1489919993
6675584027355819977,986765,1489919976
1176483172856065286,986765,1489919989
1221606489730926759,986765,1489919987
-6522109147612070824,986765,1489919950
6144702015123927970,986765,1489919949
733335291935221436,984221,1489919982
4246309833488952274,986995,1489919957
4099526458389701013,986482,1489919969
-152740632638795950,987158,1489919981
-5875697935996774439,987158,1489919997
2524241097273748085,987158,1489919964
-5112845601236627223,987158,1489919961
-2756748143966762530,987158,1489919983
-707203224560522200,987158,1489919961
-2154054904691609537,987158,1489920005
-6690511613137731972,987158,1489919988
131834665324905172,345818,1489919973
2888750294771863260,985328,1489920001
-7210440341682351112,987088,1489919946
4425598102137731888,987088,1489920002
-1697540350587941257,987088,1489920000
-7917321907889754291,987042,1489919952
6393310499638894087,987042,1489919991
-198703948780763126,987042,1489919981
2613473506678346946,987133,1489919981
4190926452274064443,987133,1489919999
-385789945085250548,987133,1489919957
-3937873538906126266,987133,1489919993
-1064339354240644482,987133,1489920001
-7972674791539041766,987133,1489919953
237859050919629364,987133,1489919999
7450996480554933273,987133,1489919947
-5932220635742206622,987133,1489920001
2065610153191764886,987133,1489919968
-793989359681023073,987133,1489920004
-2564872182509223047,987133,1489919996
2172680353519048967,987133,1489920006
-8739605405075748366,986924,1489919987
6831466179774893464,986924,1489919951
-4633964073107737365,986924,1489919965
-7247633248262833786,986924,1489919979
-4706623398456706852,986924,1489919981
2524241097273748085,986924,1489919976
-2756748143966762530,986924,1489920005
-707203224560522200,986924,1489919974
2078091512880519689,987033,1489919947
3679734080619638719,986674,1489919979
-7581912781209121614,986674,1489919982
-1692864966783565609,986674,1489919986
2837108950620061658,986674,1489919962
-2038972366786592832,986674,1489919961
-7732570304265548264,987031,1489919980
5166655111242247759,987031,1489919964
4246309833488952274,986983,1489920001
5767405089318452193,986165,1489919998
110482564953091175,977515,1489919972
4246309833488952274,987000,1489919946
-2361922922805325219,941772,1489919945
2299206861305942096,987090,1489920001
4999857998843562602,902583,1489919968
-727145808003066965,982450,1489919976
5959984832876611239,985938,1489919999
-8728380312171644569,983500,1489919979
1009966089911154137,986885,1489919965
-1928119094802292137,986963,1489919953
-4420364881613682490,987080,1489919976
-7210440341682351112,987080,1489919996
4376371833176750368,987080,1489919952
8428230012311963124,987153,1489919961
-371593438026525866,987153,1489919980
5264083024907030121,987153,1489920000
4417026968177886368,987153,1489919953
3819418368591428408,987153,1489919959
3826591128280573420,987153,1489919967
-6115968227029226187,987153,1489920000
461350774677701221,987153,1489919992
3826863251004532577,987153,1489920005
-6711955258365931363,987153,1489920002
4168569291600840817,987153,1489919967
3100491899915147240,987153,1489919996
8869566966783423131,987153,1489920004
1911823844448097571,987153,1489919947
4356841968132691359,987153,1489919999
1514776679364521499,987153,1489919998
3013241475452347085,987153,1489919997
-7428199404600775453,986222,1489919953
5167640010923933414,984327,1489919953
7846091635349117153,975858,1489919978
-3111534268212697687,975858,1489919969
4073902478534386394,975858,1489919955
7293805864197080581,975858,1489919970
7426997360205957671,986191,1489919970
-2761606781708748758,986954,1489919977
-2669410678259555267,987165,1489919981
-3119865109861626158,987165,1489919974
8579014844880463146,987165,1489919995
-4123072938124077631,987165,1489919958
-5619860104243814325,987165,1489919967
-3273874890283235911,987165,1489919969
-468183613363174992,987165,1489919951
-1532674199264265342,987165,1489920001
3208251144698257796,987165,1489919960
5675453390323491553,987165,1489919955
1576209286572765059,987165,1489919989
1304073480507130465,934856,1489919973
-8447246294905237735,987077,1489919985
4577834353487365059,986556,1489919962
3696686335676254790,986556,1489919989
-2167949402353585541,986556,1489919986
-5363591967212877111,986556,1489919987
-4722682886895793815,987191,1489919968
1788969709981230452,987191,1489919960
-4988929323758245698,987191,1489920001
1030030209143597227,987191,1489919995
-1577540348932719027,987191,1489919967
-5634922196848858843,987191,1489919976
654412441178998926,987191,1489919983
7018459647197164210,987191,1489919982
8364609777514151018,987191,1489919985
3276964350713166927,987191,1489919996
-8610654746337766862,987191,1489919971
6999911189529093276,987191,1489919989
-3527921160968945575,987191,1489920000
-1714314445276294042,986663,1489919961
1825502772125051694,985712,1489919957
-7311586391905885508,127078,1489919976
5427569192796423417,986142,1489919992
-4854054766575819022,986142,1489919992
-7945295359749000006,986142,1489919969
-700869015081026189,986142,1489919964
-331503176908454576,986142,1489920001
312669909053553195,986142,1489920003
-4975241747975783783,986142,1489919978
3928244861546718717,986142,1489919958
-2844540977048772260,986142,1489919956
6252965915558873629,986142,1489919974
-7303159657019872576,986142,1489920001
-8023684960736733873,986142,1489920005
-7237037140757167321,986142,1489919974
4990274861096664556,986142,1489920002
5382979781116745124,986142,1489919959
3846476008485807053,986142,1489919970
-457975973774624572,986142,1489919976
5277086035379723830,986142,1489920004
-720054047600504859,986142,1489919987
4577834353487365059,986142,1489919976
3619030983670712665,986142,1489919980
602972140819442193,986142,1489919951
-1181359593771889795,986142,1489919995
2816892345900857644,986142,1489919983
-4901387936001797135,986142,1489919966
245295316267602135,986142,1489920005
-3012659790526453080,986142,1489919996
5676110028464874627,986142,1489920000
1518592040119248835,986142,1489919967
6308996853921778234,986142,1489919969
4335458302069508592,986142,1489919954
-2938840361152989868,986142,1489920003
-4053368337393533858,986142,1489919953
-8663357373572435799,986142,1489919950
506757299721061607,986142,1489919987
1251166339063626273,986142,1489919988
-8213194090654182858,986142,1489919992
7056655578566032400,986142,1489920002
4193826376738371433,986142,1489919991
-7073741922773848362,986142,1489919981
1247876223457533207,986142,1489919975
8442043210542036280,986848,1489919981
-8865935847284686811,986848,1489919961
-294008759543767160,986848,1489919997
43313116207023970,986848,1489919973
816646344944528494,987172,1489919973
495113858179361960,987172,1489919975
-7185173393001082299,987172,1489920003
-3273874890283235911,987172,1489919954
-1532674199264265342,987172,1489919988
-2230532808944663290,987172,1489919999
-885613963733072167,987172,1489919980
9020178976145525857,987172,1489919962
-7939797581567306518,987172,1489919992
495113858179361960,987173,1489919956
7344684337848945196,987173,1489919971
-7185173393001082299,987173,1489919994
-2230532808944663290,987173,1489919994
-7939797581567306518,987173,1489919992
-1532674199264265342,987173,1489919982
-885613963733072167,987173,1489919980
2421882785415401736,411038,1489919993
7271924062105096951,879243,1489919969
-5283270006734862080,971952,1489919950
834435561406467857,980018,1489919966
-2283787919854289393,987064,1489919972
8885675792999749173,987064,1489919956
8867388731294491930,985933,1489919993
5275397112156425416,985061,1489920004
5123853524313282104,987123,1489919961
7741165851649887029,987123,1489919990
2552056211884449062,987123,1489920006
-5839256997396424310,987123,1489920004
8643919638073771381,987123,1489919962
-907261133567795881,987123,1489919969
2509613143763152843,987123,1489920000
1992513158726464589,986732,1489919981
-8584385063451760071,987071,1489919997
3721777323177170267,987071,1489919997
4793834915587089843,987071,1489919973
8759857927109086442,987192,1489919986
-4736608050764873845,987192,1489919970
-5376698110643825834,987192,1489919964
9117061513657095280,987192,1489919992
2966171673656510149,987192,1489919961
-3674581059435594407,987192,1489920003
-7881975289162610371,987192,1489919973
8353679876906458291,987192,1489919971
288284762515334214,987192,1489919956
-4487934408098358615,426434,1489919987
-1736779769250812292,986715,1489919989
9049708653519023611,155226,1489919958
566809746296813635,985909,1489919984
3384902125162933678,986981,1489919953
-5876824583962574144,986981,1489919967
4246309833488952274,986981,1489919981
-4153695659123202062,986981,1489919984
1304073480507130465,931454,1489920001
-6010834985957900586,339642,1489919965
5049100578266348143,987091,1489919970
-6687277418320452607,987091,1489920001
-8383510757754063563,987091,1489919975
-6043773839855047167,987091,1489919981
8008959606011362461,987091,1489919983
2278349355583005749,987091,1489920001
5279024344305161115,987076,1489919956
-4841863963869754882,987076,1489919997
-5971305502313964788,987076,1489919953
-3400812167865521717,987076,1489920003
4486840339091914414,987057,1489919981
6447160186320692795,987057,1489919972
2795159067128867993,987057,1489919986
2280939710489866685,987057,1489919995
5702173377257031813,987057,1489919949
3516770230880619987,987057,1489919995
-5190376524496316960,987057,1489919970
-4345219442177659269,987057,1489919991
-5008746540223889446,987057,1489919983
4489964523969048964,987057,1489919974
6709897865078455484,987057,1489919975
-3745597237526028178,882867,1489919999
-8790870376290461268,986669,1489919985
2423421208689463077,986249,1489920003
3238918549889447231,986249,1489919989
-9001092015085472465,986249,1489919954
15136546666105054,974590,1489919952
4999857998843562602,902629,1489919968
-889477935945992574,986788,1489919974
7450996480554933273,987132,1489919977
-385789945085250548,987132,1489919965
2065610153191764886,987132,1489919972
237859050919629364,987132,1489920003
-3937873538906126266,987132,1489919999
-5932220635742206622,987132,1489920001
2613473506678346946,987132,1489919981
-1064339354240644482,987132,1489920001
-346138121312296358,986785,1489919953
6489064728791434200,986912,1489919971
-5507326481621584722,986912,1489919951
320730285068812943,341515,1489919947
4136163309159741365,943536,1489919948
-3826229849752673448,987147,1489919967
86136401283778306,987147,1489919948
7499548701629877068,987147,1489919987
8820079724885387624,987147,1489919979
-8288830820705794496,987147,1489919970
4417026968177886368,987147,1489919981
-8907588893650331794,986997,1489920006
5402038324877116323,986997,1489919973
-7170996206183229430,986997,1489919974
-4454933877337620745,986997,1489919974
-1132160108361408088,986997,1489919969
-4437113579965819597,986997,1489919997
3468486440009524442,986997,1489919965
1064264762105588860,986997,1489919992
-6276443149910651091,986997,1489919995
-1096407896033174946,987044,1489919977
5368211133477202057,985736,1489920006
-6619813877140638138,985736,1489919975
-8642478956445418347,972804,1489919993
5016529426613136143,986514,1489919987
1586283629643330037,987136,1489919986
-6328099101814580320,987136,1489919953
1128041470298956418,987136,1489919977
-1065580637417112323,987136,1489919996
2026226578713977317,987136,1489920004
4387423887711470673,987136,1489920005
-1064339354240644482,987136,1489919953
-6398542944225897247,987136,1489919951
237859050919629364,987136,1489919986
-2564872182509223047,987136,1489919947
5245880855469769304,987136,1489919993
-793989359681023073,987136,1489919986
3060137088915211649,987136,1489919957
-5932220635742206622,987136,1489919958
-2804669789270384966,987136,1489919960
220444715365200169,987136,1489919999
-4428231302549139202,987136,1489919991
7231158246165214922,987136,1489919995
-1890729720709537906,987136,1489919992
-3035985612849280195,987136,1489919953
-8373096293390071167,987136,1489919979
-6607860881363082811,987136,1489919970
-3796830918708355274,987136,1489919952
2393634449954500038,987136,1489919964
-1597667132938139315,987136,1489919953
-146930084258330996,986802,1489919952
8825978701305515588,986053,1489919977
6727014872912930778,979989,1489920004
8876522968912549791,985759,1489919972
4246309833488952274,986993,1489919965
552521004309809829,894457,1489919968
-3156717885122108743,894457,1489919973
-387989505686950069,983971,1489919968
1414669271104790013,983971,1489920005
4246309833488952274,986982,1489919992
9114306629531988649,42485,1489919983
-3801057041142258665,986685,1489919977
8455045559834616629,987163,1489919985
-7561906372272317764,987163,1489919950
1054926448632986028,987163,1489919950
-2756748143966762530,987163,1489919948
-2154054904691609537,987163,1489919978
4121882225029072812,987163,1489919995
-6690511613137731972,987163,1489919956
-2718728005336885143,987163,1489920004
-2808803071472795904,987163,1489919968
342496815357855739,987163,1489919952
9100590760281774763,987163,1489919957
-7480192216460687023,987163,1489920006
-3273874890283235911,987163,1489919993
-707203224560522200,987163,1489919948
-834596362731994844,987163,1489919992
-2219704886164220088,987163,1489919984
-3315414271254836992,987163,1489919983
982877167436120703,987163,1489919990
5483984231887487318,987163,1489919997
7300557304662211460,987163,1489919966
-8833412250530821479,987163,1489920006
3402000235202289563,987163,1489919978
3369683395587094483,987163,1489919969
-2669410678259555267,987163,1489920001
430215528844887665,987163,1489919996
6012342325954621201,987163,1489920003
-3195905839740023519,987163,1489919969
-7305836643342789016,987163,1489919998
6953708447150824236,987163,1489919987
-2283787919854289393,987067,1489919998
-6010834985957900586,339132,1489919959
1076237022600419534,986689,1489920000
-2216480801895821657,986689,1489919957
-9143020474163709032,986689,1489919963
-6822870877246933400,986689,1489919968
-2884031279835889079,986689,1489919952
6178726955303671176,986689,1489919972
-6257779579146793509,986689,1489919982
9088675526130192095,986689,1489919986
7534748503756110617,986689,1489919975
5169942297035489066,986689,1489919982
5087175072124547811,986689,1489919970
6665339921468768740,986689,1489919983
3101134008389802141,986869,1489919972
5063929171462352783,985107,1489919965
287198968045290435,985107,1489919951
236886335398801495,985107,1489919964
-4600478695612392342,985107,1489919948
-5192628695387435896,985107,1489919959
-4665628786725788398,985107,1489919970
-6045567350920619607,985107,1489919958
-1273044071844586476,985107,1489919946
6208819484472126346,985107,1489919988
-1156510058203682999,985107,1489919964
-4854054766575819022,985107,1489919993
110482564953091175,985107,1489919974
2738730351733281423,985107,1489919968
7271372167147852537,985107,1489919989
-2065526666866538178,985107,1489919973
5427569192796423417,985107,1489920003
-3215917763903561493,985440,1489919973
-2270653872583516668,986910,1489919964
-1937703187578333051,986910,1489919971
-7917321907889754291,987038,1489919961
8413471848241674987,987038,1489920006
-198703948780763126,987038,1489919981
-8016487909118939487,346774,1489919967
7171018170790049074,986682,1489919978
-8681800998268663735,986682,1489919981
4557062186295397577,986682,1489920002
7839878108091688454,986682,1489919988
7209025001197155814,986682,1489919988
527277224436491689,986682,1489919949
2657364741899122960,986682,1489919977
-6276443149910651091,986682,1489919960
-2806207107317869816,986682,1489919981
8633253678035167797,986682,1489919973
-1407717329398178492,986682,1489919991
4896915496577657231,986682,1489919997
2396665672173181406,986682,1489919978
1712103576060512420,986682,1489920003
-9220365897470598274,986682,1489919957
9019132834339615224,986682,1489919980
-2899344719211603464,986682,1489919955
-712468956427891410,986682,1489919961
2981654665426710036,986682,1489919952
8293460319868047744,986682,1489919996
3667367291000576761,986682,1489919959
6188054383823777628,986682,1489919998
7102923745330103355,986682,1489919957
8931148705002016026,986682,1489919948
-2982258415041959821,986682,1489919965
2435710319735487162,986682,1489919984
-4355993522224686776,986682,1489919982
-7575345957853734995,986682,1489919979
-2458350646490023932,986682,1489919975
5898264729890178977,986682,1489919946
-2801695470513607398,986682,1489919959
6274803928424654770,986682,1489919991
5491020887036556087,986682,1489919991
-4597923783427560455,986682,1489919964
-3786436085055205366,986682,1489920004
8949959896991732739,986682,1489920005
3246659624487752435,986682,1489920001
-8874312206563891364,986682,1489920000
-4437113579965819597,986682,1489919989
-2108693038648116091,986682,1489919948
3442960236466852638,986682,1489919991
-3845104963733820046,986682,1489919963
6973312658439743033,986682,1489919959
458797845579318995,986682,1489919998
-1984078365381396923,986682,1489919964
-8187550356809907647,986682,1489919977
-4531773853528859081,986682,1489919994
2859598597217878959,986682,1489919958
-8497543743051882066,986682,1489919951
8439767070456623869,986682,1489919994
7596629081511799380,986682,1489919986
-7361213542337765992,986682,1489919971
-981033726125357532,986682,1489919999
2532752078873442267,986682,1489919995
1459664781871653493,986682,1489919948
2130778308405118525,986682,1489919954
8944572708775850833,986682,1489919999
-1046788315216589101,986682,1489919961
-5305223342144054498,986682,1489920005
-6754745391193681179,986682,1489919957
-5562826780474199754,986682,1489919994
-9126557198515299540,986682,1489919949
4315923331048289343,986682,1489919970
-6718803232210791936,986682,1489920000
-1524108295661342132,986682,1489919950
8378888642605587898,986682,1489919964
-5314804052967741669,986682,1489919990
6569414525557186036,986682,1489919972
-1455786804051868283,986682,1489919993
7490990954665718357,986682,1489919996
-67532551143365476,986682,1489919959
1176483172856065286,986682,1489919971
8231194022558659430,986682,1489919951
9099507414185046394,986682,1489919985
-3683795558520538883,986682,1489919980
3146933519360863365,986682,1489919972
496189664153815676,986682,1489919998
-4589983774910348430,986682,1489919991
1914502851659800960,986682,1489919985
3599649886038228180,986682,1489919990
1095027684268893057,986682,1489919960
-6384932944133029274,986682,1489919948
-6522109147612070824,986682,1489920004
-6307275974799858160,986682,1489920002
-6310155440769607714,986682,1489920003
-6059522789394227020,986682,1489919947
-4302435756903393423,986682,1489919976
-5039618215157583563,986682,1489919957
-784543578929896923,986682,1489919979
-7349470020699950336,986682,1489920003
4361592574939436813,986682,1489919991
506837108084838744,986682,1489919984
-5444908664212219981,986682,1489920003
-5486413553132736276,986682,1489919951
5432056385174843746,986682,1489919985
7024277202590810927,986682,1489919990
-4737222185491896718,986682,1489919988
-8573881397951408098,986682,1489919951
-5549928340874324586,986971,1489919973
-5786650693469741335,986971,1489919972
8291357987734594647,986971,1489919981
1241755908146669921,986971,1489919969
-2885205945746937815,986971,1489919994
-8979079509113435646,986971,1489919972
-4199157660760205623,986971,1489919986
-2088204650258638019,986971,1489919983
1290026448908835072,986971,1489919992
1766314049618377542,144382,1489920004
-7405918378284845981,144382,1489919980
2047418675605501591,977893,1489920002
-1477007887499144395,987025,1489919997
-2702866595234019774,987025,1489920002
4648474077549518644,987102,1489919967
-1422303896536372482,987102,1489920005
-5444638720212795921,987102,1489919986
-2954564012934233580,987102,1489919968
3759554808169301384,987102,1489919957
2495442216316764983,987102,1489919960
-4096628963507050007,985025,1489919972
191490766731040174,985025,1489919951
-6192077134716640987,985025,1489920005
-7821475124673940029,985025,1489919990
4065858989071918449,985025,1489919993
7556158632759501001,985025,1489919949
2091111274891596599,985025,1489919984
-5238048383488299812,49276,1489919995
4736515243549504833,986999,1489919966
-2590739150367759479,986999,1489919973
-542199581006558905,986999,1489919978
2351918892847772463,986999,1489919992
8468757090084877000,986219,1489919963
749223139224796547,913385,1489919970
1736717718972415796,949839,1489919970
-3981963073833717485,926178,1489919982
-5001677672323780028,926178,1489919996
3436712562952336177,987127,1489920004
-7083403074525296030,987127,1489919985
-4774010057489471068,987127,1489919960
-8591639962540360580,987127,1489919988
3621926808193473208,987127,1489919973
8166710438168716095,987127,1489919987
-4871754226876195320,987127,1489920002
1364440955931006426,987127,1489920004
4459800829793201063,987127,1489919999
-300546810352877370,987127,1489919965
7376131399452062769,987141,1489919965
220444715365200169,987141,1489919961
4152012871900166820,987141,1489919969
-793989359681023073,987141,1489919947
237859050919629364,987141,1489919948
6494387373756495014,987141,1489920002
371988707048345324,986992,1489919953
4246309833488952274,986992,1489919970
566809746296813635,986143,1489919968
-8447246294905237735,987202,1489919949
-5039679504217908368,987202,1489920006
-7285601036018475434,987202,1489919970
1104554530892771362,986658,1489920001
-1924768042741443781,901164,1489919953
-7814529090310907017,982179,1489919998
7880235921128861635,987114,1489919981
2208518528519634392,987114,1489920001
-1422303896536372482,987114,1489919964
-437134036695862002,987114,1489919966
-5308292077223556354,987114,1489919951
5930885214714066685,984471,1489919965
-3745597237526028178,883038,1489919984
-7210440341682351112,987085,1489919965
-3146489235766492967,986298,1489919985
-1928119094802292137,986960,1489919981
-2761606781708748758,986960,1489919956
2294459145834538437,987205,1489919964
1065631734387558028,987205,1489919977
4837413860055971082,987205,1489919984
-8680755057064628595,66506,1489920003
6355067169129659738,66506,1489919983
8291357987734594647,981296,1489919980
7018459647197164210,987189,1489919974
-7191817974556092094,987189,1489919986
-6559256005830773002,987189,1489919977
-3422686996340003476,987189,1489920003
8364609777514151018,987189,1489919949
-3527921160968945575,987189,1489919992
-3955770540992331665,987189,1489919953
-6574110686464681051,987189,1489920005
3276964350713166927,987189,1489919978
8417801357419674116,987189,1489919997
654412441178998926,987189,1489919963
5380622020849377257,987189,1489919998
-169823440421252622,987189,1489919975
-4033339112094182411,987189,1489919969
-1241996719135743655,987178,1489919981
1066115363199589745,987178,1489919985
-1039609903986059643,987178,1489919987
-4202635686250566996,987178,1489919973
-6531795696235316852,987178,1489919963
-1696511262212625782,987178,1489920004
2187604438804381397,987178,1489919949
-559643472190910095,987178,1489919961
5094593124497457031,987178,1489919948
5767405089318452193,987178,1489919979
5087175072124547811,987178,1489919964
-8799123369022718806,987178,1489919956
3419816583012394097,987178,1489919954
3689471066653349915,987178,1489919971
-6490331368759103722,987178,1489919994
-542206773971874332,987178,1489919959
-2328719792201521215,987178,1489919974
-2761606781708748758,986948,1489919998
-6578599362490353782,986779,1489919987
-6335199785764975459,987089,1489920003
4425598102137731888,987089,1489920002
-5983111008872167898,987089,1489919991
-647736803875571420,987089,1489919978
-1697540350587941257,987089,1489920000
6097819071227974379,987089,1489919976
-4411206155712705641,987089,1489919965
9025360648850353006,987089,1489919985
-3474004163566901246,987089,1489919982
-4908684074762806425,987089,1489919961
2951401240223589933,987089,1489919958
5903625126678299884,987089,1489919997
47228480992381526,987089,1489919950
5587572812118000993,987089,1489919997
7426997360205957671,986155,1489919976
6872083314723852470,105760,1489919954
-3801057041142258665,986696,1489919977
-1090077072480609720,987073,1489919988
3617340783300678304,987073,1489919997
133172597797835958,987073,1489919975
-3111534268212697687,987073,1489919954
-5971305502313964788,987073,1489919964
329630430853880752,986956,1489919990
907849797549100417,986956,1489920004
-4600257705000075993,986956,1489919973
-5957132959136228235,985082,1489919962
9140413154070629941,937201,1489919952
2810328396272368405,923049,1489919961
3721777323177170267,987066,1489919974
4793834915587089843,987066,1489919970
7756380917663435608,987066,1489919979
-2798408508564677928,987066,1489920001
4489964523969048964,987066,1489919956
4035227228609902938,987066,1489919979
-3111534268212697687,987066,1489919969
5350962544398527470,986684,1489919983
833294534934739637,949362,1489919960
8403300443855799440,986246,1489919981
1953975340564606558,985439,1489919966
-3326204794163032933,987149,1489919967
5752737840419274081,987149,1489919986
-4597362998178485448,987149,1489919992
5204171243667773291,987149,1489919968
9020704755761424153,987149,1489919988
-5895073143026512646,987149,1489919986
-5971305502313964788,987078,1489919948
-7487546381397189146,12303,1489919967
-7243593736291186049,986920,1489919988
-8171281134844032170,986920,1489920004
-3820342499411008290,985024,1489919955
7827740576831025394,985423,1489920001
-5102616105247322032,965981,1489919994
7333001937174401147,986535,1489919987
69215524271864766,984950,1489919952
5686410623728280856,987006,1489920001
3531222465214564701,987086,1489919949
