-4369417774825882531,986785,1489791675
-8854958507585765897,986785,1489791720
-7506154266190203300,984916,1489791710
3600409955744176437,346781,1489791694
810337552708535434,986541,1489791714
4377023205540706742,986497,1489791719
7108860733079912106,986497,1489791681
-2643092977486610011,986497,1489791670
-3193822688103352479,986497,1489791676
-3275619678765153746,986497,1489791698
731724266361999853,985107,1489791712
-1630306957222413355,986491,1489791671
4477447334536048121,986842,1489791708
7287272264636438544,986842,1489791720
1634208533231314446,986842,1489791672
8243424368717225867,986842,1489791706
-5962552046459634589,409411,1489791710
-8377140636994616691,344375,1489791712
4618896884025960419,986518,1489791697
-7459169985866782517,986518,1489791722
6391345317554924912,986518,1489791694
8093081569234131749,981765,1489791706
9036620967085055766,986581,1489791711
127212407440663548,948685,1489791674
547042739735083610,343637,1489791677
-3326593931860635124,984057,1489791716
8670816141727584420,984049,1489791711
-6625630535612636675,986506,1489791663
7270053836243566297,971766,1489791722
-4631048128754676414,986335,1489791702
-5207861770546185958,986179,1489791664
-2492017278894271292,902834,1489791686
-6735422311910178204,986685,1489791700
3662804519881409593,986732,1489791664
-5505402171444200714,986663,1489791699
351302854179280971,986663,1489791670
-4584734670717398501,986762,1489791706
4217431003288189192,975858,1489791691
6825166547006167747,975858,1489791721
-510224399642068025,986130,1489791687
8639002918967183717,986130,1489791716
-1004645564989635057,986796,1489791690
-409173414752487132,986796,1489791666
-3583791231959976921,986796,1489791710
1258699441467718700,986796,1489791715
-6050672536804063109,986623,1489791719
6220426565489825360,986623,1489791703
-2086078693765867667,986623,1489791668
4019225400490282626,986623,1489791707
471530777944562238,986623,1489791687
7974033259829098833,986623,1489791692
-3536316950564767421,986623,1489791715
-7186061035285327062,986623,1489791699
6725430138112106940,986623,1489791700
3486677873480973865,986623,1489791685
-5432660216378650096,986183,1489791667
-2045253315849144860,984852,1489791664
4493537226410477457,986612,1489791678
-8464400812195472339,984348,1489791717
-4631048128754676414,986450,1489791677
-1976683301918716413,983238,1489791700
-5782325846979726098,897754,1489791664
6016122150640378597,986425,1489791694
-612802931003902254,986838,1489791671
-6833649439396454656,986838,1489791669
5324539120733950511,986838,1489791713
-1848782888090427109,980490,1489791679
8270416985262146439,986803,1489791667
-3584221974822269821,986803,1489791687
2427202603954240494,986803,1489791673
-1004645564989635057,986803,1489791712
-409173414752487132,986803,1489791697
-7319298092817459366,986817,1489791679
1310114765965716425,986834,1489791684
-3997507578625328597,986834,1489791703
-7256663259544683800,986241,1489791665
-5505402171444200714,986702,1489791665
4515875854246752259,986702,1489791671
-5171034085232984827,986702,1489791679
2399118568892005276,986702,1489791700
-3293041260306558382,986702,1489791700
2665736305518326259,986702,1489791720
5486195417656265499,984739,1489791706
7979542543700557978,984739,1489791703
-9105455102258582046,984739,1489791713
8957145448477118503,984739,1489791665
-3997507578625328597,984739,1489791680
4486763724298007435,984739,1489791691
-6696484628756919952,986850,1489791717
5729458244703417441,979331,1489791705
-5207861770546185958,986199,1489791664
3070515431614195477,986165,1489791698
-1545223366934291839,974441,1489791679
8245048873446122283,974441,1489791704
6494621926098268630,986225,1489791664
1699517326547164623,986225,1489791722
5782157881255179544,986225,1489791689
-6695281749357923119,986225,1489791688
-2602068135164651575,986225,1489791707
6267114862037074635,986225,1489791672
-282979968236316104,986225,1489791723
3413558044164222080,986225,1489791694
1921867350593194072,896586,1489791696
-3635826178738189810,406059,1489791708
-8464313258652659640,947185,1489791672
6964339899383858845,985873,1489791700
-7918321484333418167,982532,1489791676
7270053836243566297,971769,1489791706
8171970967535019891,986571,1489791702
-2283936535745566433,986467,1489791664
4433118496566807387,986467,1489791707
-3058558692602405456,986467,1489791719
1631225897973745943,986467,1489791683
-8516446453028866958,986467,1489791722
6752373419370541274,986467,1489791715
-1313760354975338104,986467,1489791689
7321886569197753184,986467,1489791700
8874258081963598851,986467,1489791710
3808978132142240356,985935,1489791680
-6176436088797614438,986776,1489791684
-6338158282128727096,986776,1489791679
-5382154823351202644,986776,1489791684
3872496096527343531,986730,1489791715
1377523472531087342,971111,1489791710
2095741762739140384,986500,1489791689
6044511927411254800,986438,1489791672
3021272870883554250,985000,1489791709
8231346480572711750,973211,1489791707
-4419145677587921963,884323,1489791708
4809070176953967217,984726,1489791708
-4637370557772003424,986463,1489791685
-7527443690787767896,986463,1489791713
-5432660216378650096,986177,1489791670
3454109995105277676,985962,1489791679
3251250837769685768,985990,1489791691
-2643092977486610011,986779,1489791679
5029501347034354303,410801,1489791705
4515875854246752259,976142,1489791691
6154917485222078832,986520,1489791713
2119668425249632196,986167,1489791670
-7459169985866782517,986533,1489791688
-5383348730628321790,986533,1489791714
-2101151547935680518,986003,1489791706
-7459169985866782517,986525,1489791716
6366560264467624051,986806,1489791711
7542977413970035370,986806,1489791701
222033243987084516,986806,1489791687
-7509448868499101889,986806,1489791704
-4369417774825882531,986719,1489791704
-360984015804084179,986648,1489791711
8931077384733944530,985622,1489791691
-6696484628756919952,986851,1489791723
-4635775297424536524,986851,1489791703
8639002918967183717,986231,1489791706
-3958240489585607352,986250,1489791697
-3145317391815611555,986628,1489791666
4005295368456377845,986628,1489791715
-358086725025780837,986628,1489791720
3909375076412193698,986628,1489791673
-2051135649353726606,986628,1489791689
-3261573221359926750,986628,1489791693
4539584351597433570,986628,1489791674
-8692374354482859737,986628,1489791709
-1951588049976617709,986628,1489791715
-1041669448190784541,986628,1489791714
1138269616250768218,986628,1489791701
-3834656855391530030,986628,1489791688
8926654525608908451,986628,1489791723
3572319613440517400,986628,1489791700
2862538743229851296,986807,1489791690
1258699441467718700,986807,1489791715
-8301657951393841570,986283,1489791712
-2101151547935680518,985632,1489791722
-6687222083074615042,922625,1489791683
-5505402171444200714,986715,1489791699
-5171034085232984827,986715,1489791679
2095741762739140384,986507,1489791685
9036620967085055766,986572,1489791719
5125380145736468763,986761,1489791665
-4584734670717398501,986761,1489791706
8741651749160515015,877577,1489791674
6826705034166062767,986360,1489791670
7335044337748323777,986360,1489791714
160221942352971335,986360,1489791672
7760999064438731774,344847,1489791678
841080154943312996,986799,1489791678
-1297304513756099803,986799,1489791708
-3887007780884997898,985273,1489791693
-2651228495353343792,343206,1489791677
887097051851319252,986735,1489791693
-6463647837966516774,986735,1489791695
-7459169985866782517,986528,1489791704
6828420697557070892,983605,1489791680
5780939721124680255,888591,1489791688
-8813922480842889921,985823,1489791701
5794277860128198256,192855,1489791700
-2352974525682133638,986341,1489791670
3251250837769685768,985967,1489791716
225075990822793758,986482,1489791693
-4565118347910192288,986482,1489791666
-1552587213656109753,986482,1489791721
-7459169985866782517,986550,1489791668
-2086078693765867667,986550,1489791694
-6576892581980780331,986550,1489791712
5597202102843298423,986550,1489791667
3909375076412193698,986599,1489791698
-1157696985107390489,986808,1489791688
6488186654671191512,986808,1489791700
3365403661859050310,986808,1489791715
4632976795194663786,986802,1489791714
2706360777176920295,986802,1489791669
-3785694482253160578,986802,1489791717
699087239304202296,986802,1489791718
1310114765965716425,986592,1489791676
7542977413970035370,986811,1489791713
-7509448868499101889,986811,1489791715
6366560264467624051,986811,1489791711
2442274643690763320,885098,1489791691
-4641797483948127640,986561,1489791683
-2541818150786981538,961277,1489791694
-7623173817393916645,914821,1489791694
386430898946977544,986684,1489791686
-8479710697694709825,981361,1489791694
-5198189049321684169,984074,1489791667
1369358302107579612,986734,1489791680
-4369417774825882531,986737,1489791705
-1257777357036063099,986729,1489791672
-3872365142084211250,986729,1489791692
-9147330363819856887,986729,1489791718
-6563858880994319355,901563,1489791688
5347043225368810446,986229,1489791721
-3379575988143791437,984784,1489791697
-4129091252184130816,939411,1489791712
3361031561542322174,986818,1489791719
471250682583900463,986818,1489791695
8002340918517864295,986818,1489791721
699087239304202296,986818,1489791711
-3785694482253160578,986818,1489791713
4572551522016921159,986818,1489791698
-7066899017225937838,986818,1489791711
-836973474088960492,986818,1489791716
-2134772067840752910,986818,1489791680
7528669090386489294,986818,1489791711
6330767487132706100,986818,1489791704
5125380145736468763,986742,1489791701
-3584221974822269821,986750,1489791707
8270416985262146439,986750,1489791690
3819079504693990933,986750,1489791669
-7900844454741419632,927569,1489791698
7994028035046904597,982752,1489791685
-8624959323285387603,986620,1489791709
8555866421697763697,986464,1489791686
-2243831723365497388,986464,1489791690
-8409540163802447642,895648,1489791703
2095741762739140384,986515,1489791681
-4046129143874287097,986515,1489791711
-4246055337296014065,424157,1489791705
4377023205540706742,986187,1489791721
-1930489150408952416,986752,1489791674
1872260041707005067,986752,1489791704
-8748908992491437859,986752,1489791720
2667619155215557204,986752,1489791707
1634208533231314446,986839,1489791722
6986686097318830519,986566,1489791712
5197608133024766790,986566,1489791670
6283289089479949807,986566,1489791671
1543489552857334357,985626,1489791669
-1658064986776770898,986413,1489791722
5462288428185929397,986234,1489791675
386430898946977544,986653,1489791716
1340633183719192161,343770,1489791688
6825166547006167747,986794,1489791681
-4796874927940718124,986794,1489791712
8270416985262146439,986794,1489791711
-6477296717982260877,88750,1489791663
6828420697557070892,983990,1489791711
8670816141727584420,983712,1489791712
1467989822481126924,873200,1489791666
-7673256418443954735,873200,1489791724
4408174238952549714,986276,1489791690
-1202701336288195122,986276,1489791672
2065691274924481595,986276,1489791708
-5758624673898181673,901380,1489791705
-4955895626226057835,903538,1489791714
-3848415866352143925,986767,1489791691
8270416985262146439,986767,1489791706
-3584221974822269821,986767,1489791707
1543489552857334357,985619,1489791698
-3664931330662510653,968598,1489791669
-506621958159199275,986588,1489791724
-1903424290565006235,986588,1489791704
5545241117856470825,986172,1489791676
-7599423161019908266,986172,1489791699
1478389849246965435,984800,1489791717
-4246055337296014065,423185,1489791713
3048618072581991643,423185,1489791719
-4166388147627777001,986745,1489791674
3872496096527343531,986745,1489791710
-612802931003902254,986835,1489791725
-5801131312532988322,986835,1489791668
-6833649439396454656,986835,1489791676
7563450386783464265,985782,1489791715
699087239304202296,986820,1489791718
7730987765751162739,986820,1489791685
-3785694482253160578,986820,1489791717
471250682583900463,986820,1489791695
8002340918517864295,986820,1489791721
3361031561542322174,986820,1489791719
-867333702186733473,986330,1489791712
4107146021388028545,986573,1489791723
-5502679285127259075,986573,1489791709
-8464400812195472339,984754,1489791717
-281035257220846648,986256,1489791682
-7459169985866782517,986535,1489791691
-3958240489585607352,986255,1489791697
4648348069265197897,981741,1489791670
7270053836243566297,971771,1489791711
-6463647837966516774,986668,1489791702
1130409146602811460,986668,1489791685
-22954876327718436,986668,1489791718
-1543573056982743150,986668,1489791669
-729787235987349749,892812,1489791710
9036620967085055766,986516,1489791719
386430898946977544,986666,1489791716
2221593600111059753,980870,1489791664
-4390349859284246137,986300,1489791677
-7157735001882953172,986795,1489791718
1258699441467718700,986795,1489791690
5300843669917323174,986795,1489791688
3600209158198103553,986211,1489791670
-2230017078237198936,986211,1489791696
6876066651230299050,986379,1489791675
-2692681978647823838,986369,1489791694
-867333702186733473,986369,1489791712
3062871156088524780,986693,1489791701
1885679105139678826,986693,1489791713
4510996186766327258,985857,1489791717
477821710115220492,986466,1489791696
1699517326547164623,986510,1489791722
5782157881255179544,986510,1489791689
5520615589266878994,986456,1489791703
8774920401627117583,986046,1489791696
999714417409891599,985080,1489791692
5782081465209692775,985080,1489791704
-7459169985866782517,986505,1489791702
5687547481607287699,985944,1489791682
-5645998667573680266,985944,1489791690
463644755716250715,985944,1489791709
5054134159125757070,985944,1489791698
-688219185957819661,985944,1489791677
297921110072674786,985944,1489791679
-8624959323285387603,986632,1489791709
4493537226410477457,986632,1489791678
2095741762739140384,986509,1489791683
5692443548587317645,986509,1489791704
-8479710697694709825,980757,1489791694
1321345925273264877,986716,1489791722
-7507018918225180687,986716,1489791722
-6606962000019563755,986812,1489791708
-9163833146976847698,986812,1489791668
7066703644381462331,986812,1489791702
884201309520687801,986812,1489791676
-3027878277206050860,986812,1489791711
8118853476636495517,986812,1489791675
-7509448868499101889,986812,1489791715
7542977413970035370,986812,1489791713
8881275443279404904,986812,1489791718
1310114765965716425,986812,1489791711
7270053836243566297,971767,1489791715
8531232410321817043,984572,1489791704
-2584622415696678147,986868,1489791709
1443416612490359294,986868,1489791710
-4668821477160620368,986867,1489791719
-8195650477175205098,986867,1489791675
2954908267433955010,986867,1489791711
490606906899616519,983654,1489791713
4493996816036558541,985711,1489791679
-3275619678765153746,986498,1489791674
-2652639676652233691,986508,1489791682
-5537061199144062657,986596,1489791673
3264133158778272799,985656,1489791689
-2643092977486610011,986740,1489791706
5045620985442450874,986740,1489791700
-7887644081741104649,986736,1489791720
8270416985262146439,986736,1489791711
8198030501755313887,986758,1489791693
-2643092977486610011,986758,1489791685
-3997507578625328597,986758,1489791712
-2907789238517960157,986511,1489791702
4493537226410477457,986511,1489791667
-2086078693765867667,986511,1489791675
-506621958159199275,986609,1489791688
-7459169985866782517,986531,1489791700
1940541304447775732,986531,1489791677
-1257777357036063099,986733,1489791672
1138269616250768218,986733,1489791699
884201309520687801,986733,1489791717
-3695651915257785176,986823,1489791723
4572551522016921159,986823,1489791672
699087239304202296,986823,1489791678
-1029165852387029942,986823,1489791707
-7459169985866782517,986523,1489791720
-6463647837966516774,986514,1489791672
6291738893579614988,986669,1489791702
8049023726737723753,985065,1489791683
-2065839757598882953,984450,1489791693
5520615589266878994,986465,1489791703
-2086078693765867667,986543,1489791710
-7459169985866782517,986543,1489791675
5597202102843298423,986543,1489791725
-6576892581980780331,986543,1489791712
-6745915314718293784,981658,1489791682
-8377140636994616691,344374,1489791716
8336645506784664658,985874,1489791721
-6310985041622992187,986841,1489791686
108781829140810513,986841,1489791724
-2990207887117741707,986841,1489791680
5810793265760409635,986841,1489791711
-2178061583041353173,986841,1489791713
-4736107123966207681,986841,1489791712
6125815071056540155,986841,1489791686
1634208533231314446,986841,1489791722
3511832721116586013,986841,1489791691
-942750461021566731,986841,1489791671
-4287161074099036435,986841,1489791692
1989899047566784731,986841,1489791668
8089778672064377671,986841,1489791686
5641739785271857683,986841,1489791725
4477447334536048121,986841,1489791708
5827112903070577007,986841,1489791724
7287272264636438544,986841,1489791720
-8293776497000662982,986841,1489791714
-592369354651542513,986841,1489791684
1675458555629195076,986841,1489791702
-2682118353828787436,986841,1489791673
2835431557525491983,986841,1489791683
-8810693439991052109,986841,1489791716
-5432660216378650096,986147,1489791674
-8095053808546197806,404241,1489791706
3062871156088524780,986706,1489791701
1885679105139678826,986706,1489791713
-4246055337296014065,423013,1489791718
-2541818150786981538,962354,1489791694
7990196650122167005,417754,1489791709
-2783611027093279004,985169,1489791709
2221593600111059753,979708,1489791666
-4751375545931730452,986429,1489791693
-6735422311910178204,986697,1489791700
8883573256742047152,986697,1489791699
-1722389552570843773,986697,1489791693
-2168477993665518880,914099,1489791708
-6112626126532128628,908190,1489791695
-409173414752487132,986801,1489791697
-1004645564989635057,986801,1489791712
-6480527659144796979,986667,1489791670
-6696484628756919952,986861,1489791667
-5881763940959241361,986861,1489791717
-4539740096459224337,986861,1489791724
-2584622415696678147,986874,1489791688
2845376802066404935,986874,1489791695
6923229434665263648,881679,1489791680
-6833649439396454656,986833,1489791722
-8681504656873884126,986833,1489791688
112381870724455119,986833,1489791704
5125380145736468763,986755,1489791701
3847718797841887027,893464,1489791701
6876066651230299050,986377,1489791678
-3912479040627440779,986683,1489791723
4725249156289998451,986683,1489791725
-5397657139306277178,986683,1489791721
8451325784411761176,986683,1489791699
240697628484293828,982990,1489791708
6603549397862721670,986873,1489791679
-4916823797863000555,986873,1489791689
-3707197170202789972,986873,1489791669
-8800943278555828701,986873,1489791676
-1189161352808175967,986873,1489791713
-5106532770916601199,986873,1489791717
1760531679158324149,986873,1489791719
-6956740722581140596,986873,1489791716
1727558375554071888,986646,1489791670
-2651228495353343792,343238,1489791677
-8452846081273460633,417914,1489791676
-7623173817393916645,916019,1489791681
3365403661859050310,986814,1489791715
1253159520339409298,986814,1489791712
-7509448868499101889,986814,1489791669
-1297304513756099803,986814,1489791716
3808978132142240356,985937,1489791680
1377523472531087342,986053,1489791710
-3895022851480776100,986053,1489791725
7979542543700557978,986053,1489791705
2954908267433955010,986053,1489791691
7108860733079912106,986053,1489791687
-3361573320005488175,986053,1489791671
6619630141116918244,986768,1489791685
8270416985262146439,986768,1489791682
-3584221974822269821,986768,1489791700
4261568206160076468,986768,1489791703
3308270122748095343,986768,1489791721
8616421460875684823,986635,1489791665
4188284696509654024,985081,1489791679
-2643092977486610011,986701,1489791715
-4599490590589089287,986049,1489791695
4813271535943331607,986049,1489791670
5794277860128198256,192858,1489791667
6825166547006167747,986793,1489791700
-4796874927940718124,986793,1489791712
4534675138332772388,986872,1489791684
1443416612490359294,986872,1489791706
6737000021412480068,986872,1489791724
1138269616250768218,986872,1489791668
-4824758870447346896,986872,1489791686
-3879851750997600013,986872,1489791682
3518791583896481604,986872,1489791701
6272780235995647310,986854,1489791693
-6696484628756919952,986854,1489791704
-784544621499214827,986652,1489791715
7078268953873208995,986652,1489791717
1490452318730532916,986625,1489791692
2095741762739140384,986495,1489791686
4493996816036558541,986460,1489791679
1551851885689941338,986664,1489791697
4351660221875362319,981447,1489791685
-5881763940959241361,986865,1489791711
-4539740096459224337,986865,1489791724
6825166547006167747,986780,1489791721
-3997507578625328597,986780,1489791665
4217431003288189192,986780,1489791691
5554571422241859220,986847,1489791718
-6696484628756919952,986847,1489791723
3909375076412193698,986638,1489791698
-2051135649353726606,986638,1489791689
4433118496566807387,986468,1489791707
-867333702186733473,986394,1489791693
6619630141116918244,986786,1489791672
8270416985262146439,986786,1489791677
-3584221974822269821,986786,1489791696
2427202603954240494,986786,1489791675
-6696484628756919952,986858,1489791686
5005768725382575087,986858,1489791687
4510996186766327258,985440,1489791722
-6833649439396454656,986828,1489791722
-7459169985866782517,986522,1489791722
5692443548587317645,986522,1489791702
-6696484628756919952,986852,1489791708
6272780235995647310,986852,1489791693
2721511089597793337,974651,1489791714
-2652639676652233691,984594,1489791694
6129948889106680328,986567,1489791688
-4345486370427553375,971359,1489791693
-2352974525682133638,986344,1489791673
-5881763940959241361,986863,1489791705
-4539740096459224337,986863,1489791719
-8385331977123866125,986863,1489791680
-8464400812195472339,984724,1489791711
3216338885540636487,986336,1489791713
-5307210499120078421,986336,1489791694
-8530953827159914256,986336,1489791715
-8999128366768468905,986336,1489791687
1923782949208882665,986336,1489791720
-1658064986776770898,986407,1489791722
5462288428185929397,986221,1489791675
-6606962000019563755,985507,1489791681
-2352974525682133638,986570,1489791709
-4599490590589089287,986537,1489791695
2781086697758744345,986418,1489791719
-3427556361748632410,986418,1489791719
-1637148354038877069,972937,1489791709
7254672457027399308,972937,1489791685
6702554133118837222,986875,1489791701
-3885296773617320042,986875,1489791713
-9212160829663558779,986875,1489791711
-5703262097100995255,986875,1489791679
-8416452101199993215,986875,1489791687
4891507553161313285,986875,1489791679
-2086078693765867667,986875,1489791726
-5553568898002467140,985019,1489791715
-4539740096459224337,986866,1489791714
-2230017078237198936,986866,1489791668
3953083559715934983,986866,1489791668
2756999944078595894,986866,1489791698
-8385331977123866125,986866,1489791680
6537004905533000276,986866,1489791717
-2264386042602759170,986866,1489791700
-5043842717946278688,986866,1489791724
2990239533707756538,972031,1489791725
-2523867605641157384,972031,1489791697
-784544621499214827,986633,1489791693
386430898946977544,986633,1489791708
2706360777176920295,986633,1489791672
-4631048128754676414,986448,1489791702
2647367001159234773,425339,1489791692
3654491994139241672,948969,1489791682
-8479710697694709825,981500,1489791679
-402201262513053823,413307,1489791675
-8006738648872566203,986437,1489791679
6523758331971609159,986437,1489791726
386430898946977544,986670,1489791693
4674301010215273319,924667,1489791668
-2101151547935680518,985783,1489791721
-4539740096459224337,986871,1489791674
-8385331977123866125,986871,1489791673
-5703262097100995255,986871,1489791719
-3997507578625328597,986871,1489791688
4253860530246143429,986853,1489791682
-5978573997834965665,986853,1489791686
4533358453370977528,986787,1489791709
-3695651915257785176,986787,1489791667
-2951897921377148767,986787,1489791709
7648449515417970453,986787,1489791706
-1297304513756099803,986787,1489791677
-997622149859243186,983592,1489791694
-68165803688708041,984402,1489791712
-5978573997834965665,986831,1489791688
-2695556795232188482,986521,1489791674
5545241117856470825,986054,1489791676
1340633183719192161,343772,1489791688
-2134772067840752910,986824,1489791680
7528669090386489294,986824,1489791710
-3785694482253160578,986824,1489791712
-836973474088960492,986824,1489791716
4572551522016921159,986824,1489791681
-7066899017225937838,986824,1489791701
6330767487132706100,986824,1489791703
699087239304202296,986824,1489791679
6400132114033138347,986824,1489791704
-2716509691481285781,986824,1489791702
-3695651915257785176,986824,1489791724
2261744015863277831,986824,1489791698
-9138725151123046169,986824,1489791701
998774150181665792,986824,1489791682
5071740884266720250,975555,1489791668
112381870724455119,986826,1489791714
-6833649439396454656,986826,1489791686
-5801131312532988322,986826,1489791668
-612802931003902254,986826,1489791726
-3959065746126673051,986860,1489791705
-4204554128790898038,986860,1489791690
5005768725382575087,986860,1489791674
-6696484628756919952,986860,1489791669
8541071067043543831,986860,1489791715
-2892556743669864701,986860,1489791676
-5881763940959241361,986860,1489791717
-4599490590589089287,986584,1489791695
5554571422241859220,986845,1489791718
4606918736846068968,983233,1489791698
-2643092977486610011,986700,1489791715
-8479710697694709825,981406,1489791692
6867342029310211201,885925,1489791698
3251250837769685768,985712,1489791702
-1976683301918716413,984909,1489791700
7016528307797663752,984909,1489791680
-2204639790529209337,984909,1489791726
-7168877049011466764,980210,1489791714
-6548353655038994286,931262,1489791664
-6696484628756919952,986856,1489791678
6124002029077563586,986856,1489791709
-3817310653251985228,986856,1489791712
-3959065746126673051,986856,1489791705
1701559124588368691,986856,1489791719
1727558375554071888,986634,1489791670
-409173414752487132,986766,1489791683
-1004645564989635057,986766,1489791698
-360984015804084179,986552,1489791714
4510996186766327258,985024,1489791722
3686865920988773197,986696,1489791685
923485262231491279,986696,1489791715
1137363759876304074,986696,1489791700
8336645506784664658,985871,1489791721
-1632057180013303253,986618,1489791710
6986686097318830519,986722,1489791675
-4508279068444508716,986722,1489791716
-4772849248019000288,986722,1489791723
