4531801108741540990,987081,1489889735
-5292755787887736486,987081,1489889741
791435194607202343,987081,1489889710
5918033509833149206,987081,1489889740
-2336943929678942174,986831,1489889743
4279433592130056465,986831,1489889722
-4431757280950080895,986674,1489889718
-5892516995693112781,986498,1489889713
-3421811175521371879,987036,1489889732
89319842262494178,987036,1489889756
4644501211840300445,987036,1489889712
1012130434364116550,986976,1489889727
1740647230007532620,986976,1489889758
8126346740921907254,986976,1489889731
85973173498768665,986976,1489889706
5312975745453358381,986976,1489889744
8409165823887947635,987103,1489889725
7133180559779583273,987103,1489889738
1634208533231314446,987103,1489889709
3346637725283650565,987103,1489889756
4777477504333271267,987103,1489889745
915111211013018246,986555,1489889717
8348506124778161077,987031,1489889719
-2665830969691707736,987031,1489889736
3419135587464020440,987031,1489889727
-6891770514595521610,987031,1489889745
-2778619891252005953,987031,1489889754
7399627776582392365,986921,1489889727
7061212917529171164,986921,1489889736
9211394746241008593,987112,1489889725
-7009851812012678973,987112,1489889749
85973173498768665,987112,1489889710
7779933352419141921,987033,1489889744
4865258712617175071,987033,1489889740
-1461844448309520623,987033,1489889762
-3523642270864764581,986808,1489889753
-1344798604040860672,986808,1489889731
-2402790484032621822,983962,1489889717
-1931298271724243242,986901,1489889746
-6734258484330633185,972937,1489889728
8954578100011976314,972937,1489889747
-4431757280950080895,986805,1489889726
-165302845937158360,986805,1489889735
-647645516826181897,986805,1489889755
9136009014738867696,986805,1489889722
-5315079564556179861,986805,1489889744
2705921527060123403,986805,1489889705
8798354623891582886,986911,1489889754
-1872879512865083009,986789,1489889708
8912856494079109989,986789,1489889734
-525495489954356231,986789,1489889712
829818310088193743,986789,1489889731
6581186543607434752,986789,1489889706
-3558969517960028371,986789,1489889721
-2197409834082132302,986789,1489889763
805299139133049529,986789,1489889733
6719245897636554259,987088,1489889738
5918033509833149206,987088,1489889723
-5292755787887736486,987088,1489889723
5292725292796839283,987000,1489889750
-2945863325313634928,985109,1489889706
-3446854056037992612,980833,1489889721
-2325377489789096971,986795,1489889740
-8799295937146232486,984211,1489889737
3315325800344901648,984211,1489889733
7255268049922254656,987005,1489889711
-5872707510383117448,987122,1489889734
-2693702203997981331,987122,1489889756
9144857562839599236,987029,1489889712
1309027489665414102,987029,1489889704
8348506124778161077,987029,1489889746
7801494425963745000,986857,1489889744
7916956589382999175,986857,1489889761
-8145636143874690969,986857,1489889738
-443145985793416340,987119,1489889718
9075234564671477796,987119,1489889730
-971835258088749390,987119,1489889750
1982176707336140375,987119,1489889728
-5768848202803454708,987119,1489889711
6589780076692828101,987119,1489889756
-4784587647497177422,987119,1489889728
-763678163292868341,987119,1489889736
4757297538338515415,987119,1489889755
3990839830040428473,987119,1489889754
4824979237226525997,987119,1489889761
7544926577500031993,987119,1489889760
-6824985305582212113,987119,1489889744
6696133146206709732,987119,1489889730
8098363902021683854,987119,1489889711
-9162994435065147819,987119,1489889712
9038069016671946607,987119,1489889715
2101829312464204605,987119,1489889726
6479292793491138894,987119,1489889719
3580649313988679746,987119,1489889745
-2876359961719098343,987119,1489889710
1129119484750977768,987119,1489889737
-5719530617974379869,987119,1489889750
2414359701182095155,987119,1489889757
-7381191649823045054,987119,1489889733
2110430898763570178,987119,1489889763
-2708210413079786217,987119,1489889716
4462115423540543521,987119,1489889717
9161028711658016312,987119,1489889705
-5335483171598700175,987119,1489889748
-6128652587280360704,987119,1489889729
7049579017503091004,987119,1489889739
-6777276067219806848,987119,1489889740
7709230852027652536,915338,1489889739
-2969021204740347953,986225,1489889759
-6526089977951975598,986304,1489889741
1671103372387227190,986304,1489889729
8798354623891582886,986914,1489889748
4394552222584348691,986914,1489889761
8909253922955809943,986914,1489889752
3014523655367937103,968598,1489889755
6463948506774557181,400992,1489889742
-1745539665735221041,986434,1489889717
8348506124778161077,987028,1489889746
9144857562839599236,987028,1489889711
1309027489665414102,987028,1489889704
-8882979835359437184,987001,1489889740
-6747560090959963628,987065,1489889717
28977789098064425,987065,1489889708
3746589269361269288,987077,1489889737
-4775229616554007362,987054,1489889728
-6119782640010414572,987054,1489889752
-67608792427629291,987045,1489889729
898416864059092241,975858,1489889718
595574204935732225,975858,1489889755
-8550752906145637493,983613,1489889706
-5292755787887736486,987080,1489889746
4531801108741540990,987080,1489889735
-9022551609772254331,983500,1489889718
-4273322861438550362,986628,1489889709
-3560805669286545541,983929,1489889729
-8468745200935893701,983929,1489889749
-165302845937158360,982240,1489889751
-4775229616554007362,987040,1489889719
-8056966595851713040,987040,1489889733
-6119782640010414572,987040,1489889745
7534689761953782236,987040,1489889731
2096929811966768916,987040,1489889704
-1345854942830590332,987040,1489889744
7024069689083436103,987040,1489889724
-5315079564556179861,987040,1489889724
4771680153529416589,986664,1489889748
935459922244395634,931526,1489889742
898416864059092241,987072,1489889705
-7485824031760249869,987072,1489889742
595574204935732225,987072,1489889755
-2606724127263972654,987072,1489889753
-875542227018076223,987072,1489889720
-3762098694752732077,987072,1489889730
4194687396011269380,987072,1489889752
-6119782640010414572,987055,1489889731
-4224863460855153279,986556,1489889709
-5059673186792425574,986648,1489889730
-3409223321305595779,986648,1489889704
-5288679899882935340,986695,1489889734
-4305403032138087080,911272,1489889718
-4555062417690073048,986229,1489889762
-4227061555997929444,986229,1489889730
-1931298271724243242,986902,1489889738
915111211013018246,986558,1489889723
6683609711083498029,987021,1489889739
7534689761953782236,987021,1489889742
-8056966595851713040,987021,1489889733
-94180671560406935,987013,1489889738
-5392397468766868031,986955,1489889704
2279473792557093755,986955,1489889735
3474446926501586997,986955,1489889739
-7246784884251572188,986955,1489889749
-7604741426149074593,986955,1489889758
7534689761953782236,986955,1489889750
-5826842384022521544,986003,1489889710
5681083416318327246,987070,1489889724
-7717194285182695434,987070,1489889764
-3129148563766841459,987070,1489889760
-6119782640010414572,987056,1489889729
8370645952675434381,986848,1489889764
-8112316706986105911,987123,1489889742
-5872707510383117448,987123,1489889704
-2693702203997981331,987123,1489889756
6397659983916087297,987123,1489889756
-5229258801797091150,987123,1489889730
4066297633659526165,987123,1489889744
-9022990434598796409,987123,1489889750
8370663795545125671,987123,1489889744
7337978337082192295,986897,1489889730
8751981523672323120,986926,1489889725
2970586777432000631,987094,1489889744
1634208533231314446,987094,1489889759
-8518335694439314319,987094,1489889712
4119079720475572169,987053,1489889711
-4775229616554007362,987053,1489889733
-6119782640010414572,987053,1489889752
-3129148563766841459,987071,1489889760
-1957924352205858999,987071,1489889759
-7717194285182695434,987071,1489889764
5681083416318327246,987071,1489889724
-8134140549126917457,987071,1489889713
-6481935098180554873,986988,1489889746
6652286853374340298,985935,1489889719
-5872707510383117448,987121,1489889734
-9074992644990154890,987121,1489889752
5435301676523280786,987121,1489889708
-8550752906145637493,983187,1489889716
-416432130171118458,987108,1489889711
662920834206306965,987108,1489889740
-5950496399787195903,987108,1489889717
7657079175917307253,987108,1489889712
1889632548548279381,987108,1489889706
85973173498768665,987108,1489889725
-1931298271724243242,987108,1489889721
-6515972152583138114,987108,1489889762
-7528970434610669950,987108,1489889735
8798949132743206917,987108,1489889720
-7009851812012678973,987108,1489889750
5040969441458807469,987108,1489889754
6832574239686411613,987108,1489889722
5629747969004237942,987108,1489889724
9211394746241008593,987108,1489889725
-2221307509483435061,986741,1489889741
7166060552226062088,987106,1489889730
-6889900465592107393,974441,1489889728
-4903596764519996505,974441,1489889747
8985200207718687657,974441,1489889705
8524299996761083589,987076,1489889741
6607472840924950981,987076,1489889733
8862860538402418623,986981,1489889721
-6795799555489405789,986978,1489889714
-2582547591750732948,986978,1489889749
-1620041459322818106,986978,1489889763
-7026031157262247470,986978,1489889717
-8359981292605180789,986978,1489889738
-802280307089671396,986978,1489889751
-6777276067219806848,986978,1489889719
-5892516995693112781,986978,1489889706
-5455934389848515682,986978,1489889707
5184044093739518920,986978,1489889708
-1788806576616417745,986978,1489889757
-8890095482759779858,986978,1489889740
3774509241721270387,986978,1489889722
-25945191620781072,986978,1489889745
-6204283299272970931,986978,1489889763
8175356458360462474,986978,1489889724
2741672753054213614,986978,1489889725
5001711080220543445,986978,1489889756
6479134707707567633,986978,1489889764
-6328758742848939093,986978,1489889706
3236284903568638914,339660,1489889727
2970586777432000631,987091,1489889754
1634208533231314446,987091,1489889759
-2325377489789096971,986812,1489889725
-7365378420838155227,986891,1489889754
-6801265140933619856,986968,1489889744
1012130434364116550,986968,1489889757
-2542929751160658732,971703,1489889751
-1345854942830590332,987057,1489889744
-3004209403713163612,987057,1489889726
3200121608775125226,985356,1489889709
8751981523672323120,986915,1489889751
8798354623891582886,986915,1489889730
1354089561922040447,987118,1489889758
-8132795406729404807,987118,1489889755
-6665165677593679186,987118,1489889704
-4222468473323886645,340129,1489889717
-8596062754328342086,985944,1489889719
-4227061555997929444,985944,1489889719
-6727797797927057761,986270,1489889730
3602924995046030727,986270,1489889748
7343790537510025669,986270,1489889704
-9102086832784166233,986570,1489889711
-8637666082634682755,986932,1489889746
4358891387612831440,986682,1489889715
7534689761953782236,986682,1489889721
6540809652580598045,986682,1489889760
3534364332943431386,986682,1489889748
-7182337412685611064,986682,1489889733
3474690079288840965,986682,1489889740
-2942133058784028806,986682,1489889763
2042088676708809089,986682,1489889707
3340648153525779407,986682,1489889730
-3040167644000648383,986682,1489889744
-2957591844093689542,986682,1489889708
7396157794526324266,986682,1489889721
8466491589588234877,986682,1489889742
-4702370594401823473,986682,1489889723
-1431476029728169446,986682,1489889720
2336686038405251773,986682,1489889708
6846895398485059377,986682,1489889729
5185050198023344248,986682,1489889746
3987568473985717047,986682,1489889734
7695552111615930536,986682,1489889760
2450755536158614849,986682,1489889743
3058129869031644987,986682,1489889740
4646645406499571194,986682,1489889733
2465789438495122151,986682,1489889714
2573395160003116055,986682,1489889724
-977877986342904932,986682,1489889735
2946444853135541884,986682,1489889718
-5758694638245292719,986682,1489889708
-226409272741954867,986420,1489889743
-1393208551319700553,987132,1489889755
-3184335547784199541,830964,1489889722
-9022990434598796409,987124,1489889750
-2693702203997981331,987124,1489889731
-5229258801797091150,987124,1489889730
7508487255492534783,987124,1489889738
3355912017783702907,884006,1489889735
-8469641030605023028,884006,1489889719
-6484002795775830090,986946,1489889751
2038066919900741982,923940,1489889738
915111211013018246,986536,1489889710
-1431476029728169446,987111,1489889720
-2957591844093689542,987111,1489889708
-2569438592858961860,987111,1489889722
-977877986342904932,987111,1489889713
3340648153525779407,987111,1489889729
7396157794526324266,987111,1489889721
2946444853135541884,987111,1489889718
18070927857851520,987111,1489889723
-4423802410496705342,987111,1489889728
4646645406499571194,987111,1489889733
9038069016671946607,987111,1489889710
-4784587647497177422,987111,1489889758
-5768848202803454708,987111,1489889734
1227101874682881835,987111,1489889751
-6291857056374443195,987111,1489889715
8268834346899878702,987111,1489889733
-7908787976855481447,987111,1489889764
7544926577500031993,987111,1489889760
8892731862065908045,987111,1489889759
9075234564671477796,987111,1489889730
4757297538338515415,987111,1489889755
-2777154586064604017,987111,1489889745
-6700681069919793184,987111,1489889728
-8378992834345630114,987111,1489889737
-298861935254449588,987111,1489889735
6589780076692828101,987111,1489889756
4824979237226525997,987111,1489889761
7174611546967926149,987111,1489889750
5901671977528972443,987111,1489889722
-7080885705828500697,987111,1489889763
-971835258088749390,987111,1489889750
-8468745200935893701,986249,1489889749
-6852658523909247221,987129,1489889763
3546409720794221168,987129,1489889762
8715483479742232269,903803,1489889733
7701887507518786196,986941,1489889760
3813739710933218968,987083,1489889725
-4723951395678366005,987083,1489889714
5918033509833149206,987083,1489889740
-5292755787887736486,987083,1489889734
-6632690835168592547,987083,1489889724
-5577193184583043670,980003,1489889731
7701887507518786196,986942,1489889721
-2092580522703786774,987082,1489889757
3504479447629296228,987082,1489889759
-5032906067296739274,987082,1489889720
-4343478665179381286,987082,1489889761
-4976085633279683262,987082,1489889705
3602924995046030727,987082,1489889738
4119079720475572169,987044,1489889711
-4775229616554007362,987044,1489889733
8524299996761083589,987074,1489889741
4540470256379431039,986788,1489889731
-6484002795775830090,986751,1489889729
-5577193184583043670,980740,1489889731
-6481935098180554873,986993,1489889733
89319842262494178,987037,1489889729
2187507353810556064,987037,1489889752
1017278230848368609,987037,1489889711
3127655071868941843,982293,1489889722
-2021101209884482682,986966,1489889723
-1451915841385031895,986053,1489889706
5184044093739518920,986053,1489889713
382062985209604802,986747,1489889704
7304129171282540024,987079,1489889742
5314288382105794298,987079,1489889735
-7485824031760249869,987062,1489889763
-1015224033977166477,987062,1489889714
998441539455323851,987062,1489889725
2538812820294627159,987062,1489889743
-5315079564556179861,987062,1489889714
7337978337082192295,986895,1489889732
915111211013018246,986544,1489889731
998441539455323851,987067,1489889718
-6747560090959963628,987067,1489889730
-2777154586064604017,984322,1489889717
1012130434364116550,986971,1489889757
7985506727162308261,986971,1489889741
-7814719209693802087,986971,1489889761
1740647230007532620,986971,1489889758
-4042271661428097917,986971,1489889707
-6298664289436209619,342460,1489889763
2187507353810556064,987038,1489889725
-2542929751160658732,982983,1489889726
-2606724127263972654,985087,1489889706
-155327275405675719,986875,1489889718
4407020667292042657,986890,1489889737
-2336943929678942174,986869,1489889743
7508487255492534783,987126,1489889738
-2693702203997981331,987126,1489889717
-3863253584724976958,987126,1489889708
-5229258801797091150,987126,1489889725
-5328604637682737790,987126,1489889747
1357781625135696414,987126,1489889742
4777477504333271267,987102,1489889723
7876434294530193503,987102,1489889753
7133180559779583273,987102,1489889711
-416432130171118458,987102,1489889723
822826054728176612,987102,1489889706
1889632548548279381,987102,1489889738
5275350242362831299,987102,1489889741
-518110683948193424,987068,1489889746
8574546922453952743,985072,1489889760
-1348144443429706540,985025,1489889743
-2367280826844602267,985025,1489889729
-7031097252472433483,985025,1489889709
2775585849275469765,985025,1489889764
-2620231017621771079,985025,1489889736
-8550752906145637493,979541,1489889735
6265226715211389331,985107,1489889724
-6795799555489405789,985107,1489889734
-1319879389086959625,985107,1489889724
-2665830969691707736,987034,1489889713
3419135587464020440,987034,1489889709
-2778619891252005953,987034,1489889754
-6891770514595521610,987034,1489889739
-510854717252001426,987034,1489889758
-5057819461616040635,987034,1489889721
3797153598883324429,987034,1489889762
6067251230352982619,987034,1489889718
4015036488484320907,987034,1489889743
6457665595856894734,987025,1489889734
8893475618661076652,987025,1489889709
-5371323597340661503,968689,1489889747
-7818865169403992208,987127,1489889743
2649883706249311175,987127,1489889738
7508487255492534783,987127,1489889708
4722966365482623320,987127,1489889741
-5229258801797091150,987127,1489889714
-7667904567105720540,987127,1489889737
-4173921225451253848,987127,1489889716
-551910347705551128,987128,1489889749
-4173921225451253848,987128,1489889716
-1632997339867152370,987128,1489889738
4722966365482623320,987128,1489889733
18738065931679779,987128,1489889714
895880335808474846,987128,1489889715
8835821198262175210,987128,1489889743
-1278100202668500840,987128,1489889754
3058332959200560033,987128,1489889705
5233573625918857966,987128,1489889734
4521441951774781087,987128,1489889709
-3101094079250708236,987128,1489889745
697879873195492775,987128,1489889738
-3738217251481328571,987128,1489889755
3876789517677631367,987128,1489889741
1381232887672488952,987128,1489889753
6331384093419034999,987128,1489889747
8374532363347081835,987128,1489889761
-6526089977951975598,987128,1489889747
7885349062572709459,987128,1489889740
-8089007590604025349,987128,1489889749
-3191230294150291562,987128,1489889730
6550774270879733458,987128,1489889755
-6455222471202123716,983592,1489889756
8729861010835249021,986999,1489889762
7337978337082192295,986898,1489889721
6380438155489637586,985733,1489889756
-5719530617974379869,985733,1489889743
-8550752906145637493,979651,1489889726
7534689761953782236,987011,1489889750
6683609711083498029,987011,1489889739
6463948506774557181,400999,1489889742
-6481935098180554873,986992,1489889746
-4137434084761327964,987100,1489889704
1634208533231314446,987100,1489889715
8409165823887947635,987100,1489889725
-8518335694439314319,987097,1489889712
1634208533231314446,987097,1489889721
-1931298271724243242,986900,1489889757
2417764341551828414,987003,1489889714
3551064758316281552,987125,1489889737
-3404257684847538297,987125,1489889760
-6360012875207201728,987125,1489889744
1357781625135696414,987125,1489889742
4722966365482623320,987125,1489889757
7508487255492534783,987125,1489889723
-2693702203997981331,987125,1489889709
-5229258801797091150,987125,1489889718
2649883706249311175,987125,1489889738
-2325377489789096971,986796,1489889759
6265226715211389331,972878,1489889742
-5577193184583043670,981323,1489889712
4627207469083439376,981323,1489889706
3797153598883324429,987032,1489889762
-2778619891252005953,987032,1489889725
6067251230352982619,987032,1489889718
-5057819461616040635,987032,1489889721
-6891770514595521610,987032,1489889732
4015036488484320907,987032,1489889743
6753200138474670379,987032,1489889740
7834978791774946991,888330,1489889718
263367580699460936,981202,1489889734
-6632690835168592547,987085,1489889724
5918033509833149206,987085,1489889731
-5292755787887736486,987085,1489889730
-4041847333579385942,981770,1489889744
2417764341551828414,987002,1489889714
685497118775774727,987002,1489889711
6271413222193042914,978633,1489889724
6719245897636554259,987089,1489889725
5312975745453358381,987089,1489889740
-5514202255102338968,987089,1489889728
154595616810909332,987089,1489889727
-5292755787887736486,987089,1489889720
8273091549407493420,987089,1489889730
5918033509833149206,987089,1489889719
3787282710196533049,987089,1489889741
3504479447629296228,987089,1489889760
2192411092940182235,987089,1489889711
1486755774968235426,987089,1489889715
-5724811577313972929,987089,1489889715
-2092580522703786774,987089,1489889757
6457665595856894734,987026,1489889734
8893475618661076652,987026,1489889709
-4785418197639411218,987026,1489889722
2944993310479215281,987026,1489889704
-3961996460861613235,987026,1489889752
7940304845271174403,987026,1489889715
8199412823574437136,987026,1489889713
5318726211443990201,987026,1489889743
-6244474486635695203,987026,1489889719
-6708125136611361099,987026,1489889758
-3208517815676567051,986560,1489889712
-4691267622857952391,986702,1489889732
-7147428052926292861,986702,1489889743
-1880846007091979313,986276,1489889722
-7009851812012678973,987114,1489889730
85973173498768665,987114,1489889709
8751981523672323120,986781,1489889751
9102605073249878599,931557,1489889743
8798354623891582886,986918,1489889720
-2930793247237954571,986081,1489889749
-599924927771635247,987084,1489889751
2970586777432000631,987084,1489889754
-5577193184583043670,982184,1489889708
-1931298271724243242,986903,1489889727
-3523642270864764581,986814,1489889753
-4940444667805129704,987101,1489889722
9127643810164569095,987101,1489889743
3346637725283650565,987101,1489889756
7133180559779583273,987101,1489889728
4777477504333271267,987101,1489889745
-7272877288428334671,987101,1489889755
-9146568379910098796,987101,1489889737
-844233956306373976,980358,1489889735
-844233956306373976,980459,1489889735
-4227061555997929444,986155,1489889735
7988143922112522905,986838,1489889706
-518110683948193424,987060,1489889746
-5032906067296739274,987060,1489889708
8778112095727772139,987117,1489889740
998441539455323851,987058,1489889722
8998795642727177135,987058,1489889746
-6747560090959963628,987058,1489889730
7905821241726138641,986961,1489889757
-2606724127263972654,987066,1489889737
1369856064169045136,987066,1489889742
676617816899582573,987066,1489889721
4369645529956661545,987066,1489889740
3673505396080968659,987066,1489889757
5048062291582613391,987066,1489889706
5696282355845483891,987066,1489889733
-3108954395173201323,984739,1489889732
7746428542696912419,985873,1489889717
-6484002795775830090,986765,1489889729
6696133146206709732,986765,1489889754
5016966716656348250,987047,1489889753
-8538423025879960233,987047,1489889728
8620224670702111302,987047,1489889746
-5392397468766868031,986697,1489889734
1733549872866308858,985753,1489889705
-2325377489789096971,986807,1489889759
1741624449256630590,972031,1489889762
-4634550010223896419,972031,1489889736
-5265374586183125181,972031,1489889709
1484280170018293095,985262,1489889708
9136009014738867696,985262,1489889764
-2402790484032621822,983754,1489889718
3678615706153327173,895890,1489889713
8798354623891582886,986920,1489889711
-3465819547039360339,985254,1489889712
-5940623304435036052,987027,1489889750
-1461844448309520623,987027,1489889762
89319842262494178,987027,1489889756
4865258712617175071,987027,1489889740
-5997463147821244328,987027,1489889750
5303657372476678799,987027,1489889739
-4750830271834656929,987027,1489889729
2187507353810556064,987027,1489889752
2782330030780220646,12250,1489889707
4383439218674502505,420300,1489889759
-2223024983942180586,986980,1489889722
-4750830271834656929,987039,1489889729
4865258712617175071,987039,1489889717
-5997463147821244328,987039,1489889734
5016966716656348250,987039,1489889731
-4431757280950080895,987039,1489889761
-9025933725109019493,987039,1489889709
-354204589050529387,987039,1489889729
915111211013018246,986462,1489889731
-5222188169931820329,986945,1489889705
2187507353810556064,987042,1489889708
8025036561205327737,982135,1489889744
-2930793247237954571,985967,1489889749
-536650892879780948,911992,1489889733
-2138608372053368888,986888,1489889743
7876434294530193503,987109,1489889723
4220062487366193784,987109,1489889710
1889632548548279381,987109,1489889738
822826054728176612,987109,1489889706
-416432130171118458,987109,1489889723
7133180559779583273,987109,1489889704
-5950496399787195903,987109,1489889717
662920834206306965,987109,1489889740
-3863253584724976958,982752,1489889723
