4520491045707515129,986636,1489866415
-794892588606521539,986948,1489866387
751197280977342716,982237,1489866392
-1560732739945259445,986007,1489866391
6618611662764707355,986537,1489866422
211638633942775510,986909,1489866387
-6133950256552908225,986909,1489866382
2589740689527289491,986909,1489866367
-8794323728432532481,143947,1489866406
-6425373429162571214,985287,1489866423
1780930095723808101,986961,1489866367
-5880460227677716155,986961,1489866373
9019146921959279770,986961,1489866385
2545861624621928732,986961,1489866393
4720460186938167020,986961,1489866378
5775755513297552653,986961,1489866391
-1663294111236917913,986961,1489866383
8828853175071959222,986961,1489866390
5385445696349810053,986961,1489866393
-2982691474631702597,986961,1489866364
3548376743627365225,986961,1489866408
8280570563435727030,986961,1489866397
-6090872388179021562,986961,1489866416
-1565836379893994381,986961,1489866418
-2806639988909757298,986730,1489866399
-7707876853452170590,972878,1489866400
-3726583361059593781,968748,1489866421
-4980924252859357535,987025,1489866402
-8192111816540265511,987025,1489866371
2833841976093762537,987025,1489866413
919777871063558083,987025,1489866376
5676913879986417,987025,1489866408
6260889414979022599,986663,1489866396
2506935863578392543,986663,1489866376
-2427519814416138515,986165,1489866423
7617144991109947104,419297,1489866423
8337613741485726025,985965,1489866422
1927106087026696797,972465,1489866367
-774899557437004374,984680,1489866386
-3780868188229996172,986284,1489866419
4542393493663598053,186790,1489866376
-6953321249525209584,986208,1489866395
7414780374381599623,986208,1489866369
-5846556689489044540,986208,1489866392
2047418675605501591,986208,1489866404
5405609265552633079,986208,1489866386
2915197116088223928,987027,1489866371
-8993785769675365151,987027,1489866385
2704212057227017132,987027,1489866406
-2657032327481783874,987027,1489866384
8865803682068480408,987027,1489866420
-9181518638412565580,987027,1489866418
6285798748153019117,987027,1489866377
1050065812580621833,987027,1489866402
-5073577136788687214,987027,1489866381
7324529487494210379,987027,1489866377
3907104175653002546,987027,1489866376
-5419229216217544582,987027,1489866392
-487204789964234416,987027,1489866377
2860107194852574257,987027,1489866373
5494572311518575150,987027,1489866415
3025387851229497926,987027,1489866379
7099426555344603456,987027,1489866374
8114406487742125102,987027,1489866410
5056460391316718361,987027,1489866404
5023817076939230130,987027,1489866406
6243441242160317499,987027,1489866413
-1726913676151860457,987027,1489866374
4575017526743007984,987027,1489866397
1290475449032711089,987027,1489866422
-7545040073833940963,987027,1489866417
6805189968548906341,987027,1489866402
6628540521743196226,987027,1489866393
-56582218281423105,986884,1489866402
6892914044661590800,986734,1489866366
-2155347087745436691,986478,1489866368
451620438877027085,984735,1489866415
4308326827834700560,984735,1489866366
4358734775072196596,984735,1489866411
8229664125166577756,985589,1489866404
7262383327137039299,985944,1489866371
-7904410271425861192,985944,1489866384
8004002109597086423,985944,1489866377
5593808360499856101,986702,1489866366
2720641593468937822,986702,1489866379
6372464499690116275,986702,1489866405
4084731340314879423,986702,1489866392
-5836956608739861644,986702,1489866374
-3791648568168618120,986702,1489866411
771895794513273385,986702,1489866367
5773068701848769796,986702,1489866376
-4408623996432170638,986702,1489866410
6005034213747566471,986702,1489866376
6428238851340954031,986702,1489866412
-7949173126141630749,986702,1489866396
8178015671953533584,986702,1489866420
5617893808163713735,986702,1489866408
-5694734768531938530,986702,1489866378
-1910969807356038736,986702,1489866378
-1593381552263842419,986702,1489866407
6571816354415808821,986702,1489866404
6229012782719613475,986702,1489866375
-814058061853638240,986702,1489866411
7319569074949754151,986702,1489866394
4255940054115756,986702,1489866395
7748623877654825768,986702,1489866418
8337613741485726025,985969,1489866411
4578249298555200166,980479,1489866409
-686032013088214979,983311,1489866399
-2777612011275450294,987009,1489866371
1801196074071549381,987009,1489866364
3993494173219365032,987009,1489866384
6588947237567398378,987009,1489866413
-3263230218334278489,932492,1489866407
5007136649347881728,884006,1489866392
-1615362809103074963,884006,1489866396
-7685288598147235517,986911,1489866382
-1450176311822611438,987017,1489866367
3050670351711845344,987017,1489866396
-8717575138741412314,987017,1489866402
-8130725637171855575,987017,1489866388
606211812766730380,987017,1489866389
1095685437531981548,987017,1489866418
-8771176908120778417,987017,1489866418
5736457805608565836,987017,1489866411
2733424048481697706,984950,1489866406
7567247076455231577,896835,1489866412
-2790157866487979901,986987,1489866365
-2705784677358057289,986987,1489866415
8934934843742079946,986987,1489866378
1972827231188061120,986113,1489866388
-1546928355177655545,919018,1489866382
-1487645633239913954,986306,1489866402
-3528570566566132179,961547,1489866367
5885755647834552933,986779,1489866416
6648974624812535323,986988,1489866374
9132848372208729285,986988,1489866397
-700751211983301835,986988,1489866417
2623493376152466044,987078,1489866385
-7211720513186283791,987078,1489866401
4269893320675655225,987078,1489866377
-3781292779907153321,987078,1489866413
-4131875629177807140,987078,1489866369
1189573634775062174,987078,1489866386
-2376693705976616426,987078,1489866405
-858037908117795466,987078,1489866421
3117722026373477913,987078,1489866407
-2159271729096552046,987078,1489866422
5552658668683716668,986244,1489866416
-7060282783915243855,986244,1489866419
-4464098034059393140,985745,1489866407
-1565836379893994381,986969,1489866399
9092202319816225074,977219,1489866380
8004002109597086423,986191,1489866404
4072149465294435367,980872,1489866377
-8550618891766065764,987066,1489866393
2972259812472749883,987066,1489866390
1005510601804530593,987066,1489866371
-4179935457238355046,987066,1489866421
8263353312159118419,987066,1489866417
7809103787490731546,987066,1489866416
-1082671624821869858,987066,1489866387
5293289434364139125,987066,1489866421
-2349253435687011284,987066,1489866382
-8301092598684871719,987066,1489866407
-1717761903131270308,987066,1489866408
6168029657162752857,987066,1489866375
758844829932051445,987066,1489866397
-7740802220996943406,987066,1489866399
-6053699823292236341,987066,1489866395
-5790425262689246238,987066,1489866400
-6804164099630158315,987066,1489866369
8684338114162994097,987066,1489866389
-7539828230025801347,987066,1489866407
461083503519867390,987066,1489866368
-6929229466322911615,987066,1489866406
-1841279393464404969,987066,1489866388
4380843653796633959,987066,1489866417
7198993879703771358,987066,1489866399
6683995010273363385,987066,1489866413
7944424825463773329,987066,1489866406
-8198711377667946040,987066,1489866381
7036637984782249314,987066,1489866422
2137434520324235478,987066,1489866406
-2589465159776738600,987066,1489866375
5751981787942997720,987066,1489866412
-6928937109545752036,986997,1489866410
-2274962586372164413,986583,1489866415
7116960744509072822,986583,1489866423
5207533037557407682,986583,1489866386
7414780374381599623,986583,1489866422
-1717915602196607363,987031,1489866382
-8960133658628124627,987031,1489866411
-1689115878615401213,987031,1489866418
-3908969563164614632,987031,1489866388
-8528261929051174845,987031,1489866422
5145666093892636694,987031,1489866390
-502772447253175701,987031,1489866411
-7861100011066603615,987031,1489866392
3379059752674613263,987077,1489866410
-8408930520125992362,343517,1489866396
3208210797749054315,981533,1489866368
-2197309083261680913,986978,1489866421
-5002646452585764830,986978,1489866424
-6951889216837378954,986978,1489866378
6601928867353473018,986978,1489866398
-3579704434060290842,986978,1489866402
-5513771783844437107,986978,1489866411
-5019399865388387988,986978,1489866391
-7002776964402423512,986978,1489866398
7037164358750066802,986978,1489866374
-3566680863631523828,986978,1489866404
6036520611793076910,986978,1489866412
-4937938634072539346,986978,1489866400
-4648755090791845442,986978,1489866418
-9171241437061408040,986978,1489866395
2210907978029997098,986978,1489866398
3247916648759472395,986978,1489866405
2733424048481697706,986978,1489866401
3906188504110891229,986978,1489866393
1320197516217351054,986978,1489866411
-8017027019294356482,986978,1489866399
8000258206809898746,986978,1489866380
4400411803933386981,986978,1489866424
5218374121451214396,986978,1489866390
-3220361618027664323,986978,1489866389
2829127516649888494,986978,1489866365
7533021497696128302,986978,1489866411
-5064056515090944072,986978,1489866369
3339783418234159417,986978,1489866380
6315244483819710996,986978,1489866399
3696799989768649490,986978,1489866372
4272786764239337887,986978,1489866379
9149061468903753290,986978,1489866400
6255102255406733520,986978,1489866378
-1016303481588881340,986978,1489866369
-2783253357304911845,986978,1489866369
-128988354216579999,986978,1489866366
4560860495603910333,986978,1489866392
-8429899430294981536,986978,1489866418
222615203769282209,986978,1489866419
-8340986349660547434,986978,1489866417
4543416293403442966,986978,1489866423
-3001972334442767109,986978,1489866369
-5390753741796303758,986978,1489866422
8715586916408836738,986978,1489866372
3650342948997687327,986978,1489866388
3610416531635396032,986978,1489866397
-7002679251165923047,986978,1489866369
5457060747110676041,986978,1489866383
-7408373399307734027,986978,1489866398
-5037103581885671549,986978,1489866365
-4010442437446076396,986978,1489866415
-8781128607847125794,986978,1489866420
6444904165645969921,986978,1489866399
512921984204584932,986978,1489866398
-4362729334742975470,986978,1489866410
6514005708649732349,986978,1489866389
-2953402888111800091,986978,1489866414
2282029133967203509,986978,1489866419
5332125098534616414,986978,1489866416
2452702856352203827,986978,1489866418
-8368224555211211219,986978,1489866382
-5234616820598635030,986978,1489866403
-5597952541408123833,986978,1489866416
-6344705335351472379,986978,1489866377
-1757787887200910586,986978,1489866368
7051289116371094740,986978,1489866372
8281447970026422570,986978,1489866418
8491478982072868078,986978,1489866418
-834086570154642618,986978,1489866422
3757399496478384948,986978,1489866365
-3900540561270387978,986978,1489866396
-1212038629427910697,986978,1489866387
-3404855808381568349,986978,1489866374
-1600846745032029890,986978,1489866418
-7258704647351646284,986978,1489866395
-4581833807232141784,986978,1489866412
4667943722424954373,986978,1489866375
-7230604474434830274,986978,1489866385
1781101495857408080,986978,1489866413
-2220740698549390338,986037,1489866377
-2927357922541818715,986037,1489866386
7237619946810178051,952841,1489866411
-2238566690982345819,986683,1489866373
5552658668683716668,986257,1489866386
-8923978798271207716,986257,1489866395
1801196074071549381,987002,1489866369
-9147632958399668874,987002,1489866364
-2777612011275450294,987002,1489866370
2201702614610870808,987002,1489866380
1394018034980324860,949713,1489866376
-2155347087745436691,986187,1489866386
1987159689229517424,986462,1489866394
7572972674504554821,986462,1489866396
7154107174935379576,904088,1489866375
3063902051250110746,985333,1489866383
-79940097553271342,940802,1489866365
-774899557437004374,984675,1489866392
2276922577491751770,153598,1489866375
-8788069239444853472,983662,1489866367
45450832401789415,987000,1489866415
1801196074071549381,987000,1489866413
-700751211983301835,987000,1489866369
-9147632958399668874,987000,1489866386
6183277576739548110,987000,1489866378
3547040491433292190,986050,1489866390
1687044908234028994,986050,1489866397
2842905159903415710,986050,1489866416
-8992681970646822234,986050,1489866421
4541956506087803564,916594,1489866384
-7250361813435370017,986172,1489866406
-4557416862555150530,905372,1489866415
2823768925241675993,948107,1489866387
-5430471481379090172,986648,1489866396
-1586623695321731281,984909,1489866376
-3906262698195324298,986418,1489866390
-5632310683685167703,985229,1489866409
2116060040334625702,987070,1489866412
-6487168023350999639,987070,1489866424
7000731434911950773,987070,1489866365
-5271136978727209624,987070,1489866398
1950862236818181768,987070,1489866371
4980956715051300853,987070,1489866384
-3540012262948460636,987070,1489866391
2492170922633448632,987070,1489866388
7189801345247559816,987070,1489866416
6163154716551411680,987070,1489866383
2163469869755066945,987070,1489866409
2776305766577565946,987070,1489866411
-5504557354043809929,987070,1489866421
3182176089567805582,987070,1489866395
6742276488666874521,983500,1489866368
1701907202494138797,983500,1489866394
2250337963210534732,126740,1489866401
-2705784677358057289,986980,1489866415
735063045356961660,985260,1489866379
-3128337251468822727,943447,1489866387
-7250361813435370017,986173,1489866411
811757076999947615,906154,1489866376
-6551975345907015542,598,1489866394
-1772205518862217822,598,1489866385
-7987656541912601186,598,1489866418
8096998831186780843,598,1489866372
8826474095483456595,598,1489866379
1780930095723808101,986898,1489866401
-7405246128773339620,987034,1489866419
5950914956087106612,987034,1489866403
926210259780669443,987034,1489866424
3677046332602662580,987034,1489866413
-7861100011066603615,987034,1489866392
-1062934505361544391,987034,1489866370
5145666093892636694,987034,1489866390
1154825939661804841,987034,1489866417
-4054839786448930805,987034,1489866420
-9204024079299020545,987034,1489866390
5546477628529567568,987034,1489866397
-7290333120505976451,987034,1489866378
-84915596288536356,987034,1489866422
1848887100735434828,987034,1489866412
-387346812184823096,987034,1489866401
-254207818833301710,987034,1489866422
-6106163019316596799,986540,1489866389
-6674779682610322456,986540,1489866398
-2066780976066204513,987087,1489866405
6112643164264266158,987087,1489866365
8599508116278611953,987087,1489866367
5543711193509289254,987087,1489866376
1005510601804530593,987087,1489866391
7546847327765772028,987087,1489866401
1233413528642796147,987087,1489866370
943618913077373429,160781,1489866389
-681487086090679108,986703,1489866373
211638633942775510,986933,1489866400
-1415311324203757116,981688,1489866386
-6836995421213862033,981688,1489866390
-2919812692478497074,986628,1489866390
2971802980899072166,986628,1489866370
-1652199236934965673,986628,1489866372
-7831475458874619239,986628,1489866402
-7933115681556697553,986674,1489866373
7351344987623980542,986674,1489866379
-1776500025902932156,986674,1489866409
-4650084931313840586,986674,1489866399
3439359469444906552,986674,1489866374
-2249844863983016531,986674,1489866368
-5487421508729071831,986674,1489866383
5810007101086981267,986674,1489866405
-1357532941457614211,986674,1489866369
-5161791619819811338,986674,1489866412
5079723515443337840,986674,1489866391
-3068400831932720106,986674,1489866378
-6128901842054138262,987088,1489866385
-8329909267147930240,987088,1489866415
6055317605555558565,987088,1489866382
-2159271729096552046,987088,1489866390
2365126070555570840,987088,1489866398
-3659875475417172975,987088,1489866386
5365756064003028288,987088,1489866416
-4910259714342296516,987088,1489866417
8695831521678064673,987088,1489866424
-5404345577009843229,987076,1489866419
-8098128219280055251,987076,1489866390
-6293771398590654036,987076,1489866421
-3522902181788463142,987076,1489866377
-252528366191947302,987076,1489866370
2623493376152466044,987076,1489866393
-7211720513186283791,987076,1489866408
1189573634775062174,987076,1489866392
4269893320675655225,987076,1489866383
-8413236969309452859,987076,1489866404
-858037908117795466,987076,1489866424
-7465800752362925769,987076,1489866418
2320581997364032917,874735,1489866402
-6425373429162571214,985279,1489866413
7830458894653737390,984546,1489866416
-2927357922541818715,986033,1489866386
1168366555016710271,920144,1489866422
844273378777240458,986926,1489866366
-435548420211872899,986926,1489866377
-7538547684105592091,986926,1489866380
211638633942775510,986926,1489866422
6974860923659867353,986926,1489866412
431215421506557400,986926,1489866373
-1613752985425277193,986926,1489866368
8280570563435727030,986926,1489866408
9182745107794809218,986926,1489866385
-8772639704165983686,986926,1489866388
1080273715364639474,986926,1489866395
5052049105009342942,986926,1489866391
8065442520776096382,986752,1489866388
1492194802185168737,986752,1489866396
-4930427501318192987,986229,1489866366
5467171416482499045,986229,1489866385
-1683593704732016086,986229,1489866377
-7698850261567385594,986229,1489866375
-3605870881944646344,986229,1489866415
8257385848290311888,986229,1489866392
1154825939661804841,986981,1489866399
5385445696349810053,986981,1489866379
2374455108504764843,986981,1489866375
-6348319801053514083,986981,1489866382
-1726306280198790426,986981,1489866411
3803499870174142483,986981,1489866415
6648974624812535323,986981,1489866382
-7604087263689303356,986981,1489866397
-9079947652670983680,986981,1489866373
5032191422883206376,986981,1489866404
-3522126098780035591,987054,1489866394
2264537860259166675,987054,1489866423
5351182676777452128,986805,1489866370
844521260842381451,986805,1489866379
-7394603265880247287,986805,1489866393
1548810530166264278,986805,1489866403
5333438813733204325,986805,1489866388
6255102255406733520,986805,1489866411
8208919688352413149,986805,1489866401
-1169898365411522515,986805,1489866390
2846951869479771532,986805,1489866381
-742504410707943640,986805,1489866381
-5783242235322009728,986805,1489866418
-8826910301284008618,986805,1489866413
-4335340176807448457,986805,1489866403
-9095988517474060258,986805,1489866416
-7424988720719932704,986805,1489866416
-6261403176669144300,986805,1489866403
-8285502020206833264,986805,1489866400
-7414788171388358334,986805,1489866378
5367753132215179587,986886,1489866374
-210036232721956575,986886,1489866412
-5851335387019037212,987047,1489866420
4069128819688782769,987047,1489866374
1651625900669903137,987047,1489866395
-6022221758644902259,987047,1489866422
-8497323497786146741,987047,1489866414
3936133891656431887,987047,1489866402
967873769889482576,987047,1489866404
5056460391316718361,987047,1489866386
-8711918908675736877,987047,1489866390
-996713613345020580,987047,1489866390
-4981540753959933225,987047,1489866423
3253886513802717177,987047,1489866397
2497651331473433191,987047,1489866373
-383052709796375418,987047,1489866379
-3032812062777865180,987047,1489866405
-3934260355323682172,987047,1489866424
-7253539688564201567,987047,1489866403
101712377323996582,987047,1489866402
-7726091507816887555,987047,1489866421
4106475749344125582,987047,1489866420
6324854682698405608,987047,1489866377
-434462724414084023,987047,1489866371
-4860933606861812321,906187,1489866413
6239608691225890715,985911,1489866367
2751902995284494202,984521,1489866373
7913265699116809117,984349,1489866407
8230111832228045301,987020,1489866374
8758161430706995933,981323,1489866417
-7538547684105592091,986915,1489866399
7855737479400904520,986915,1489866416
211638633942775510,986915,1489866422
-635985550284417833,177840,1489866418
2383790742791622433,986155,1489866365
6372464499690116275,986155,1489866415
-5423477506135449430,158812,1489866407
1268384256666978551,950087,1489866406
-8340986349660547434,986658,1489866397
5761879460270974229,983710,1489866397
451620438877027085,984752,1489866415
8758161430706995933,982184,1489866417
-2661440857699762173,908197,1489866413
-5423477506135449430,158803,1489866407
-6130081162721664376,340129,1489866419
7779699848188756181,340129,1489866387
-374464293862396889,340129,1489866422
5775755513297552653,986956,1489866377
-6090872388179021562,986956,1489866416
-1565836379893994381,986956,1489866418
6628082794101728705,986956,1489866401
-6585294461109000605,986956,1489866414
4514906167359206151,986695,1489866372
2959753584581390586,985736,1489866380
-5789142677054738851,985736,1489866418
-6481638728083727585,985736,1489866408
3272448443146031499,68401,1489866376
2823768925241675993,948685,1489866387
8449380906119479496,986652,1489866422
6438897447246133212,986945,1489866411
-6906568163520954275,986945,1489866372
-4129379944662548865,986945,1489866397
-1207228457897626560,986945,1489866400
6436553304750863567,986945,1489866417
2166004929597998226,986945,1489866399
4542903601260368884,986945,1489866374
5462313095328337168,986945,1489866424
-5294923486369190254,934965,1489866391
-4795901845918295291,986942,1489866390
-8098918645865675850,412227,1489866405
-6386831362020301649,934899,1489866417
252674488090521245,985184,1489866424
-5699065449874774660,985184,1489866378
3631478279419684020,986940,1489866393
-794892588606521539,986940,1489866419
-5853727650772999783,986940,1489866382
-5617586887685263436,987021,1489866421
5088985619109952243,987021,1489866423
8689907864054561052,987021,1489866418
-4015426959772216835,987021,1489866418
-7604087263689303356,987021,1489866387
5459444945260804312,987021,1489866373
3803499870174142483,987021,1489866392
-8482775360422145624,987021,1489866386
-5496940794965008900,987021,1489866372
-8953774860234736452,987021,1489866401
5830479024765725826,987021,1489866416
123126674287263101,987021,1489866405
-8433557977941584897,984113,1489866383
7210272730471839778,987029,1489866401
279915069645955305,987029,1489866370
5147360151866949528,987029,1489866411
-4006026895174905751,987029,1489866373
-8577271238479068226,987029,1489866395
8153725513030625989,987029,1489866399
8170725893801540211,987029,1489866407
-4592652738227996184,987029,1489866368
-3908969563164614632,987029,1489866399
-8960133658628124627,987029,1489866422
-4488364723979710259,106535,1489866387
2957821688867888246,986508,1489866424
-8858619848524756754,986777,1489866417
4954340382435845530,986777,1489866423
1001707826422447131,986668,1489866387
-8798913782189658585,986668,1489866398
-7387708519903204244,985972,1489866415
-7654476007834215046,985440,1489866383
-3955457958952815231,152453,1489866414
8128188828942012706,902921,1489866386
964458592060653950,985857,1489866422
-6172027249403378129,985857,1489866373
2295460609583869013,986983,1489866410
-8130725637171855575,987013,1489866380
606211812766730380,987013,1489866387
-8717575138741412314,987013,1489866386
-2238566690982345819,987013,1489866413
419437562898562248,987013,1489866390
-7075267803598813121,987013,1489866368
5116920390853236171,987013,1489866406
6666889991102119656,987013,1489866379
-6515304601588521928,987013,1489866369
2828464714013989027,971359,1489866396
3151376089071164947,931440,1489866420
8908009856302443901,889317,1489866385
-8189239535832019509,962214,1489866367
1962492791541918598,962214,1489866408
4469662222274334785,962214,1489866369
-9173517254512596364,114423,1489866385
-8299510207532612665,972031,1489866391
-1589159469463932194,972031,1489866371
4526754611169581167,986725,1489866398
3709795971463101060,987097,1489866399
4770748485721353642,987097,1489866380
-7898415856430680284,987097,1489866393
-3263230218334278489,932542,1489866415
5986794669445610586,859214,1489866403
1342736568962898756,859214,1489866387
-774899557437004374,984669,1489866392
-6432354104569190458,981743,1489866396
-5909696913697841915,985211,1489866391
-7609199970391963903,983592,1489866404
1683910465702545072,983592,1489866370
3916638875448104215,983592,1489866397
-1792168048854654451,986211,1489866398
-1494371486737217028,986211,1489866401
5775755513297552653,986964,1489866397
-6519186397254944583,986914,1489866389
-7685288598147235517,986914,1489866381
-6026491321326498524,986914,1489866399
7568737545209356194,986914,1489866396
-2656385654601071380,986914,1489866421
-4947417822303589927,986914,1489866386
7750978988090163729,986914,1489866372
-2069301748839892724,986914,1489866393
7413325225446836378,986914,1489866415
7976406108433994803,986914,1489866381
1311912922166794045,986905,1489866368
-2595721324238252396,986905,1489866401
-1736950886452328904,971751,1489866396
5371923220369488298,339660,1489866416
5552658668683716668,986251,1489866399
6822705033961763271,986430,1489866399
2913114911592854662,986430,1489866375
-7387708519903204244,986430,1489866397
2621186599931549955,986430,1489866424
-6688611365252790837,980650,1489866417
-1613752985425277193,986928,1489866368
211638633942775510,986928,1489866406
-2220740698549390338,986928,1489866412
-6809001179308991163,987019,1489866378
5459444945260804312,987019,1489866373
-2705784677358057289,987014,1489866368
-7313798709123198312,987014,1489866387
-302016051380303595,987014,1489866384
-7906230465152176048,987014,1489866371
2212428828695487551,987014,1489866378
-2540760954239143008,987014,1489866370
-8915754911606632246,987014,1489866372
-2339467182437794872,987014,1489866397
6335018691062275809,987014,1489866402
9051984743759783986,987014,1489866418
-9206169385833402606,987014,1489866365
2852854279193835615,986814,1489866410
-638404019353700923,986814,1489866388
989856415805657467,985087,1489866421
-2526138931658626047,985087,1489866402
-8198711377667946040,985087,1489866402
7100856524499791316,986812,1489866421
2134524815911329096,986812,1489866400
-4046843825148864912,986812,1489866411
3659012846711300992,986812,1489866424
6892914044661590800,986699,1489866380
4670239126211771218,984864,1489866404
-6346972165927751905,986858,1489866392
5703310018347367486,986858,1489866369
2815800801760509866,987044,1489866401
6205910788462882327,987044,1489866384
5095055244148615891,986126,1489866423
-1230686861552889222,986126,1489866365
3190938375730033374,986126,1489866410
6155174301162708388,985619,1489866372
8732297502986576625,985823,1489866374
5552658668683716668,986286,1489866366
2495630092215322615,962497,1489866376
8297501359612109660,986053,1489866374
-8992681970646822234,984777,1489866412
-4591804202337626528,941681,1489866416
5885755647834552933,986497,1489866416
-794892588606521539,986938,1489866419
-5853718592819768502,986938,1489866424
4044328405966463487,986524,1489866406
-7313798709123198312,987012,1489866404
-2705784677358057289,987012,1489866378
-4132772069375382172,987001,1489866370
-2705784677358057289,987001,1489866397
-1249655015177431151,987001,1489866401
6395784375827263777,987001,1489866392
6588947237567398378,987004,1489866413
-6243739073707180684,987004,1489866384
-6886933286543554642,987004,1489866409
3610416531635396032,979708,1489866395
6618611662764707355,986049,1489866422
-4294187101223508189,986098,1489866401
2227197240489760907,980165,1489866370
-2238566690982345819,986680,1489866389
255732359167815862,986253,1489866420
3346932195743577633,924373,1489866370
-7885306839092341365,954307,1489866384
1972827231188061120,986199,1489866388
8936054167942494061,986875,1489866380
8424018815859285954,986875,1489866391
-8482775360422145624,987026,1489866374
8689907864054561052,987026,1489866378
5676913879986417,987026,1489866408
919777871063558083,987026,1489866376
123126674287263101,987026,1489866405
2833841976093762537,987026,1489866405
-7604087263689303356,987026,1489866366
-7725301051253140122,987026,1489866408
-4980924252859357535,987026,1489866378
3803499870174142483,987026,1489866378
-3013307940294405665,987026,1489866401
1404265586045482917,987026,1489866415
-2605713745183276117,987026,1489866423
8500331104911528600,987026,1489866403
-6346972165927751905,986842,1489866397
-1487645633239913954,986329,1489866391
-7805417401900186005,933781,1489866387
3548376743627365225,986971,1489866408
9019146921959279770,986971,1489866385
-1663294111236917913,986971,1489866371
4353810067665047953,986971,1489866411
7778734223078365025,986971,1489866405
-4861324173457571910,986971,1489866403
2143488967870399930,986971,1489866423
-8007658229318004820,986971,1489866366
5385445696349810053,986971,1489866381
8378045468840954598,986971,1489866415
7599100520430298467,986971,1489866402
3803499870174142483,986971,1489866415
2507959733746229912,986971,1489866412
-7427755887028274985,986971,1489866413
-6346972165927751905,986776,1489866381
8918447498098174311,987083,1489866386
8225690023411783106,987083,1489866384
1839689451153088226,987083,1489866408
8599508116278611953,987083,1489866369
-997456159644970388,987083,1489866367
6055317605555558565,987083,1489866396
-3917955679112123939,987083,1489866371
-2159271729096552046,987083,1489866402
7546847327765772028,987083,1489866403
5543711193509289254,987083,1489866379
-6460924746271591313,987083,1489866424
-9204024079299020545,987032,1489866389
1848887100735434828,987032,1489866412
-387346812184823096,987032,1489866401
-7290333120505976451,987032,1489866378
-7861100011066603615,987032,1489866371
2429954686751301345,987032,1489866405
5867522799721666675,987032,1489866423
7161991379446073349,987032,1489866414
5145666093892636694,987032,1489866386
-9189915170001840104,987032,1489866368
5603228857442557288,987032,1489866389
4014051881282769283,987032,1489866411
2536263531515048596,987032,1489866397
-4829560017170420083,987032,1489866373
-3381451336182651435,987032,1489866407
4178222751284495569,987032,1489866415
-3649442719017396587,987032,1489866408
2421717710419912645,987032,1489866395
7010975572946051523,987032,1489866396
3852591215068147643,987032,1489866405
2390739514088439661,987033,1489866376
4178222751284495569,987033,1489866415
-3013307940294405665,987033,1489866398
226317937912559208,987033,1489866380
5603228857442557288,987033,1489866389
-2605713745183276117,987033,1489866423
3803499870174142483,987033,1489866373
-3381451336182651435,987033,1489866406
5867522799721666675,987033,1489866384
5088985619109952243,987033,1489866377
6991109751004438069,987033,1489866374
6285798748153019117,987033,1489866390
-5419229216217544582,987033,1489866411
3907104175653002546,987033,1489866392
8865803682068480408,987033,1489866420
172795650946403177,987033,1489866383
-6107564889550955354,987033,1489866372
1050065812580621833,987033,1489866424
-3480951591331734830,987033,1489866386
4520491045707515129,986999,1489866368
-7842958518428968813,986999,1489866390
-572474910301201308,986999,1489866424
6183277576739548110,986999,1489866411
-4132772069375382172,986999,1489866370
-5974694726761248513,986984,1489866382
2561202772642211377,986984,1489866424
1492194802185168737,986738,1489866396
-815799687613685682,340617,1489866415
-2920646427239381105,986304,1489866413
-4261520631506938096,986304,1489866400
37537832987505498,986304,1489866384
7978564442495664717,986304,1489866373
-9078615786171620,986304,1489866376
-9087654011034572139,986304,1489866371
-1662013555386340359,1163,1489866402
-4388024550660037977,965073,1489866417
-3440777320083240594,975888,1489866401
1951764367700537600,944531,1489866392
1256550070273391779,986425,1489866370
6702554133118837222,987098,1489866383
3502429815190415084,987098,1489866410
-8793741526418592076,987062,1489866388
8774619658199830475,987062,1489866367
3253886513802717177,987062,1489866408
-6376346692691281458,987062,1489866401
3463985384972178170,987062,1489866383
-563411926013457331,987062,1489866409
2683580952232006644,987062,1489866382
-72076400505826180,987062,1489866380
-492379010646498565,987062,1489866370
436434057420633901,987062,1489866393
2064011734919542108,987062,1489866384
-3693842935032273091,987062,1489866415
-1559037854901779539,987062,1489866399
-808341802602436750,987062,1489866395
3847152539808568310,987062,1489866367
-1027441065228170428,987062,1489866384
4778350400420148590,987062,1489866399
-1270849543262082728,987062,1489866414
3929230332056836205,987062,1489866416
5751739322311743071,987062,1489866423
-2066634685153985939,987062,1489866386
-7740802220996943406,987062,1489866421
-6488355130629650039,987062,1489866371
771464213477674242,987062,1489866410
7280722003718445981,987062,1489866396
-1257491475677231008,987062,1489866378
-1634229954685420647,987062,1489866410
6243441242160317499,987062,1489866387
5295293984676654914,987062,1489866377
3874723779493191882,987062,1489866385
396407525095294869,987062,1489866397
-2858515336908300634,987062,1489866371
-597911143779972705,987062,1489866408
-535755523444776298,987062,1489866367
-5627490714864893870,987062,1489866372
-8794648711537255823,987062,1489866377
-8878854355778348403,987062,1489866367
-2155347087745436691,986487,1489866364
-6343212796152755975,987082,1489866393
-970131118361994201,987082,1489866410
6437330284952344207,987082,1489866385
-8760129204808504364,987082,1489866389
2128538878882849822,987082,1489866384
6663924884389026673,987082,1489866374
3470851137767425390,987082,1489866401
-7740802220996943406,987082,1489866385
8496003622455736271,987082,1489866372
8035893124663587837,987082,1489866424
-7662955999776345778,987082,1489866398
-3258375277950132602,987082,1489866385
-5790425262689246238,987082,1489866370
-1878878725708606585,987082,1489866366
-851555518486497288,987082,1489866417
-3799359268485664394,987082,1489866366
-2779173182737823133,987082,1489866421
8684338114162994097,987082,1489866368
-7418872082915993105,987082,1489866417
2041255827715575627,987082,1489866370
-2734049337184214953,987082,1489866407
-6863681709872127812,987082,1489866393
-6801036913182167622,987082,1489866425
4044256733843850261,987082,1489866369
700517199027678764,987082,1489866406
-5497505880728792835,987082,1489866388
1444523897971584859,987082,1489866407
1996398446841679503,987082,1489866377
7258298125496477473,987082,1489866415
-1405123635458157499,987082,1489866368
1329845974181367174,987082,1489866376
-3256288553901552261,987082,1489866366
-4129379944662548865,986949,1489866367
-2806639988909757298,986720,1489866407
4745961202209107476,986044,1489866383
2207800912552497365,983794,1489866377
1427045218925425085,983794,1489866370
7051289116371094740,983794,1489866366
-6370000962569587054,986912,1489866422
-7842958518428968813,986912,1489866396
-3470204907055693186,986912,1489866372
3978646890216458754,949900,1489866375
4748894009493524580,987057,1489866406
-8453720245247875743,987057,1489866405
-8055732984794336694,987057,1489866386
-5642337767091472335,987057,1489866417
-1589579608083070179,987057,1489866383
-6417334478164335475,987057,1489866406
3591653290790950795,987057,1489866379
3253886513802717177,987057,1489866381
2652373328461195349,987057,1489866403
-438301817630997472,987057,1489866423
-7272935160304694572,987057,1489866422
4619160893143275772,987057,1489866398
3936133891656431887,987057,1489866405
3620958662397519101,987057,1489866378
6669310975045208152,987057,1489866377
-5318372192471596515,987057,1489866383
9137724757724332019,987057,1489866422
6809494395058870365,987057,1489866387
-2520139522771140751,987057,1489866420
-218957797751082644,987057,1489866416
-7907409506667113255,987057,1489866393
-7704987998212944086,987057,1489866408
5913370670961295204,987057,1489866373
3461534919411726407,987057,1489866422
-7726091507816887555,987057,1489866387
-2263767493765130096,987057,1489866416
-7736652827136032718,987057,1489866384
-3746815549134394418,987057,1489866410
465968889230972215,987057,1489866408
-2806759334766057046,987057,1489866406
-8119764051595748891,987057,1489866372
-2794053798771567794,987057,1489866419
-7641410476748861078,987057,1489866379
4329884058369928973,987057,1489866388
7178925372910595026,987057,1489866413
1631797528453704174,987057,1489866396
490697756456988848,987057,1489866406
-1997890214029725837,987057,1489866396
-9164131668540551688,987057,1489866406
4700603565667656099,987057,1489866406
2983341007429352944,987057,1489866368
382461385397882640,987057,1489866366
-7653241495623661262,987057,1489866420
-1199057998375170455,987057,1489866409
-2125397725902326215,987057,1489866372
-1646951956896393460,987057,1489866422
7807134893344399866,987057,1489866372
-5274860862112375247,987057,1489866414
-2208135122380306611,987057,1489866382
8259846740915632861,987057,1489866388
315657641329088123,987057,1489866396
-912829990026521065,987057,1489866380
-4662445402896232149,987057,1489866395
409343433841339035,987057,1489866378
8550996448157759700,987057,1489866387
-4894958772230987352,987057,1489866407
-6438071142035591942,987057,1489866384
-5976058873694496569,987057,1489866425
600010513487456317,987057,1489866371
3823341097921143246,987057,1489866377
1836310023819968173,987057,1489866385
-3900250734567111599,987057,1489866421
-3698354128589323973,987057,1489866376
-955090433680339106,987057,1489866388
-7004156229480501060,987057,1489866419
1878310085762945761,987057,1489866409
-8025982522701402494,987057,1489866390
-6009746689563220104,987057,1489866411
-5203239427101484744,987057,1489866424
-7555709288590641858,987057,1489866375
-1710883244614606549,987057,1489866395
-1326503721009650900,987057,1489866384
-7684716606879906041,987057,1489866402
2524339174007353731,987057,1489866419
6897371954505202104,987057,1489866375
2258838182258986822,987057,1489866380
-6098199289142366571,987057,1489866415
8774619658199830475,987057,1489866377
-6376346692691281458,987057,1489866406
-3777130967937554280,987057,1489866375
2264537860259166675,987057,1489866367
-5076327144635623488,987057,1489866390
-851415753302383260,987057,1489866402
-3966644682443598926,987057,1489866415
6104431775400167930,987057,1489866414
3535077021815553672,987057,1489866400
-6667158757048375257,987057,1489866398
7061186452760917147,987057,1489866397
808267175430832268,987057,1489866422
-2172562880018180591,987057,1489866404
-4157462256838139082,987057,1489866367
-2125612148209388563,987057,1489866385
-2883647818084974036,987057,1489866385
-6488355130629650039,987057,1489866377
9039083435506033915,987057,1489866389
-5133109480424731927,987057,1489866368
-2966316752015213838,987057,1489866409
-4641347358937441984,987057,1489866403
-2699045956962422309,987057,1489866418
-4629563312252528978,987057,1489866422
-7466427799379960573,987057,1489866378
8465091575486448795,987057,1489866391
2776668535237566956,987057,1489866374
2200986675525442082,987057,1489866406
-3821537959586200212,987057,1489866393
-8453525112392952984,987057,1489866366
-2243386244773019405,987057,1489866391
-6804164099630158315,987057,1489866375
-5467776761006646298,987057,1489866414
811679947862865057,987057,1489866411
-6589015651640314720,987057,1489866422
-1257491475677231008,987057,1489866382
7479314265087994894,987057,1489866370
2606908158950830623,987057,1489866392
5298214896904030295,987057,1489866378
-7426775097059584375,987057,1489866409
1796751611742543822,987057,1489866412
-2291549360208439386,987057,1489866400
-3619119012792806019,987057,1489866415
-8738318491884805922,987057,1489866388
-5334070097022975158,987057,1489866415
7258643956363005996,987057,1489866375
-4928921832558612829,987057,1489866379
-2339109634749328988,987057,1489866379
2817614925019672243,987057,1489866389
3638443999543799472,987057,1489866410
3775446860494082406,987057,1489866386
2290550803545484689,987057,1489866401
1778991169413201701,987057,1489866410
2177223404632751315,987057,1489866374
-6258316200013256529,987057,1489866389
7004574119352220669,987057,1489866413
4942082373451734672,987057,1489866377
1788880209209676762,987057,1489866405
-88258663799207782,987057,1489866366
-916662389745579052,987057,1489866420
-6149182335683126351,987057,1489866375
4198396295122746532,987057,1489866404
-4668755984760965890,987057,1489866388
-9183751041403232668,987057,1489866401
-5916074207240300678,987057,1489866388
429144709271531929,987057,1489866395
2915197116088223928,987057,1489866374
-6067912482999539520,987057,1489866404
-3344472121399676312,987057,1489866395
-3794374001699138017,987057,1489866416
8691677924798759341,987057,1489866369
-5362169484499038154,987057,1489866378
-6526515489323694424,987057,1489866386
-5215255297246425196,987057,1489866394
572733471602873920,987057,1489866422
-6219732273474775377,987057,1489866398
2683580952232006644,987057,1489866382
5883161294321107457,987057,1489866366
-1339312836931687725,987057,1489866388
-4450794230348955253,987057,1489866422
7384629877410673877,987057,1489866414
8855652183105177367,987057,1489866402
5790769328804594897,987057,1489866412
7533643388893977444,987057,1489866408
2908788009425127633,987057,1489866385
-6172285935904073664,987057,1489866371
5382485147429018231,987057,1489866378
997525955143336184,987057,1489866406
2536180803016090227,987057,1489866382
6334059954186159534,987057,1489866377
-5064056515090944072,987057,1489866397
-5668853884832467879,987094,1489866424
-3118728959869729765,987094,1489866370
-1678574409358056500,987094,1489866407
4770748485721353642,987094,1489866410
-7810272593096226390,987094,1489866367
-8434472788646704550,987094,1489866394
-7043495561707634918,987094,1489866417
3864605641153726359,987094,1489866389
-2511007065039012540,987094,1489866415
-69798553580521508,987094,1489866391
3162983104420799135,987094,1489866373
6342341322057134410,987094,1489866380
1610549550726535779,985896,1489866381
-8493123081269767572,985753,1489866399
-653954232303097275,985753,1489866384
2474396530199998504,985753,1489866368
8471043992640014406,985753,1489866419
2207800912552497365,985753,1489866391
-2440266257049027810,985753,1489866411
3414246889261035440,985753,1489866411
2778563414040748697,985753,1489866410
3978412459804550604,985753,1489866370
-5860015849429678640,955097,1489866402
4131234310822366467,987068,1489866399
-7595964861106425133,987068,1489866415
8840226837923460315,987068,1489866396
-5271136978727209624,987068,1489866422
-1939328729650079616,987068,1489866392
-3242102990841467407,986130,1489866423
7513509477253940682,986130,1489866416
-9065157043600020065,986130,1489866421
-7851646273311818460,985328,1489866420
6067786192548304721,985328,1489866412
3539425018049968473,985328,1489866410
-210036232721956575,981569,1489866406
-1546928355177655545,918988,1489866413
-6847346795615582898,985201,1489866416
5775755513297552653,986960,1489866419
9046716186717032240,986913,1489866414
-5281439561297422634,986824,1489866399
-6287462929178844315,986824,1489866410
2333489170295197375,986824,1489866422
6313501752713480135,987058,1489866408
-8794648711537255823,987058,1489866377
-1021455324818254145,987058,1489866399
-1797681350741866518,987058,1489866403
7100856524499791316,987058,1489866375
3929230332056836205,987058,1489866408
-7685771158368256263,987058,1489866389
1545162954730747964,987058,1489866374
-3393627547691336185,986993,1489866368
-700751211983301835,986993,1489866409
6530721043838315973,986993,1489866423
-7325854815384734812,986993,1489866404
-9147632958399668874,986993,1489866416
-7807915369653740468,987041,1489866396
-3221243338220656734,987041,1489866403
-4626342165858236422,987041,1489866384
-444458749494462725,987041,1489866390
2656151008706022935,987041,1489866412
8194088404413022973,987041,1489866376
2562715619216749268,987041,1489866417
1290475449032711089,987041,1489866367
6768753594180937971,987041,1489866370
1883250813258867884,987041,1489866395
-4754885890296595135,987041,1489866419
2481771552501189618,987041,1489866412
8909823301899077103,987041,1489866382
-2147477042893960331,987041,1489866419
7586677611336943829,987041,1489866400
283382986126694315,987041,1489866384
5455883545393500454,987041,1489866387
2390739514088439661,987041,1489866380
1620104980936338713,913909,1489866367
3117722026373477913,987079,1489866407
-858037908117795466,987079,1489866422
-5371010026497026942,987079,1489866405
1189573634775062174,987079,1489866381
-2376693705976616426,987079,1489866404
-3781292779907153321,987079,1489866407
-2159271729096552046,987079,1489866422
-1205251164893612832,987079,1489866418
-6708251004227498529,987079,1489866406
-6868570799066516019,987079,1489866424
7483299710761966115,984751,1489866412
-1662013555386340359,1161,1489866401
5448524451797376734,1161,1489866416
1034499102054416187,140774,1489866385
-7418872082915993105,987084,1489866417
-8223342376334399159,987084,1489866416
-7662955999776345778,987084,1489866398
-3118728959869729765,987084,1489866387
-2064389477948492344,987084,1489866378
-2927357922541818715,986068,1489866379
5552658668683716668,986242,1489866416
-7253034133275511010,986859,1489866414
-8992681970646822234,986360,1489866378
5467171416482499045,977179,1489866381
-8305640486021791495,977179,1489866400
2091416054799760444,977179,1489866386
-2332081591000721900,977179,1489866412
2910326413239988658,977179,1489866411
-7325854815384734812,986991,1489866398
6530721043838315973,986991,1489866379
-9147632958399668874,986991,1489866408
-700751211983301835,986991,1489866378
-6951985765112281773,936892,1489866423
666554939913637843,986556,1489866424
3414246889261035440,986556,1489866389
7793322738434682822,986556,1489866383
7974631727258881954,986556,1489866381
2842905159903415710,986556,1489866374
-1336495725695401027,986556,1489866393
2277036006600126946,986556,1489866424
3404445008286095631,986556,1489866379
-3692601618993109724,986556,1489866397
-4261520631506938096,986556,1489866404
-7863958344638901231,986556,1489866413
-9043738663283324368,986556,1489866414
2295460609583869013,986982,1489866380
-4043799222839457441,987043,1489866404
-3295445077538841857,987043,1489866407
-6690402482227217978,987043,1489866385
-5853718592819768502,986934,1489866424
1080273715364639474,986934,1489866395
8828853175071959222,986934,1489866415
-1663294111236917913,986934,1489866402
-1686083936007893447,986934,1489866411
-8426162507133017150,986934,1489866389
-2558037439002690183,167592,1489866423
2697917971122816724,984803,1489866402
-5400377253554075262,986872,1489866402
-8695290503420642883,986872,1489866366
-794892588606521539,986954,1489866383
-7250361813435370017,986178,1489866411
8194051789182355645,984767,1489866394
-854486221509652863,985782,1489866393
-8513082483278421567,985782,1489866401
8758161430706995933,982540,1489866377
18881062445729011,986910,1489866413
6555419448508231823,987072,1489866393
1341495516433110282,987072,1489866397
7531248192303329675,987072,1489866386
-179574081129664493,987072,1489866377
-4983088487159179723,987072,1489866424
8530098472268197532,987072,1489866379
6683995010273363385,987072,1489866392
7281723496725321143,987072,1489866387
-6801036913182167622,987072,1489866411
2516104029719269946,987072,1489866388
-3375620743463664899,987072,1489866400
-1730347094451338516,987072,1489866406
6735005176194110125,987072,1489866379
-7740802220996943406,987072,1489866387
-6966768261765140224,987072,1489866414
221186514050797508,987072,1489866405
6535240074143042465,987072,1489866407
6190770552249265896,987072,1489866403
8802436076340079197,987072,1489866421
268830437036902958,987072,1489866388
-8376363934223144595,987072,1489866424
-5211445876317193681,987072,1489866388
-5464209831832718885,987072,1489866408
-6733261125420505619,987072,1489866418
4527191662925133993,986976,1489866414
3546330003723012253,986976,1489866410
8378045468840954598,986976,1489866415
-7427755887028274985,986976,1489866413
-8616916482210247097,986976,1489866422
-3679471237201083149,986976,1489866412
2507959733746229912,986976,1489866412
5718268057374906828,986976,1489866388
-5112937690107860998,986976,1489866376
-8965348395785318659,986976,1489866373
3269235341784889681,986976,1489866375
-5268340141587786726,986976,1489866426
2210060139264453109,986976,1489866379
337231331376322330,986976,1489866386
7414780374381599623,986976,1489866367
-5817923422282108187,986976,1489866390
-7002776964402423512,986976,1489866406
5708942293216225425,984739,1489866393
7551842968024433122,984739,1489866383
-7123828739005243010,987060,1489866409
-8453720245247875743,987060,1489866417
-5916074207240300678,987060,1489866373
-4883531232624492300,987060,1489866407
-1939328729650079616,987060,1489866392
-7595964861106425133,987060,1489866399
8840226837923460315,987060,1489866390
-5271136978727209624,987060,1489866422
-5736448956410435330,987060,1489866396
-4564775576934756421,987060,1489866423
-5605684286473130763,987060,1489866394
5751739322311743071,987060,1489866414
7479314265087994894,987060,1489866408
-3824184905624878225,987060,1489866422
-6122108072133159711,987060,1489866387
-1204099092399344625,986849,1489866398
913059613097362498,339896,1489866391
5116920390853236171,986939,1489866406
-4403877460651602928,986939,1489866398
8230111832228045301,986939,1489866374
-2806639988909757298,986735,1489866407
-7598075000530595712,499585,1489866390
-7489179907688926339,932067,1489866386
1826956254378414115,987089,1489866398
6055317605555558565,987089,1489866379
2365126070555570840,987089,1489866398
-7465800752362925769,987089,1489866400
-6128901842054138262,987089,1489866372
-4896032884277887591,987089,1489866409
-3380946743274387685,987089,1489866408
-5656351609343981911,987089,1489866388
5714359230413240410,987089,1489866402
-8329909267147930240,987089,1489866405
8695831521678064673,987089,1489866424
5336857663090273082,987089,1489866367
-3824184905624878225,987089,1489866390
-4910259714342296516,987089,1489866417
-6658445627131846483,987089,1489866383
-3461884267173678795,987089,1489866423
-7508649963707711774,987089,1489866403
-395831074520783199,987089,1489866392
-3659875475417172975,987089,1489866386
-1135683514923303794,987089,1489866371
5751739322311743071,987089,1489866378
-4380498623377733468,987089,1489866415
-1695166490817006053,987089,1489866414
-2159271729096552046,987089,1489866388
1215217389112334597,987089,1489866373
3847152539808568310,987089,1489866383
3781462089959750387,987089,1489866398
7597845698977927589,987089,1489866389
6926123362304923893,987089,1489866368
-1348066244548680635,987089,1489866379
-3523481251557340306,987089,1489866425
-7740802220996943406,987089,1489866376
6519509342427086678,987089,1489866417
-7703377550017036030,987089,1489866385
8716590215524297448,987089,1489866367
6026020290493242053,987089,1489866400
5060393329029724589,987089,1489866378
2573029346560549481,987089,1489866406
-5790425262689246238,987089,1489866380
5552001522019662904,987089,1489866375
5389353796987163014,987089,1489866375
2692148169509013270,987089,1489866395
1091889087679644095,987089,1489866384
6663924884389026673,987089,1489866374
-5561450085349917127,987089,1489866387
4272786764239337887,987089,1489866401
-6871838196302543781,987089,1489866401
3446873480377591677,987089,1489866420
-3499898890632881944,987089,1489866409
-609492876278677576,987089,1489866391
-124311448482034449,987089,1489866412
2403041052222618498,987089,1489866396
-7274962087453536395,987089,1489866415
3335593506537145253,987089,1489866423
2970261094303112764,987089,1489866403
2210907978029997098,987089,1489866406
6243441242160317499,987089,1489866366
4571647269094485694,987089,1489866392
-7874260631340955324,987089,1489866419
-3950401985615624357,987089,1489866422
-7721328011120646164,987089,1489866378
3856176465736342776,987089,1489866367
-3936100280909108589,987089,1489866383
-1471721939226964379,987089,1489866421
-5989593526323215153,987089,1489866407
-9048412760042262650,987089,1489866390
881784197858391177,987089,1489866419
-6321483628077243682,987089,1489866408
7501207654899302175,987089,1489866399
5970436857480071612,987089,1489866379
-5237087881382830655,987089,1489866399
-3863738409492952577,987089,1489866423
7329365875548830599,987089,1489866422
1075673369742851111,987089,1489866396
4516770649826581448,987089,1489866369
3434280995847491703,891481,1489866418
8337613741485726025,985984,1489866388
-7805417401900186005,972624,1489866388
-56582218281423105,986880,1489866403
4468324687792666177,986857,1489866426
-3271609640456202664,986857,1489866376
3690723308705125156,986857,1489866408
7793322738434682822,986857,1489866389
-9019531286084082773,986857,1489866423
-3171382090907250476,986857,1489866420
-6318866542804343266,986857,1489866421
3247916648759472395,986857,1489866408
-1792168048854654451,987037,1489866367
2536266548801096370,987037,1489866392
-5419229216217544582,987037,1489866384
1290475449032711089,987037,1489866422
3907104175653002546,987037,1489866366
8892016225198227119,987037,1489866425
-5794427101385061243,987037,1489866400
753741474612478519,987037,1489866393
-2238566690982345819,986679,1489866385
5948555457434263703,986679,1489866375
-4244749275608722718,986679,1489866366
-3743091359642486048,986520,1489866423
-74760969564896119,987080,1489866380
-1205251164893612832,987080,1489866418
-1363349392155058044,987080,1489866381
-6868570799066516019,987080,1489866424
-6708251004227498529,987080,1489866406
-9040026125273923739,987080,1489866421
1242155684739149146,987080,1489866421
-2159271729096552046,987080,1489866417
-3781292779907153321,987080,1489866401
-5969017933692076419,987080,1489866397
-997456159644970388,987080,1489866403
7006256142963964711,987080,1489866367
6055317605555558565,987080,1489866415
1950862236818181768,987080,1489866380
-5095047890048532815,987080,1489866423
1826504801852939609,986071,1489866366
1987159689229517424,986503,1489866384
5363892441451800655,983114,1489866416
2751902995284494202,984492,1489866373
8927094968546833424,411038,1489866397
-7685001374116812671,986828,1489866381
9135150673389709837,974441,1489866380
8761475232739162306,974441,1489866416
7913265699116809117,984329,1489866418
8130824372657115311,986891,1489866364
-176359471539998204,986891,1489866388
4978829914873929494,950744,1489866374
-1561686997949658889,987030,1489866385
2833841976093762537,987030,1489866370
8170725893801540211,987030,1489866407
5147360151866949528,987030,1489866411
-8577271238479068226,987030,1489866395
-4006026895174905751,987030,1489866374
8059469024139700005,987065,1489866390
-5916074207240300678,987065,1489866388
7807004455708629946,987065,1489866410
3607310795969979848,987065,1489866425
-8093541489137066055,986715,1489866393
6372464499690116275,986715,1489866414
-5836956608739861644,986715,1489866379
4084731340314879423,986715,1489866392
7079091324337792083,986715,1489866420
1687044908234028994,984800,1489866401
-2806639988909757298,986745,1489866373
8065442520776096382,986745,1489866388
6892914044661590800,986745,1489866380
-4795901845918295291,986932,1489866390
-1242475882949162880,986932,1489866394
3597317783115186104,986932,1489866424
-794892588606521539,986932,1489866413
6438897447246133212,986932,1489866422
-6906568163520954275,986932,1489866372
-7067954348267583978,194851,1489866409
2374455108504764843,986979,1489866375
6648974624812535323,986979,1489866382
6205910788462882327,987053,1489866372
-6847423773426560174,980700,1489866367
5145984325696429490,984705,1489866372
-9133649552622662477,898488,1489866420
-2172109580791492584,986637,1489866410
-7371057294062470078,986637,1489866399
-648169313923726378,986637,1489866396
816909876066403834,986637,1489866389
-925681636148106882,986637,1489866403
1427045218925425085,986637,1489866393
400448571578798337,986637,1489866397
5977937541083677884,986637,1489866422
8903428963860355955,972937,1489866424
-1843315973977208569,972937,1489866388
1430593222921807628,888448,1489866406
-209996317561696634,986225,1489866397
8472932567218565725,986225,1489866403
-9075931204728118269,986225,1489866418
1717010552348346451,986225,1489866380
6584176215374333006,986225,1489866398
7827115082525196863,986225,1489866384
-3185704474790543723,986225,1489866369
8132517343807536113,986225,1489866385
1285939553869886131,986225,1489866375
-3530427522723309212,986765,1489866405
2891351894815355421,986765,1489866415
-151044335507121503,986765,1489866408
3536048515374800844,986765,1489866390
5590532161631419004,986765,1489866409
6476857707393916922,986765,1489866418
-524867762792049350,986765,1489866390
-912339857034824680,986765,1489866383
-9200358456900939684,986765,1489866399
6168833967312807368,986765,1489866410
-6097799673682701547,986765,1489866394
5058001598435246373,986765,1489866391
-3464276020100905329,986765,1489866393
8714006526521154589,986765,1489866400
5382105434702334042,986765,1489866426
-8521633041668100712,986765,1489866423
-165545140594276415,986765,1489866399
756445159389528959,986765,1489866393
6671113999408791266,986765,1489866381
-6446746167035760898,987024,1489866425
-4980924252859357535,987024,1489866403
-8192111816540265511,987024,1489866371
280083065054175874,987024,1489866425
3863141944799570656,986838,1489866414
-7504209547735621685,986838,1489866411
-4644124603849029817,986713,1489866419
-2154124593947357211,986713,1489866413
-253617436178016772,986713,1489866399
8280570563435727030,986713,1489866375
-849850161532769167,986713,1489866400
-1519158722482737075,983510,1489866413
7923874666010516825,986231,1489866394
8936054167942494061,986873,1489866425
8424018815859285954,986873,1489866393
7963445047350701459,986873,1489866368
6414775921372510012,987056,1489866394
-7806948071498784633,987056,1489866390
2264537860259166675,987056,1489866394
8060190093215441719,987056,1489866367
382461385397882640,987056,1489866408
211638633942775510,986950,1489866390
8529331328740811184,987045,1489866418
-3295445077538841857,987045,1489866407
-3729499838144900152,987045,1489866410
-6016570059775594385,987045,1489866377
1125267344546696449,987046,1489866407
-363120180312933552,987046,1489866412
4966260693662415687,986722,1489866411
913059613097362498,339891,1489866391
2227197240489760907,980003,1489866370
3863141944799570656,986835,1489866414
5384151138765700788,337969,1489866367
-3267111155242923847,985935,1489866371
-251500631778931096,985935,1489866394
1492194802185168737,986749,1489866375
4490910921867057618,986592,1489866422
-9214364157773599775,986592,1489866410
7823843055730394522,986592,1489866421
-3095460393862260118,987003,1489866413
6183277576739548110,987003,1489866373
-9147632958399668874,987003,1489866374
1801196074071549381,987003,1489866373
-742232736735094006,158816,1489866421
9046716186717032240,986923,1489866415
5566940686576147761,986571,1489866400
6183277576739548110,986998,1489866406
-9147632958399668874,986998,1489866395
-700751211983301835,986998,1489866374
1801196074071549381,986998,1489866414
-6479320818317332174,987040,1489866375
-8711918908675736877,987040,1489866369
7952814080674314969,987040,1489866398
6126226248911159246,987040,1489866395
-3144916647993234127,987040,1489866411
-434462724414084023,987040,1489866371
-4981540753959933225,987040,1489866409
-2201890247286471723,987040,1489866388
8642706156156789094,987040,1489866385
4106475749344125582,987040,1489866420
-3522126098780035591,987040,1489866394
-7726091507816887555,987040,1489866421
5989228074219136406,987040,1489866389
-3494635166658453840,987040,1489866381
3253886513802717177,987040,1489866394
6809494395058870365,987040,1489866399
2264537860259166675,987040,1489866423
2983341007429352944,987040,1489866377
-7641410476748861078,987040,1489866386
3620958662397519101,987040,1489866383
-8055732984794336694,987040,1489866389
-955090433680339106,987040,1489866393
-2794053798771567794,987040,1489866423
4700603565667656099,987040,1489866409
4619160893143275772,987040,1489866398
-6417334478164335475,987040,1489866406
-2263767493765130096,987040,1489866416
-2520139522771140751,987040,1489866420
7807134893344399866,987040,1489866373
-6438071142035591942,987040,1489866384
-5308742689537161579,987040,1489866372
576062290139104309,987040,1489866367
-2208135122380306611,987040,1489866382
-5976058873694496569,987040,1489866425
-6098199289142366571,987040,1489866415
3591653290790950795,987040,1489866379
7100437274042856328,987040,1489866367
-7653241495623661262,987040,1489866421
-4890897785220720443,987040,1489866371
5913370670961295204,987040,1489866373
-1199057998375170455,987040,1489866409
-5318372192471596515,987040,1489866383
3461534919411726407,987040,1489866422
-7004156229480501060,987040,1489866419
-3746815549134394418,987040,1489866410
5382485147429018231,987040,1489866426
-7272935160304694572,987040,1489866422
5938092207592959445,980459,1489866421
-3742745833144234516,986567,1489866421
6155174301162708388,968598,1489866404
-4024452958996768956,972889,1489866412
-486192515221517367,987055,1489866371
-4750488038201954961,987055,1489866388
2264537860259166675,987055,1489866414
-5308742689537161579,987055,1489866372
6414775921372510012,987055,1489866395
-1407023306295978100,985338,1489866418
-1135683514923303794,986270,1489866401
-1709846908570433598,986270,1489866391
-1397178535957540961,986270,1489866404
-7605545467150867233,986270,1489866368
8589580984338374591,986270,1489866420
1642439506381727532,986270,1489866416
-7185089352629836905,986270,1489866412
-7740802220996943406,986270,1489866395
-4481677136858988379,986270,1489866384
-2363920147472775845,986270,1489866426
-574833730891749300,986270,1489866423
-6727231177535538453,986270,1489866381
-6552930478474278476,986270,1489866373
-1082671624821869858,986270,1489866420
8684338114162994097,986270,1489866371
-124311448482034449,986270,1489866424
348147969461322090,986270,1489866405
-5234616820598635030,986270,1489866414
3666856235682593184,986270,1489866421
5482623223495298151,986270,1489866420
-6733261125420505619,986270,1489866414
-794892588606521539,986958,1489866376
5775755513297552653,986958,1489866419
-1695166490817006053,986958,1489866413
7376544926145490421,986607,1489866367
6515382399964600195,986807,1489866381
2434955181880629595,987048,1489866414
-6016570059775594385,987048,1489866377
-3295445077538841857,987048,1489866396
2815800801760509866,987048,1489866401
6205910788462882327,987048,1489866384
3803499870174142483,987011,1489866401
-7604087263689303356,987011,1489866392
-8482775360422145624,987011,1489866390
5088985619109952243,987011,1489866426
8689907864054561052,987011,1489866418
-3584094478559683487,987011,1489866414
6803405939408064705,974697,1489866416
7105839584882265929,981574,1489866415
-8605363496229986080,921268,1489866413
703862071219198741,188181,1489866408
-530254494935319959,986685,1489866394
8153725513030625989,986879,1489866419
-6848389331803616187,986957,1489866372
-3569056990190142602,986957,1489866417
4353440135522022853,986957,1489866371
-3199448910962938120,986957,1489866416
8602269084803976862,985404,1489866394
-3726583361059593781,968719,1489866379
6336856119183547542,952840,1489866367
-1407023306295978100,985337,1489866418
6365762452869844328,986717,1489866385
-5253146566624745970,948405,1489866397
1780930095723808101,986887,1489866419
-8993785769675365151,986887,1489866412
-7253034133275511010,986887,1489866375
5367753132215179587,986887,1489866422
-1141658305365874216,343788,1489866382
92475943166086638,986970,1489866380
-1565836379893994381,986970,1489866395
-5238711168524966382,986970,1489866395
-9100150439238413194,986904,1489866417
849952373395497654,987074,1489866401
4150006583980888373,987074,1489866393
-8098128219280055251,987074,1489866404
4269893320675655225,987074,1489866391
-252528366191947302,987074,1489866381
-7211720513186283791,987074,1489866418
1189573634775062174,987074,1489866396
2623493376152466044,987074,1489866393
5885755647834552933,986790,1489866382
-2983902980831799830,421488,1489866367
2333489170295197375,986823,1489866422
7277038221602411337,986755,1489866405
5975318231050653999,986755,1489866380
8170725893801540211,987028,1489866372
-3908969563164614632,987028,1489866399
-8960133658628124627,987028,1489866422
5145666093892636694,987028,1489866425
-1717915602196607363,987028,1489866382
-3199448910962938120,986955,1489866416
4353440135522022853,986955,1489866371
-649157189871647894,986955,1489866370
-3569056990190142602,986955,1489866417
-8750717281818984453,986955,1489866392
5385445696349810053,986955,1489866421
-6848389331803616187,986955,1489866367
8828853175071959222,986955,1489866407
-1663294111236917913,986955,1489866392
-4130594493086554455,986955,1489866404
9019146921959279770,986955,1489866424
3550772487479926792,986955,1489866399
-7602955371859820337,985107,1489866408
-8298400178530293024,985107,1489866371
-9065157043600020065,985107,1489866420
-8741248456378765301,985107,1489866403
1742024975642911426,985107,1489866424
-4937938634072539346,985107,1489866409
6036520611793076910,985107,1489866416
7978564442495664717,985107,1489866380
8815537435832724084,985107,1489866422
1697089614664514627,985107,1489866379
-8440975278413212643,985107,1489866385
-2449434330542175984,985107,1489866404
-3867294517924753445,985107,1489866405
7533021497696128302,985107,1489866413
-4296372645050646442,985107,1489866396
-9171241437061408040,985107,1489866397
-2783253357304911845,985107,1489866374
-8802244451495074850,986729,1489866386
-3815505987184667786,986862,1489866412
-8717575138741412314,987005,1489866418
606211812766730380,987005,1489866399
-1096914385992764474,987005,1489866367
-8130725637171855575,987005,1489866388
-1450176311822611438,987005,1489866367
-3381451336182651435,987036,1489866373
-6107564889550955354,987036,1489866372
-8320472123773971559,987036,1489866408
-3564542150295556623,987036,1489866391
-2379796039369533831,987036,1489866367
1050065812580621833,987036,1489866424
3907104175653002546,987036,1489866391
-5419229216217544582,987036,1489866402
5662170469392808459,987036,1489866383
-683189180410085135,987036,1489866409
3693395048483776563,987036,1489866426
8822498028049945401,987036,1489866426
3874723779493191882,987036,1489866414
2064011734919542108,987036,1489866407
5975318231050653999,987036,1489866405
-6468579528377952050,987036,1489866371
-5627490714864893870,987036,1489866419
-6886933286543554642,987006,1489866405
-6243739073707180684,987006,1489866385
-8717575138741412314,987006,1489866418
606211812766730380,987006,1489866399
-7170596775586199293,983929,1489866371
-6106571914919120602,983929,1489866401
9046716186717032240,986920,1489866415
-4170816142088565327,986299,1489866405
-2401817674667883666,982913,1489866369
3757675235761604784,981878,1489866401
-4591804202337626528,942389,1489866405
2203814574252724377,985022,1489866401
-4243412000914892317,985124,1489866378
2396747846724504676,985377,1489866378
-875345094705859735,984763,1489866412
-7387708519903204244,983939,1489866415
2913114911592854662,983939,1489866375
-8858619848524756754,986775,1489866417
7619339572127665576,986467,1489866420
-6365040995822915648,986467,1489866420
3276200652564854513,986467,1489866399
-1821522195733646397,939411,1489866412
-79940097553271342,939411,1489866388
-6787347425066172714,986696,1489866364
-4026923007311929556,930908,1489866386
5377033924868469649,951659,1489866368
7996928985933996998,985080,1489866399
6539941168717097179,985080,1489866418
7024904098432090790,963811,1489866390
-7813048347264918174,986866,1489866372
-3815505987184667786,986866,1489866401
8245343852555721016,959801,1489866391
-8408930520125992362,343518,1489866396
-5400377253554075262,986874,1489866402
8936054167942494061,986874,1489866425
-6090872388179021562,986965,1489866377
-6585294461109000605,986965,1489866414
-1565836379893994381,986965,1489866405
1430593222921807628,888418,1489866406
-1723667751955553153,940423,1489866394
-4591804202337626528,941659,1489866424
-653954232303097275,985146,1489866417
382461385397882640,987059,1489866407
2264537860259166675,987059,1489866386
-486192515221517367,987059,1489866412
4672864270830872151,987059,1489866398
-5892582269794342079,987059,1489866388
-3139788956762380928,987059,1489866390
-8878854355778348403,987059,1489866367
-1695166490817006053,986963,1489866410
5775755513297552653,986963,1489866404
-3659875475417172975,986963,1489866402
5462313095328337168,986963,1489866401
-5079917333174152239,984782,1489866390
2474396530199998504,984782,1489866376
-4998544782159461718,984782,1489866391
-6585294461109000605,986962,1489866409
-6090872388179021562,986962,1489866371
-1565836379893994381,986962,1489866401
1773390880978959032,986962,1489866367
5018587537368533367,986962,1489866424
8472932567218565725,986510,1489866419
-9075931204728118269,986510,1489866420
-6106163019316596799,986283,1489866389
-7253034133275511010,986867,1489866412
-4718621980873771563,950123,1489866420
4995046790162997129,923539,1489866380
6874593818759814419,984003,1489866373
6535240074143042465,987073,1489866407
5751981787942997720,987073,1489866386
-5464209831832718885,987073,1489866408
6190770552249265896,987073,1489866403
-5211445876317193681,987073,1489866388
6683995010273363385,987073,1489866370
-3375620743463664899,987073,1489866388
-8376363934223144595,987073,1489866424
3258606847885644691,987073,1489866422
-252528366191947302,987073,1489866415
-4150171100418372409,987073,1489866384
4864656383107167659,987073,1489866372
-7211720513186283791,987073,1489866423
7443552746051464866,987073,1489866401
-8859213642407875465,987073,1489866399
-1746283641573497792,986664,1489866381
7855737479400904520,986664,1489866420
7186092500735146485,985025,1489866426
3404445008286095631,985025,1489866376
331663170081268104,985025,1489866412
-3759366861145062906,985025,1489866399
5708942293216225425,985025,1489866412
4992408379962843294,985025,1489866367
211336086604545341,985025,1489866399
-3815645746948755806,985025,1489866402
-8354839429812604560,985025,1489866367
-7427846493602069971,985025,1489866376
-1157235071684074097,985025,1489866410
2829127516649888494,985025,1489866372
7016963349279073933,985025,1489866369
2348092906748069463,985025,1489866427
-317712979935519229,985025,1489866371
8236459109397994844,986848,1489866408
8858970466941590832,986848,1489866387
-2274962586372164413,986848,1489866372
1224653551918080375,986848,1489866374
-1494371486737217028,986499,1489866397
3085279313503208403,917007,1489866414
-1519158722482737075,983503,1489866412
-4609837772034577152,985914,1489866396
-6364143665943831211,980012,1489866397
-7933115681556697553,986788,1489866412
-5720779104771494260,986788,1489866415
-7405246128773339620,986788,1489866407
-6851297736677417037,986788,1489866379
4490910921867057618,986788,1489866422
7823843055730394522,986788,1489866421
3013175285175223267,986788,1489866382
965688769817085962,986788,1489866410
5718268057374906828,986788,1489866401
-2878573638449484631,986788,1489866384
-4861324173457571910,986788,1489866414
5713562348224118682,986788,1489866400
6938265449973530393,986788,1489866421
-4939095945963645007,986788,1489866414
-4391591988014679300,986788,1489866388
5079723515443337840,986788,1489866410
1318690633332083683,986788,1489866403
-2462943118253605581,986788,1489866404
-1629157624108507588,986788,1489866409
-8881368867631661386,986787,1489866404
-7685001374116812671,986787,1489866381
-8733377417013690207,986787,1489866416
7778734223078365025,986968,1489866418
-1565836379893994381,986968,1489866368
4353810067665047953,986968,1489866411
-5853727650772999783,986941,1489866378
-2384885995500428718,986941,1489866372
4592677415375795389,986941,1489866410
3631478279419684020,986941,1489866384
-8676711659208146665,986941,1489866386
3150304027926588652,986941,1489866425
-8633756235439690249,986179,1489866402
-774899557437004374,984685,1489866367
5145984325696429490,984685,1489866372
66776941952881735,940519,1489866414
-8291945998552543780,940519,1489866379
4011975834394203126,936838,1489866392
7373746269305211116,985733,1489866401
4566701055579521457,985733,1489866370
1667676153152454471,985733,1489866397
-7740802220996943406,985733,1489866426
-7452511123481249036,985733,1489866395
-8513433619208248466,985733,1489866393
-681487086090679108,986917,1489866368
-2020159535718072193,986917,1489866393
7079091324337792083,986781,1489866419
-7736652827136032718,986781,1489866421
-912829990026521065,986781,1489866401
-7538547684105592091,986781,1489866420
6217936170360822223,986167,1489866386
-2568548242005686519,986167,1489866405
-2661440857699762173,907973,1489866423
-7790100836373673280,986860,1489866422
-6346972165927751905,986860,1489866376
-8422756828957364865,986860,1489866371
-6551975345907015542,1184,1489866396
6347214246327594065,344814,1489866405
7807004455708629946,987067,1489866410
-8788069239444853472,983661,1489866371
-6432354104569190458,982922,1489866394
-4129699583028954158,977106,1489866413
7441962801288351542,985931,1489866425
3185858881400221022,986899,1489866378
211638633942775510,986966,1489866367
2589740689527289491,986966,1489866367
-6133950256552908225,986966,1489866382
4895565332056229854,986966,1489866370
-2729098564526865162,986966,1489866401
-7572892004522098564,986966,1489866412
6102655950332558363,986966,1489866371
-4388024550660037977,983812,1489866396
7804935688033577166,986498,1489866392
-7253034133275511010,986885,1489866384
1780930095723808101,986885,1489866420
5367753132215179587,986885,1489866422
-7340976477776985443,986995,1489866394
6530721043838315973,986995,1489866398
-9147632958399668874,986995,1489866416
-7325854815384734812,986995,1489866404
-700751211983301835,986995,1489866381
8002159188844234173,986092,1489866406
-1686083936007893447,986944,1489866409
-1663294111236917913,986944,1489866402
8586931920981307760,986944,1489866370
8828853175071959222,986944,1489866415
-4204814520527067730,986669,1489866404
7299336005327242519,905284,1489866378
-9113727408018801942,903500,1489866385
66776941952881735,939801,1489866402
4315281995303877196,939801,1489866371
8337613741485726025,985956,1489866422
5466386273239082150,981024,1489866374
5351182676777452128,984259,1489866370
7551842968024433122,984259,1489866391
-9133649552622662477,898259,1489866420
3892430315249749007,983919,1489866389
-3953606455997531571,986443,1489866387
1146021746970030429,987049,1489866400
-5630994575531625703,987049,1489866417
1585052669609088463,987049,1489866398
8933694238037139385,987049,1489866417
6483709792373056369,987049,1489866378
-1466578327895469689,986475,1489866421
-3580160968626188603,987042,1489866372
8194088404413022973,987042,1489866405
8150408900810867802,987042,1489866377
-444458749494462725,987042,1489866411
7607326934644692285,987042,1489866378
-8148309942011778973,987042,1489866371
8892016225198227119,987042,1489866367
1290475449032711089,987042,1489866375
2562715619216749268,987042,1489866417
-7807915369653740468,987042,1489866396
-3221243338220656734,987042,1489866403
-742232736735094006,158813,1489866421
-8914914445666190639,158813,1489866424
5194507018476550595,158813,1489866410
5301022039384422985,928267,1489866391
1610549550726535779,985650,1489866388
7923874666010516825,985989,1489866394
-1963101730674146459,985024,1489866371
1492194802185168737,986716,1489866368
3918278649274850863,986716,1489866373
8586324208117721916,426975,1489866370
-3867004718465190523,984145,1489866366
3346932195743577633,944661,1489866370
964458592060653950,985962,1489866412
-6172027249403378129,985962,1489866372
-2294488974417682681,981275,1489866405
965565713546730091,895648,1489866410
7807004455708629946,987064,1489866397
8840226837923460315,987064,1489866400
-3237638176478627755,987064,1489866400
4131234310822366467,987064,1489866399
-7595964861106425133,987064,1489866415
4358136949844348412,987064,1489866423
4954340382435845530,986774,1489866423
-4388024550660037977,930786,1489866409
-2064389477948492344,987091,1489866375
-7662955999776345778,987091,1489866381
-3118728959869729765,987091,1489866380
6699097839387207047,987091,1489866373
4770748485721353642,987091,1489866413
-2238566690982345819,986672,1489866399
9109140963791991078,985950,1489866389
3863141944799570656,986839,1489866390
775987987024374569,986839,1489866375
-1185335201130267062,986839,1489866417
-7504209547735621685,986839,1489866386
-1850912404806681246,986839,1489866402
3940080764156071485,985311,1489866411
8337613741485726025,985967,1489866377
341132528092973587,985295,1489866393
-1850912404806681246,986841,1489866392
-7504209547735621685,986841,1489866373
3924331583005086187,986841,1489866406
-1185335201130267062,986841,1489866397
-6346972165927751905,986841,1489866402
1980301359173250001,986841,1489866401
5718268057374906828,986624,1489866420
5439328127245664416,986624,1489866384
-293579115506283306,986624,1489866393
5367753132215179587,986888,1489866369
-210036232721956575,986888,1489866412
9132848372208729285,986992,1489866397
6648974624812535323,986992,1489866368
-700751211983301835,986992,1489866417
7560212858668866499,986992,1489866421
-9147632958399668874,986992,1489866427
-3393627547691336185,986992,1489866368
3577988268977322353,342716,1489866377
-9091788935211135221,986513,1489866397
-2004914788262832383,986789,1489866388
6628082794101728705,986789,1489866392
-3637556974629950572,986789,1489866372
8993535846963903770,986789,1489866398
6330695720299447227,986789,1489866390
8471043992640014406,986789,1489866389
6204412266268728832,986789,1489866409
7023046438698218693,986789,1489866396
7225319771875380927,986789,1489866399
-1634229954685420647,986789,1489866395
400448571578798337,986789,1489866384
-3960383545651554911,986789,1489866422
-8331666657969614013,986789,1489866424
-2207941564035140132,986789,1489866386
-8841890402036693603,986789,1489866371
-4898691645799720279,986789,1489866415
888345387551261733,986789,1489866409
-7584429024372303303,986789,1489866397
2922051925844446154,986789,1489866404
4993922902700905574,986789,1489866426
4628839452452874594,986789,1489866398
-4862121499684466592,986789,1489866405
-950577064382434260,986789,1489866426
-6324295052955569160,986789,1489866425
1263936155826375291,986789,1489866417
-6870333456105699175,986789,1489866419
4980956715051300853,986789,1489866420
3114363420971380236,986789,1489866421
-5330032254507529842,986789,1489866395
-6099100422162182190,986789,1489866400
-5095047890048532815,987081,1489866423
-6708251004227498529,987081,1489866378
-849106965350133797,987081,1489866390
-6868570799066516019,987081,1489866392
-997456159644970388,987081,1489866403
-3781292779907153321,987081,1489866398
8918447498098174311,987081,1489866405
6055317605555558565,987081,1489866415
-2159271729096552046,987081,1489866413
5543711193509289254,987081,1489866389
-4470558347352522374,987081,1489866372
8225690023411783106,987081,1489866387
-2821767614447472327,987081,1489866418
7546847327765772028,987081,1489866403
-5968331344226396507,987081,1489866413
-2120542873991034028,987081,1489866421
2692148169509013270,987081,1489866405
-5046690969224518893,987081,1489866388
-3012564744144801964,987081,1489866376
-3748841957399293376,987081,1489866383
1839689451153088226,987081,1489866408
8337613741485726025,985978,1489866398
7441962801288351542,986273,1489866370
-3920685669247503296,941385,1489866423
-2020381787548501366,986506,1489866406
2589134155829561236,986977,1489866382
2295460609583869013,986977,1489866426
6705517339732279461,986977,1489866403
6515382399964600195,986795,1489866381
1987159689229517424,986140,1489866403
1356128591232390334,986973,1489866407
-7833809356886009896,966072,1489866409
7291504691355297369,986482,1489866380
-8751130613015328246,986482,1489866410
-1276661316577050081,986482,1489866411
45450832401789415,986833,1489866418
6326257612737187701,986276,1489866373
4578249298555200166,980308,1489866413
4954340382435845530,986784,1489866411
3494699210971444554,980490,1489866382
-1841279393464404969,985866,1489866413
2159665355322012770,985873,1489866372
-1193238096830938139,985873,1489866368
-5714878322076095322,919674,1489866396
-4591804202337626528,942460,1489866396
-5794427101385061243,987038,1489866400
8892016225198227119,987038,1489866401
-8148309942011778973,987038,1489866400
1290475449032711089,987038,1489866388
8194088404413022973,987038,1489866405
7976459361491432807,986561,1489866398
-1135683514923303794,986747,1489866401
8589580984338374591,986747,1489866425
-2349253435687011284,986747,1489866409
1642439506381727532,986747,1489866416
-3528570566566132179,961808,1489866367
4025092923979876170,875639,1489866370
635894742375119664,975858,1489866388
132619065493605747,975858,1489866424
-5605684286473130763,975858,1489866394
4979188330914566322,975858,1489866409
6683995010273363385,975858,1489866413
2516104029719269946,975858,1489866398
-179574081129664493,975858,1489866385
-6801036913182167622,975858,1489866418
-4983088487159179723,975858,1489866425
7531248192303329675,975858,1489866386
6555419448508231823,975858,1489866393
-3375620743463664899,975858,1489866400
268830437036902958,975858,1489866405
3151376089071164947,964075,1489866418
6190770552249265896,987075,1489866369
-2045408302366914930,987075,1489866414
-8376363934223144595,987075,1489866404
-252528366191947302,987075,1489866415
4269893320675655225,987075,1489866400
-7211720513186283791,987075,1489866423
-8098128219280055251,987075,1489866404
849952373395497654,987075,1489866401
3931385003222738821,987075,1489866396
4150006583980888373,987075,1489866393
-2598241468086526349,342972,1489866381
8399018600058431919,936631,1489866378
8928310565779783908,986767,1489866416
-6425373429162571214,985271,1489866416
-3726583361059593781,968735,1489866421
-1792168048854654451,986400,1489866411
6991109751004438069,963817,1489866375
-6688611365252790837,913310,1489866417
-4129379944662548865,986943,1489866377
7715845696471907036,986249,1489866409
-3958833928688367098,930411,1489866387
8114406487742125102,987039,1489866410
5954505295307191227,987039,1489866386
-2432461042047419689,987039,1489866370
-1726913676151860457,987039,1489866374
-5915744889133996439,987039,1489866425
5023817076939230130,987039,1489866384
6628540521743196226,987039,1489866393
-216076499113367226,987039,1489866412
5056460391316718361,987039,1489866403
3253886513802717177,987039,1489866401
-8497323497786146741,987039,1489866414
-4981540753959933225,987039,1489866423
1139562636527247082,987039,1489866406
1043591256737474314,987039,1489866396
-4043799222839457441,987039,1489866404
96037329236505719,987039,1489866376
4420622955045774854,987039,1489866392
315657641329088123,987039,1489866426
230367040828483542,987039,1489866396
-2625937811196824049,987039,1489866385
-5968031556279863257,987039,1489866409
-7962759709602034154,987039,1489866393
-6022221758644902259,987039,1489866422
-1054480844106625797,986922,1489866403
1654761150546406602,986922,1489866423
-5511738286737524571,986806,1489866368
4802077836824091375,343565,1489866406
6705424186130291473,951360,1489866419
4307462312024624663,985000,1489866397
7058956128483490324,985000,1489866386
-9173517254512596364,114417,1489866385
-5692790743632146553,114417,1489866402
2192411092940182235,987071,1489866389
4634169904787937819,987071,1489866371
4668722551091709679,987071,1489866417
-7752409165366886774,987071,1489866420
3182176089567805582,987071,1489866395
-5271136978727209624,987071,1489866370
-3109873091524816077,987071,1489866383
1799105119094237677,987071,1489866413
-8175381013144073240,987071,1489866373
3138344893508153006,987071,1489866411
-2407255355807317475,987071,1489866380
-9196631138813728379,987071,1489866423
-8301092598684871719,987071,1489866413
8263353312159118419,987071,1489866421
4869064196535519450,987071,1489866368
3531477764512539042,987071,1489866395
7809103787490731546,987071,1489866416
-1367587585119479356,987071,1489866375
-3964907348040243969,987071,1489866368
-972950389547741655,987071,1489866383
5583015668225934872,987071,1489866383
-4179935457238355046,987071,1489866421
4541263100538437156,987071,1489866416
6824554240772961574,987071,1489866413
8165584008176995209,987071,1489866408
-9185962255904583287,987071,1489866426
8245860102619987089,987071,1489866369
-9035263020667258835,987071,1489866407
6476857707393916922,986921,1489866373
3435468065307386860,986921,1489866371
8756319021011731868,986921,1489866409
39060870190469525,986921,1489866390
-3791648568168618120,986921,1489866424
1013005824295068879,986921,1489866395
-7904410271425861192,986921,1489866393
4375603546397217183,954961,1489866385
-6460924746271591313,987085,1489866424
1839689451153088226,987085,1489866386
6861821980976438080,987085,1489866416
-2159271729096552046,987085,1489866398
6055317605555558565,987085,1489866388
-151044335507121503,986751,1489866410
-524867762792049350,986751,1489866392
-3530427522723309212,986751,1489866405
-1141658305365874216,343787,1489866383
5703310018347367486,986856,1489866368
-7790100836373673280,986856,1489866422
214071645600345304,985262,1489866396
-254207818833301710,985262,1489866384
5977937541083677884,985262,1489866415
-2172109580791492584,985262,1489866414
-7371057294062470078,985262,1489866399
1074842699746094237,985262,1489866386
-8636561540778036513,985262,1489866408
816909876066403834,985262,1489866389
-7170394348868134736,985262,1489866408
5810007101086981267,985262,1489866384
-2858515336908300634,985262,1489866381
312789330628776750,985262,1489866405
-7173548176875533750,985262,1489866381
1428361448495916917,980297,1489866410
5830479024765725826,986946,1489866413
-8521633041668100712,986946,1489866392
-4671778049361965110,986946,1489866404
328120842883210279,986946,1489866378
-524867762792049350,986946,1489866406
8438257846804519485,986946,1489866424
-9200358456900939684,986946,1489866405
5590532161631419004,986946,1489866424
-7962448069872566145,986946,1489866400
1098399998264621846,986946,1489866409
-6080516563116473323,986946,1489866410
-329510232952747194,986946,1489866382
