-8104218791335539677,989479,1490487073
3237877418544353778,989917,1490487088
1669904397821669850,989917,1490487089
2099839326052494536,989917,1490487099
-5366783195186921996,989917,1490487094
-4026461046795658831,989917,1490487091
7757281800075507354,989917,1490487082
-8360209593503374734,989917,1490487124
-7131057345731682799,983612,1490487089
-4016672489663078579,988801,1490487091
2624907017117096114,989027,1490487099
1233371713727818842,988357,1490487117
-65068861494725799,988357,1490487106
1070198836337761900,988357,1490487102
-3363385805858850844,988357,1490487069
8955692248657682886,988357,1490487073
-8308094130902152344,988357,1490487096
-8812226100461151949,988357,1490487126
4427386532181582511,988357,1490487112
5483502762694790176,989921,1490487107
1380582771900915342,989921,1490487123
7200509756809016705,989921,1490487119
-7627628129155801568,989921,1490487094
-4230371867993737463,989921,1490487109
-4867446040832676610,989921,1490487109
-3551436079021720928,989921,1490487117
-8412516108613805023,989921,1490487119
7616467360213623534,989921,1490487101
-7863905814915115905,989921,1490487101
-4826949152000055838,989921,1490487104
7958892080513015186,989921,1490487113
-7593171049991539349,989104,1490487103
-8670289483150920787,989774,1490487129
663615465075689362,989546,1490487069
6547776540002166643,989546,1490487069
6928050145833999306,989729,1490487086
3752469263627021940,986789,1490487120
2589562778418144861,986789,1490487105
-3624805576988132910,943565,1490487118
1557971779230157062,989842,1490487075
-3572514657100050368,877539,1490487110
940403398995953210,987111,1490487074
6371194772315655077,988353,1490487074
-1517848414717532798,989448,1490487089
-4490302758070998096,989448,1490487083
-8553979497047541195,989900,1490487128
8447803874561172142,989900,1490487092
-5727430702107553781,989900,1490487117
-1894354601329416276,989900,1490487104
-4531560260591902723,989028,1490487077
3241814914659578091,989909,1490487115
-2044140379771976314,989909,1490487114
-1094820222579619089,989909,1490487090
3690263995165884129,989909,1490487115
-5366783195186921996,989909,1490487127
3237877418544353778,989909,1490487119
8463203435437214743,989909,1490487086
1700586900022523113,989909,1490487125
-470908298290931093,989909,1490487115
6726202940511468529,989848,1490487100
1276532149705382059,989430,1490487118
2317616622881338910,989430,1490487097
-250281963100095529,989430,1490487123
-528902985907746498,989430,1490487081
6116754565789732017,989430,1490487070
5238900726947872679,989430,1490487120
3054377744240162681,989336,1490487082
-4183139130104046193,74075,1490487104
-5047827209913302127,989888,1490487086
1175596201368811630,989888,1490487082
6400777906486419268,989888,1490487086
4694344907259800881,989888,1490487125
6148972185717672771,989924,1490487086
-3551436079021720928,989924,1490487073
6858406259483717439,989924,1490487084
-6865254449790973633,989924,1490487080
-1558283996940078963,989924,1490487100
-7004822070639441876,989924,1490487073
5854151776195193301,989924,1490487114
2893346080837832547,989924,1490487074
4161161981575015009,989924,1490487095
3955845354267325808,989924,1490487090
-2066915971147595802,989924,1490487075
-7036501823311711725,989924,1490487080
1382773374252204602,989924,1490487110
5205497690455001781,989924,1490487070
9204938889853568454,983949,1490487099
-5802852052854942299,146497,1490487072
1107562510042731056,917784,1490487115
-8452610669093707774,989937,1490487101
3837886941802370432,989937,1490487126
5854151776195193301,989937,1490487122
2645648788023679928,989879,1490487093
2194789782881288316,989879,1490487118
-981400928114657680,989879,1490487101
-2828142947474512074,989879,1490487073
-7821822091916341203,989879,1490487076
-2137512644818794202,989879,1490487100
-3142349718565625155,965489,1490487083
6769725941540948676,989939,1490487071
4794930459195723402,989939,1490487079
5383298881813266389,989939,1490487113
8322708927592224627,989939,1490487084
-8919550203072667421,989939,1490487091
-8439069618790903314,989108,1490487107
1012339547249732243,989074,1490487072
-5382959926580335855,989823,1490487117
4657498029382713725,989823,1490487124
6043311618228292913,989823,1490487088
5567204980310772958,989823,1490487072
-1094820222579619089,989823,1490487106
3690263995165884129,989823,1490487115
-6130746499710480808,989823,1490487099
3237877418544353778,989823,1490487119
-5366783195186921996,989823,1490487127
3241814914659578091,989823,1490487115
-2044140379771976314,989823,1490487114
2981674925525085125,989823,1490487121
8463203435437214743,989823,1490487086
-2153357725771364695,989823,1490487101
2636211373066376770,989702,1490487093
238250741960808180,906176,1490487086
7836935000905774562,944418,1490487078
2499919781710325079,989757,1490487107
5581267889577195123,988542,1490487113
-3899247552839515056,988542,1490487115
-2921812550710015107,988542,1490487118
-1846412448001450275,988542,1490487090
7811739066230686691,988542,1490487092
-6130746499710480808,988542,1490487077
-6938970372325680480,988542,1490487116
-5908535164145074314,988542,1490487100
-3182596798319372765,988542,1490487086
-1094820222579619089,988542,1490487111
8218090449628100918,988542,1490487097
-6000446554292484792,988542,1490487074
-687819404509781991,988542,1490487104
-6065350873117948326,989148,1490487074
6816276797904179712,989148,1490487090
3941848916787635483,988823,1490487069
8916631317892313935,988823,1490487070
2572747161878522543,988823,1490487080
6885371079294553003,988823,1490487083
3333254325823256176,988823,1490487103
-8336464273109097122,988823,1490487090
7294965921448141870,988823,1490487087
6696887902673683084,988823,1490487113
5381637144249625199,988823,1490487077
-283320863688277279,988823,1490487089
8569719931996276448,989873,1490487077
6538460877482664822,989698,1490487070
-7675575818979629781,989824,1490487104
4125492420846881541,989824,1490487125
-6921983732356080316,989824,1490487111
-4772053110894190310,989824,1490487116
-5579555024739337121,989824,1490487079
8219364204618661397,989824,1490487128
4816422685988504691,989824,1490487103
880095854365841825,989824,1490487121
-6348511497440315976,989824,1490487093
-6451879412578481094,989824,1490487071
-9149146122211337604,989824,1490487108
-4473296496225555568,989824,1490487087
313649719050691447,989824,1490487106
-8897603975663963407,989824,1490487128
5357059547444334342,989824,1490487094
4034272392238023387,989824,1490487071
7087417252016762535,989824,1490487075
7483160653650804349,989930,1490487091
4287133987805927526,989930,1490487109
4221962789313767585,989930,1490487123
3578050355559482786,989930,1490487101
-1038854333454097415,989914,1490487087
-6539005926663711748,989914,1490487090
9035775131890580086,947273,1490487088
-9202621553960162174,989623,1490487118
6801753159325088734,989934,1490487078
137448863005894021,989934,1490487070
600719363022369970,989934,1490487069
4221962789313767585,989934,1490487081
-6294920236239462410,989934,1490487099
4069244091309015208,989934,1490487079
-6065389519774023527,989934,1490487118
8787020278448152027,989934,1490487108
5043560103126742188,989934,1490487105
3996875616481415927,989934,1490487097
-8452610669093707774,989934,1490487116
-1341363216098890471,989934,1490487077
-3551436079021720928,989923,1490487086
5854151776195193301,989923,1490487091
-3687245546942437439,989872,1490487118
-6184783044254828665,989427,1490487093
3384439573999510225,988718,1490487083
2395032351924927468,989841,1490487099
4645542007638202093,989793,1490487104
4713043409167279274,989793,1490487074
-9145249473217036900,989588,1490487082
7217431483868824329,989588,1490487093
1520321220560313164,989588,1490487093
2670417328709845571,946806,1490487079
-4993791707752722927,981688,1490487084
5381637144249625199,989131,1490487096
8264824738614987889,974441,1490487099
-5524340644592742249,974441,1490487080
-5213950536758144784,974441,1490487118
-7131057345731682799,982808,1490487108
4221962789313767585,989935,1490487103
-6294920236239462410,989935,1490487104
600719363022369970,989935,1490487070
-4467991780690577590,989362,1490487102
-3535641027568618325,989838,1490487094
7272980307150713161,989838,1490487099
1527552341324286474,989838,1490487100
8219364204618661397,989838,1490487128
4816422685988504691,989838,1490487103
541654348866551857,946940,1490487097
4333469009315394445,989885,1490487083
3365909955578472510,945201,1490487099
-1027514658114299568,338820,1490487104
-1143782008772757718,897228,1490487119
-6294920236239462410,989932,1490487120
4221962789313767585,989932,1490487115
600719363022369970,989932,1490487101
-2249684267882783255,989387,1490487091
6966676328630705243,933696,1490487071
5186014127483186058,419101,1490487085
3336917751386691037,988923,1490487102
1273425103019173421,989748,1490487110
5357791824077580765,989748,1490487078
-981400928114657680,989883,1490487073
-6887883575107280347,989887,1490487094
-353990714198295047,989887,1490487123
5607685537782698288,989887,1490487091
4707030247176857484,989887,1490487110
1175596201368811630,989887,1490487113
5869219083486945045,989864,1490487099
-6628107981450729517,989864,1490487078
-6989643673033524039,989629,1490487112
8916631317892313935,989338,1490487079
221190709997015475,989443,1490487119
-5467230138022502473,342014,1490487127
940403398995953210,986682,1490487074
-7330668437498804409,988840,1490487120
-8575293174779041100,989828,1490487116
6373108719875677596,989827,1490487085
4313356248885069405,989389,1490487110
-2275889840847467186,989799,1490487091
4226037349003421888,989799,1490487108
4285211307788702445,989799,1490487105
-4068516829213406379,989799,1490487072
-1981917149435958816,410170,1490487118
4435705803181716390,989740,1490487098
6538460877482664822,989695,1490487080
-1117958043842173547,989787,1490487080
-6211494220638154754,989787,1490487079
-2024075413782236110,989787,1490487112
-4978124627040241859,989787,1490487074
684871834917753669,989787,1490487083
-5579555024739337121,989787,1490487079
4417194541358738317,989732,1490487088
4713043409167279274,989820,1490487086
8528893777897049730,989422,1490487122
-8612549614107781440,989813,1490487069
4400959213708285434,989813,1490487089
-7150196595821715771,989813,1490487123
-8670289483150920787,989813,1490487070
7973503297306348525,989813,1490487116
-4779904438436861728,989813,1490487083
8424298116174436647,989813,1490487070
-5467230138022502473,400749,1490487089
-7408387260800716606,989575,1490487124
1872491641881088611,989575,1490487113
1677670334531626573,989575,1490487116
-8698975474026224976,988821,1490487109
-475303003392612737,989321,1490487112
-8439069618790903314,989107,1490487107
2499919781710325079,989762,1490487110
1724611633346997630,137474,1490487109
1221859250013282970,988864,1490487086
-353990714198295047,989886,1490487083
4707030247176857484,989886,1490487093
1175596201368811630,989886,1490487105
-5047827209913302127,989886,1490487112
3837886941802370432,989940,1490487118
5154664366842429088,989940,1490487094
5854151776195193301,989940,1490487121
393938788399395888,989940,1490487078
-8452610669093707774,989940,1490487088
-2831804235958410750,989940,1490487102
8834390456805634793,989940,1490487113
-8302673138222203071,989940,1490487120
-4847025618616295068,989940,1490487091
5684178394807813590,989940,1490487128
-6083006063750215101,989940,1490487128
-820788708765540135,989940,1490487091
9000102969981397881,989940,1490487118
-5914229441518544492,989687,1490487090
-594082163583528540,972937,1490487115
607092347562476526,972937,1490487096
4290359610770722412,972937,1490487076
-7323456429086171885,988818,1490487115
6900528538275891537,74062,1490487072
3570927306411960853,989735,1490487119
4221657075496650236,989735,1490487126
3295030385820919783,988974,1490487109
-8587122082727037649,989765,1490487107
4433464046735717300,989368,1490487109
-65068861494725799,987891,1490487108
117811492400058508,987891,1490487072
1273425103019173421,989746,1490487123
2711681849183922778,989021,1490487101
5654202581891605868,958098,1490487106
-5727430702107553781,989893,1490487117
-1894354601329416276,989893,1490487104
-8553979497047541195,989893,1490487127
-2705718994873893098,989893,1490487111
-4437694330046913246,989893,1490487112
8538521491711205325,988998,1490487080
4417194541358738317,989734,1490487088
-8829513757973895641,989804,1490487080
4713043409167279274,989804,1490487082
-8587122082727037649,989747,1490487075
1273425103019173421,989747,1490487123
8013219754658529467,420300,1490487093
-2179757222266481189,989447,1490487112
-2828142947474512074,989447,1490487093
-4183139130104046193,74080,1490487104
7817148808185508184,946905,1490487078
6438250023169383137,989067,1490487075
-4772038545047080888,981213,1490487118
7186454058467775476,989557,1490487116
6484966306738297565,989557,1490487129
-4556117731194303394,989562,1490487080
8609143025495497927,989562,1490487119
3725734812716514142,989562,1490487084
-4528539180126049945,987713,1490487105
1194016557755971960,946343,1490487117
-4085922568421588619,946343,1490487128
-4651371173248233977,989145,1490487122
-6445397601641817710,989145,1490487111
2645648788023679928,989878,1490487093
4435705803181716390,989772,1490487098
-5489966518948754681,989772,1490487125
2449575856470836680,989772,1490487082
8908654037718349787,989772,1490487103
-2632004972050027652,989772,1490487114
-8269543223218944768,989772,1490487098
7160875591956708111,989772,1490487113
944368751973457472,989772,1490487101
-7326831102177230703,989772,1490487119
-1456142768026484750,989772,1490487092
2711681849183922778,989025,1490487101
8619174055732039752,989832,1490487123
4162385236221432951,989832,1490487083
2395032351924927468,989832,1490487099
8735194041199740582,989832,1490487124
6198072620703679925,989832,1490487074
8538521491711205325,988992,1490487080
-6363498519731495699,989664,1490487119
3139790310954997131,989831,1490487070
-3535641027568618325,989831,1490487100
5928915707127461196,989831,1490487087
-2450430270008574303,989831,1490487087
-6211079037164314623,989831,1490487085
7699989061955575285,984659,1490487094
-4342443625572848437,984659,1490487113
-7135515085901029491,989054,1490487102
1700586900022523113,989910,1490487125
8209785711302039313,989910,1490487126
3690263995165884129,989910,1490487103
3237877418544353778,989910,1490487112
8463203435437214743,989910,1490487080
-5366783195186921996,989910,1490487120
-470908298290931093,989910,1490487115
6358078569083499065,989910,1490487125
-7323456429086171885,988817,1490487085
-4473296496225555568,988817,1490487075
-592614772302554565,988817,1490487074
2747577665985971083,988817,1490487104
-8104218791335539677,988817,1490487087
5457510833956975179,988817,1490487084
-195571963308918830,945167,1490487094
-4342443625572848437,987706,1490487096
2191196318174413089,987706,1490487092
7186454058467775476,987706,1490487116
-2705718994873893098,989904,1490487111
-1894354601329416276,989904,1490487099
-5727430702107553781,989904,1490487111
-8553979497047541195,989904,1490487126
-3027286520024573954,105046,1490487088
-6628107981450729517,989861,1490487090
5869219083486945045,989861,1490487107
-364109130797127479,947292,1490487097
-9166115759196154337,175283,1490487101
-4531560260591902723,989038,1490487124
-8812226100461151949,989882,1490487107
-981400928114657680,989882,1490487092
-3750974092516303570,989899,1490487124
-8553979497047541195,989899,1490487128
-1085201814103887413,989899,1490487094
8528893777897049730,989426,1490487122
6301996827563516693,989498,1490487069
-6034875864024894356,987930,1490487114
9323823652491157,982240,1490487114
3570927306411960853,989617,1490487119
-5234653964726314892,989844,1490487109
1162355763790747070,989844,1490487121
-1951276406171639694,989862,1490487073
4713043409167279274,989693,1490487092
-6114617700603262479,989706,1490487091
8190726759235074819,989713,1490487083
-3348755636719141696,989713,1490487089
-4128232376182944979,989665,1490487096
-1794640423925799243,989905,1490487076
8235952873860435882,989905,1490487105
-1846412448001450275,984922,1490487115
-1313294568084463907,989902,1490487082
-470908298290931093,989902,1490487108
8463203435437214743,989902,1490487073
3690263995165884129,989902,1490487082
-5366783195186921996,989902,1490487113
4258235458864763912,989902,1490487092
3237877418544353778,989902,1490487101
-4026461046795658831,989902,1490487101
5779926539926554647,989902,1490487109
1669904397821669850,989902,1490487089
2099839326052494536,989902,1490487099
8060644150821297326,989902,1490487108
3571874103350021727,989902,1490487098
-4528539180126049945,987710,1490487108
3554389450588473881,940519,1490487111
-9202621553960162174,989626,1490487088
-4531560260591902723,989030,1490487124
-7765796626817575578,902834,1490487106
8706401567598184261,989609,1490487128
-8000522627798254068,989483,1490487129
8770136208751101698,946430,1490487126
-5047827209913302127,989889,1490487112
1175596201368811630,989889,1490487101
3139790310954997131,989822,1490487070
6614537237202608005,987951,1490487081
-7183017867651711200,987663,1490487091
-3142349718565625155,965472,1490487123
-4253727846742696740,989792,1490487087
-1693346287906476881,989929,1490487107
7483160653650804349,989929,1490487110
4221962789313767585,989929,1490487123
-3142349718565625155,965486,1490487076
5670052409147473811,989475,1490487098
3376887184114259902,989915,1490487073
-3551436079021720928,989915,1490487117
-7627628129155801568,989915,1490487094
1380582771900915342,989915,1490487123
5483502762694790176,989915,1490487107
7200509756809016705,989915,1490487119
-8031392518890438264,947317,1490487105
538829116009480301,989671,1490487126
3924654810271242679,895860,1490487115
3295030385820919783,988973,1490487085
-4063187453012886982,988973,1490487117
2290261541062594763,988973,1490487128
6632538183328007908,988973,1490487087
8478723468463773400,988973,1490487109
-4515826445448907094,988973,1490487114
-8328860181098245364,989595,1490487128
768246936213502416,989791,1490487085
-42416089270505874,989791,1490487091
-2307133087825544873,114959,1490487128
-7236681730913284671,989115,1490487082
2645648788023679928,989390,1490487088
6955654715464852157,989390,1490487088
-7252960572272130107,988437,1490487117
-5612141509009526850,984546,1490487126
6928050145833999306,989728,1490487085
7483160653650804349,989931,1490487125
6251580315795110165,989927,1490487082
3571874103350021727,989927,1490487072
-4858562580326805987,989927,1490487081
-7036501823311711725,989927,1490487076
709794847076271734,989927,1490487086
-6954150822756030235,989865,1490487106
-8893056410345540677,989865,1490487077
8569719931996276448,989865,1490487077
3375465492893330491,989865,1490487094
7973503297306348525,989865,1490487123
3070321669043365544,936838,1490487102
-8897839562180436067,984496,1490487076
7908885085300556770,989894,1490487083
-5079773655583634542,989894,1490487073
-2292807123353399575,989894,1490487093
1619514343642348062,989894,1490487098
2009138339557848619,989894,1490487111
2753372404472046936,989894,1490487126
5873210048790400019,989894,1490487123
-1673723732154256152,989894,1490487110
4134848168710732684,989894,1490487125
-7131057345731682799,982426,1490487108
6400777906486419268,989890,1490487079
4694344907259800881,989890,1490487077
5616291572508571760,989890,1490487079
2009138339557848619,989890,1490487111
2626891538501370743,989890,1490487098
-2292807123353399575,989890,1490487094
-5079773655583634542,989890,1490487073
1619514343642348062,989890,1490487098
2753372404472046936,989890,1490487127
7206918621865826719,989482,1490487090
6726202940511468529,989853,1490487100
-254182594142995574,989853,1490487096
-6610847565053132131,989908,1490487083
-2024075413782236110,989794,1490487112
-9148288374911683388,989794,1490487090
-3141276853759798990,989794,1490487073
7983572681949137829,958826,1490487106
-8553979497047541195,989907,1490487114
-1794640423925799243,989907,1490487076
8528893777897049730,989450,1490487091
5670052409147473811,989450,1490487098
3295030385820919783,988972,1490487109
-7036959060617118249,984800,1490487100
-3099611448948842236,972031,1490487089
-1291389994243108927,972031,1490487115
8706401567598184261,989618,1490487128
6838596171688464675,989618,1490487084
284433592039324823,989618,1490487122
2074775680506835009,989618,1490487108
-475303003392612737,986279,1490487112
5649749826977645166,989011,1490487126
2624907017117096114,989011,1490487099
7499261610124947606,155763,1490487098
3924654810271242679,895398,1490487128
2445623534717999523,989544,1490487122
8427708329174322918,947233,1490487089
-7657078384309872151,989866,1490487097
-4026461046795658831,989912,1490487087
7757281800075507354,989912,1490487082
-699701193066446103,989912,1490487108
-8360209593503374734,989912,1490487124
6156480259534879522,989912,1490487072
2099839326052494536,989912,1490487083
8235952873860435882,989912,1490487076
-5366783195186921996,989912,1490487084
5871419470177050219,989912,1490487086
-3475583855493369222,989912,1490487090
3376887184114259902,989912,1490487073
-673122486503622952,989912,1490487104
-7720833182891289211,989912,1490487091
6614537237202608005,988687,1490487124
-6294920236239462410,989936,1490487091
-8759845097369472743,989936,1490487116
4069244091309015208,989936,1490487072
-8452610669093707774,989936,1490487116
3996875616481415927,989936,1490487097
7491879388201871521,989936,1490487085
-1404729059681613319,989936,1490487113
-8613945272176481312,989936,1490487128
3384439573999510225,988720,1490487083
-2249684267882783255,989402,1490487091
4694344907259800881,989892,1490487125
1175596201368811630,989892,1490487071
6400777906486419268,989892,1490487086
-4772038545047080888,986053,1490487108
-6887883575107280347,975858,1490487103
-353990714198295047,975858,1490487123
4707030247176857484,975858,1490487110
1175596201368811630,975858,1490487113
5607685537782698288,975858,1490487091
4862571738839978031,989286,1490487076
-2107973831226505380,989286,1490487089
682419289001909091,989286,1490487115
-7455342152398062262,972057,1490487081
-4467991780690577590,989903,1490487100
-5727430702107553781,989903,1490487106
-1894354601329416276,989903,1490487092
-2705718994873893098,989903,1490487104
-8553979497047541195,989903,1490487125
6813930676676488770,989903,1490487072
6747551828912918123,989903,1490487093
-5649253533752469434,989903,1490487121
4313356248885069405,989323,1490487110
-359742126507225602,989407,1490487084
4313356248885069405,989330,1490487102
4761780503380029782,989919,1490487073
-3551436079021720928,989919,1490487112
5854151776195193301,989919,1490487127
1070198836337761900,989919,1490487093
7378799632127899231,989919,1490487074
-1558283996940078963,989919,1490487119
-1686166926740465352,989919,1490487124
-4799714280960761817,989919,1490487070
-4215376869638153398,898047,1490487074
4333469009315394445,989884,1490487083
-7150196595821715771,989814,1490487124
-3142349718565625155,965488,1490487095
-1846412448001450275,980253,1490487123
7858482914124054611,988715,1490487076
-4535859111908648065,967052,1490487098
-3142349718565625155,965482,1490487123
7032995826921846484,989700,1490487125
2636211373066376770,989700,1490487093
-1673723732154256152,989897,1490487110
5873210048790400019,989897,1490487123
6446432220696325712,989897,1490487122
-1143782008772757718,894828,1490487119
-1417144619288272426,989836,1490487124
-7947242113905215414,989836,1490487129
2839924298719460278,989661,1490487083
6538460877482664822,989697,1490487080
6177186256216088543,989815,1490487127
3020909927702663695,989938,1490487098
4219328054458815773,989938,1490487121
-1404729059681613319,989938,1490487113
6544486169440431950,989938,1490487075
8032944221895284086,989938,1490487088
7491879388201871521,989938,1490487085
-7056609865584513824,989938,1490487069
4161161981575015009,989938,1490487074
9000102969981397881,989938,1490487106
3837886941802370432,989938,1490487126
5684178394807813590,989938,1490487105
-8759845097369472743,989938,1490487095
-299490282541318365,989938,1490487098
-8613945272176481312,989938,1490487128
-8302673138222203071,989938,1490487110
3996875616481415927,989938,1490487090
-8452610669093707774,989938,1490487104
8860304766103417970,989938,1490487101
-7666210467492319410,989938,1490487124
-2176733431817840981,989938,1490487077
7016657414151071948,989938,1490487097
6326984621424865298,989938,1490487118
4002935111245477679,989938,1490487124
-7730957056465207514,989938,1490487120
7105129271986822323,989938,1490487128
7811739066230686691,989938,1490487073
-1287979713697936672,989938,1490487082
5390815873594824339,989938,1490487113
5075938030037748974,989938,1490487105
7414233167927252140,989938,1490487089
-820788708765540135,989938,1490487114
8800239368303880986,989938,1490487071
-4694390973365088264,989938,1490487120
-5467230138022502473,142434,1490487127
6446432220696325712,989898,1490487122
5873210048790400019,989898,1490487104
791274395860155752,989898,1490487101
-1673723732154256152,989898,1490487090
3276572781476129779,989898,1490487094
-4021551563878638542,989898,1490487080
-7489999182664004424,989898,1490487114
-7036501823311711725,989898,1490487109
-9218208042421563944,989898,1490487070
2168299535225709656,989898,1490487085
6731201787394884456,911991,1490487124
-2301676056205905854,989834,1490487121
-3535641027568618325,989834,1490487100
7272980307150713161,989834,1490487100
-5321045268563991375,989881,1490487088
-981400928114657680,989881,1490487101
-5579897115095473590,989881,1490487124
8609143025495497927,989601,1490487119
-2307133087825544873,114957,1490487128
-1978295369295094247,173430,1490487104
5451949878107158000,987758,1490487129
-8782239639486303538,987894,1490487124
