1802261042118226746,991776,1490923867
4565216686739766002,991776,1490923863
-479378386811544533,991303,1490923823
-2564888644021409469,991921,1490923850
8275005569988482639,991921,1490923813
-5924079394574752143,991921,1490923854
-4255995967658689390,992005,1490923829
3650531866411617299,992079,1490923844
-838862491882507336,992079,1490923839
-3868445445126210859,992079,1490923844
-3607918617071683891,992079,1490923855
5984680130824837723,992079,1490923832
9158202557030280135,992079,1490923871
-6205140446955483917,992079,1490923855
-3373272289258971530,992079,1490923867
-7021876307738517584,926443,1490923857
-3513230835439713714,992045,1490923858
373683153160525455,925963,1490923856
-3513230835439713714,975858,1490923851
-4113394339121297898,935356,1490923837
-9105189629788664873,991758,1490923827
4158861870722118464,991758,1490923845
3684473114637313144,991746,1490923820
1692601293268630580,991746,1490923836
-1390743449108467927,991926,1490923862
8275005569988482639,991916,1490923857
-1989722649957540140,991983,1490923854
-2429381295766594811,991983,1490923869
-2348396556165427409,991983,1490923816
-5915686967274358716,991983,1490923858
-7683224256103685116,991917,1490923839
7517581964976137191,991917,1490923856
3670886315275071014,991917,1490923830
-8444698962262427356,991917,1490923855
-8726856534151833603,991917,1490923863
584748557592568280,991917,1490923848
-1374474993478313071,991917,1490923823
4513691238657757216,991917,1490923862
-254451406572725491,991917,1490923833
-7869013402109143057,991917,1490923840
-2890362522924597452,991917,1490923828
-697066979514468845,991917,1490923818
8353322702204874520,989523,1490923839
8353322702204874520,986986,1490923821
-3896496934521554683,991202,1490923839
3684473114637313144,991761,1490923836
-470594842749606038,991784,1490923818
-7404338439003716460,878943,1490923820
5630243868081907005,991442,1490923833
8455159861575052493,991836,1490923847
-1979975687100680741,991836,1490923832
-6422468516372163675,991836,1490923823
654010511004690654,991836,1490923860
7609953190719330514,991836,1490923826
3402427259393115138,991836,1490923864
1084114759157948517,991836,1490923868
-7920247987971895677,991836,1490923840
-380863032677781567,991836,1490923847
-6976237395936259139,991836,1490923856
8264885871704072887,991836,1490923860
-9050766742000234056,969463,1490923860
-4016328474590967788,991228,1490923836
4158861870722118464,991619,1490923826
7001980018812065058,992059,1490923861
-1656762590969110808,992059,1490923821
-4122288157014727319,966293,1490923858
-1671499569537018236,990809,1490923859
-5924079394574752143,991922,1490923854
9002301231821356060,991922,1490923863
4314082405082507441,991922,1490923832
5281845703280545327,991922,1490923853
-3807702011192646380,992014,1490923816
-8215929317792254273,992014,1490923849
6441877929639877635,991870,1490923851
3519271841871061011,991870,1490923871
638319247105304908,991946,1490923841
4989427467459868355,992021,1490923865
5076665322078454616,992021,1490923835
4405797841543834795,992021,1490923857
7323664770739397722,992035,1490923849
-8323723208834239585,991860,1490923838
-8716644212016084125,991860,1490923860
-999349686114261410,931521,1490923834
633378282997204164,423863,1490923843
2412074537967198608,991187,1490923839
3519271841871061011,991901,1490923858
-5984529792355249522,992087,1490923852
4772538650409581499,991395,1490923837
-6933539336031703677,991395,1490923825
6040265742255255273,991395,1490923829
-4919956962344755079,991395,1490923869
-3970138400468537689,991395,1490923856
-7138655714081122464,991395,1490923842
3208888274994830082,991667,1490923832
1699011977706516050,991861,1490923837
-4996482159773634385,991853,1490923825
-3408818256239515828,992028,1490923836
5288883794874805652,991305,1490923866
-4744295437997489632,992032,1490923828
1425684096826273816,992032,1490923852
-7458984805787725802,989567,1490923832
8805318183718932151,988910,1490923822
-490466534256221594,904225,1490923864
-3346764953313241856,898047,1490923844
-7381243110925587626,991915,1490923863
5281845703280545327,991909,1490923853
4314082405082507441,991909,1490923832
3396936188944143277,991909,1490923821
-8427020417444757374,991909,1490923866
-5879573970690543768,987334,1490923832
-6416106103481380569,985024,1490923836
1572897425925758231,991941,1490923867
-8343902742512633061,991941,1490923815
708488282043583685,991941,1490923859
8323835609848034174,991941,1490923820
-4132357941284492651,988973,1490923816
-3304384404720286693,991778,1490923831
-6678729192147723270,991778,1490923861
3593667955671655421,991778,1490923846
4945396628224981994,991778,1490923821
7353292157604848516,991778,1490923827
8295348314878448942,991778,1490923858
-7317879856456725471,991778,1490923861
-1223120564132332991,991778,1490923814
8702068065302762831,991778,1490923832
-4387935011141751959,991778,1490923829
-1103402823576019049,991778,1490923822
3924949754238603619,991778,1490923843
1332849151523446000,991778,1490923828
591208459941685596,991778,1490923867
-1739626146603654843,991778,1490923870
5336815984710544506,986702,1490923822
-3753914713610241651,991417,1490923854
-5169688269399361132,991417,1490923826
8444277196269536103,953331,1490923841
4634577642600571708,991936,1490923853
2817260508704087177,991936,1490923859
2344477367984076866,991936,1490923847
-1824379770978248982,991936,1490923818
-4617424444671461400,991936,1490923859
6099362722506068221,991936,1490923851
-1390743449108467927,991936,1490923862
7221372501826235091,991936,1490923843
-3945747503446075176,991936,1490923872
1019737247845574149,991936,1490923817
-7965027177387022272,991936,1490923828
1316442706374957953,991936,1490923824
-6714593169619220843,991936,1490923856
5075143295903301960,991936,1490923820
-5521880996811463075,991936,1490923852
3778271918715157371,991936,1490923827
4516443588070276820,991936,1490923820
8456431682571351515,991936,1490923857
-5190064103095915278,991936,1490923853
-3490549385970495085,991936,1490923860
-2089827511296459342,991936,1490923850
947858107416955583,991936,1490923857
6340796472197349882,991936,1490923846
3684473114637313144,991385,1490923867
3886903221331189571,991391,1490923845
6670366504761378093,992081,1490923817
-3340045482033533117,992081,1490923840
-2618125474959240219,992081,1490923817
632956111917484288,992081,1490923856
-9076566152805836501,992081,1490923816
4656842862408124506,992081,1490923855
3571154639668059219,992081,1490923863
3699670024594613210,992081,1490923870
-8879914665321242073,992081,1490923858
430852067407441905,992081,1490923858
4347898557406261665,992081,1490923824
-2046232814581282093,992081,1490923857
-1788585530169789550,992056,1490923855
5288883794874805652,989132,1490923860
8805318183718932151,988923,1490923822
-6642454717622920126,991627,1490923816
4656842862408124506,992085,1490923845
3699670024594613210,992085,1490923827
34484013498751288,992085,1490923835
1120727597643421486,992085,1490923857
-6840192664407015479,992085,1490923819
632956111917484288,992085,1490923822
-381354717822144679,992085,1490923821
1071294125161317691,992085,1490923871
-5033924174288900508,992085,1490923846
6771023662738560585,992085,1490923872
-479378386811544533,992085,1490923848
8331951640202646039,992085,1490923859
157833396508381448,991931,1490923834
2032336971406053699,991931,1490923816
7367997387917166297,992051,1490923841
8462175807635556839,992051,1490923843
-36854239736667853,991346,1490923817
2292640781541391801,988470,1490923818
1898286108107036577,991530,1490923856
-1458419640211522175,991991,1490923816
2752335441392793020,991991,1490923855
7745834963930949571,988823,1490923871
-7957534766202392485,988823,1490923834
-1458419640211522175,991976,1490923865
3368602687206402880,991976,1490923814
-8085737423438398871,992029,1490923860
-5063981469963207947,991402,1490923840
-5373422188935786903,991626,1490923839
1425684096826273816,992036,1490923852
-6613399074122508853,992036,1490923835
-3408818256239515828,992036,1490923821
-2915696260230248781,992036,1490923831
1941895327204511119,992036,1490923832
-8047410493759691042,992036,1490923813
7367997387917166297,992036,1490923855
5649333221119936953,992036,1490923867
2411728560458868816,992036,1490923823
-2762059599552981790,992036,1490923821
-7155682928348055108,992036,1490923832
5981123629928462789,992036,1490923824
-429366262272662906,992036,1490923839
3376361758743271570,992036,1490923838
-2308640481996432191,992036,1490923830
-1334321231646617226,344922,1490923822
5115406888691679477,992009,1490923858
-3369902746806396574,992009,1490923828
5196338879771532476,992009,1490923823
6769323989728868272,992009,1490923830
-5830766435989195826,992009,1490923859
8926136342590310205,992009,1490923815
3819375181623553368,992009,1490923852
7051354746512597202,992009,1490923821
8655139241950904003,992009,1490923818
-226883692437473938,992009,1490923865
413955668194643197,992009,1490923867
-7548394116371649748,992009,1490923863
-6017494848150199773,992009,1490923869
3131358514570731975,992009,1490923865
8379322409160811015,992009,1490923846
4553939086369625945,992009,1490923823
-1656762590969110808,992061,1490923821
7001980018812065058,992061,1490923852
2467997108240614571,992061,1490923860
2422490255099251921,991793,1490923837
2467997108240614571,992065,1490923859
7001980018812065058,992065,1490923841
3684473114637313144,991786,1490923815
1473948575230032595,991176,1490923822
-8716644212016084125,991981,1490923860
4069730686929551985,991981,1490923829
-8665593793444687081,991981,1490923856
1332849151523446000,991981,1490923843
-1251637505612585535,990458,1490923841
1563513773206132262,992072,1490923863
7001980018812065058,992072,1490923830
3303507923496359193,992072,1490923844
2627178517623364957,992072,1490923855
-765238644648386067,992072,1490923835
-9166000196812200166,992072,1490923860
2381933913074926250,992072,1490923817
-7764911342582283629,906572,1490923838
-6515298600081916745,991734,1490923831
5645798823092223152,991734,1490923871
-9216743066241493708,991841,1490923858
-3245949952267840186,927157,1490923841
3562813667034428573,984622,1490923824
5336815984710544506,986715,1490923831
1802261042118226746,991729,1490923867
8353322702204874520,989559,1490923857
-2956071423417838396,990301,1490923833
5917301011460014113,990301,1490923849
5947961826650406270,990301,1490923821
-6111177813308364321,928948,1490923818
-1749763248689368430,992080,1490923842
-2839341202943545848,992080,1490923835
-3607918617071683891,992080,1490923840
-3373272289258971530,992080,1490923867
4514828142292434969,992080,1490923869
-3868445445126210859,992080,1490923818
9158202557030280135,992080,1490923863
-8665593793444687081,992080,1490923840
3272489577200074802,992080,1490923835
-6205140446955483917,992080,1490923855
5984680130824837723,992080,1490923819
-381354717822144679,992080,1490923845
-6549008884797630421,992080,1490923821
-7860703394601686526,992080,1490923870
6560130659583462875,992080,1490923846
-7100989788725140613,992080,1490923835
-7123670819036208699,992080,1490923855
-3749155433259653530,992080,1490923837
-5619716688664008084,992080,1490923817
-1519582023244202693,992080,1490923869
6670366504761378093,992080,1490923848
-373142823419542559,992080,1490923846
1694058209214126634,992080,1490923833
7509465484117401164,992080,1490923833
7555876474913423736,992058,1490923832
6420836609137022684,991904,1490923872
-1033990485536605643,991904,1490923852
3724227455416733402,892075,1490923869
5114737037524723082,991844,1490923828
955215627272898288,991844,1490923856
5009909645634714107,991844,1490923869
-3335286393307808999,991844,1490923861
-6477928582156989654,991844,1490923839
3962257009867068287,991844,1490923848
3272847489079008005,991844,1490923836
583070941777035465,991844,1490923825
-5672787194821504612,991844,1490923847
-6002044680980906272,991844,1490923847
657986316793182240,991844,1490923823
7953764086168819993,991844,1490923823
2617546385290712443,991997,1490923869
-6082867704762300604,991997,1490923871
4137774188621326314,991997,1490923833
-186170609520259425,991997,1490923834
7260063180042965146,991997,1490923834
3846526315134017692,991997,1490923868
4971815131253596308,991997,1490923843
-5915686967274358716,991997,1490923862
-1739626146603654843,991997,1490923817
2467997108240614571,992067,1490923850
7001980018812065058,992067,1490923838
1563513773206132262,992067,1490923862
-1989500070323886247,991940,1490923832
-5886799025791899600,991743,1490923851
5630243868081907005,991406,1490923833
-3304384404720286693,991406,1490923865
-7683224256103685116,991905,1490923871
-2073022564028783537,991905,1490923848
7319864062407767191,992024,1490923844
4989427467459868355,992024,1490923830
-8896932134842113973,992024,1490923833
3293450610649931197,991016,1490923836
-2073022564028783537,991708,1490923828
4663181201898077189,991708,1490923830
1068411527024355933,991708,1490923838
-7576704767594587988,991289,1490923849
-2598804516388183340,991366,1490923864
3208888274994830082,991894,1490923852
-6642454717622920126,991354,1490923820
-7683224256103685116,991907,1490923863
7517581964976137191,991907,1490923868
5573121358736355995,992062,1490923822
7001980018812065058,992062,1490923861
4405797841543834795,992022,1490923855
4989427467459868355,992022,1490923853
-2956071423417838396,984703,1490923842
-7372706314679067963,984703,1490923814
4883026584505801919,984703,1490923824
3206431382350328359,984703,1490923833
627625908875962011,984703,1490923852
3581743445927160618,991006,1490923814
-6949873004941000698,991006,1490923826
-3069426984352860487,949637,1490923858
4405797841543834795,991944,1490923845
4989427467459868355,991944,1490923845
7319864062407767191,991944,1490923846
9141823370599082036,991944,1490923866
-3995569553367992252,991944,1490923833
-3682999442901228387,991699,1490923835
8043033947515695882,991699,1490923838
8353322702204874520,989394,1490923857
7202664090966965354,992040,1490923852
2627178517623364957,992071,1490923855
-9166000196812200166,992071,1490923860
3303507923496359193,992071,1490923828
-765238644648386067,992071,1490923835
1563513773206132262,992071,1490923817
4945396628224981994,992071,1490923814
2381933913074926250,992071,1490923817
-225195605575042671,992071,1490923844
-2839341202943545848,992071,1490923842
-6303449424990144394,992071,1490923829
3272489577200074802,992071,1490923871
3070670787262981035,992071,1490923823
8421215193811244646,977315,1490923854
-8199631176815206926,991977,1490923819
-5963704454496150151,991977,1490923815
6769323989728868272,991977,1490923852
-6840593031021817483,991977,1490923842
-2766693920778135503,991977,1490923814
3261566142016635773,991977,1490923814
3064932808650144598,991977,1490923853
5196338879771532476,991977,1490923823
817529677984855604,991977,1490923868
8926136342590310205,991977,1490923815
-3369902746806396574,991977,1490923828
5656650890451891182,991882,1490923854
-6487860807779007779,991882,1490923867
-2744310596197713269,906626,1490923858
5573121358736355995,992052,1490923862
-1749763248689368430,992052,1490923835
4588129294367183344,991721,1490923859
-1788585530169789550,992055,1490923855
-7975119788116390995,991808,1490923857
4819590312402874727,916414,1490923871
1650144037276236767,991701,1490923838
1563391814973931925,991629,1490923852
-470594842749606038,991847,1490923844
-6642454717622920126,991623,1490923820
-7793593355299694344,991955,1490923825
1100671969912174940,991955,1490923830
-7077150484811205017,991955,1490923824
-4893151570402873655,991955,1490923831
-7957534766202392485,991955,1490923871
1572897425925758231,991933,1490923863
-8343902742512633061,991933,1490923813
7476296593748996222,991933,1490923851
-8679834542417087669,991933,1490923869
612447466309326658,917028,1490923815
-1458419640211522175,991979,1490923865
-4213988809133817043,989336,1490923852
6420836609137022684,991902,1490923872
1715762386098994850,991902,1490923855
-804977985965664880,991851,1490923834
-3682999442901228387,991851,1490923835
2700351809845707175,991851,1490923839
-77744074922852045,991851,1490923815
2477991475795914034,991851,1490923829
-3953698815531832681,991947,1490923857
4153469756583685648,991264,1490923832
-5557309808342763592,991264,1490923837
4204177740417751818,991826,1490923844
-5757844581134111147,991826,1490923825
-4893151570402873655,991826,1490923864
-9008286837062514409,988454,1490923840
-1609636838025115065,988454,1490923818
5131908807911336756,988454,1490923816
-4500894896447903962,988454,1490923864
-5040461470846696370,992047,1490923823
5649333221119936953,992047,1490923841
-2345705252578057474,992047,1490923848
8656371321180465148,992047,1490923848
-8667208591440425046,992047,1490923847
8767538231380046796,992047,1490923834
5649333221119936953,992049,1490923843
1774933331367370537,991638,1490923855
-1983856680273775337,926825,1490923822
-6205140446955483917,992084,1490923822
6670366504761378093,992084,1490923833
-2618125474959240219,992084,1490923825
632956111917484288,992084,1490923856
-695930818562626243,992084,1490923845
-2618125474959240219,992096,1490923864
3891377074549158833,992096,1490923834
7476296593748996222,992096,1490923817
5258761716754602526,992096,1490923819
-5373422188935786903,991656,1490923838
-7372706314679067963,991969,1490923860
3206431382350328359,991969,1490923833
-6422468516372163675,991775,1490923860
5097695133329429177,417307,1490923848
-1740469369720260635,992074,1490923855
-7772922872066932392,992074,1490923856
-5492883169676775967,992074,1490923845
8808343500605761533,992074,1490923813
-4629157829718107906,992074,1490923863
3813407477160967697,969026,1490923867
-1843958616668239135,974441,1490923836
3699670024594613210,992083,1490923870
632956111917484288,992083,1490923834
4656842862408124506,992083,1490923855
1120727597643421486,992083,1490923862
-2392904253259506053,992083,1490923834
-8582794782646894790,992083,1490923828
-3928916529506001379,992083,1490923829
-4113394339121297898,988664,1490923823
964144248024494137,991670,1490923859
-5215512024720648759,987582,1490923825
7486592170128355890,991216,1490923830
-6713366853941664068,123724,1490923833
7870780527853041423,991678,1490923839
4989427467459868355,992020,1490923865
-7733239415879686732,992092,1490923842
-4079940772443223456,992092,1490923859
3446640392777889050,992092,1490923858
-9216743066241493708,991840,1490923858
2412074537967198608,991068,1490923854
5024554152805496889,990102,1490923817
5669758561565871826,889449,1490923855
-3304384404720286693,991867,1490923847
-3291234413042018462,991993,1490923852
5645798823092223152,990856,1490923855
-5063981469963207947,991393,1490923865
-3442726408688897433,885098,1490923865
-6713366853941664068,123725,1490923833
8275005569988482639,991889,1490923857
-1374474993478313071,991911,1490923819
5011537429322312246,426547,1490923824
-2457188989961869558,992097,1490923870
7009648556418000176,992097,1490923865
-6234900049044424141,992097,1490923831
3795154242681576586,992097,1490923860
165147365804774971,992097,1490923862
-3212674777093649627,992097,1490923825
3241263022877018916,992097,1490923823
5803633027688340440,992097,1490923818
-1740469369720260635,992066,1490923837
-4629157829718107906,992066,1490923863
-7772922872066932392,992066,1490923846
-5492883169676775967,992066,1490923837
-7778203727719425564,992066,1490923862
-4285664528096732948,992066,1490923819
-8450946296299057293,957159,1490923844
765001357406477537,985734,1490923872
-3408818256239515828,992001,1490923836
-2588348837697524939,972031,1490923831
-4136676268753501907,991995,1490923836
-1547682086771209978,991995,1490923814
-4943786411510805275,990261,1490923836
-470594842749606038,991805,1490923844
-8098815407895445637,991233,1490923819
-3304384404720286693,991227,1490923857
7373536782021392475,972937,1490923825
246252872479593850,972937,1490923871
-6416106103481380569,986921,1490923836
521073353930074662,991771,1490923847
-4285664528096732948,992075,1490923816
-7778203727719425564,992075,1490923862
-7772922872066932392,992075,1490923828
-5492883169676775967,992075,1490923826
2954115436331968045,992082,1490923852
6560130659583462875,992082,1490923846
-6549008884797630421,992082,1490923821
6159731334732963640,992082,1490923849
-5619716688664008084,992082,1490923817
6670366504761378093,992082,1490923848
-6205140446955483917,992082,1490923830
1682838746570864945,992082,1490923851
1676920762129557558,992082,1490923844
-5292360061529178135,992082,1490923861
-8824842109483006407,992082,1490923832
4588129294367183344,991715,1490923859
-6817747932908824149,991466,1490923856
1816446741132398325,991466,1490923871
6765236297179335952,991883,1490923854
7517581964976137191,991883,1490923868
-7683224256103685116,991883,1490923849
-8726856534151833603,991883,1490923869
3670886315275071014,991883,1490923830
-7954355203773736422,875518,1490923865
-5063981469963207947,991401,1490923844
-4919956962344755079,984922,1490923868
-3304384404720286693,991392,1490923865
3684473114637313144,991781,1490923824
3851170540890303928,991744,1490923846
-3405914757295159787,343094,1490923850
1816446741132398325,991467,1490923832
-1458419640211522175,991987,1490923821
-3995569553367992252,991987,1490923861
2752335441392793020,991987,1490923855
3397467693034402763,932884,1490923814
-1824379770978248982,991925,1490923818
4634577642600571708,991925,1490923853
2344477367984076866,991925,1490923847
-5492883169676775967,992077,1490923818
8711834564952876604,992077,1490923827
-3868445445126210859,992077,1490923844
-3607918617071683891,992077,1490923855
3650531866411617299,992077,1490923844
964144248024494137,991706,1490923852
4934426685096891825,990843,1490923836
8421215193811244646,983535,1490923853
-5586455770059142794,991792,1490923864
-6111177813308364321,990326,1490923816
-4807384130906973089,990326,1490923868
-561589291771018321,990326,1490923861
-3673024884764065738,990326,1490923856
-5915686967274358716,991932,1490923849
1500144469481851526,991932,1490923830
-2150347686925673311,991932,1490923828
8326329876195640916,991932,1490923828
3428949881913336785,991932,1490923814
-1001273830638265249,991932,1490923853
-7706024437161489206,991686,1490923813
521073353930074662,991745,1490923870
-7458984805787725802,989522,1490923867
-2564888644021409469,991716,1490923822
-5882151622289572652,991612,1490923827
6441877929639877635,991759,1490923860
6420836609137022684,991888,1490923833
1715762386098994850,991888,1490923830
-7683224256103685116,991888,1490923871
1816446741132398325,991469,1490923871
3684473114637313144,991780,1490923847
-5063981469963207947,990825,1490923857
-1374474993478313071,991891,1490923823
1715762386098994850,991843,1490923855
6420836609137022684,991843,1490923845
-7417916193314923923,991843,1490923820
4588129294367183344,991490,1490923856
-6515298600081916745,991490,1490923831
137532114841714459,991837,1490923870
-1989722649957540140,991837,1490923862
-2429381295766594811,991837,1490923869
-6234900049044424141,992098,1490923822
6282693604013279790,992098,1490923824
-2626977477617979378,948838,1490923813
-2896350128808511217,991748,1490923863
-2865510297380036086,991712,1490923868
-1390743449108467927,991957,1490923814
-5169688269399361132,991021,1490923828
5463398671302956904,991551,1490923853
638319247105304908,991959,1490923815
3064932808650144598,991426,1490923845
3423911432737589744,991426,1490923835
-495209450994267745,991426,1490923842
4204177740417751818,991724,1490923861
7555876474913423736,992053,1490923817
591208459941685596,992073,1490923855
-6303449424990144394,992073,1490923829
5942984101322581646,992073,1490923872
-225195605575042671,992073,1490923841
5283851606839698053,992073,1490923831
3070670787262981035,992073,1490923818
-2348396556165427409,992073,1490923860
4589307297209826149,992073,1490923827
3061690719571029881,992073,1490923839
3272489577200074802,992073,1490923871
-7772922872066932392,992073,1490923856
-1740469369720260635,992073,1490923855
-5498752987124164004,992073,1490923860
2706306367925682261,992073,1490923858
8808343500605761533,992073,1490923816
1610979414370461126,992073,1490923853
-8320757145798960482,992073,1490923818
-5492883169676775967,992073,1490923845
-1458419640211522175,991982,1490923826
-7458984805787725802,989469,1490923867
-3792031440636795607,991953,1490923822
-8238256906458613683,991739,1490923849
8264885871704072887,991884,1490923860
5656650890451891182,991884,1490923854
6771966009085826688,991884,1490923866
9078103771729753433,991884,1490923844
201709380911058617,992060,1490923868
5573121358736355995,992060,1490923865
-4108810961820889663,992060,1490923839
-4077206267857781094,992060,1490923832
-5567229323001388061,992060,1490923836
-6920731989511401955,992060,1490923860
-7706024437161489206,991975,1490923855
3368602687206402880,991975,1490923814
-1458419640211522175,991975,1490923862
5459918270239776436,991975,1490923858
8715767726642502250,991975,1490923840
-6863720335087739117,991975,1490923829
700451829398854721,991879,1490923818
8461885514855210125,991879,1490923847
-1149426030301480321,991879,1490923845
-7155682928348055108,991687,1490923836
-1788585530169789550,992034,1490923824
-1648244160499474514,991787,1490923849
-6082867704762300604,991787,1490923871
7502784141663417427,991031,1490923868
-3800348879128144069,948119,1490923868
5354945661779627738,987131,1490923856
-2361820107555338874,987131,1490923854
3684473114637313144,991774,1490923867
-6398395511191610228,988437,1490923861
363713590758264167,990773,1490923871
