705740629134343458,989154,1490324906
4037746524222446090,989154,1490324890
7427693369568434259,988988,1490324893
-4228346005507615023,988988,1490324904
-6119245189577950114,988578,1490324899
-5240763002768741707,989194,1490324927
3116528072955267604,989194,1490324940
4777545792123647602,989194,1490324922
4573249224839634411,989194,1490324907
-8878609027847499787,989027,1490324944
-1110500119721607034,987271,1490324898
-6312059698870331097,988897,1490324943
6405498595063545187,988827,1490324923
126196565999691867,987193,1490324902
-6957507000440449696,989166,1490324903
-8203372144181160897,989166,1490324898
-154081056648266286,989166,1490324943
-1110500119721607034,987427,1490324898
-2647931604816854637,989136,1490324899
-8203372144181160897,989136,1490324909
8873046450920272013,989245,1490324906
1628595429587284714,989245,1490324900
-4894557127646016416,989245,1490324930
1980512367971527714,989245,1490324933
-3591077113237128251,989245,1490324945
4597200051206519226,988785,1490324910
7525074791431805804,989216,1490324899
-6172890350282883437,988983,1490324904
5759145549762183442,988983,1490324899
-7845103615683363802,988983,1490324923
-122178001869850745,988983,1490324923
265869349621887430,988983,1490324941
-4976394955859680361,988813,1490324891
721164953238943960,988297,1490324894
-1904232156342346452,988940,1490324930
-1813671277912905918,988940,1490324936
-7616072344920629994,988940,1490324915
-4428684553247342540,988940,1490324932
-6120449020885699204,988938,1490324934
-2838364852385524432,989018,1490324912
-4139979839185202867,989008,1490324914
-2352392750754340565,989008,1490324930
8137312041819858117,989008,1490324935
681487068399918603,989008,1490324914
4640537053575101138,989008,1490324930
-1462884017330390810,988812,1490324913
5802332068231965358,982240,1490324887
-1564512727419744368,988522,1490324894
440691479126768227,951881,1490324906
3812917248885888688,424213,1490324939
692140725376295720,983781,1490324899
6524572577877520933,989182,1490324922
7417782524466361340,989182,1490324944
5038003532317759881,989182,1490324926
-2372802330437100011,988830,1490324942
-7079818638400635867,989025,1490324907
4781980467267069760,987951,1490324921
-5768041816343475707,985783,1490324921
7481724172950783730,986978,1490324905
2723333772682683147,986978,1490324934
7558063600469091746,989206,1490324912
-6571085979458313067,989206,1490324900
-583432572234140825,989206,1490324944
-7799003196549175475,989206,1490324940
-8148876365335707839,989274,1490324889
2305278746385421521,989274,1490324899
3906259301953563450,989274,1490324922
6524385050997187066,989274,1490324927
-3980796238249214090,989274,1490324938
3403955612698915038,989274,1490324911
-2224698923709161951,989055,1490324917
7619527709784558957,989055,1490324935
-4905109316481559256,989055,1490324901
-4133096166056455173,989055,1490324928
7341465026321921704,989055,1490324938
-1083434504185869186,989055,1490324891
-8631931523501333412,989055,1490324913
8794212586958162177,989277,1490324890
-4139979839185202867,988993,1490324932
8606277261743152000,989238,1490324917
9113793091492908822,989238,1490324914
3292733759017204906,989238,1490324906
4354187557931527373,989238,1490324900
-8566789632700364013,989238,1490324928
7328545995501299248,989238,1490324903
-2370706102776475678,989238,1490324920
-3739121572378572898,989238,1490324933
-7332778745933320244,989238,1490324943
-5449973802181112275,989238,1490324944
-7117787607300313020,989026,1490324942
-1029287615455910447,989091,1490324913
-3017651329685372435,989091,1490324907
-3552792348240437282,989091,1490324894
-3591077113237128251,989248,1490324899
-7592465624597774873,989248,1490324939
-7302059793521610386,989248,1490324919
-2058120715120785655,989248,1490324931
-4505913488480490711,989248,1490324920
6184884767618484118,989084,1490324931
1797209217272723982,989084,1490324905
265869349621887430,989084,1490324921
-1484861810027182776,989084,1490324937
-1504697348778480396,989084,1490324890
-9005591657949827922,989084,1490324933
-2443158734508050498,989084,1490324903
-4411106788109913613,989084,1490324897
2315049138351514523,989084,1490324896
4549545408578471800,989228,1490324933
7015309187000639329,989228,1490324905
1229555824718794477,989228,1490324938
8355878242784898344,989228,1490324892
-9181562053965081766,989228,1490324890
6596677090763667500,989228,1490324941
8606277261743152000,989228,1490324917
3292733759017204906,989228,1490324907
-5102136101099165690,989228,1490324947
4354187557931527373,989228,1490324900
-8566789632700364013,989228,1490324928
-5951074457317725143,987029,1490324944
-2604432058213515611,964475,1490324907
4182022007420957523,972937,1490324940
-1506421846160461885,972937,1490324912
1540992973314231882,982752,1490324945
7920864667683615085,989177,1490324895
-2362998012446106605,989177,1490324893
3849283881460853074,989177,1490324889
7558063600469091746,989177,1490324928
-6571085979458313067,989177,1490324911
-4954292634816862824,989177,1490324890
-583432572234140825,989177,1490324944
-6119245189577950114,988582,1490324899
-1601408725090148735,988582,1490324931
-2466348590879123355,988982,1490324927
5038003532317759881,989176,1490324908
-1029287615455910447,989176,1490324909
986517023368237124,989176,1490324932
7118239481160032810,989176,1490324890
8007706587125401074,989176,1490324920
-8562385156122281979,989176,1490324942
2501144029521671676,989176,1490324890
126196565999691867,987911,1490324888
-5287649207123010452,987911,1490324922
126196565999691867,987558,1490324891
-8609829855728119132,903212,1490324904
-4992087462386739772,988027,1490324896
371403929182572724,989143,1490324909
6316371263891090216,989143,1490324936
734828485464771206,989143,1490324925
1137952006976592826,989143,1490324917
-1917426703048601065,989159,1490324933
-901652521223308465,989159,1490324911
-6957507000440449696,989159,1490324915
268280414400451162,989159,1490324906
126196565999691867,987206,1490324897
-1140571275344200524,988682,1490324906
-2461391623440243115,989051,1490324941
-2372802330437100011,989051,1490324907
7455908127247998412,989051,1490324907
-5178726588359685983,989051,1490324909
7214525921530964834,989051,1490324909
8724976045647560910,987406,1490324913
-6382808161717618633,343342,1490324892
-7799003196549175475,989209,1490324940
-6571085979458313067,989209,1490324894
-583432572234140825,989209,1490324939
-7840125156520041120,989209,1490324937
-7608165355222188588,989209,1490324942
5038003532317759881,989187,1490324912
-4894557127646016416,989247,1490324915
-7302059793521610386,989247,1490324944
-3591077113237128251,989247,1490324909
-2058120715120785655,989247,1490324934
-7592465624597774873,989247,1490324939
3812917248885888688,906202,1490324893
497527415366062813,989197,1490324902
-4786062388084660601,989197,1490324927
-2370706102776475678,989197,1490324912
-8019308635442991747,989197,1490324937
1384699422823035959,989197,1490324929
-515972626184467075,989197,1490324939
3999257326806705087,989197,1490324933
-5742897628843133865,989197,1490324945
5083761474089715120,989197,1490324921
8873046450920272013,989197,1490324941
7597581768049261083,989207,1490324924
-7799003196549175475,989207,1490324909
-5265032636801708973,989207,1490324894
-7840125156520041120,989207,1490324904
-583432572234140825,989207,1490324924
-6646178993026160322,989207,1490324902
5671926853862613244,989145,1490324897
6093749807966107788,989145,1490324917
-793274297149518734,989145,1490324903
1540992973314231882,989145,1490324943
7148844206347621444,989145,1490324919
-5244672152910435460,989145,1490324912
6768378851300546332,989145,1490324907
4822289310720374910,989145,1490324947
3191940272936766611,989145,1490324897
4838824528576543619,989145,1490324891
1501378054151285323,989145,1490324938
4012434639735442868,989145,1490324889
4443391996621492844,989145,1490324930
-4528919116700112065,989145,1490324906
8764451491195077069,989145,1490324926
-7778723723820348041,989145,1490324936
-5204010029576585510,989145,1490324928
6320580475316955031,989145,1490324907
3925638662154782544,989145,1490324893
-4163893819973823388,989145,1490324907
-7541494918531019109,989145,1490324903
3002112307089358517,989145,1490324945
-4680845721521361116,989145,1490324888
-268454948483374616,989145,1490324915
7073096859154652456,989145,1490324893
7126907914650037864,989145,1490324931
4290376547117223799,989145,1490324932
4956153224202275571,989145,1490324908
6900170584399330951,989145,1490324939
-4463961609588952419,989145,1490324890
8369768897067630199,989145,1490324925
9090667549594582163,989145,1490324921
4930155091926828129,989145,1490324925
-410905672478181965,989145,1490324926
-1638743015545421468,989145,1490324928
1552568645381090628,989145,1490324926
5918121803443022266,989145,1490324899
6861773417821448403,989145,1490324890
-6010382957981673642,989145,1490324915
1632728569903005388,989145,1490324911
-1142207906768248665,989145,1490324900
-309574384895080186,989145,1490324934
3646336120259758468,989145,1490324916
6874335023884673210,989019,1490324892
5671926853862613244,989019,1490324908
-4488338631924573451,989019,1490324911
-8082048775157279858,988673,1490324946
-21233313369081619,988576,1490324920
4082426282669545449,982426,1490324934
2858238666781969144,925396,1490324911
-8949977333644375652,989155,1490324912
-1917426703048601065,989155,1490324933
-6957507000440449696,989155,1490324915
-2858809447392526728,988995,1490324906
-6646178993026160322,988996,1490324894
-4139979839185202867,988996,1490324932
-2352392750754340565,988996,1490324930
-8878609027847499787,989075,1490324897
6869602702932640908,989257,1490324896
-2554802055502919945,989257,1490324921
-1529702966970847173,989257,1490324946
8353372157321907406,989257,1490324888
-566477402668321920,989257,1490324915
-4373598910146201589,989257,1490324925
-3769817357108721584,989257,1490324940
3246689772561481208,989257,1490324890
7229952647156732731,989257,1490324898
-5182473733809850410,989257,1490324896
9178840284997962619,989257,1490324893
4574715665400441663,989257,1490324912
5939266849254414314,989257,1490324905
1636713447976214492,989257,1490324940
-1414589111747345268,989257,1490324900
4781980467267069760,987904,1490324926
7637185491085209234,988225,1490324932
4082426282669545449,982808,1490324924
-7616072344920629994,988878,1490324928
-1904232156342346452,988878,1490324934
-1813671277912905918,988878,1490324936
6894766662249487573,987577,1490324932
8631600908315080750,886376,1490324902
-4522948562362564910,989201,1490324934
-847589939134349844,988954,1490324932
6571146708213682148,988954,1490324937
-7616072344920629994,988954,1490324933
-9067558435278182046,921468,1490324901
-5287649207123010452,987872,1490324936
126196565999691867,987638,1490324893
-8088940946983131518,987925,1490324899
1259851111173439104,987925,1490324941
5034172501242233298,842976,1490324945
8895910664258753109,989280,1490324942
-3691632009890524769,989280,1490324910
-4830894849998305886,989280,1490324891
3082787824359517291,989280,1490324914
-7529015730735984775,989280,1490324911
4769931989226722978,989280,1490324940
8355878242784898344,989280,1490324921
-5623167832790744441,989280,1490324895
1749750528623573414,989280,1490324920
-692216996847629351,989280,1490324910
-2218622836425339860,989280,1490324888
-5308505878067261480,989280,1490324935
7353371259840098532,989280,1490324900
5541751202536342399,989280,1490324947
4508368631651852640,989280,1490324895
3189878106502289587,989280,1490324945
7645223128409237616,989280,1490324943
5148768225758506896,989280,1490324907
-1233885931127181547,989046,1490324892
2727645374843255499,989046,1490324933
-1564512727419744368,988446,1490324943
2696602249240476454,988715,1490324900
-5265032636801708973,988843,1490324928
4747346327475243381,989108,1490324937
8659335279767174721,989108,1490324918
7386542082917959304,989108,1490324916
-1066282371969439127,989108,1490324917
-4792106493185018467,939411,1490324906
-955490328254872083,989101,1490324944
5724169719394395121,989101,1490324916
4481442609807431783,989101,1490324889
440691479126768227,951867,1490324946
534043028118277424,914745,1490324943
-736020727865087348,989172,1490324892
-7845103615683363802,989172,1490324917
265869349621887430,989172,1490324941
962550484367294055,989172,1490324925
371403929182572724,989172,1490324893
4082426282669545449,983612,1490324888
8958676743949301661,983612,1490324891
-2214135402846005743,983612,1490324894
-6787296616402330412,989092,1490324934
7856989068385258689,906841,1490324920
6244191151495513368,989148,1490324922
-8669912928700837854,989148,1490324894
5640347479860995436,989148,1490324889
-8509315336582681980,989148,1490324895
797172609317803398,989148,1490324899
5497408283580222179,989148,1490324933
885810117587731257,989148,1490324894
292884303258082765,989148,1490324926
-8383725529198097208,989148,1490324937
3355281837550083849,989148,1490324929
1630624600239312933,989148,1490324907
411183411074553792,989148,1490324926
4390473487930637575,989148,1490324939
-8025943012077385543,989148,1490324900
-6355768636248674581,344823,1490324941
-1851845756210882990,989100,1490324923
-7255928647248249264,989100,1490324944
5015096503285698886,989100,1490324908
-1504346343300352555,989013,1490324930
8686354811418712749,898694,1490324933
7386542082917959304,989033,1490324902
8705838875609086104,989033,1490324922
-7730122504552791907,989004,1490324888
8137312041819858117,989004,1490324935
681487068399918603,989004,1490324914
6396450662238588896,989004,1490324896
-8779367392786008467,989004,1490324897
-5951074457317725143,989004,1490324888
1708436852266274233,989004,1490324940
-5531302384226962268,989004,1490324941
7036826774317045292,989004,1490324929
8374235124438363107,989004,1490324904
-7987008838052078112,989004,1490324907
-2689033461423806842,989004,1490324919
8146125690954920867,989004,1490324893
4483153121505729703,989004,1490324901
-3231158095720248199,989272,1490324899
-8148876365335707839,989272,1490324927
3906259301953563450,989272,1490324922
-8768622483164564331,988947,1490324915
-6120449020885699204,988947,1490324892
4628098276674530620,987664,1490324913
8679483045059037975,989135,1490324901
-2647931604816854637,989135,1490324939
-3809824499069113663,989135,1490324917
-2246343701207233304,989135,1490324898
-935267872000129416,989135,1490324898
2598590934808490048,988491,1490324903
6147030513249493475,988491,1490324898
-736020727865087348,988435,1490324939
632350680797942183,940802,1490324905
-5873483507011185967,988992,1490324923
-6279630691116356092,988992,1490324916
-9061362317029110661,988992,1490324934
-1029287615455910447,988992,1490324946
4654445300055929040,988992,1490324936
2575643225886163955,976164,1490324920
2727645374843255499,989054,1490324933
-7016599356121031467,989054,1490324931
-1504575417419404325,989054,1490324916
-6679963283075496405,989054,1490324930
-7394928954134677501,989054,1490324935
-7246835340794938633,989054,1490324906
-1233885931127181547,989054,1490324892
-8878609027847499787,989054,1490324928
-5399915431957615380,989054,1490324922
4852929931282602989,989054,1490324931
-2350143360752044580,989054,1490324924
1990910567661282799,989054,1490324888
-4905109316481559256,989054,1490324936
2161302091423022612,989202,1490324933
8741120384846329678,989202,1490324935
-3155823510882958374,989202,1490324914
7920864667683615085,989202,1490324931
3849283881460853074,989202,1490324940
-1434620203976291451,989202,1490324944
-4954292634816862824,989202,1490324919
-6095708589198826043,988966,1490324936
-8507677908853257002,988966,1490324903
-4428684553247342540,988966,1490324932
-7082789585292726553,988966,1490324929
767991254604000296,988966,1490324924
7920284526947630817,988966,1490324907
615363054719480290,988966,1490324944
-6088162707049513345,988966,1490324913
4640537053575101138,988966,1490324905
-1504346343300352555,989017,1490324909
-1504346343300352555,989014,1490324925
-128994607584479322,986302,1490324896
6516385251442128865,986302,1490324912
-5472128381869968317,986302,1490324924
962550484367294055,986302,1490324922
1354582151858528028,986302,1490324936
7902155503645433299,986302,1490324908
-6113312144902387559,986302,1490324924
-601073867072944756,986302,1490324897
3331807095269908347,986302,1490324935
8784931841015443185,986302,1490324896
-3822877647355112682,986302,1490324899
6951489368057113055,986302,1490324905
-6279566960805862343,986302,1490324942
-7060074219570422420,400750,1490324942
5706559009645431533,988872,1490324912
-2372802330437100011,988872,1490324929
-6659921867813013646,988926,1490324914
-1656605726951300402,989090,1490324908
398788131479946253,989090,1490324911
-2338908293355601959,912764,1490324889
5817018231772217031,989171,1490324940
-5338385603720436560,989171,1490324891
371403929182572724,989171,1490324913
-7171553051577503825,989171,1490324905
705740629134343458,989171,1490324906
7132020547636672302,989171,1490324901
4037746524222446090,989171,1490324890
7341465026321921704,989068,1490324938
-4446666904374900063,989068,1490324898
-2780710984725614489,986759,1490324939
19448214844116476,986759,1490324920
-4845563205619425368,986759,1490324900
2568177865494139325,986759,1490324916
-8364494598357624269,986759,1490324917
3116528072955267604,989002,1490324923
-8065247023641815722,989002,1490324946
-5577146741912466338,989002,1490324923
8050825560385262136,989002,1490324892
-9045215252414587128,989002,1490324931
4573249224839634411,989002,1490324888
7920864667683615085,989002,1490324931
-2079887336487539447,989002,1490324888
-3255306827048511338,989002,1490324942
3419617170089961893,989002,1490324938
6222471994996978042,989002,1490324944
8741120384846329678,989002,1490324935
5719659660871775878,989002,1490324912
2161302091423022612,989002,1490324933
3849283881460853074,989002,1490324940
-3026402529912843609,989002,1490324933
3274451011592337757,989002,1490324922
-3155823510882958374,989002,1490324914
7637185491085209234,988423,1490324932
-2586104546026095657,989104,1490324911
-8505182496221513104,989104,1490324933
-2735988498200913155,989104,1490324898
-8724132686492665690,988912,1490324897
-2133708780025638103,989239,1490324914
-3391671131085558520,989239,1490324944
514474058321146631,989239,1490324928
-7332778745933320244,989239,1490324905
-5449973802181112275,989239,1490324901
497527415366062813,989239,1490324920
-3739121572378572898,989239,1490324900
-4786062388084660601,989239,1490324937
1384699422823035959,989239,1490324937
-2370706102776475678,989239,1490324913
-8019308635442991747,989239,1490324937
3999257326806705087,989239,1490324933
-5623167832790744441,989239,1490324929
-515972626184467075,989239,1490324939
-1690190728941460903,988943,1490324905
-403034075973842351,988943,1490324927
4597200051206519226,988787,1490324942
4205116402633541161,986999,1490324895
4780573985247685477,986999,1490324931
-5951074457317725143,986999,1490324944
509738711663033130,988175,1490324912
-8899967886613561857,988175,1490324900
-8371206889374415568,988175,1490324917
-9005591657949827922,988175,1490324930
-2461201614500002962,988175,1490324898
-4126424114598897,988175,1490324916
1381219746365988618,988175,1490324914
-9060810868900403252,988175,1490324901
7690775268428531183,988477,1490324901
6807643187218555915,988521,1490324916
6807643187218555915,988876,1490324911
-6659921867813013646,988876,1490324914
440691479126768227,951866,1490324946
9215883123945680747,989151,1490324916
3646336120259758468,989151,1490324906
-188624476074210828,989151,1490324908
7637432008581103102,989151,1490324942
1444009038410576877,989151,1490324898
-1837505016016346878,989151,1490324918
4956153224202275571,989151,1490324891
-8313672783941680990,989151,1490324913
-8841366815239077485,989151,1490324918
-5464001409207175054,989041,1490324918
-4765884796357663638,989041,1490324905
-4143036099202260638,923487,1490324888
1944584122559605584,988913,1490324904
7341465026321921704,989072,1490324936
-4446666904374900063,989072,1490324898
3295102987077251608,987864,1490324919
-2838364852385524432,988968,1490324912
5411285276726524500,988824,1490324937
1665713611816311842,988824,1490324940
5756283675959667104,988824,1490324898
-8186309747124044795,988824,1490324903
-7325177893824931113,984718,1490324924
4775388154075473596,984718,1490324888
5759145549762183442,984718,1490324927
-7730122504552791907,984718,1490324898
1541884482868951905,984718,1490324899
4766361243213354854,984718,1490324945
-1656605726951300402,989082,1490324946
-4235650124260911063,988517,1490324946
8090749482460862078,988517,1490324933
-345445808471780829,989107,1490324922
1130266965966292965,989107,1490324903
8659335279767174721,989107,1490324927
-6103005117541100015,988717,1490324947
6433620567910942207,988717,1490324944
1060072719575139292,987986,1490324892
-8245394319687280403,988406,1490324897
5429017990716147551,989191,1490324889
-4002897597857909384,110380,1490324933
-8988785735971153466,978401,1490324896
-1140571275344200524,988704,1490324901
-821607454814514723,988933,1490324944
440691479126768227,951863,1490324939
-6830449081351413128,989256,1490324946
6869602702932640908,989256,1490324944
3246689772561481208,989256,1490324913
-5182473733809850410,989256,1490324915
8353372157321907406,989256,1490324907
9178840284997962619,989256,1490324911
7229952647156732731,989256,1490324928
8154236027600121349,989256,1490324893
1135564474900412834,989256,1490324929
-7094091910540984590,989256,1490324920
5875303715109438498,989256,1490324913
825027912698866432,989256,1490324945
7498229976290226039,988972,1490324925
-4428684553247342540,988972,1490324905
-7307393614455671362,988972,1490324888
1799134109641318685,988972,1490324903
-2875488246171213774,988958,1490324917
674792238385555197,989267,1490324923
5229427918698268581,989267,1490324889
6604129303351513958,989267,1490324888
-3769817357108721584,989267,1490324910
-3643773492175746480,989267,1490324895
3729330881535777372,989267,1490324904
-928311454254908827,989267,1490324901
-6681109786748438175,989267,1490324938
8835902166184951595,989267,1490324930
-3797317219867988099,989267,1490324915
1460764599309331520,989267,1490324900
-1013180655220459741,989267,1490324897
1763245126417623680,989267,1490324899
-5220030106104444130,989267,1490324902
3477986806502407866,989267,1490324896
-7099669210562757803,989267,1490324936
8251877579447843899,989267,1490324920
1987504154315256876,989267,1490324925
-7162747674799325077,989267,1490324947
-2660506879439225997,989267,1490324934
7404004363530298343,989267,1490324907
3441247168986744513,989267,1490324935
2839824206662862888,989267,1490324896
-2988501605539563108,989267,1490324947
-4373598910146201589,989267,1490324891
5665186245856318566,989267,1490324935
-1862164338932442834,989267,1490324905
4142796147317443571,989267,1490324943
7452986840944176271,989267,1490324903
-3168564680901301652,989267,1490324918
3747523150826860475,989267,1490324933
7231918290896691066,989267,1490324947
-6094344932969436164,989267,1490324945
-364010610078204678,989267,1490324912
-5532122722852962710,989267,1490324894
-5445525091889856590,989267,1490324929
834378739323636397,989267,1490324915
-4162153195098869506,989267,1490324909
-8358800541768836425,989267,1490324936
-8148876365335707839,989267,1490324927
-1981276969917721149,989267,1490324906
2387857995152812966,989267,1490324940
-3538408166903901846,989267,1490324944
8597132792005341381,989267,1490324925
-8276581691726591394,989267,1490324930
-7558763489057250238,989267,1490324946
8812280952360338306,989267,1490324906
454543421744814454,989267,1490324917
6193508824526256713,988779,1490324940
-6183091194764419980,988779,1490324912
-4254671404292877021,988825,1490324946
-2908830535972149902,988825,1490324928
-8878609027847499787,989064,1490324907
7856989068385258689,901800,1490324896
-2908830535972149902,988816,1490324938
-4254671404292877021,988816,1490324946
-7562941190998425255,989211,1490324935
1940765625072168696,989211,1490324926
7063456372504434730,989211,1490324943
7070300505872997213,989211,1490324909
7488249150695475831,987836,1490324905
3812917248885888688,892862,1490324906
721164953238943960,988298,1490324894
1640523703005776406,989175,1490324907
268280414400451162,989163,1490324906
-6957507000440449696,989163,1490324912
-154081056648266286,989163,1490324943
440691479126768227,951870,1490324925
-3231158095720248199,989269,1490324904
-5951074457317725143,989007,1490324911
-1926091126107855815,989170,1490324943
7454485884339492931,989170,1490324912
8704008935144030504,989170,1490324916
7894713871285172276,989170,1490324935
-2714582100739837633,989170,1490324919
4961965233112074524,989170,1490324896
4956153224202275571,989170,1490324891
-7883874625869337095,989170,1490324919
9088049039928585658,989170,1490324909
-1837505016016346878,989170,1490324911
2656671287456291239,989170,1490324911
-8438908990997053105,989170,1490324934
7637432008581103102,989170,1490324918
-4157296868582943375,989170,1490324898
2447958568495943348,989170,1490324891
365938951634044369,989170,1490324942
-3087539627969769939,989170,1490324940
-3848853172707747841,989170,1490324908
-606854361603491487,989170,1490324923
6139102817014348709,989170,1490324936
2222965674851545798,989170,1490324899
-249884754014667499,989170,1490324935
-7478525843365256280,989170,1490324928
4930155091926828129,989170,1490324941
4814070804509185636,989170,1490324943
1720345600959217859,989170,1490324901
-4535377698877862154,989170,1490324903
-4258462724433058460,989170,1490324941
4166643556096317394,989170,1490324895
-5459555195970826526,989170,1490324888
-920623757479975807,989170,1490324934
-2669446817757605434,989170,1490324893
8573383446562832605,989170,1490324918
8113166300920254114,989170,1490324893
1210918504810722754,902604,1490324903
3052993869505546511,988598,1490324941
-782641266408044089,908896,1490324931
-7845103615683363802,989153,1490324923
7417782524466361340,989153,1490324947
7455908127247998412,989077,1490324898
7214525921530964834,989077,1490324903
3260490287644827729,989077,1490324946
9165833433500789780,988840,1490324938
1060072719575139292,988021,1490324892
-2473665010777677004,989167,1490324900
4384787073759616456,989028,1490324940
91080655243162000,989028,1490324928
-7394928954134677501,989028,1490324935
347506946374959028,989028,1490324895
-7016599356121031467,989028,1490324931
-6679963283075496405,989028,1490324930
-7246835340794938633,989028,1490324906
-7123108158215052298,989164,1490324947
4005986151918914154,989164,1490324921
-5709980710163366271,989126,1490324945
-5440319855898377019,989126,1490324894
-2647931604816854637,989126,1490324939
8679483045059037975,989126,1490324901
3812917248885888688,892810,1490324913
7367298756853599348,989210,1490324917
-2362998012446106605,989210,1490324917
7920864667683615085,989210,1490324906
-4954292634816862824,989210,1490324898
-6571085979458313067,989210,1490324918
3849283881460853074,989210,1490324894
-5287649207123010452,985944,1490324890
-2372802330437100011,988845,1490324942
5706559009645431533,988845,1490324912
2897595081668522273,989260,1490324932
-4579621864195804148,989260,1490324931
5544466329611139339,989260,1490324940
1387159105728169697,989260,1490324929
350452477880161963,989260,1490324922
-1862164338932442834,989260,1490324905
3441247168986744513,989260,1490324917
8035799190786063257,989260,1490324918
-824665857886181846,989260,1490324890
-3168564680901301652,989260,1490324911
-2988501605539563108,989260,1490324943
-364010610078204678,989260,1490324912
-8358800541768836425,989260,1490324936
-2282494597988189961,989260,1490324940
-5445525091889856590,989260,1490324929
-8102129826341113890,989260,1490324936
-1802819871737220968,989260,1490324946
-5532122722852962710,989260,1490324894
834378739323636397,989260,1490324915
-7099669210562757803,989260,1490324905
-7162747674799325077,989260,1490324916
112097613742134253,989260,1490324931
5651770461307038394,989260,1490324909
7231918290896691066,989260,1490324947
4142796147317443571,989260,1490324943
-2079786050095980529,989260,1490324933
-3917122064365866786,989260,1490324939
7452986840944176271,989260,1490324903
3747523150826860475,989260,1490324933
-1981276969917721149,989260,1490324906
5665186245856318566,989260,1490324935
8597132792005341381,989260,1490324925
454543421744814454,989260,1490324917
-2660506879439225997,989260,1490324909
-6094344932969436164,989260,1490324945
2387857995152812966,989260,1490324940
-1819295665233295606,989260,1490324908
1987504154315256876,989260,1490324894
2401799085979720770,989260,1490324941
7404004363530298343,989260,1490324889
-3673989513165996406,989260,1490324923
-3538408166903901846,989260,1490324944
6461320199179791853,989260,1490324922
-4162153195098869506,989260,1490324909
3302175200539212355,989260,1490324925
929773048525600528,989260,1490324933
-6763754748872263110,989260,1490324913
2002713323991384842,989260,1490324947
-8276581691726591394,989260,1490324929
8769703992635577251,989260,1490324934
-4373598910146201589,989260,1490324889
-1242433530559212891,989260,1490324944
4653467468713844647,989260,1490324939
-2691457670426464515,989260,1490324901
-8758738896652902756,989260,1490324923
-3460799807053383813,989260,1490324931
-2112673951165167272,989260,1490324893
-7969938608283191470,989260,1490324919
-7043844987705494800,989260,1490324903
-3075575161505614262,989260,1490324921
8991904324128282496,989260,1490324891
-1089325470666238897,989260,1490324935
-7693463055422992726,989260,1490324893
2384843002048140992,989260,1490324922
7175285325082173580,989260,1490324906
-3181955121911167928,989260,1490324944
-23184296593439321,989260,1490324905
-3080494309296110438,989260,1490324926
7495121723267478111,989260,1490324933
8456173888039423881,989260,1490324921
3322257038653452411,989260,1490324920
-2389540352178715313,989260,1490324898
8331239472481235017,989260,1490324920
-7585129458851838368,989260,1490324901
-9161554957015968416,989260,1490324903
110280108510812381,989260,1490324935
4490175563553522833,989260,1490324905
-3778502814815832512,989260,1490324918
-6789682337264820019,989260,1490324940
-3091378033468869780,989260,1490324944
-3175472368278754115,989260,1490324944
2760387747222059123,989260,1490324916
-91362868098862219,989260,1490324921
9070300956706733984,989260,1490324919
-788693490047077597,989260,1490324933
1763843319094005131,989260,1490324908
-2766914059714649493,989260,1490324921
8212446642199998127,989260,1490324929
-4432608266112486104,989260,1490324911
-4911092120355671857,989260,1490324935
-6910927491491284011,989260,1490324893
2765883417254785965,989260,1490324946
-1663375706718194007,989260,1490324903
4298691624505494768,989260,1490324932
-7947871124353056415,989260,1490324930
9181750954174554944,989260,1490324889
-8151275882206967840,989260,1490324927
1959617468941998943,989260,1490324895
-8553569327411010461,989260,1490324908
-8140254006922319622,989260,1490324942
4945874914172849262,989260,1490324904
-3056857784655998414,989260,1490324914
6995663793058276600,989260,1490324934
-5288139294654246847,989260,1490324942
-2245983267791108441,989260,1490324946
980362389340189335,989260,1490324922
-8692654360016003554,989260,1490324930
7724544436364375804,989260,1490324940
-852700955380471995,989260,1490324940
-1118323071190635920,989260,1490324910
-2689865540609148558,989260,1490324922
-6976542642002270401,989260,1490324923
6203731485678789196,989260,1490324938
-8016161157614170144,989260,1490324944
-5464001409207175054,989039,1490324918
4920108978324815181,988877,1490324944
-4198956470148496794,988877,1490324906
6147030513249493475,988614,1490324897
-154081056648266286,989165,1490324934
5939266849254414314,989264,1490324905
-1414589111747345268,989264,1490324900
-5182473733809850410,989264,1490324889
-5220030106104444130,989264,1490324940
-823189148532672214,989264,1490324889
2717947427509682877,989264,1490324898
-3769817357108721584,989264,1490324931
4574715665400441663,989264,1490324909
2839824206662862888,989264,1490324902
-4373598910146201589,989264,1490324914
7229952647156732731,989264,1490324890
-3797317219867988099,989264,1490324940
-4512235409845767892,989264,1490324941
-8145611806969714815,989234,1490324894
-583432572234140825,989234,1490324908
-4002897597857909384,110314,1490324932
7417782524466361340,989186,1490324939
6524572577877520933,989186,1490324912
5038003532317759881,989186,1490324926
-7647883993818010406,930205,1490324905
4123336474721072135,930205,1490324930
-6748554938796895015,973274,1490324947
-7592465624597774873,989250,1490324928
-163039590050522351,989250,1490324902
-888109008523603152,989250,1490324896
-2058120715120785655,989250,1490324927
-7302059793521610386,989250,1490324908
-4505913488480490711,989250,1490324920
7484624069377744393,989250,1490324943
-9082067224504874559,989250,1490324933
7040213186862045682,989250,1490324925
6917074157375712061,989275,1490324906
1853876588593718722,989275,1490324893
4571420723803445231,989275,1490324917
-4535377698877862154,989275,1490324891
7830121610825530538,989275,1490324894
6524385050997187066,989275,1490324910
3906259301953563450,989275,1490324890
8794212586958162177,989275,1490324932
4806079175662255301,989275,1490324911
-519121513275297235,989223,1490324909
-2339515073570060196,989223,1490324894
-583432572234140825,989223,1490324917
7920284526947630817,989223,1490324899
-8145611806969714815,989223,1490324895
-7307393614455671362,988964,1490324916
-4428684553247342540,988964,1490324913
7498229976290226039,988964,1490324925
2029374173937660849,972031,1490324914
126196565999691867,987119,1490324905
7514522065006102222,987516,1490324893
9126135202946954608,989241,1490324926
534043028118277424,989241,1490324905
-2147946867998235150,989241,1490324934
-209685169889472826,989241,1490324935
-8019308635442991747,989241,1490324899
1633065689295433361,989241,1490324912
-3426786219304355995,989241,1490324939
-6111266736476959108,989241,1490324937
3689517143433275302,989241,1490324901
8962397772861244758,989241,1490324925
-8025078167832212263,989241,1490324925
6654221107947440601,989241,1490324938
-3756448670147042854,989241,1490324911
-9126872587162679433,989241,1490324919
-515972626184467075,989241,1490324913
5740702997820365340,989241,1490324910
8873046450920272013,989241,1490324922
870788070547181235,989241,1490324908
-4192963258538161362,989241,1490324920
-7759542927349996836,989241,1490324911
-3965723878602276067,989241,1490324907
-7257900581089894953,989241,1490324933
3007989947604887671,989241,1490324943
4154047412721283584,989241,1490324942
-4894557127646016416,989241,1490324930
1628595429587284714,989241,1490324900
-4760427005704669479,989241,1490324920
-3731479277539730764,989241,1490324937
1980512367971527714,989246,1490324933
-3591077113237128251,989246,1490324945
-4894557127646016416,989246,1490324920
-7302059793521610386,989246,1490324945
440691479126768227,951874,1490324910
8794212586958162177,989278,1490324932
-4713408997100210797,989278,1490324922
239577914185113262,989278,1490324938
-6430231223806984179,989278,1490324925
692140725376295720,983565,1490324925
7573475338340777763,899994,1490324903
6660122626950314329,958844,1490324913
5753584554456986388,417084,1490324904
5817018231772217031,989096,1490324942
5436845681874269132,988564,1490324928
-2908830535972149902,986565,1490324915
4353240061601452274,986565,1490324915
-9015009522529759184,974441,1490324905
1064162612126414499,974441,1490324936
-583432572234140825,989217,1490324919
-2339515073570060196,989217,1490324894
-9040854724178191540,989229,1490324904
-5768041816343475707,988689,1490324917
3824363324870124154,988689,1490324937
2723333772682683147,988689,1490324932
6291642476516575021,988689,1490324942
91080655243162000,988689,1490324931
-2275037445086178751,988689,1490324895
-232685817588697448,988689,1490324918
5107504648252585769,988689,1490324925
3234457188976772904,988689,1490324942
-8807240559418951353,988689,1490324945
174525306398410092,988689,1490324942
4263870563691092623,988689,1490324890
-1066411551452412539,988689,1490324913
326667935717627438,988689,1490324900
7394244396533239774,988689,1490324891
797172609317803398,989146,1490324900
6244191151495513368,989146,1490324922
4030887055896196028,989146,1490324895
-2412201501047834509,989146,1490324903
2500343007421004776,988896,1490324893
-6283578556033448371,988946,1490324931
-6113312144902387559,988946,1490324908
2708078679863655772,988946,1490324913
-1077309423034452453,988946,1490324939
19448214844116476,988946,1490324917
-3668471229082679980,988946,1490324902
760444408712495954,988946,1490324896
-335193889669360373,988946,1490324899
-7497159310787447721,988946,1490324928
8082202643996680906,989183,1490324930
-5475915407585742043,989183,1490324890
9036361482598963666,989183,1490324910
-4512235409845767892,989262,1490324941
2717947427509682877,989262,1490324892
-3797317219867988099,989262,1490324940
3729330881535777372,989262,1490324948
-5220030106104444130,989262,1490324933
7853649519340412966,989262,1490324893
4574715665400441663,989262,1490324905
-3769817357108721584,989262,1490324926
-4373598910146201589,989262,1490324912
2839824206662862888,989262,1490324900
-2047812978008857242,989262,1490324930
7074713354415318980,989262,1490324920
-4292598034222337295,989262,1490324905
5229427918698268581,989262,1490324944
674792238385555197,989262,1490324946
2901644865362552913,989262,1490324916
-8851706820515595566,989125,1490324944
344959783822139727,989125,1490324922
825027912698866432,989258,1490324945
-6830449081351413128,989258,1490324913
1135564474900412834,989258,1490324921
6869602702932640908,989258,1490324923
7229952647156732731,989258,1490324916
-566477402668321920,989258,1490324928
3246689772561481208,989258,1490324897
-5182473733809850410,989258,1490324902
9178840284997962619,989258,1490324899
8353372157321907406,989258,1490324894
-4373598910146201589,989258,1490324925
-2473665010777677004,989095,1490324928
4481442609807431783,989095,1490324903
-8222650806097033003,989109,1490324890
-3096477261488873682,989109,1490324914
2499272306484776488,989109,1490324890
-584006216019147739,989109,1490324935
-7089629509451160974,988856,1490324908
-2875488246171213774,989044,1490324904
7597581768049261083,989236,1490324939
7957635347407379509,989236,1490324938
-6688468644674128259,989236,1490324920
5254384307192860685,989236,1490324900
1801988287540594743,989236,1490324891
7015309187000639329,989236,1490324915
4549545408578471800,989236,1490324933
-9181562053965081766,989236,1490324891
1229555824718794477,989236,1490324938
-2827233598537779212,989110,1490324921
-1884979602116140208,989110,1490324916
1248746456142965931,989110,1490324889
-6787296616402330412,989110,1490324899
-335193889669360373,989110,1490324889
-2473665010777677004,989012,1490324932
-1564512727419744368,988499,1490324943
-6787296616402330412,989034,1490324911
-8203372144181160897,989034,1490324909
-3576643118348695969,988356,1490324919
-4163893819973823388,988300,1490324909
9055260350165082078,988300,1490324907
5881349314212213540,989271,1490324894
6524385050997187066,989271,1490324927
3906259301953563450,989271,1490324905
4571420723803445231,989271,1490324917
6917074157375712061,989271,1490324906
-2163414716749466026,989128,1490324928
-5440319855898377019,989128,1490324894
9055260350165082078,987599,1490324905
3274237521600603356,988924,1490324889
5170916273411723110,988924,1490324936
5686207260897372859,988924,1490324890
-8050785808237071313,988887,1490324947
-6103005117541100015,988710,1490324947
-583432572234140825,989237,1490324905
-1467537561529788269,989237,1490324902
-8129852538150895885,989237,1490324927
8355878242784898344,989237,1490324895
-1233430398146779345,989237,1490324889
7015309187000639329,989237,1490324923
1801988287540594743,989237,1490324928
-4877684769824880674,989237,1490324942
-1499880030049696042,989237,1490324902
6088231564142325532,989237,1490324889
-2686065902417454229,989237,1490324927
6596677090763667500,989237,1490324941
-7020591033372321794,989252,1490324893
5468181148555118535,989252,1490324927
-7477418997916117789,989252,1490324902
7040089519109528992,989252,1490324946
4581449681476060265,989252,1490324946
7229952647156732731,989252,1490324945
3928241418493257925,989252,1490324932
3246689772561481208,989252,1490324932
4487062510319325709,988831,1490324891
-2919235182603123223,988831,1490324922
-1541447250081262498,988344,1490324912
1091102890539764629,988344,1490324905
-2221869071903639181,416637,1490324903
-2490302206769560819,988085,1490324944
4082426282669545449,979991,1490324934
-1656605726951300402,989080,1490324946
-4976394955859680361,988847,1490324891
6911371994334946859,988963,1490324900
-410905672478181965,988963,1490324913
-7616072344920629994,988963,1490324933
3284823825106096641,989123,1490324919
2648346694424899700,989123,1490324932
-4338730044036664435,989123,1490324921
7557924256909510529,989123,1490324935
-8953220876422090313,989123,1490324889
2689318305301572557,988105,1490324896
-7181092579639566699,989283,1490324924
-1808996136631089008,989283,1490324927
1427449047914090915,989283,1490324909
2876709104107426288,989283,1490324944
-4505913488480490711,989242,1490324915
7484624069377744393,989242,1490324943
-7302059793521610386,989242,1490324903
-2058120715120785655,989242,1490324922
-888109008523603152,989242,1490324888
7040213186862045682,989242,1490324925
5881349314212213540,989242,1490324900
-9082067224504874559,989242,1490324933
72672684416018107,989242,1490324938
4082426282669545449,983149,1490324895
8958676743949301661,983149,1490324891
2105018328321483508,988939,1490324927
-8245394319687280403,987432,1490324897
-1429291000918040956,989251,1490324899
-5265032636801708973,988577,1490324915
-192900974389926971,989011,1490324905
7246500701172447295,989011,1490324907
-5475368746375099028,989011,1490324928
2575643225886163955,975084,1490324939
7427693369568434259,988978,1490324926
1114816012511042709,987974,1490324897
4393568463082404878,987974,1490324914
4780573985247685477,986912,1490324931
4205116402633541161,986912,1490324895
265869349621887430,988944,1490324934
-9005591657949827922,988944,1490324943
6956354777304746068,988944,1490324889
-5244672152910435460,988553,1490324913
-5249570708786932911,988513,1490324945
-4228346005507615023,988979,1490324903
4597200051206519226,988784,1490324942
-6536413805558295831,989157,1490324928
2575643225886163955,975296,1490324943
1137952006976592826,989282,1490324939
-4582803241009594022,989282,1490324917
1387143532400800140,989282,1490324912
1555986813167704775,989282,1490324925
7756936850153320785,989282,1490324946
-4452989614199174599,989282,1490324924
-5089006078680512928,989282,1490324902
-1003688261787050879,989282,1490324931
2825051849998762402,989282,1490324894
-4155075080942812643,989282,1490324893
1281015719802429688,989281,1490324908
-2619105646638089880,989281,1490324912
-457669473505998831,989281,1490324909
7756936850153320785,989281,1490324946
-2350143360752044580,989062,1490324924
-4905109316481559256,989062,1490324936
-2224698923709161951,989062,1490324917
-4810340737026602496,989062,1490324947
3999257326806705087,989235,1490324924
5083761474089715120,989235,1490324921
-5742897628843133865,989235,1490324945
1384699422823035959,989235,1490324902
8873046450920272013,989235,1490324941
9126135202946954608,989235,1490324942
534043028118277424,989235,1490324919
1633065689295433361,989235,1490324924
-515972626184467075,989235,1490324923
-2147946867998235150,989235,1490324939
-8019308635442991747,989235,1490324903
2970845903632968359,989235,1490324911
-3756448670147042854,989235,1490324911
-6111266736476959108,989235,1490324937
-209685169889472826,989235,1490324935
6654221107947440601,989235,1490324938
3924882839111255069,403597,1490324908
-5182473733809850410,989255,1490324924
7229952647156732731,989255,1490324935
3246689772561481208,989255,1490324918
6869602702932640908,989255,1490324944
9178840284997962619,989255,1490324911
-6830449081351413128,989255,1490324946
1135564474900412834,989255,1490324929
8154236027600121349,989255,1490324893
5997271016618812282,989254,1490324907
7040089519109528992,989254,1490324931
310879678642075431,989254,1490324937
3928241418493257925,989254,1490324929
7894959463170610248,989254,1490324900
-5239738459381237861,989254,1490324922
-9078646506111459962,989254,1490324917
-7915532584774014765,989254,1490324930
4581449681476060265,989254,1490324935
1789106929667080250,989254,1490324925
-8533240707197310591,989254,1490324896
-3231158095720248199,989254,1490324946
5468181148555118535,989254,1490324903
-3328430108865930788,989254,1490324903
8161161578070534931,989254,1490324920
-6216110782600455226,989254,1490324922
-4079284900221486570,989254,1490324915
3246689772561481208,989254,1490324932
-8380079709631451132,989254,1490324917
7229952647156732731,989254,1490324943
5639897606147989384,989254,1490324936
5979251595466652467,989254,1490324892
-4678659271859409162,989254,1490324892
-5182473733809850410,989254,1490324924
553883547772116154,989254,1490324923
-9132977967381908711,989254,1490324915
-5409073709689728037,989254,1490324903
39505766650195105,988931,1490324942
-2214135402846005743,983662,1490324894
-6641710437579815405,989249,1490324920
310879678642075431,989249,1490324900
-7519070096087571521,989249,1490324893
7484624069377744393,989249,1490324907
-2058120715120785655,989249,1490324910
72672684416018107,989249,1490324938
6088231564142325532,989249,1490324889
-9082067224504874559,989249,1490324928
7040213186862045682,989249,1490324915
-7952865347811774763,989249,1490324919
-2686065902417454229,989249,1490324927
-3328430108865930788,989249,1490324909
-7477418997916117789,989249,1490324902
-5283354228209788449,989249,1490324922
-3231158095720248199,989249,1490324946
7146612237797801026,989249,1490324889
1857549361165585921,989249,1490324927
4581449681476060265,989249,1490324946
7040089519109528992,989249,1490324946
7956865945774142266,989249,1490324901
1647806589185182426,989249,1490324933
6565984173307014642,989249,1490324901
-8380079709631451132,989249,1490324918
8200444506071752333,989249,1490324940
5468181148555118535,989249,1490324927
2665413583447012306,989074,1490324908
-1851845756210882990,989074,1490324913
-821607454814514723,989074,1490324893
-299281951416019142,989074,1490324896
5015096503285698886,989074,1490324908
-2647058432158969559,989074,1490324900
-923499168687846802,989074,1490324935
-4282570309924019383,989074,1490324901
373178645071975917,989074,1490324894
-1813159978748235938,989074,1490324896
2502472227336639734,989074,1490324917
5099642224342106053,989074,1490324946
3055639384615549856,989074,1490324888
-7965477395718031817,989074,1490324914
3074492052109837429,989074,1490324937
-7959490053268171678,989074,1490324932
-7703772884613994882,989074,1490324927
-8631931523501333412,989074,1490324918
-5368089856066535094,989074,1490324897
-1536477830358738659,989074,1490324901
-1516029258900441811,989074,1490324904
9173786792799887088,989074,1490324893
1267497250695487179,989074,1490324916
6183100910195204332,989074,1490324929
6912477769937321280,989074,1490324941
-1029287615455910447,989021,1490324931
-8562385156122281979,989192,1490324942
-2163414716749466026,989134,1490324928
-1140571275344200524,988658,1490324925
-3773826240745951142,988680,1490324945
4781980467267069760,987016,1490324907
4628098276674530620,987016,1490324918
-8566789632700364013,989240,1490324911
-5449973802181112275,989240,1490324944
-7332778745933320244,989240,1490324943
-3739121572378572898,989240,1490324933
-2370706102776475678,989240,1490324915
-3391671131085558520,989240,1490324944
-4786062388084660601,989240,1490324937
1384699422823035959,989240,1490324937
497527415366062813,989240,1490324920
514474058321146631,989240,1490324928
4852929931282602989,989067,1490324931
-5399915431957615380,989067,1490324922
-2707172738473017213,989067,1490324932
-454836229875798935,989067,1490324923
-7394928954134677501,989067,1490324894
-821607454814514723,989067,1490324924
7246500701172447295,989067,1490324909
2502472227336639734,989067,1490324917
-8374467076237908131,989067,1490324942
-2647058432158969559,989067,1490324900
-1813159978748235938,989067,1490324896
-2288240033241172676,989067,1490324922
-299281951416019142,989067,1490324899
-1560299279305265084,989067,1490324937
4625733799327556702,989067,1490324901
373178645071975917,989067,1490324896
5588052900575682573,989067,1490324936
6994588892375507801,989067,1490324919
-9156439832212240276,989067,1490324946
8007706587125401074,988960,1490324919
-2317861925186855231,988960,1490324931
-1029287615455910447,988960,1490324892
5758930520544320608,988960,1490324933
986517023368237124,988960,1490324931
-8583965903534096067,988960,1490324905
-8110698084479314084,988960,1490324897
-5898130578369295520,988960,1490324946
-2808040198618009649,988960,1490324892
5802332068231965358,982503,1490324887
5914971443312341705,989173,1490324901
-3696527148038905293,975858,1490324898
1801988287540594743,975858,1490324928
-5520016214808308246,975858,1490324904
4881218896690802901,975858,1490324897
7015309187000639329,975858,1490324923
-6688468644674128259,975858,1490324920
5254384307192860685,975858,1490324900
-736020727865087348,988479,1490324945
-7004323308707369169,987438,1490324933
39505766650195105,988910,1490324942
5940952501369011822,344163,1490324946
4012434639735442868,985311,1490324909
5045237701884997227,988391,1490324936
-2908830535972149902,988821,1490324910
-149940108644144432,988821,1490324946
4353240061601452274,988821,1490324915
4858185209799396772,988821,1490324913
-5974841947710644621,988821,1490324906
-2867394377064091277,988821,1490324938
1708436852266274233,988821,1490324946
1473163235858678464,988821,1490324932
8050825560385262136,988821,1490324925
-426900392668704021,988821,1490324909
2116924575363541111,988821,1490324913
-4449692267943375473,988821,1490324904
1799134109641318685,988974,1490324903
-6786051844200847155,988974,1490324919
6003584148301517597,988974,1490324921
-2875488246171213774,989078,1490324917
-6120449020885699204,988902,1490324934
-5391933035066415275,880313,1490324921
8508963846995135215,988923,1490324893
-5529457877058137543,988923,1490324938
3234457188976772904,988923,1490324907
6386909870619644690,988923,1490324941
-426900392668704021,988923,1490324938
8212388142610680382,988923,1490324891
397580185186833886,988923,1490324922
-5615792311582978233,988923,1490324935
8433936618804607074,988923,1490324939
6246050592842091719,988923,1490324908
-8097608633623003402,988559,1490324919
-7730122504552791907,988891,1490324904
4766361243213354854,988891,1490324945
5759145549762183442,988891,1490324918
4775388154075473596,988891,1490324927
6046613910021909049,988973,1490324942
4488147466319219855,988973,1490324920
-6786051844200847155,988973,1490324918
6003584148301517597,988973,1490324921
1708436852266274233,988973,1490324932
-1807506268562633152,988973,1490324929
6334313435411369852,988973,1490324909
-3069736441628550512,988973,1490324937
-172017910916384503,988973,1490324921
7427693369568434259,988973,1490324926
4798963386330252929,988973,1490324927
-823999681083727593,988687,1490324917
2499272306484776488,989117,1490324889
-6787296616402330412,989117,1490324934
-2928775185573055605,989105,1490324901
-949963263610155963,989105,1490324900
-310978925790911349,988893,1490324929
7427693369568434259,988952,1490324914
-1434620203976291451,989099,1490324944
3849283881460853074,989099,1490324927
-4954292634816862824,989099,1490324919
7920864667683615085,989099,1490324919
-3155823510882958374,989099,1490324889
755253343953106953,989099,1490324893
-2362998012446106605,989099,1490324916
7367298756853599348,989099,1490324917
-8975081770378327060,989099,1490324913
-6571085979458313067,989099,1490324918
1940765625072168696,989204,1490324927
3327588730393253202,988864,1490324940
4119550128669689661,987656,1490324924
-3017651329685372435,989150,1490324907
1728390319862546805,989150,1490324921
3393242936494343863,989150,1490324890
8798722385918214176,989150,1490324945
-8949977333644375652,989150,1490324912
-6152753356875620487,988047,1490324916
-8690802055727571949,988047,1490324929
-1756684967096529659,988047,1490324907
-847589939134349844,988957,1490324929
4871145839326949066,988957,1490324895
4656956619773637315,988957,1490324896
3295102987077251608,987859,1490324919
7784111748363617184,987859,1490324938
-9061362317029110661,988998,1490324934
-1029287615455910447,988998,1490324946
6524572577877520933,989180,1490324924
7417782524466361340,989180,1490324947
-8562385156122281979,989193,1490324927
-4512235409845767892,989265,1490324900
7074713354415318980,989265,1490324920
5639897606147989384,989265,1490324934
5229427918698268581,989265,1490324943
5464554735275716519,989265,1490324901
2901644865362552913,989265,1490324915
-2047812978008857242,989265,1490324930
5701971053527800500,989265,1490324909
3729330881535777372,989265,1490324940
7853649519340412966,989265,1490324888
-8380079709631451132,989265,1490324906
7746254529208682632,989265,1490324905
-9132977967381908711,989265,1490324915
-2352392750754340565,989265,1490324916
674792238385555197,989265,1490324946
-5220030106104444130,989265,1490324926
-4292598034222337295,989265,1490324905
4574715665400441663,989265,1490324902
5194478006632761989,989265,1490324891
-4373598910146201589,989265,1490324911
8251877579447843899,989265,1490324939
-3769817357108721584,989265,1490324923
-3797317219867988099,989265,1490324926
2839824206662862888,989265,1490324899
-2660506879439225997,989265,1490324934
1797209217272723982,989265,1490324905
8835902166184951595,989265,1490324930
-7162747674799325077,989265,1490324947
-3908260366731070548,989265,1490324923
-6681109786748438175,989265,1490324938
-3643773492175746480,989265,1490324895
1987504154315256876,989265,1490324925
-2988501605539563108,989265,1490324947
1763245126417623680,989265,1490324899
-4428684553247342540,988969,1490324925
-7307393614455671362,988969,1490324922
8071410593113267775,988629,1490324909
-4146104956567368619,988629,1490324921
4573249224839634411,989179,1490324907
3116528072955267604,989179,1490324940
9113793091492908822,989179,1490324914
7412827288917764746,988210,1490324888
6248684900926571032,988210,1490324892
-3118368265154682883,988977,1490324942
5930564987729282559,989116,1490324921
3274237521600603356,989116,1490324889
5989280826924160660,989116,1490324899
7557924256909510529,989215,1490324930
-7840125156520041120,989215,1490324937
-8263191135618216225,989215,1490324901
-1467537561529788269,989215,1490324942
-7799003196549175475,989215,1490324919
-583432572234140825,989215,1490324931
-519121513275297235,989215,1490324909
5753584554456986388,345163,1490324904
-5548707758903251821,989111,1490324944
-5486534625184398007,989111,1490324900
-3087539627969769939,989111,1490324898
-1970279519803461294,989111,1490324899
-122178001869850745,989111,1490324906
-2013932917816949482,989111,1490324930
4012005376583209243,989111,1490324902
265869349621887430,989111,1490324929
-9005591657949827922,989111,1490324939
-1504697348778480396,989111,1490324892
-7848672624692366252,989111,1490324901
6049138092477735594,989111,1490324944
6040081193923767576,989111,1490324917
-7079818638400635867,989030,1490324907
-1140571275344200524,988798,1490324897
-183132518487385586,988640,1490324941
4123336474721072135,945167,1490324930
-7647883993818010406,945167,1490324905
4901847126384347537,945167,1490324903
8014341074776280950,988303,1490324934
5969004977962065161,988303,1490324931
-6173002896792283587,989003,1490324898
-5575297569883592453,989003,1490324913
8178842560559891088,989106,1490324938
-8460024115397528985,989106,1490324941
634560028107460717,989106,1490324927
-4428684553247342540,988967,1490324931
