5316796109331251242,990803,1490752521
-653716510754705297,990803,1490752540
4839896489414875035,990803,1490752553
-8207767323604653240,990803,1490752559
-3865407499276345353,991105,1490752533
6312136119993530596,991105,1490752546
-1059854151294422631,991105,1490752511
8584267357222983592,991105,1490752521
3561332371855734636,991105,1490752541
-6096236208087189282,991105,1490752555
-258909351290990072,991105,1490752565
-5954970409100548277,991105,1490752551
2169048015538961541,991105,1490752565
1241554915154222202,991105,1490752568
3894765217139735444,991105,1490752564
-7534116089152269002,991105,1490752545
5069844498796515629,991105,1490752569
-173252875534974682,991105,1490752554
3626588644581809678,991105,1490752567
925647329545304830,990831,1490752538
-2373147404491981962,990831,1490752569
6553334357277653857,990703,1490752529
762750452194753649,991153,1490752560
-3892712264507159038,991153,1490752532
-6134125249056778273,991153,1490752541
7171431721400522486,991153,1490752556
-7978764544990257743,991153,1490752556
-1596876558920370247,991153,1490752519
-8716644212016084125,991153,1490752549
-2154786583983176106,991153,1490752559
-2772264411416525388,991153,1490752564
-7830480472942901305,991153,1490752519
7278802313940597811,991153,1490752568
1423031226213182492,991153,1490752550
8710659435874333035,991153,1490752534
-3494532511917018690,991153,1490752535
-4161402760842514619,991153,1490752566
-1319932477243698893,991153,1490752512
2387139138182498153,991153,1490752554
21702979500365795,991153,1490752570
3185564479124115282,990746,1490752557
4806016028146099024,990455,1490752514
577296505299179341,990530,1490752534
8287521052879970991,990530,1490752531
-3181949090940721500,990530,1490752566
-3718880294850015119,990530,1490752568
-3690117913717546625,990530,1490752513
2351390590120584194,990457,1490752553
7011559223641856157,117690,1490752539
4110228943870676368,990662,1490752555
3238826918211639982,991146,1490752514
6806211853828396712,991146,1490752521
8335422294652907084,991146,1490752533
-3022419509971296961,990762,1490752535
-2653318652925554025,938577,1490752524
-1080316419732302316,989824,1490752544
-5080717277725563822,989824,1490752529
504770574917859053,961204,1490752514
9034609687596029752,989844,1490752560
-627110520220328255,989844,1490752514
-2624164514534249376,991079,1490752570
7399996617501874897,991079,1490752559
-4414837933156915747,991079,1490752564
-5689122064195284949,991079,1490752521
3926620424049153780,991079,1490752557
5702782696043296447,913736,1490752548
3734569148939177155,990105,1490752569
-6192050550509402697,990722,1490752525
3379942653982044302,990821,1490752541
-3499577376302077897,990733,1490752529
7369626396265590472,990330,1490752557
-8077665059594518890,974441,1490752541
-7379181780581067545,983886,1490752525
-3480022082541391714,990804,1490752522
8640392136611524405,989545,1490752556
1420844768224159326,989545,1490752521
-426204778012708267,989545,1490752530
982984396908186018,989545,1490752566
8827555450640549319,990669,1490752546
-8480584428454160487,990643,1490752527
-6482851560761501060,990643,1490752560
-5273567882770815878,990643,1490752565
-1430654379573432457,989286,1490752544
5069844498796515629,991111,1490752535
-3928023199867673536,991111,1490752548
-7378496186840897212,991111,1490752564
6273755032148829430,991111,1490752570
3894765217139735444,991111,1490752537
1241554915154222202,991111,1490752535
6511399426062146751,991111,1490752556
-6096236208087189282,991111,1490752514
-4079491006230983019,991111,1490752514
8969631221753041910,991111,1490752565
-2913886534090188043,991111,1490752547
4062608791657663967,989582,1490752512
6513957533382888940,990694,1490752571
-5741581431521971259,990694,1490752516
-1428080313441334679,990694,1490752515
-1787258366046612029,908440,1490752533
-6234900049044424141,983016,1490752555
-978504181959860795,959327,1490752556
-8684698985926830402,959327,1490752515
-1707338949251105771,990920,1490752539
-7658083676581063741,990920,1490752557
8633193215544112066,990920,1490752537
-7052705221944124066,988454,1490752532
-5544111544012650659,988454,1490752530
117255514660234468,988454,1490752569
3033728630331173974,988454,1490752544
315795052979031478,988454,1490752534
-7747378643267275444,988454,1490752521
-9093886451100993047,988454,1490752529
-3916349550227277411,988454,1490752533
-8890743057325785763,988454,1490752544
8287521052879970991,988454,1490752549
748114695886127546,988454,1490752523
7583688894290776205,988454,1490752551
-4123722433920035153,988454,1490752517
9159078752167996577,990030,1490752568
7493481610060643694,882332,1490752530
-6557067987837476043,988274,1490752515
-2554202667999563213,990784,1490752544
3401762679711034881,990771,1490752511
5316796109331251242,990990,1490752557
-2722301983153419922,924013,1490752551
4505499186754314688,986252,1490752557
6317707798734694258,990645,1490752556
6553334357277653857,990875,1490752545
7728606741497242818,990949,1490752541
8234767814340195672,991133,1490752551
6871520908726000562,991133,1490752527
6271003589644708020,991133,1490752568
2166908907232010925,991133,1490752518
5578270145923239959,991133,1490752512
311290423643154906,991133,1490752530
1219861959346554233,991133,1490752518
-3682368823503098199,991133,1490752515
-9210143746436266164,991133,1490752547
4771307049388810923,991133,1490752516
-7234337213515202428,991133,1490752562
-5343162479484707106,991133,1490752533
8930249166031800859,991133,1490752538
-4325277273172408565,991133,1490752548
2532333428482508204,991133,1490752570
8952201194381328174,991133,1490752556
1338302859420956481,991133,1490752569
275164238175858723,991133,1490752566
-1573699000389075161,991133,1490752539
2649834820704605941,991133,1490752551
-4534084653525234977,991133,1490752535
5882811166373575989,991133,1490752521
3588383677331311807,991133,1490752567
-9078858395710069252,991133,1490752524
1641349350987199282,991133,1490752556
5304004560911301716,991133,1490752548
-894554070809225189,991133,1490752534
5082558582333311206,991133,1490752548
-8119697039213061815,991133,1490752536
-3643557027076160383,991133,1490752552
1257455691376872569,991133,1490752528
417378278158384961,991133,1490752529
3053561586372500712,991133,1490752526
98609566492475810,991133,1490752550
5372365731969175500,991133,1490752555
-3290890301817155627,991133,1490752525
8925419517977343090,991133,1490752528
7511926696099529429,991133,1490752513
-7681357110793069231,991133,1490752553
8206152037479513325,991133,1490752512
-8734842037036274639,991133,1490752537
5600946217717809756,991133,1490752558
5152142111224611886,991133,1490752557
7308724078640627065,991133,1490752517
-5147618205222034404,991133,1490752546
-1326739904819426033,991133,1490752527
-5994036736387510528,991133,1490752563
-7114009234975025267,991133,1490752522
-6887337556975885208,991133,1490752531
619056775012828481,991133,1490752547
1052607351888819078,991133,1490752537
6823707043686575119,991133,1490752526
1751599528720539516,991133,1490752538
4371456925950802561,991133,1490752534
-930340930771561562,991133,1490752561
582867670168901174,991133,1490752555
8338041166679616597,991133,1490752539
4246527915519107239,991133,1490752526
3543873591452641,991133,1490752564
6423559822855653537,991133,1490752539
3505148079397981195,991133,1490752559
-2564049644875049339,991133,1490752566
-1192321032234715404,991133,1490752566
3800531331115765442,991133,1490752546
8470171971286757178,991133,1490752558
-202514581684440035,991133,1490752553
-8672773213850638851,991133,1490752516
5141912985371715878,991133,1490752532
-2465447442988007705,991133,1490752519
6835691602581954516,991133,1490752535
2212521668273312505,991133,1490752549
6055930032663089398,991133,1490752559
-1171950984993020087,991133,1490752554
-7906395857194398288,991133,1490752531
5616822976767742778,991133,1490752568
-1148822773823702063,991133,1490752555
-2187555205645226663,991133,1490752526
6845277987774387640,991133,1490752539
7559504521020910281,991133,1490752530
-1520347080423714114,991133,1490752543
-8955435319284521080,991133,1490752551
-120331956866745453,991133,1490752547
1339750111679841280,991133,1490752528
3446720555047262751,991133,1490752553
-1234031372408798336,991133,1490752563
6330881725494824691,991133,1490752564
573512745135106817,991133,1490752538
-8586842513282509688,991133,1490752525
8897460779371615578,991133,1490752540
-8721855539372304677,991133,1490752524
-8585370525004907013,991133,1490752553
-280982083701716147,991133,1490752570
7604620687187383608,991133,1490752516
-5723694623345640813,991133,1490752560
-7941055391416202000,991133,1490752542
-5342700637099767015,991133,1490752539
8640427525543613486,991133,1490752549
3804966834715442338,991133,1490752565
-4293910444263536395,991133,1490752556
-1030578030539983614,991133,1490752552
7015847307962677254,991133,1490752564
-3016337990804730894,991133,1490752566
-5852064965962271060,991133,1490752557
5176833969629129691,991133,1490752567
7594759159270666303,991133,1490752541
4676658789497311231,991133,1490752564
-6275226502334083524,991133,1490752541
993891863847151840,991133,1490752560
5139101218077373979,991133,1490752545
-3560701658943859220,991133,1490752555
-839342002828758283,991133,1490752555
-6541300749711668191,991133,1490752552
-4065873045836410097,991133,1490752557
-2453775445070374850,991133,1490752561
-351447861445819213,991133,1490752563
8246675997234121702,991133,1490752566
-6833958649392736005,991133,1490752558
-467539842407343244,991133,1490752538
4937362799314854490,991133,1490752569
1048154892925416691,991133,1490752544
9168078003905041180,991133,1490752539
-8983900862510980146,991133,1490752530
-6046219390407379091,991133,1490752552
2158615979287940872,991133,1490752550
-2557226389959813283,991133,1490752554
6644345512879654384,991133,1490752531
-5821544181925571750,991133,1490752552
6766392151348449909,991133,1490752518
-3494373848982070354,991133,1490752543
-2623683666344800965,991133,1490752544
2268088838767700166,991133,1490752564
-820709286522809337,991133,1490752558
156613994915457417,991133,1490752525
818724709857333404,991133,1490752558
-9156568118074746911,991133,1490752568
593040770010271152,991133,1490752547
7117891777047320730,991133,1490752528
-427525764841294384,991133,1490752524
9034609687596029752,989832,1490752560
3681781317744120750,989832,1490752526
-8480584428454160487,990635,1490752554
-3037367205477260270,989546,1490752531
6077704422281238673,991161,1490752528
-6093417515141249910,989185,1490752559
4062608791657663967,989539,1490752512
3379942653982044302,990811,1490752540
-694651580247043209,990716,1490752563
-4688117338771488884,990716,1490752553
1568861557184575294,991098,1490752541
4981287182588245300,986999,1490752539
-6234900049044424141,983002,1490752566
471576802131662512,990689,1490752512
6558934563998189259,991163,1490752535
-4395886056409888288,990772,1490752518
8236283268768989766,990772,1490752570
5661071028522773321,990998,1490752517
-3002488053949514922,990998,1490752522
7735099688942719368,990998,1490752533
7157251815351376075,990998,1490752520
-5669829074394181069,990586,1490752541
-3018668531370381343,880877,1490752545
-2863981071228495989,991162,1490752552
8040794953284937744,991162,1490752571
3748393346107489940,991162,1490752530
-6443411748310140162,991162,1490752539
3195214215403618746,991162,1490752550
-7981811255797673938,991162,1490752529
-5669829074394181069,990585,1490752558
3272803067136120813,873173,1490752513
-1787258366046612029,908563,1490752541
-4686289766374574744,990766,1490752518
-872627482931432413,990693,1490752564
3185564479124115282,990693,1490752541
5245903963430522331,990693,1490752547
7056228128954653063,972031,1490752548
-8139795967009553579,990619,1490752537
-9083529377784788533,991000,1490752549
2909160494149546997,991000,1490752537
-4201054791531045109,991000,1490752519
-2242129140129356780,991000,1490752517
6414778918410856453,991000,1490752538
5661071028522773321,991000,1490752517
4658064041882954348,991000,1490752530
3473751444442633940,991000,1490752526
-6758481359754008043,991006,1490752536
-4776553484529344257,991006,1490752511
-5449458720491075892,991006,1490752546
-4556994319244690251,991006,1490752530
-9168098544385571769,991006,1490752527
8365794219271720496,991006,1490752528
6460089583550981804,991006,1490752549
2589367583442529742,991006,1490752570
1018480519942195535,991006,1490752532
1899921583129474972,991006,1490752543
-8767698400991495067,991006,1490752557
-7877247982677533127,991006,1490752547
-3505060594779366100,991006,1490752517
-5862774637385269160,991150,1490752523
-5092304947928889326,991150,1490752550
8335422294652907084,991150,1490752519
1686707098214883821,991150,1490752556
-5587230430001658192,991150,1490752550
6782665652543411769,991150,1490752559
-8686606404223350564,991150,1490752529
3874545175491157347,990342,1490752513
3734150176921841206,990342,1490752548
5743603432370177058,913118,1490752564
-6234900049044424141,982934,1490752526
1705010097356232212,990842,1490752547
3564004447769016894,990842,1490752534
1713326911118180048,990568,1490752523
2897752062369418780,990568,1490752532
-2501389151970832962,990568,1490752517
-3546242484865432503,990568,1490752526
2673338581771252092,945201,1490752551
471576802131662512,990651,1490752551
7712583116803355914,990615,1490752569
8335422294652907084,991139,1490752566
8530221390482439005,990871,1490752529
-3321086877947874028,990378,1490752514
-6134125249056778273,990378,1490752559
762750452194753649,990378,1490752560
5717831331026220336,990378,1490752565
-8760261655836723291,991087,1490752542
-2251762344659577169,991087,1490752558
8215247023964132977,991087,1490752541
625142324558731124,991068,1490752554
-8996962580609080842,991068,1490752548
6794065484004986926,991068,1490752527
-3788641013016092451,991068,1490752539
2107770317915317487,991068,1490752555
1242762004671692653,991068,1490752565
-2487770662809045965,991068,1490752547
773643217812917540,991068,1490752535
-2176702778674439809,991068,1490752518
6947197277183962255,991068,1490752555
-8578873189774490824,991068,1490752519
8215247023964132977,991068,1490752571
-1246299770114102675,991125,1490752547
-4749906865580805099,991125,1490752567
672739098645631303,991125,1490752571
-3624043259696042639,991125,1490752544
3568963089385609155,991125,1490752527
2770582840696490792,991125,1490752543
-8892614019890222330,991125,1490752547
2732405206498756351,991125,1490752527
-5455367407514936362,991125,1490752565
8930249166031800859,991125,1490752568
-1165421827703086212,991125,1490752520
-4736148010362996413,991125,1490752562
-4755588398552943462,991125,1490752570
-3919407564570656125,991125,1490752527
5193644059264526573,991125,1490752539
8925419517977343090,991125,1490752568
4109442022892926116,991125,1490752559
-3290890301817155627,991125,1490752564
-3732848086115000106,991071,1490752556
6500566468147311442,991071,1490752542
-5605163632665579804,991071,1490752566
-6093190097164059793,990715,1490752543
-9144695246674251511,990715,1490752540
4134756539366718441,988517,1490752568
7613742835587785331,988517,1490752557
-4686289766374574744,990814,1490752517
-3399606517301120373,990228,1490752543
-3480022082541391714,990780,1490752559
-8480584428454160487,990639,1490752541
-6482851560761501060,990639,1490752565
5035231725276980318,972937,1490752533
8084438685969130518,972937,1490752565
-653042292546546910,990966,1490752558
-3321086877947874028,990373,1490752530
-6319342484962038557,989450,1490752568
6558884349005529555,991096,1490752526
7388192805204586347,991096,1490752537
6947197277183962255,991096,1490752531
-874363382736767323,991096,1490752561
3626588644581809678,991096,1490752521
-6324426634802682394,991096,1490752570
4967725538854504801,991096,1490752550
-3687577827903212261,991096,1490752517
773643217812917540,991096,1490752512
3206431382350328359,991096,1490752549
8880171669628657311,991096,1490752554
-8139795967009553579,990624,1490752556
-4201054791531045109,990935,1490752570
7959545591371094497,882846,1490752567
6914889447832650323,990752,1490752568
7505397246874809326,990884,1490752565
-7277096162045004478,990884,1490752568
925647329545304830,990905,1490752527
-2373147404491981962,990905,1490752569
3309480514889813058,986916,1490752515
-8139795967009553579,990621,1490752556
492553452665949745,990456,1490752549
7735099688942719368,991019,1490752533
-6354878528143259641,973538,1490752550
9159078752167996577,990028,1490752568
1423031226213182492,991155,1490752530
7278802313940597811,991155,1490752563
4160278368693754034,991155,1490752511
4640179917570118645,990929,1490752571
2034398285379531673,990929,1490752538
-2373147404491981962,990903,1490752536
9222212311512135747,991108,1490752511
6206193835888591143,991108,1490752558
5316563465529335160,991108,1490752543
-628521582201357333,988973,1490752518
-6267107922543957414,153070,1490752518
8530221390482439005,990858,1490752529
8633193215544112066,990980,1490752529
-3246446501335280729,990980,1490752562
6442375532556657516,990980,1490752563
-6676790454147324353,991030,1490752540
6893117496292822272,991030,1490752541
1245007633344086268,991030,1490752534
8791023189471059693,991030,1490752551
8557966721805777474,991030,1490752512
1167652630327353197,991030,1490752541
912639992320457494,991030,1490752521
4354151076225923753,991030,1490752531
6957920645556195658,991128,1490752556
9106596336618182156,991128,1490752547
5510432514908843472,991128,1490752558
6380966584207980865,991128,1490752559
417378278158384961,991128,1490752569
-6944242592235063901,991128,1490752524
-426204778012708267,991128,1490752562
191631746871432979,991128,1490752519
-6887337556975885208,991128,1490752555
-1804888335365399678,991128,1490752517
8338041166679616597,991128,1490752558
-2598086309286338740,991128,1490752520
7511926696099529429,991128,1490752531
98609566492475810,991128,1490752566
-3643557027076160383,991128,1490752567
-6164517395399068637,991128,1490752512
8925419517977343090,991128,1490752539
8206152037479513325,991128,1490752523
660026327403159510,991128,1490752568
-930340930771561562,991128,1490752569
-7681357110793069231,991128,1490752560
-3290890301817155627,991128,1490752529
8930249166031800859,991128,1490752540
3588383677331311807,991128,1490752567
3505148079397981195,991128,1490752559
3555550764894249380,991128,1490752556
-4534084653525234977,991128,1490752535
2166908907232010925,991128,1490752518
5882811166373575989,991128,1490752521
1810791134423243111,991128,1490752559
6271003589644708020,991128,1490752568
-894554070809225189,991128,1490752534
6597339310423817467,991128,1490752569
-5147618205222034404,991128,1490752546
3543873591452641,991128,1490752564
-4325277273172408565,991128,1490752548
311290423643154906,991128,1490752530
-8734842037036274639,991128,1490752537
1052607351888819078,991128,1490752540
5578270145923239959,991128,1490752513
5082558582333311206,991128,1490752548
-7234337213515202428,991128,1490752562
-9078858395710069252,991128,1490752524
8952201194381328174,991128,1490752556
-1573699000389075161,991128,1490752539
3644122419865901737,991128,1490752564
-5343162479484707106,991128,1490752533
1338302859420956481,991128,1490752569
7764574660327885205,990674,1490752566
1494261089976713938,990876,1490752543
-6261305844572854313,990876,1490752540
2833308783689724688,990876,1490752511
7089180438346902515,989083,1490752546
8860760058543442541,989680,1490752550
-5619991000306534005,990959,1490752514
-4201054791531045109,990959,1490752570
8335422294652907084,991138,1490752556
3238826918211639982,991138,1490752554
7505397246874809326,990852,1490752569
6317707798734694258,990640,1490752556
-3632218421409064523,991099,1490752560
1544629951100020811,991099,1490752544
7859107936315788722,991099,1490752548
2034398285379531673,990927,1490752511
3753661455911412744,990927,1490752535
-6110660788889299010,990332,1490752534
-4181455814017925476,897060,1490752569
-4151729255137132728,988823,1490752542
5630711940852006928,990826,1490752540
8236283268768989766,990826,1490752544
8000312031386761616,990826,1490752552
5868658609969018019,991113,1490752519
9061469647868450549,991113,1490752563
6273755032148829430,991113,1490752533
-8421208172540646221,991113,1490752569
5306878140301622486,991113,1490752551
6189760324728347715,991113,1490752521
-2913886534090188043,991113,1490752535
2732405206498756351,991113,1490752570
-6163153181330963153,991113,1490752553
-7378496186840897212,991113,1490752526
-4525337911789416256,991113,1490752563
-7087228661743747868,991113,1490752529
3568963089385609155,991113,1490752567
6117132967003798797,991113,1490752566
6103072788523020706,991113,1490752559
-4201054791531045109,991054,1490752516
8827555450640549319,990653,1490752546
-947443135625424432,991066,1490752543
-3271794020412463708,991066,1490752516
6500566468147311442,991066,1490752545
-4696837500326757404,991066,1490752530
-3732848086115000106,991066,1490752556
-6676790454147324353,991026,1490752540
-3546242484865432503,990550,1490752526
-3452564000056571425,990550,1490752549
-5646859958341969228,990550,1490752564
3147709636140323593,990550,1490752528
292364531720537860,990550,1490752519
-4685469229615698471,990550,1490752523
-830490397886425717,990550,1490752559
-7599627797936582071,991124,1490752543
-5250332720187413896,991124,1490752533
2770582840696490792,991124,1490752560
-8892614019890222330,991124,1490752564
3568963089385609155,991124,1490752536
2732405206498756351,991124,1490752533
672739098645631303,991124,1490752571
-4749906865580805099,991124,1490752567
-1246299770114102675,991124,1490752547
8969631221753041910,991056,1490752559
3894765217139735444,991056,1490752516
6511399426062146751,991056,1490752537
-7378496186840897212,991056,1490752541
-3928023199867673536,991056,1490752519
6273755032148829430,991056,1490752546
1241554915154222202,991056,1490752515
-2913886534090188043,991056,1490752541
-8421208172540646221,991056,1490752569
2732405206498756351,991056,1490752570
-4525337911789416256,991056,1490752563
5306878140301622486,991056,1490752552
6189760324728347715,991056,1490752521
9061469647868450549,991056,1490752563
5868658609969018019,991056,1490752519
-6163153181330963153,991056,1490752553
-8480584428454160487,990632,1490752564
1378005899800626652,990407,1490752553
1637548934525300959,990773,1490752531
6648514113447531297,990773,1490752519
-7019539190407841797,990773,1490752567
3185564479124115282,990690,1490752565
3473751444442633940,991069,1490752522
3915495964183473478,991069,1490752527
-5605163632665579804,991069,1490752530
6500566468147311442,991069,1490752529
3581336852432038003,991069,1490752565
-1487513870098836769,991069,1490752524
6594287178370892777,989735,1490752553
-6267107922543957414,153067,1490752514
3172898837411848020,990141,1490752522
6414484615163165244,989402,1490752541
-6319342484962038557,989402,1490752568
1766883481987178927,990924,1490752549
6528278531947344626,990860,1490752519
-7993795709918664802,971952,1490752562
-3175435077353062243,990747,1490752511
6103072788523020706,991115,1490752549
6117132967003798797,991115,1490752525
-7398516447582118542,991115,1490752563
-7087228661743747868,991115,1490752515
9061469647868450549,991115,1490752521
7437477321435987849,991115,1490752548
5306878140301622486,991115,1490752521
3568963089385609155,991115,1490752563
-6163153181330963153,991115,1490752534
-8421208172540646221,991115,1490752520
4593439763536030694,991115,1490752526
2732405206498756351,991115,1490752547
-4525337911789416256,991115,1490752521
-2913886534090188043,991115,1490752513
-6419392525629323385,991115,1490752549
-5250332720187413896,991115,1490752533
-8892614019890222330,991115,1490752564
-369951136480684918,991115,1490752523
2770582840696490792,991115,1490752560
6414484615163165244,989237,1490752570
-6093190097164059793,990523,1490752543
7671800016232727174,990856,1490752560
-7940453425016655785,990856,1490752565
3362343410031572910,990856,1490752571
-5741581431521971259,990856,1490752561
-8238284146171960192,990525,1490752560
-8457129141089982604,990525,1490752517
8014753825016661891,990307,1490752571
7369626396265590472,990307,1490752557
5316796109331251242,991009,1490752557
3921572864975155736,991158,1490752554
-2954712711521190810,991158,1490752537
-3020236596572243017,990102,1490752520
8335422294652907084,991140,1490752566
-7534116089152269002,991110,1490752544
-7237251741685515725,991110,1490752536
-3581618086065151049,991110,1490752516
-9151885401734664277,991110,1490752528
-570842035671785367,991110,1490752546
3561332371855734636,991110,1490752532
-7180592253464212727,991110,1490752525
-5954970409100548277,991110,1490752548
4756635264013157273,991110,1490752563
2169048015538961541,991110,1490752560
1241554915154222202,991110,1490752566
-1417986030546212873,991110,1490752559
9165091659439769989,991110,1490752548
5069844498796515629,991110,1490752569
-8767020635011975854,991110,1490752551
-258909351290990072,991110,1490752560
-7748252959907937159,991110,1490752556
3894765217139735444,991110,1490752563
4812354274517837440,991110,1490752551
-6096236208087189282,991110,1490752546
3626588644581809678,991110,1490752566
-8307395755359958212,991110,1490752538
-2913886534090188043,991110,1490752549
5862729272572652535,991110,1490752536
6630830402202005931,991110,1490752521
-8417320657527130726,991110,1490752560
9154672950668023177,991110,1490752552
-7626725802735770739,991110,1490752517
8969631221753041910,991110,1490752567
3730294230074428446,991110,1490752570
8790368664332517784,991110,1490752523
7598344778873994805,979567,1490752569
8633193215544112066,990991,1490752540
782996795723894808,990991,1490752516
504770574917859053,949763,1490752532
-1749980174144506132,990474,1490752552
3441111420183926299,990474,1490752545
7598344778873994805,990474,1490752568
8014753825016661891,988637,1490752571
7505397246874809326,990888,1490752559
-7277096162045004478,990888,1490752568
2034398285379531673,990926,1490752559
6414484615163165244,989145,1490752570
7712583116803355914,990618,1490752569
9165091659439769989,990817,1490752522
-6096236208087189282,990817,1490752535
-3928023199867673536,990817,1490752563
5069844498796515629,990817,1490752546
3894765217139735444,990817,1490752543
8969631221753041910,990817,1490752567
1241554915154222202,990817,1490752537
-2913886534090188043,990817,1490752549
-4079491006230983019,990817,1490752515
6511399426062146751,990817,1490752556
6273755032148829430,990817,1490752570
-7378496186840897212,990817,1490752564
1832983051638929928,990507,1490752517
8335422294652907084,991141,1490752562
-844239072642207591,881626,1490752517
-6290900729826928629,990268,1490752536
-6192050550509402697,990710,1490752529
6339783196784532967,990710,1490752526
-1035185477341466939,990741,1490752556
1025533305390375276,990741,1490752562
-3244857331116983946,991001,1490752571
5316796109331251242,991001,1490752530
-2161437341063085383,983681,1490752562
-6234900049044424141,982960,1490752534
-3271794020412463708,991035,1490752554
7192465977002352596,951101,1490752549
2713343185461519565,990918,1490752542
6165719161465485274,991051,1490752542
4005373473553275734,988925,1490752522
116164672601341151,988925,1490752519
8564601536531267101,988086,1490752563
-1136530645239563296,950703,1490752531
-1115116871194444047,990878,1490752528
-5092304947928889326,991149,1490752560
8335422294652907084,991149,1490752526
-2373147404491981962,990919,1490752527
6117132967003798797,991123,1490752566
-4525337911789416256,991123,1490752551
4593439763536030694,991123,1490752551
-8421208172540646221,991123,1490752537
6103072788523020706,991123,1490752559
9061469647868450549,991123,1490752528
-6163153181330963153,991123,1490752540
-7087228661743747868,991123,1490752521
2732405206498756351,991123,1490752552
-2913886534090188043,991123,1490752517
3568963089385609155,991123,1490752567
5306878140301622486,991123,1490752523
-7398516447582118542,991123,1490752563
7437477321435987849,991123,1490752548
-6578155173632844152,990843,1490752523
-8480584428454160487,990633,1490752564
1125412541501851251,989430,1490752515
-1873986051423245149,990725,1490752560
8678135483356419277,990725,1490752542
-1307831213553088050,991143,1490752564
3238826918211639982,991143,1490752542
8335422294652907084,991143,1490752549
3940648113120072792,991143,1490752537
6806211853828396712,991143,1490752535
116164672601341151,989642,1490752519
-6956559821069595624,990466,1490752528
1508065946360401605,990466,1490752543
8924603184685096388,925429,1490752549
-3452564000056571425,985384,1490752550
-5646859958341969228,985384,1490752564
3418273020054466646,155048,1490752557
6514886879214028144,990468,1490752533
8335422294652907084,991144,1490752530
746009546008735619,991144,1490752555
-4484760758663361734,991144,1490752561
-2176702778674439809,975858,1490752518
-8578873189774490824,975858,1490752519
-2487770662809045965,975858,1490752527
7388192805204586347,975858,1490752567
6947197277183962255,975858,1490752554
4967725538854504801,975858,1490752567
6558884349005529555,975858,1490752542
773643217812917540,975858,1490752524
-874363382736767323,975858,1490752569
3626588644581809678,975858,1490752530
-8760261655836723291,975858,1490752542
-6324426634802682394,975858,1490752570
6194894917524377483,990748,1490752558
3540287310735126124,990748,1490752514
4716042038966215703,991102,1490752555
3206431382350328359,991102,1490752540
-6324426634802682394,991102,1490752534
-874363382736767323,991102,1490752516
-3687577827903212261,991102,1490752512
4404880637299920306,991102,1490752562
-2059664436014289672,991102,1490752547
756714991867830212,991102,1490752532
4967725538854504801,991102,1490752525
9222212311512135747,991102,1490752511
-3581618086065151049,991102,1490752555
-8996962580609080842,991102,1490752562
6451726127062313090,991102,1490752545
7238833284299561918,989533,1490752564
-1136530645239563296,964317,1490752538
-8530377565912675438,991114,1490752519
672739098645631303,991114,1490752521
-6265692706634922957,991114,1490752529
4109442022892926116,991114,1490752530
4318703219363823242,991114,1490752519
-5455367407514936362,991114,1490752546
-3290890301817155627,991114,1490752560
8930249166031800859,991114,1490752562
-8892614019890222330,991114,1490752525
8206152037479513325,991114,1490752541
-4736148010362996413,991114,1490752530
-1165421827703086212,991114,1490752518
-6164517395399068637,991114,1490752529
-6887337556975885208,991114,1490752568
5510432514908843472,991114,1490752570
8925419517977343090,991114,1490752551
8338041166679616597,991114,1490752568
7511926696099529429,991114,1490752540
-1804888335365399678,991114,1490752524
660026327403159510,991114,1490752569
98609566492475810,991114,1490752566
9106596336618182156,991114,1490752547
-7681357110793069231,991114,1490752560
-930340930771561562,991114,1490752569
346529036179421086,991134,1490752513
3921115132061876042,991134,1490752521
763383355671924345,990620,1490752555
8633193215544112066,990984,1490752551
1729682789574859519,990984,1490752519
-8480584428454160487,990638,1490752533
-6482851560761501060,990638,1490752565
-4688117338771488884,990714,1490752553
-694651580247043209,990714,1490752563
-2106802861943341198,990714,1490752519
-2373147404491981962,990881,1490752549
4981287182588245300,987029,1490752539
-7277096162045004478,990894,1490752521
925647329545304830,990894,1490752570
1766883481987178927,990894,1490752549
-4881714991517073552,980770,1490752535
3726301368596794432,990787,1490752529
4814958911671126841,990787,1490752553
5098550840881938316,194829,1490752522
3680110142210229013,990815,1490752533
763383355671924345,990616,1490752555
2093842659401770256,990781,1490752515
763383355671924345,990622,1490752538
9085276791765095099,990854,1490752567
5245903963430522331,990943,1490752557
8558142938395754185,990943,1490752555
7758742199066192132,990943,1490752551
1036870223693233159,990943,1490752539
-7515219402051864435,990943,1490752565
-3072593791222136724,990943,1490752549
-8080955819842051484,991059,1490752515
-3271794020412463708,991059,1490752554
-8238284146171960192,990526,1490752560
-931571908213680196,990882,1490752535
982984396908186018,990882,1490752553
-7553107828132308410,990882,1490752538
-4776553484529344257,990882,1490752512
1440181090012821412,990882,1490752521
6460089583550981804,990882,1490752550
8236283268768989766,990829,1490752570
5630711940852006928,990829,1490752552
3185564479124115282,990777,1490752519
-333724207740525714,990655,1490752560
4505499186754314688,990655,1490752557
-600051197026847745,990655,1490752550
-2954130133892831052,990655,1490752557
-785966464886761389,990655,1490752562
4018111222573670447,990655,1490752569
-3732848086115000106,991067,1490752542
-5605163632665579804,991067,1490752566
6500566468147311442,991067,1490752540
3915495964183473478,991067,1490752527
504770574917859053,954089,1490752517
1508065946360401605,990536,1490752546
1713326911118180048,990536,1490752523
3412318938905982945,990672,1490752569
-6353042290532444627,990672,1490752519
2401856329168007892,990672,1490752540
3185564479124115282,990672,1490752565
-3115419884279180480,990672,1490752518
1418642919026454383,990672,1490752519
-3980916752717247823,990672,1490752558
8351336257473347709,990672,1490752530
-8738141866086596330,990672,1490752524
-6706065833919527211,990672,1490752560
7131617927837979073,990672,1490752561
4889223042075121144,990672,1490752555
9095099680450046401,990672,1490752527
-5702427949551504760,990680,1490752523
4691216272318463563,949839,1490752515
-4755588398552943462,991129,1490752570
-3919407564570656125,991129,1490752527
5193644059264526573,991129,1490752539
-8530377565912675438,991129,1490752559
672739098645631303,991129,1490752553
-4736148010362996413,991129,1490752561
4109442022892926116,991129,1490752559
-1196543491603575677,991129,1490752513
2732405206498756351,991129,1490752523
2770582840696490792,991129,1490752532
-5455367407514936362,991129,1490752565
-3624043259696042639,991129,1490752530
8925419517977343090,991129,1490752568
-8892614019890222330,991129,1490752539
3568963089385609155,991129,1490752516
8930249166031800859,991129,1490752568
-3290890301817155627,991129,1490752564
7511926696099529429,991129,1490752543
-1165421827703086212,991129,1490752520
8206152037479513325,991129,1490752541
4318703219363823242,991129,1490752519
5510432514908843472,991129,1490752570
-6887337556975885208,991129,1490752568
7192598692858257768,991129,1490752568
-6265692706634922957,991129,1490752529
8338041166679616597,991129,1490752568
-3720261984778370049,157533,1490752560
925647329545304830,990700,1490752553
-4683103648505130039,990700,1490752540
3238826918211639982,991142,1490752554
8335422294652907084,991142,1490752553
3940648113120072792,991142,1490752537
925647329545304830,990901,1490752570
-6093417515141249910,987882,1490752559
5628585141231205115,991045,1490752567
6932389692208702905,991094,1490752541
625142324558731124,991094,1490752567
2107770317915317487,991094,1490752564
773643217812917540,991094,1490752542
-2986008780733242342,991094,1490752546
-7599627797936582071,991094,1490752570
6513957533382888940,990971,1490752539
-1749980174144506132,989880,1490752561
-3643557027076160383,990604,1490752549
-3916349550227277411,974220,1490752532
-9082800295523239968,990686,1490752564
-904270557032207183,990686,1490752518
5527087220348906331,990686,1490752518
-7599627797936582071,991097,1490752568
3672094673869231033,789232,1490752531
3401762679711034881,990782,1490752515
-3499577376302077897,991065,1490752550
-8080955819842051484,991065,1490752515
8584267357222983592,991109,1490752547
6312136119993530596,991109,1490752570
-1059854151294422631,991109,1490752539
-5954970409100548277,991109,1490752569
3561332371855734636,991109,1490752552
-258909351290990072,991109,1490752568
-6096236208087189282,991109,1490752555
3894765217139735444,991109,1490752564
2169048015538961541,991109,1490752565
1544629951100020811,991037,1490752558
-4414837933156915747,991086,1490752564
7399996617501874897,991086,1490752531
-5689122064195284949,991086,1490752521
3926620424049153780,991086,1490752556
7754281181884946568,991086,1490752541
8133095971572214151,991086,1490752541
3940648113120072792,991145,1490752532
6806211853828396712,991145,1490752535
8335422294652907084,991145,1490752537
3238826918211639982,991145,1490752516
7505397246874809326,990828,1490752569
504770574917859053,950301,1490752528
-2373147404491981962,990922,1490752517
-6319342484962038557,989787,1490752542
-5080717277725563822,989787,1490752529
-1080316419732302316,989787,1490752544
-7053647804928751670,990873,1490752522
-3222847943268291965,990873,1490752562
-3089854872349209226,991082,1490752554
-7323156344560228324,991082,1490752559
2034398285379531673,990921,1490752559
-5669829074394181069,990589,1490752515
9011642730449324889,983244,1490752533
1378005899800626652,990376,1490752568
7754281181884946568,991083,1490752513
542415606574812700,991083,1490752544
3926620424049153780,991083,1490752519
8133095971572214151,991083,1490752541
-5488272885720100258,991083,1490752528
773643217812917540,991083,1490752556
6932389692208702905,991083,1490752547
7353457161029307824,991083,1490752540
-253313669119562286,991083,1490752522
3129774428187831938,991083,1490752523
3942807532354035726,192631,1490752568
1423031226213182492,991151,1490752550
7278802313940597811,991151,1490752568
8640392136611524405,990143,1490752564
7399996617501874897,991080,1490752571
-2624164514534249376,991080,1490752570
7988783793004728801,991011,1490752570
8462175807635556839,991011,1490752554
-4683103648505130039,990792,1490752530
925647329545304830,990792,1490752515
-2373147404491981962,990792,1490752560
2713343185461519565,990792,1490752542
-2866827545429976033,989808,1490752555
3333097559708757470,990094,1490752523
504770574917859053,947230,1490752547
4160278368693754034,991157,1490752548
7607959102534402349,991157,1490752526
7278802313940597811,991157,1490752550
-198150330578544199,991157,1490752519
9109619751243434180,991157,1490752570
-8747113755492058748,990574,1490752541
3412318938905982945,990574,1490752569
3886903221331189571,990765,1490752527
-3321086877947874028,990324,1490752557
-1951325560428693280,968598,1490752531
-3328653103880183920,990383,1490752530
-2842019317603269355,990383,1490752517
-7918883652142666057,990383,1490752532
773643217812917540,991088,1490752550
6932389692208702905,991088,1490752547
-762751772741694951,991088,1490752568
2107770317915317487,991088,1490752564
625142324558731124,991088,1490752567
-1115116871194444047,990969,1490752527
5261837018469637161,990969,1490752531
8998189082061188959,990969,1490752561
2321457519019616219,990969,1490752523
-4101148458045740652,988303,1490752515
3358006389120411274,990085,1490752529
8245603676568751518,990085,1490752541
7570791882236916408,990085,1490752537
-1853241203367088508,990085,1490752549
-4500774435632609887,990085,1490752535
1303221701343106087,990085,1490752530
-7119676120352697699,990085,1490752549
4988178521346141035,988476,1490752548
-1430654379573432457,979448,1490752544
-1342229677486639566,898278,1490752519
-8776206719669344973,990974,1490752563
-8739260664570487619,990974,1490752568
1129252863772616613,991078,1490752564
3681781317744120750,989843,1490752526
2290922687492125869,990965,1490752538
-3505060594779366100,990965,1490752517
-1634642723627555243,990965,1490752557
1899921583129474972,990965,1490752543
9176939691122270584,990965,1490752563
6460089583550981804,990965,1490752532
2589367583442529742,990965,1490752531
-5864956445474501354,990965,1490752555
7089180438346902515,990965,1490752568
3401762679711034881,990779,1490752530
-6578155173632844152,990751,1490752523
8880171669628657311,991101,1490752554
-874363382736767323,991101,1490752538
4967725538854504801,991101,1490752541
3206431382350328359,991101,1490752549
1568861557184575294,991101,1490752518
-2059664436014289672,991101,1490752555
-6324426634802682394,991101,1490752550
-3687577827903212261,991101,1490752515
756714991867830212,991101,1490752532
4404880637299920306,991101,1490752562
-653716510754705297,990945,1490752568
3626583748575489196,991061,1490752536
-2986008780733242342,991093,1490752546
6932389692208702905,991093,1490752518
625142324558731124,991093,1490752559
773643217812917540,991093,1490752539
2107770317915317487,991093,1490752557
-7599627797936582071,991093,1490752570
1568861557184575294,991093,1490752542
-2487770662809045965,991093,1490752548
4716042038966215703,991093,1490752563
2288047797858519992,345806,1490752512
4704797355082081255,880232,1490752566
-4395886056409888288,990685,1490752518
-3321086877947874028,990363,1490752551
-8480584428454160487,990636,1490752547
6451726127062313090,991106,1490752545
756714991867830212,991106,1490752514
-2059664436014289672,991106,1490752518
4404880637299920306,991106,1490752526
4967725538854504801,991106,1490752517
-570842035671785367,991106,1490752547
-1059854151294422631,991106,1490752539
6312136119993530596,991106,1490752570
-258909351290990072,991106,1490752568
8584267357222983592,991106,1490752547
3561332371855734636,991106,1490752552
-5954970409100548277,991106,1490752571
8335422294652907084,991152,1490752511
-6234900049044424141,982952,1490752513
3921115132061876042,991135,1490752521
7235106170741321647,991135,1490752557
7772118910701682204,991135,1490752561
-9099382428857489451,991135,1490752563
-7277096162045004478,990890,1490752532
-3480022082541391714,990801,1490752560
1895653909599004314,990910,1490752556
2820918340364500924,990822,1490752564
1397705881872907437,990925,1490752548
1036870223693233159,990925,1490752539
6460089583550981804,991016,1490752514
-3382378046319898760,991016,1490752569
2589367583442529742,991016,1490752537
-6758481359754008043,991016,1490752568
8014753825016661891,990445,1490752565
6914889447832650323,990750,1490752568
6526480987742432019,990738,1490752516
6553334357277653857,990738,1490752520
