-8378280182764582446,961577,1490736572
8573343919352938323,990867,1490736583
8014394329641905598,339821,1490736606
2962293612644940094,991002,1490736584
4851888757770189604,990761,1490736597
6397180241780008608,991056,1490736599
7283124313686003458,991056,1490736579
-3590231588796014628,991056,1490736567
-5050457132594345906,991056,1490736570
-3074526403897915635,991056,1490736567
1249870764685995025,991056,1490736578
-7241839954045477380,991056,1490736584
6025786293848198882,991056,1490736571
1077214352495478152,991056,1490736596
5374732694781944050,991056,1490736579
-6533405894075191064,415858,1490736564
-851279758299283076,986702,1490736561
8628958229305609323,991011,1490736608
-1446714311370619806,991011,1490736570
8809705910243407699,991011,1490736599
-6353968020250479269,991011,1490736582
6168661830372818063,991011,1490736594
1654491390317240098,991011,1490736584
-2810550444726620375,991011,1490736596
-8964230340321424724,991054,1490736554
-6480317414922454506,991054,1490736577
8809705910243407699,991054,1490736567
-6316220571965765366,991054,1490736597
6627478876830066607,990796,1490736584
8421468892719634172,991059,1490736584
2306596636449381330,990900,1490736576
-3971336748953759791,991116,1490736590
-7282623752855600468,991116,1490736553
-4595470332341837412,991116,1490736567
-792447515640807185,991116,1490736591
1049414190106374694,991116,1490736608
1366554062477079650,991094,1490736593
-3152337003268706515,991094,1490736572
8331606270979308205,972054,1490736600
-9104833254280321387,990959,1490736576
260780024769208058,990959,1490736577
-3481741059600108655,990959,1490736606
8520928561625769216,990959,1490736569
8219952812409403744,990959,1490736592
2896497385271873320,990773,1490736591
-6524902716636490313,990773,1490736607
-8841202434547366379,990773,1490736583
8328173488855339074,990773,1490736559
-33931851426201603,990773,1490736569
6284349834570863476,990773,1490736582
5675081532497823736,990773,1490736559
-2818199776345033096,990786,1490736582
-1845814218597770222,990555,1490736600
7976220607246222054,990466,1490736578
4604312119137857212,990466,1490736598
-909494316941881295,990466,1490736558
-2929657215621024361,990449,1490736586
-7336655363082258027,990826,1490736591
3521754597249271511,990826,1490736597
4424072857715011236,989567,1490736575
4271284472728426321,990474,1490736572
-3090641196882146755,990474,1490736603
-7111756132392273615,931709,1490736610
-3420363075641181241,344458,1490736565
2327806136609872448,987168,1490736570
-3241893685856938521,982189,1490736606
-289674102843090423,950222,1490736568
1540274718369968303,989422,1490736585
-5759387863740344864,990849,1490736593
-1418294007321152179,990849,1490736602
-1791017940047308904,990973,1490736581
7404322866074430026,990508,1490736579
-8176889690844703829,990041,1490736602
112175916935349122,890980,1490736553
8573343919352938323,990952,1490736588
3816187076935705454,990468,1490736600
-6602022455199389551,990247,1490736569
-2340027903813877983,990247,1490736611
-7992076569125466118,990247,1490736573
8421468892719634172,991035,1490736570
4876147126815964480,991035,1490736592
-702860616477370451,983762,1490736581
-4347504252714798948,976547,1490736597
7113132319318849168,901048,1490736588
-1791017940047308904,990972,1490736589
4534871387170535661,986789,1490736552
8684872276664660296,986789,1490736580
4785607888778010794,986789,1490736604
-2965921307409567633,986789,1490736553
-6155185947816886698,990574,1490736562
-2968671160766928853,990574,1490736594
-7344301346369311188,990762,1490736570
2999823563811095719,990728,1490736556
6160174752601655020,990728,1490736578
3849181649052466923,979810,1490736576
2962293612644940094,990999,1490736602
-5383021848600429061,989824,1490736603
-7912699005311749215,989824,1490736574
-4133479965639969439,989824,1490736587
-6134924946209752527,342537,1490736553
-7111756132392273615,931144,1490736610
1610638103976899707,990817,1490736587
-3074526403897915635,990817,1490736601
-5050457132594345906,990817,1490736583
4102787432264565216,990817,1490736557
1249870764685995025,990817,1490736589
3884246670566254908,990817,1490736558
6149107482478435215,987019,1490736563
7845895909410845007,990687,1490736558
-1986461603253260779,990711,1490736571
6627478876830066607,990801,1490736582
900797793381509706,990801,1490736606
-2646835879518322822,990727,1490736557
-6841695665194447867,990727,1490736573
2572002275477821906,987558,1490736596
3303394327137323197,990488,1490736593
4282426819241880202,889004,1490736560
-8319210397888122847,987046,1490736582
8421468892719634172,991065,1490736590
6160174752601655020,990603,1490736576
2962293612644940094,991004,1490736602
7413717405261439360,984548,1490736581
-6316220571965765366,991049,1490736590
-5759387863740344864,990853,1490736593
4200079044251624228,990853,1490736572
2222502190180436026,990964,1490736557
2962293612644940094,990964,1490736579
9201592160271357502,990964,1490736605
-3497223204990421911,983811,1490736570
913282913203978706,983811,1490736569
8628958229305609323,990851,1490736599
-6480949305426515657,990851,1490736593
-6799223710628052540,990851,1490736559
7383083241779208926,990851,1490736582
8598519256564615111,990851,1490736575
-4775803964039948568,990851,1490736608
3993013579738853482,990851,1490736599
5268156997362078521,888109,1490736577
-1670941164520337445,990507,1490736563
6326195308331967380,990771,1490736571
-5799325239692779480,344769,1490736578
3263839024992764393,417266,1490736579
-5929968291123506580,95820,1490736586
-7241839954045477380,991113,1490736584
1249870764685995025,991113,1490736573
7453083901083291025,991113,1490736611
-3074526403897915635,991113,1490736561
-6595604044320621623,991113,1490736602
6601093564248050478,991113,1490736591
-4990902529848766515,991113,1490736609
5525102573562370398,991113,1490736584
1604941923427658404,990552,1490736582
8573343919352938323,990960,1490736553
1879607726948054241,990523,1490736593
6417187116211810738,990523,1490736575
-1447793814826231755,990523,1490736560
-5434326922833459414,908084,1490736551
2053794840895791265,988523,1490736568
-1791017940047308904,990924,1490736609
3515774006793661365,990550,1490736593
8149996248450974682,990550,1490736594
8173507270608858601,990550,1490736611
182158760093709749,990550,1490736580
-5753502413338740856,990550,1490736576
4659550001010212402,990550,1490736584
3471119258032133366,990550,1490736591
-6617104489787070549,990974,1490736595
491144204433923717,990974,1490736583
-6563198541526167635,990974,1490736588
5694415759638191614,990974,1490736563
-1581730259666546369,990974,1490736565
6627478876830066607,990804,1490736573
-4112892489567541405,990984,1490736597
4941816003958318810,953902,1490736574
6103301401160644343,980548,1490736602
2053794840895791265,986024,1490736551
2999823563811095719,990718,1490736562
5338869349298557868,423213,1490736572
6103301401160644343,973613,1490736604
-7655979529376824370,990484,1490736563
-1670941164520337445,990484,1490736576
-2524033291486487622,991110,1490736608
-4143820378596808833,991110,1490736592
2123916538273344298,991110,1490736580
-4055109693530927054,991110,1490736597
562289884658846324,991110,1490736598
8154552927874456794,991110,1490736584
7588551705252788278,991110,1490736584
-252394388490499999,991110,1490736588
-6021000363901537020,991110,1490736564
-9178847293126118445,991110,1490736553
-635008203940011877,991110,1490736597
-7673234873084664422,991110,1490736595
8549808864630110748,991110,1490736608
-4661140705634419275,991110,1490736571
-1745476652209890057,991110,1490736557
1249870764685995025,991110,1490736604
-8457508564954831007,991110,1490736565
6590355070476331235,991110,1490736570
-6026950405714346718,991110,1490736571
4102787432264565216,991110,1490736563
-5050457132594345906,991110,1490736586
-4628041989316897266,991110,1490736576
-1672862858766591503,991110,1490736607
-2210702776556496537,991110,1490736609
5722005527657850787,991110,1490736582
4772156003720108392,991110,1490736590
-9059884293036453718,991110,1490736599
-6934465917969520460,991110,1490736586
-1472166908224032304,991110,1490736563
-1669080047869319843,991110,1490736585
5549676889265306639,991110,1490736597
-3074526403897915635,991110,1490736601
-1664331397736878472,991110,1490736604
-4661140705634419275,991105,1490736595
3139875574604822397,991105,1490736555
-6021000363901537020,991105,1490736584
7588551705252788278,991105,1490736600
6590355070476331235,991105,1490736574
-2883459654146558558,991105,1490736554
4102787432264565216,991105,1490736567
-252394388490499999,991105,1490736591
4328250361681915721,991105,1490736553
8154552927874456794,991105,1490736584
8549808864630110748,991105,1490736609
-4143820378596808833,991105,1490736592
1249870764685995025,991105,1490736604
-3473513498372075528,990873,1490736558
6827466398859791470,990873,1490736553
-1475072104300325197,990873,1490736600
-8698724717567843776,990873,1490736607
-4798407736450886,990873,1490736559
-2440956635461882638,990993,1490736579
-8599710292221354415,990314,1490736608
-3961370897620902447,909410,1490736610
8149996248450974682,985384,1490736594
700568463149941307,989493,1490736559
-7019802142059409384,989930,1490736566
1540274718369968303,989617,1490736557
4253375062917640200,990530,1490736565
-5753502413338740856,990530,1490736569
5233263163549460102,990530,1490736609
-6480949305426515657,990530,1490736602
-3773043249965608906,990530,1490736566
-5833863954437680668,990530,1490736594
-2665338126801202216,990530,1490736608
1012417359906520955,990530,1490736598
-1532636213872450864,990530,1490736602
3471119258032133366,990530,1490736590
3239192770212344466,990327,1490736559
-2059296515531786542,990810,1490736595
784720884703694677,990810,1490736569
2510541909129255921,990810,1490736599
6627478876830066607,990810,1490736570
9132689414802474233,990810,1490736583
4271284472728426321,990810,1490736610
-2366171966194893681,990810,1490736589
-6656508668841981007,990989,1490736596
-6656508668841981007,991032,1490736606
-3635195704437367535,991032,1490736561
5737610605307708419,339481,1490736555
1260622622636437712,990839,1490736573
-5929968291123506580,957580,1490736584
2498342384209916631,991087,1490736591
8151480635834737254,991087,1490736609
1698999891553825922,991087,1490736575
-5446751951091579250,991087,1490736558
-1916955699310965709,991087,1490736561
-4269333009932319531,991087,1490736565
-6819391922215005045,991087,1490736604
6393740434912568083,991087,1490736609
8082803599238296368,991087,1490736563
-3120144901509888840,991101,1490736580
-4026446605888979554,991101,1490736608
-592730437457523234,991114,1490736558
-6466599583642988058,991114,1490736564
8706615878893477031,991114,1490736600
-521551721448484441,991114,1490736589
-3224363630701607659,991114,1490736570
-5651636857563076479,991114,1490736602
-4990902529848766515,991114,1490736572
-1557918338389831188,991114,1490736571
-3913540242201098557,991114,1490736609
8447083496887780896,984066,1490736569
-1883494375991358712,990232,1490736556
5741768224285565530,990305,1490736565
8447083496887780896,984065,1490736569
2327806136609872448,989532,1490736570
-7280538760302644067,990803,1490736602
-5471053809549388570,990803,1490736581
-1614790409994988015,990803,1490736557
-2918066651277325681,990803,1490736593
7942533185706123314,990803,1490736611
-1903474185799039991,990803,1490736610
2985741447986843829,990803,1490736554
6609565038338087098,990803,1490736573
6068959472151960515,990268,1490736602
-2807782825756758613,990268,1490736587
1214814549809023557,990668,1490736553
-6897285485114597844,990747,1490736553
-7287584041679614404,990747,1490736605
-8436895308903521850,990747,1490736611
3437274096208595574,990747,1490736589
-292693615645368705,990747,1490736586
-7655979529376824370,990469,1490736598
-1670941164520337445,990469,1490736605
8014394329641905598,339816,1490736606
4424072857715011236,989522,1490736596
-681369235952371305,721249,1490736602
-3848631855533778990,874068,1490736609
-6108618914459066630,991133,1490736596
2794461635175701163,991133,1490736565
-5651636857563076479,991133,1490736568
1483425247522308205,991133,1490736572
7429820355119818519,991133,1490736587
-4807515798438944291,991133,1490736609
5514235066383701170,991133,1490736564
4024214636725050624,991133,1490736554
-3913540242201098557,991133,1490736602
-1128058343317598166,991133,1490736578
-8758313512848259398,991133,1490736606
4823029234467557592,991133,1490736588
-9114422475817559337,991133,1490736598
3685589482209018400,991133,1490736571
-8108330849517078423,991133,1490736573
8706615878893477031,991133,1490736572
-4058177768485505789,991133,1490736591
8182869543754945647,991133,1490736557
-6595604044320621623,991133,1490736599
-6311611144410756819,991133,1490736580
8653580076949075399,991133,1490736583
-830661245446702716,991133,1490736552
-4498527792615524972,991133,1490736579
-6528982553024868420,991133,1490736564
789138741338378970,991133,1490736589
5537379428439087626,991133,1490736582
4862133094490675772,991133,1490736556
-5784373305861878842,991133,1490736577
7453083901083291025,991133,1490736596
7435383024108808989,991133,1490736565
1875848217886817739,991133,1490736575
6636116695800793276,991133,1490736604
-171848366130672355,991133,1490736599
5191272107185917149,991133,1490736571
6442900907575631546,991133,1490736555
-7019854394108428131,991133,1490736578
-4166609204665137267,991133,1490736588
9086029123350590675,991133,1490736566
4384710881257618659,991133,1490736585
-558930392998029654,991133,1490736587
-880733422117226821,991133,1490736567
-1557918338389831188,991133,1490736570
6638081574998661452,991133,1490736597
1167288879106443501,991133,1490736563
8191046559921851201,991133,1490736579
8965536132632407115,991133,1490736592
-5162059418927796327,991133,1490736591
2682998373119464527,991133,1490736572
-7824195099229005140,991133,1490736607
-5203369268080949156,991133,1490736591
-3125591673125896356,991133,1490736569
-592570920819346094,991133,1490736555
3869542682235922166,991133,1490736588
-4909269173575626713,991133,1490736602
912248333098228760,991133,1490736604
-323124812606722370,991133,1490736572
-2229520543386251339,991133,1490736580
-244339216991063490,991133,1490736582
-870311105111173782,991133,1490736577
659321711420248724,991133,1490736602
-2489558362261098944,991133,1490736585
-4079677299813377890,991133,1490736599
5644884882671213727,991133,1490736579
-1602333395162711723,991133,1490736567
-6341408347455761618,991133,1490736609
4772156003720108392,991133,1490736582
-905779163155122796,991133,1490736611
990151817946025572,991133,1490736590
7657601580137320652,991133,1490736609
-666121464510167179,991133,1490736578
1002064736152876442,991133,1490736602
2848622966406701580,991133,1490736602
-9162057684747765427,991133,1490736591
-36009862345318749,991133,1490736602
3597587758149432892,991133,1490736607
6291342015091124816,991133,1490736559
9179157250388208452,991133,1490736593
-7424458559788838253,991133,1490736595
-1693001550868656826,991133,1490736610
244627825557664261,991133,1490736569
-2301647918724813885,991133,1490736595
595251494248446436,991133,1490736597
-8819965177244073632,991133,1490736575
-6776770177073056411,991133,1490736594
5351256565147797645,991133,1490736586
-531106353399173532,991133,1490736584
-4172028921444440874,991133,1490736591
-3173834827523098951,991133,1490736600
-7567696278326967746,991133,1490736590
7368463765529615134,991115,1490736563
2367622789138972340,991115,1490736605
9186587048758782872,991115,1490736581
6985428020278050951,991115,1490736582
5525102573562370398,991115,1490736578
-8939030232328867255,991115,1490736602
-355317629030124004,991115,1490736575
-7053287052669106011,991115,1490736581
-4990902529848766515,991115,1490736601
-1798805251291370324,991115,1490736579
-6466599583642988058,991115,1490736596
-8341991782194962015,991115,1490736554
880338555526017440,991115,1490736583
-2692253151816166610,991115,1490736602
2466489191451025771,991115,1490736594
8075302151705444995,991115,1490736604
5081958168773687959,991115,1490736587
1056409240726120653,991115,1490736612
-4213481405060796425,990746,1490736600
3303394327137323197,990413,1490736569
2399170153526239069,990413,1490736580
5030995532456272783,991034,1490736590
-2895259363994413654,990513,1490736592
440454881310782438,990903,1490736557
-3507968098583376775,990903,1490736583
8699758157065032876,991067,1490736596
4876147126815964480,991067,1490736569
6417187116211810738,990539,1490736575
1879607726948054241,990539,1490736594
4127615038855875950,990294,1490736610
-374391018439579658,987790,1490736609
2510541909129255921,989126,1490736598
-3703795001822761199,346722,1490736581
5112416307054581102,988717,1490736599
-503772570973613940,988717,1490736597
6790171019090150447,990685,1490736575
5268156997362078521,986682,1490736569
5517533285998787129,990143,1490736563
3817273982520773290,990723,1490736569
-1725974133278454869,990686,1490736574
-970536869619485088,990686,1490736594
4258140439169836580,990686,1490736553
-5759387863740344864,990854,1490736581
1540274718369968303,989387,1490736594
-5429919021887261448,989035,1490736574
5741768224285565530,990306,1490736565
-5246990877360077302,979708,1490736565
-7280477733483036692,424582,1490736576
4515777014419237493,991051,1490736575
1366554062477079650,991093,1490736574
-3152337003268706515,991093,1490736554
368493745267988739,991093,1490736561
2201099137724430153,894122,1490736576
-6687173060505933439,991097,1490736553
2665956663837624473,991097,1490736608
5782081867345283752,990601,1490736557
-3062100178531753631,990735,1490736591
-8030336177382723713,124322,1490736590
-6134924946209752527,342014,1490736553
4679516412940010400,986464,1490736582
6434158841595303887,991030,1490736583
-3570059048096725423,991030,1490736610
1155299675305346223,991030,1490736610
8082496450121392121,991030,1490736576
6766301782694218806,991030,1490736586
-748176012013507678,991030,1490736602
6476722581389313865,991030,1490736588
-6870804931361448719,991030,1490736584
-7118596233753298054,991030,1490736610
1873295078546745055,991030,1490736610
2707604680605587232,991030,1490736600
-4041534380027983366,991030,1490736608
-3470438958272830430,991030,1490736581
-3214419015500038451,991030,1490736582
4666904802742104849,991030,1490736581
-4134053824414171377,991030,1490736603
7690951569772385632,991030,1490736600
-2524033291486487622,991030,1490736563
1993690663923255824,991030,1490736584
-2137034157259409941,991030,1490736601
-7869745578314523420,991030,1490736602
-8023506030562586092,991030,1490736609
5531716095090342390,991030,1490736593
990316195061856875,991030,1490736609
3522672212094964602,991030,1490736585
-3591618405508440241,991030,1490736556
-5135338153336769224,991030,1490736602
5030995532456272783,991030,1490736553
3260026777938366433,991030,1490736569
-9156046158133265469,991030,1490736593
1905419594540160481,991030,1490736600
4515777014419237493,991030,1490736603
-6943739310943459899,991030,1490736604
-77152543381457728,991030,1490736556
6661036154646170619,991030,1490736607
-5141268914014330261,991030,1490736603
2893425248918002205,991030,1490736577
-2461122700570824499,991030,1490736564
9098484745164439317,991030,1490736599
5445117946530302316,991030,1490736559
-4225858320324330942,991030,1490736563
-7501545398563688768,991030,1490736582
4063499488481206223,991030,1490736576
3442125048839555892,991030,1490736587
-1112545431902913251,991030,1490736554
-8896890239243439199,991030,1490736585
-5768280891006232469,990376,1490736573
-1103421447274167116,990376,1490736561
-2213475917058403221,990376,1490736571
6627478876830066607,990780,1490736574
784720884703694677,990780,1490736569
-2059296515531786542,990780,1490736595
5120072656595001075,991103,1490736596
-5640321908503596541,991103,1490736608
-4545065137066861497,966480,1490736604
2053794840895791265,988519,1490736575
-8931939824431267099,990969,1490736557
-2699759756690341907,990969,1490736590
9114014697409552581,990969,1490736595
-2620624283762969716,990969,1490736567
3342486666031806741,990969,1490736584
-8521864165118674727,990860,1490736576
-8451971526518016026,990860,1490736573
2222502190180436026,990860,1490736557
7399442435234343137,990925,1490736599
-1736001493427140223,990925,1490736579
5145996430814249849,990925,1490736606
7094556572936543335,990925,1490736612
8573343919352938323,990925,1490736594
-2993901231049350090,990925,1490736599
-6682001845325751740,990764,1490736591
-7007101949054374389,990910,1490736601
-6316220571965765366,991060,1490736567
3864362467010698015,991060,1490736608
-7300532571233609514,991060,1490736601
-1986461603253260779,990681,1490736556
3702733102691789944,115231,1490736608
-4817961623188689925,913422,1490736569
-8524936510842656647,990438,1490736577
-4859290532291289014,988689,1490736574
-4990902529848766515,991123,1490736609
5525102573562370398,991123,1490736584
5258139507065158102,991123,1490736565
-3074526403897915635,991123,1490736557
-6466599583642988058,991123,1490736612
-7222998878683600553,991123,1490736608
-7007101949054374389,990963,1490736601
-1791017940047308904,990963,1490736609
-6356716037214241567,990949,1490736557
-4269333009932319531,990949,1490736578
7462391719317918856,990949,1490736558
3817273982520773290,990725,1490736567
-1085213372731833656,990725,1490736610
-1215242482766218798,990725,1490736578
5985315107098492248,964183,1490736574
2750278385977472962,988504,1490736582
-2895259363994413654,988504,1490736592
-1272905426311278161,972937,1490736602
3473786780236178269,972937,1490736565
-5112697023871009649,990198,1490736568
4424072857715011236,989469,1490736612
1604941923427658404,990543,1490736592
-3564018347088809975,915746,1490736557
4876147126815964480,991066,1490736592
1520089559399542788,991066,1490736598
8421468892719634172,991066,1490736563
8699758157065032876,991066,1490736602
5659001268560675602,991066,1490736598
4979853019354627163,991066,1490736599
-5361986440085098864,990918,1490736566
2234287072902880651,990918,1490736566
260780024769208058,990918,1490736598
7038351461542962845,990928,1490736588
4127615038855875950,990309,1490736602
610446910383655303,989681,1490736575
4723428894715527612,990779,1490736585
7503373181990580224,989131,1490736606
1198859155121645909,991082,1490736601
2665956663837624473,991082,1490736609
-3048505376384712988,991025,1490736572
-4520046299690172470,991025,1490736555
-7252487899406756338,991025,1490736565
7379750484343761042,991025,1490736578
4666904802742104849,991025,1490736607
-1060799426640077974,991025,1490736604
6766301782694218806,991025,1490736613
8082496450121392121,991025,1490736593
-9151035344582773590,991025,1490736607
-4462777568126545397,980195,1490736610
5621876631381754373,990776,1490736606
-2665784532860461178,990776,1490736591
2272772529597188981,990698,1490736575
6931693485902027321,990884,1490736585
5579518123841500265,990884,1490736580
-1845814218597770222,990496,1490736600
2163555984009019238,991080,1490736569
3699239941214910083,991080,1490736582
7135948733340535771,991080,1490736569
4127615038855875950,990332,1490736587
6627478876830066607,990794,1490736593
-8443100220815326710,987758,1490736563
5641381524294978350,342035,1490736595
-503772570973613940,988710,1490736603
-7252487899406756338,991019,1490736592
7379750484343761042,991019,1490736582
-4520046299690172470,991019,1490736561
4666904802742104849,991019,1490736607
7478185943992417654,420297,1490736578
-6897285485114597844,990733,1490736557
-8581996224956125489,990733,1490736554
265664549214813386,990733,1490736612
4284924790325120442,990029,1490736578
2410374923922971525,990029,1490736583
5470739288601572053,990029,1490736561
-8599710292221354415,990374,1490736605
5386465701790798015,901493,1490736575
-7789670698661049344,988973,1490736604
-2781187505322367504,988973,1490736605
-5700708328004847537,988973,1490736580
-4054262623967652129,990905,1490736594
-880234672198395424,990905,1490736569
4238805901228332545,989533,1490736607
6102749164155558496,340744,1490736574
7283124313686003458,991005,1490736584
1077214352495478152,991005,1490736612
6397180241780008608,991005,1490736599
1914480805415631821,342281,1490736613
-6124995162560397609,989338,1490736570
31575058096399268,988705,1490736592
-7912699005311749215,989865,1490736557
6068959472151960515,989865,1490736613
1809548775805685556,989865,1490736569
-746867403684794927,989865,1490736554
7478185943992417654,937523,1490736578
8976393691155243819,126053,1490736598
-1986461603253260779,990744,1490736571
-6046002146451764871,991099,1490736593
-4052540924779182890,991099,1490736590
-6207249347786434031,991099,1490736569
8120919406743215516,991099,1490736559
-5650478924808444932,991099,1490736599
2771046666178266537,991099,1490736611
3125920561335562535,991099,1490736558
4776474878506109409,991099,1490736558
-1363280846349859441,991099,1490736607
-271115752629951658,991099,1490736608
9003075013750750042,882673,1490736580
-3008299604986452382,983386,1490736565
-8176889690844703829,990034,1490736602
-983041657085300212,990990,1490736569
2962293612644940094,990990,1490736570
-5471053809549388570,990990,1490736604
4127615038855875950,990315,1490736605
8484741498734758371,990970,1490736563
1133225665540854412,990970,1490736562
799052439187325067,990102,1490736555
7006777411257475699,990102,1490736592
8331606270979308205,990102,1490736610
4947155332952041572,990672,1490736603
1939007296285263029,990672,1490736582
8171919728024343880,990672,1490736600
-8115691392566707382,990672,1490736605
-2968671160766928853,990672,1490736594
6401105059749974403,990672,1490736568
-4564534443952833913,990672,1490736603
-9219508054914114085,990672,1490736554
-6268126691045352943,990672,1490736611
2019862865239256152,990587,1490736593
6627478876830066607,990799,1490736590
1366554062477079650,991068,1490736562
368493745267988739,991068,1490736557
6243915433417789595,991068,1490736561
-4369699096587340830,991068,1490736612
3139875574604822397,991068,1490736569
3086109799466375242,991068,1490736563
-5446751951091579250,991068,1490736585
2727628145212654072,991068,1490736590
5226556777712289425,991068,1490736561
-6368937127808109002,991068,1490736593
7468288775388833044,991068,1490736613
5194475655516582689,991068,1490736589
-3124178417013096705,990439,1490736576
-5361986440085098864,990927,1490736610
3908156658781966192,990927,1490736577
2234287072902880651,990927,1490736586
5472393460260951288,990927,1490736557
6360391081170944730,990927,1490736559
-4772512716353708414,990996,1490736557
-6259267643315310790,990996,1490736564
-678082491046089273,990996,1490736556
-1060799426640077974,990996,1490736588
4515777014419237493,990996,1490736571
588029648742804853,990996,1490736602
2225781848933037717,990996,1490736574
-6736794235196797032,990996,1490736592
9201592160271357502,990996,1490736597
8421468892719634172,990996,1490736602
-1279962957558102067,990996,1490736585
7379427823073324359,990996,1490736555
1195278826048019375,990996,1490736581
4127615038855875950,990321,1490736607
2063920268057201751,990020,1490736605
-5126832906765899141,939411,1490736610
1159743024313350598,939411,1490736552
-937699620962143052,939411,1490736581
7216288409530713251,887695,1490736565
4876147126815964480,991071,1490736580
8421468892719634172,991071,1490736556
8699758157065032876,991071,1490736600
-5693839894227344636,991071,1490736606
1056409240726120653,991124,1490736612
-4016789963118978456,991124,1490736573
-7222998878683600553,991124,1490736580
5081958168773687959,991124,1490736587
2466489191451025771,991124,1490736594
-6466599583642988058,991124,1490736596
-1798805251291370324,991124,1490736579
-4990902529848766515,991124,1490736599
7129328922450150764,991124,1490736571
-3224363630701607659,991124,1490736599
-3077484371827631762,991124,1490736603
-958594851412470398,991124,1490736603
1657504387406505057,991124,1490736579
671197920493093767,991124,1490736581
-6047220369985199937,987491,1490736574
-4839422310904248223,990023,1490736606
1002064736152876442,991086,1490736559
3770152624061851859,991086,1490736606
3699239941214910083,991086,1490736560
-7450586246090623276,991086,1490736600
2711482296525598242,991086,1490736608
-3152337003268706515,991086,1490736610
2234287072902880651,990929,1490736586
-5361986440085098864,990929,1490736610
3908156658781966192,990929,1490736577
5472393460260951288,990929,1490736557
-2054354617895842715,934275,1490736552
5737610605307708419,339479,1490736554
858423255656905114,990864,1490736586
7211121058960269314,990864,1490736561
6762969207600665016,990864,1490736613
6561111810641773901,990864,1490736583
8616138929288182082,990864,1490736606
3993013579738853482,990864,1490736570
-2956677924298866967,990645,1490736559
8797885247537539294,940413,1490736608
-5190442694732585428,990224,1490736570
-2040287242323674316,915484,1490736589
-7434268863121880460,88750,1490736594
-3899776632873380900,972031,1490736593
5730312391689515421,990724,1490736595
-2971125604371334944,990724,1490736575
6404627969676794053,990706,1490736562
4718515530214468250,990706,1490736588
2694910391704645524,990706,1490736611
7503373181990580224,988818,1490736606
-3877446174703758407,990716,1490736608
-6841695665194447867,990716,1490736579
-880234672198395424,990901,1490736601
-280593553628255247,990901,1490736583
2311211650524607444,990648,1490736552
-9205953045675181346,990784,1490736610
2282779734629666175,990784,1490736579
126872671031955451,990784,1490736589
-678082491046089273,991045,1490736594
-1060799426640077974,991045,1490736604
-6316220571965765366,991045,1490736558
-6259267643315310790,991045,1490736572
-4772512716353708414,991045,1490736563
5782081867345283752,990710,1490736557
-4334929512299185335,990710,1490736601
4238805901228332545,990710,1490736607
-1740976630712848067,990710,1490736586
5289161732611298332,990710,1490736604
7395062909031087772,990710,1490736613
240531496041527738,990710,1490736600
-2685029483365675835,989231,1490736566
-4269736479369308442,909045,1490736556
6918172339472038180,988356,1490736585
-8690936690938342813,989074,1490736608
-8289876465786050367,991088,1490736566
7116298813753521454,991088,1490736614
1366554062477079650,991088,1490736610
8656429763632666830,991088,1490736563
-3152337003268706515,991088,1490736580
-721729517916106632,991088,1490736571
3558901670874455146,991088,1490736560
-1445091657173138164,991078,1490736557
2163555984009019238,991078,1490736595
-2620624283762969716,991078,1490736558
4990424579951875931,991078,1490736564
5798105807391627324,991078,1490736593
3699239941214910083,991078,1490736582
4328250361681915721,991106,1490736579
-4661140705634419275,991106,1490736600
7693167421049390277,991106,1490736585
-2883459654146558558,991106,1490736580
-6021000363901537020,991106,1490736605
2493815122702148161,906841,1490736558
9065325790368556997,342614,1490736579
-8524936510842656647,990471,1490736577
-1045777801678507271,990471,1490736562
3849181649052466923,988048,1490736566
-4112892489567541405,990988,1490736595
-193313367953234409,990988,1490736609
8878470594525942924,974441,1490736605
4676149211678881704,974441,1490736569
4300639817010315483,939167,1490736582
2053794840895791265,988500,1490736589
8064112022245132878,989823,1490736577
4127615038855875950,990303,1490736610
7693167421049390277,991109,1490736585
3398799335379200073,991109,1490736608
-2883459654146558558,991109,1490736580
-6021000363901537020,991109,1490736605
7588551705252788278,991109,1490736609
-4661140705634419275,991109,1490736600
4328250361681915721,991109,1490736557
6590355070476331235,991109,1490736574
4102787432264565216,991109,1490736567
2234287072902880651,990935,1490736563
-9104833254280321387,990935,1490736583
-6898953684631774259,991038,1490736559
4666904802742104849,991038,1490736570
5030995532456272783,991038,1490736592
-6166034866460755974,990788,1490736581
7786541973012170559,990788,1490736604
400993978923958895,990788,1490736594
-8250653255443492237,990788,1490736555
5438960673453317788,990788,1490736585
-1879751383660113143,990788,1490736598
-662966185346988754,990788,1490736585
5706748565202851546,400504,1490736575
-2818199776345033096,990781,1490736582
6627478876830066607,990781,1490736600
3986272455541025630,990781,1490736609
7122026263073672179,944439,1490736584
4972946676375442190,951101,1490736586
4751750572919304352,990907,1490736558
-4775803964039948568,990700,1490736587
-880234672198395424,990700,1490736588
3884246670566254908,990787,1490736558
-4133479965639969439,989601,1490736557
1540274718369968303,989601,1490736562
7051019411793486820,989498,1490736610
4929013128304776712,990584,1490736581
1214814549809023557,990670,1490736573
-6075615335765618319,990670,1490736568
4608195062144860030,991061,1490736588
4760672658084951316,991061,1490736573
-434472121641700798,990425,1490736611
-7463824636930322032,128553,1490736573
8020382022336829902,128553,1490736591
2986130453345662805,128553,1490736599
5599164497886683650,935145,1490736572
7478185943992417654,983712,1490736578
-4817961623188689925,913385,1490736569
-5246990877360077302,979013,1490736573
-8836765435160870581,991050,1490736582
5194475655516582689,991050,1490736573
-5923238430753644705,991050,1490736585
5701533779748749552,991050,1490736568
-3157088742480786482,991050,1490736595
919596293010498892,991050,1490736590
-6316220571965765366,991046,1490736573
-2148558953875609187,991046,1490736613
-4827956072957839348,991046,1490736611
-4452482407874448772,991046,1490736558
588029648742804853,991064,1490736602
-6736794235196797032,991064,1490736592
8421468892719634172,991064,1490736602
-5425091430478813818,880877,1490736594
-9205953045675181346,990815,1490736610
265664549214813386,990741,1490736612
9132689414802474233,990741,1490736579
2272772529597188981,990741,1490736603
-1918242433569074138,990741,1490736600
-407730020493134657,990741,1490736562
2758247615339230812,990741,1490736570
-748873951130079962,990186,1490736568
6068959472151960515,990264,1490736577
-5283282920945953294,192111,1490736555
5925621561885705333,990878,1490736555
6210824007986972000,990878,1490736614
6590953050960155860,990878,1490736565
-4839422310904248223,990033,1490736602
-7642565078776286814,990379,1490736606
-6424947505057818674,76489,1490736582
-469736097380510093,990847,1490736575
892301758868742124,990383,1490736573
3490668759958411247,990383,1490736608
1767346339652628324,990320,1490736600
-525205569251131784,990320,1490736589
-5471053809549388570,991001,1490736597
1378021716711724305,990922,1490736598
-6491478370270516532,990922,1490736596
109207611598320240,990922,1490736575
3734683994155332042,990922,1490736563
-3507968098583376775,990922,1490736566
-7922628507185131132,990922,1490736578
7932373951662861737,990922,1490736557
-6135581455607216253,990922,1490736565
3788575959819329363,990922,1490736582
7368463765529615134,990748,1490736568
2896497385271873320,990748,1490736588
5343833470865586503,990748,1490736608
7590779088627503308,990748,1490736578
3794158209189171506,990748,1490736584
3900955948970051676,990748,1490736569
-2770968882203454749,990748,1490736571
4932952650702159559,990748,1490736555
7478185943992417654,420144,1490736578
-7256216843755948084,882250,1490736569
-3396318951738647412,990446,1490736569
4012732450898359906,990785,1490736589
-4269333009932319531,990785,1490736608
-5246990877360077302,980870,1490736562
-2041228277547022556,990889,1490736575
-8269656734112075861,990483,1490736598
-1986461603253260779,990483,1490736608
6931693485902027321,990852,1490736585
9109295514796798111,990766,1490736588
6627478876830066607,990766,1490736566
-4637987849849334494,990766,1490736605
-4785588548305002793,990766,1490736596
-4889238443137867730,991000,1490736556
7566591253515673334,991000,1490736565
7942533185706123314,991000,1490736611
-6480317414922454506,991000,1490736578
5091453348125811432,991000,1490736555
8714960422065695138,990605,1490736563
-8721930914420502547,990605,1490736598
-4783636488037477594,990605,1490736614
7701993015121898671,990605,1490736613
-8370815253895366183,990605,1490736594
1128313448572378028,990605,1490736581
-434472121641700798,990527,1490736584
-1986461603253260779,990527,1490736612
6049093806220975602,990875,1490736573
-3635195704437367535,990997,1490736563
440454881310782438,990881,1490736577
734045716565222176,990881,1490736590
2053794840895791265,988512,1490736597
-6602022455199389551,990231,1490736570
1214814549809023557,990674,1490736556
9065325790368556997,342601,1490736574
-295452421293521413,990342,1490736562
-1447793814826231755,990715,1490736560
-5652637438735991097,990715,1490736573
1540274718369968303,989475,1490736578
4515777014419237493,991058,1490736582
5985315107098492248,964178,1490736578
-2416061122029557330,991108,1490736586
-4595470332341837412,991108,1490736601
-7282623752855600468,991108,1490736585
-792447515640807185,991108,1490736591
-5722860142259243672,991108,1490736613
-3251476836646177321,991108,1490736561
5360235409295017443,991108,1490736602
3669118224267855151,991108,1490736571
-3971336748953759791,991108,1490736590
-4775803964039948568,990792,1490736571
440454881310782438,990792,1490736577
4464064911284315685,989148,1490736561
1582300124637136508,991076,1490736614
-3971336748953759791,991076,1490736559
-4595470332341837412,991076,1490736561
1049414190106374694,991076,1490736608
-2707840071624781486,991076,1490736590
1717810769841886435,991076,1490736608
879490975406922407,991076,1490736614
230492029981982048,991076,1490736612
-792447515640807185,991076,1490736588
8430909569622623620,991076,1490736566
-3526659980387265831,991076,1490736558
5520776575037119235,991076,1490736601
2271776952917216858,991076,1490736564
-5670738102070020531,991076,1490736589
1907496580665119387,991076,1490736614
4247723164258784088,991076,1490736591
7619172804898832632,991076,1490736605
-7862773423652691091,991076,1490736592
9148141438534563524,991076,1490736582
5579518123841500265,990888,1490736579
6931693485902027321,990888,1490736569
4764935838510498303,990888,1490736578
-1815130577728481609,990888,1490736588
-880234672198395424,990831,1490736577
-4054262623967652129,990831,1490736594
-5941284380107669640,990966,1490736573
3308967558319796602,955759,1490736593
5030995532456272783,990951,1490736613
4666904802742104849,990951,1490736580
-4785588548305002793,990814,1490736596
6627478876830066607,990814,1490736561
1169987251169987100,990814,1490736612
-880234672198395424,990894,1490736601
-6870025350993219125,987933,1490736603
7568947254245690808,987933,1490736564
-4269333009932319531,990945,1490736601
7462391719317918856,990945,1490736606
1540274718369968303,989426,1490736581
6049093806220975602,988823,1490736557
-8689395712811356307,988823,1490736575
6684168843408283366,988823,1490736614
8848544372967401662,988823,1490736568
4357966939956171164,988823,1490736557
-8370815253895366183,990703,1490736558
3309351578897776978,990703,1490736597
2871733109849971412,990703,1490736596
-6710129721966705947,990703,1490736560
-3877446174703758407,990690,1490736599
-6841695665194447867,990690,1490736576
-1058547677381259406,990330,1490736564
-3992588155102720264,891324,1490736565
-5239675808363460288,990694,1490736588
-1556372277298542509,990694,1490736572
885687148813473165,990694,1490736597
-8521864165118674727,990942,1490736588
8573343919352938323,990942,1490736594
3884246670566254908,990942,1490736609
2053794840895791265,988516,1490736612
2576114059273638465,989362,1490736584
-552874814823881313,983085,1490736597
6627478876830066607,990797,1490736600
4300639817010315483,990738,1490736582
-3296624057496804338,990738,1490736599
8532034067949034681,989713,1490736574
6858870535661153704,990806,1490736600
5853005351923461669,990806,1490736575
6196797612003106436,990806,1490736602
8864494480024675017,888217,1490736596
5030995532456272783,991042,1490736569
-3829684491395480328,991042,1490736608
8809705910243407699,991042,1490736599
-4213481405060796425,990750,1490736600
-8506208520116544011,987918,1490736577
-6047220369985199937,987503,1490736573
7293347039815198956,990919,1490736585
-3507968098583376775,990919,1490736583
109207611598320240,990919,1490736576
2311211650524607444,990644,1490736552
7799948585413981492,991083,1490736584
5700152902986940295,991083,1490736596
-873642342766924826,991083,1490736581
3770152624061851859,991083,1490736592
-7450586246090623276,991083,1490736600
2711482296525598242,991083,1490736608
-3152337003268706515,991083,1490736610
-1613908874748346721,991083,1490736557
1366554062477079650,991083,1490736610
7617780188414011739,991083,1490736558
2435406087323333369,991083,1490736565
8243175186388232799,991083,1490736597
-5668912949254260543,991083,1490736608
-8604165672900076646,991083,1490736612
-1986461603253260779,990742,1490736589
-5799325239692779480,344831,1490736559
-4106888530824466652,344831,1490736614
5434260860776862084,969842,1490736587
-703718097869765715,990541,1490736601
-4213481405060796425,990752,1490736576
-6442036948067369916,990835,1490736576
-6614665250244120399,96396,1490736554
-2156798892592212802,990822,1490736604
3448532715963789123,990822,1490736594
-4055109693530927054,990822,1490736606
-3473513498372075528,990822,1490736560
6561111810641773901,990822,1490736584
87721898611772867,990962,1490736611
-330031571231289852,990962,1490736588
-1677715295003886065,990774,1490736581
-4734622170608026705,173430,1490736579
-5519779353834805251,990568,1490736565
6336562041926473410,911436,1490736570
-521551721448484441,991128,1490736567
-5651636857563076479,991128,1490736588
8369976715527293605,991128,1490736607
-4990902529848766515,991128,1490736558
-4498527792615524972,991128,1490736586
-880733422117226821,991128,1490736574
-3913540242201098557,991128,1490736609
8182869543754945647,991128,1490736563
8706615878893477031,991128,1490736579
-7019854394108428131,991128,1490736582
8653580076949075399,991128,1490736587
4823029234467557592,991128,1490736591
-1557918338389831188,991128,1490736571
7429820355119818519,991128,1490736587
-4807515798438944291,991128,1490736609
-8758313512848259398,991128,1490736606
-6293775028009700639,991128,1490736569
-4058177768485505789,991128,1490736591
2206796726059507903,991096,1490736570
-4026446605888979554,991096,1490736613
-8370815253895366183,989546,1490736558
6068959472151960515,989546,1490736613
-6325657240276778825,881185,1490736582
300437651540174215,990254,1490736582
6160174752601655020,990642,1490736565
-5759387863740344864,990859,1490736562
2272772529597188981,990403,1490736570
-2895259363994413654,990403,1490736614
4991411820030121207,891983,1490736583
2053794840895791265,988524,1490736564
-6073663353148230040,991026,1490736587
6766301782694218806,991026,1490736612
8082496450121392121,991026,1490736593
4666904802742104849,991026,1490736590
6434158841595303887,991026,1490736589
1873295078546745055,991026,1490736610
-4041534380027983366,991026,1490736609
-748176012013507678,991026,1490736602
2707604680605587232,991026,1490736601
4127615038855875950,990317,1490736597
6102038876484996336,916899,1490736572
3308967558319796602,953068,1490736593
2019862865239256152,990590,1490736598
2962293612644940094,991009,1490736560
-5471053809549388570,991009,1490736604
6222221841713387438,940182,1490736555
121868200295575191,991102,1490736577
-5640321908503596541,991102,1490736608
-4026446605888979554,991102,1490736608
-3120144901509888840,991102,1490736575
-9073590357285936874,991102,1490736587
-1279962957558102067,991102,1490736596
-2416061122029557330,991102,1490736586
-4595470332341837412,991102,1490736601
-7278598693461607091,991102,1490736577
5882174729004331484,991102,1490736590
4098600409165616605,991102,1490736596
-402134257160008324,991102,1490736602
-7282623752855600468,991102,1490736585
1413105750733604794,945201,1490736586
5737381946216476529,945201,1490736577
-3395711885817706964,959981,1490736604
6281788607282838149,989654,1490736574
1636968471760780138,347128,1490736580
-7208479795148044932,130863,1490736582
-6989832894465613168,942763,1490736602
1057870429896760409,990856,1490736609
4200079044251624228,990856,1490736584
-7498654844560482720,990856,1490736612
-8587690137718236695,990856,1490736615
-2240515559149062211,990856,1490736575
-5743019511057096872,990856,1490736606
-1445091657173138164,990856,1490736597
-4416370305891431756,990856,1490736559
-8970281121655228157,990856,1490736599
-7912699005311749215,989844,1490736572
-6124995162560397609,988179,1490736568
-3177253650374248615,983202,1490736589
-4979472128365370778,972465,1490736592
-6898953684631774259,990980,1490736609
6244135425592267733,990980,1490736580
2737881103904638796,990980,1490736557
3963802764071143100,990980,1490736612
-5678927985217852030,990980,1490736603
-154163706761886835,990980,1490736615
-6618865165484753105,990980,1490736615
-134606949051723219,990980,1490736562
-6156504932824333834,990980,1490736567
1563287270362274093,990980,1490736593
-7168524716301495913,990980,1490736587
8246925566743628486,990980,1490736562
-4596098917981528835,990980,1490736583
4253790619333460597,990980,1490736608
-8818853743631334960,990920,1490736593
2735784892883373083,990920,1490736583
1566761758369859485,990920,1490736571
6561111810641773901,990920,1490736568
-4269333009932319531,990920,1490736585
-6356716037214241567,990920,1490736557
-7336655363082258027,990833,1490736591
3521754597249271511,990833,1490736597
4200079044251624228,990833,1490736614
1260622622636437712,990833,1490736573
-4333334413478998831,991111,1490736611
-3074526403897915635,991111,1490736595
1249870764685995025,991111,1490736586
-5050457132594345906,991111,1490736577
-3694526816772884329,991069,1490736569
8699758157065032876,991069,1490736579
4876147126815964480,991069,1490736557
-8289876465786050367,991069,1490736569
-2539690409737974503,991069,1490736588
2163555984009019238,991069,1490736595
-1402334041758643294,991069,1490736570
1540274718369968303,989562,1490736571
-552874814823881313,989562,1490736596
-4133479965639969439,989562,1490736558
8805516259538856926,991092,1490736551
-5711456293553454163,990310,1490736596
1538102698410874516,990765,1490736614
6487300480375402624,990765,1490736568
8223341506909558393,990765,1490736571
-5321731347354081587,990765,1490736591
8881582615615063422,990765,1490736565
4525638819699359383,990765,1490736603
2020690349738365386,990765,1490736581
9091637058474998834,990765,1490736563
3615427142756760003,990765,1490736579
-9023750944600325598,990765,1490736608
-1022910840768036698,975858,1490736603
-1916955699310965709,975858,1490736592
8151480635834737254,975858,1490736615
1698999891553825922,975858,1490736580
2498342384209916631,975858,1490736591
4227454566262382587,978998,1490736607
4127615038855875950,990293,1490736589
-4911363360233524622,991079,1490736601
2304399985418799053,991079,1490736598
-4681283683012761130,991079,1490736603
5287600905025863009,991079,1490736575
3699239941214910083,991079,1490736575
7095926155873286865,991079,1490736585
3770152624061851859,991079,1490736606
-7912699005311749215,989832,1490736574
2576114059273638465,989832,1490736590
-3618632650977190081,988138,1490736599
-8599710292221354415,988138,1490736608
-8442203799651948953,990210,1490736569
4382563118800279759,990677,1490736611
2542350562987721246,990677,1490736614
-8700511020255367073,990677,1490736582
-1798805251291370324,991125,1490736565
-4990902529848766515,991125,1490736590
-3224363630701607659,991125,1490736599
8706615878893477031,991125,1490736614
-6466599583642988058,991125,1490736582
-6808220488359195567,991125,1490736604
2466489191451025771,991125,1490736575
-592730437457523234,991125,1490736607
-1791017940047308904,990971,1490736599
-2699759756690341907,990971,1490736614
-3062100178531753631,990426,1490736597
-3911983793632994197,990401,1490736584
-1625212620484721152,988117,1490736589
-8177445835081938886,982365,1490736575
1338066277739606376,989463,1490736564
5528639140662764976,74260,1490736601
902885418049605770,990163,1490736559
-3746514594741105036,975962,1490736603
-8030336177382723713,124316,1490736592
-3021665489459768880,980253,1490736557
2397389277094398551,990967,1490736572
9192735101213150091,914794,1490736560
-6731042967174170158,988491,1490736573
-6808220488359195567,991129,1490736602
-592730437457523234,991129,1490736607
-2486570612509472083,991129,1490736579
-521551721448484441,991129,1490736615
2466489191451025771,991129,1490736572
-3224363630701607659,991129,1490736588
6059016891068520311,991129,1490736603
-6466599583642988058,991129,1490736578
-4990902529848766515,991129,1490736577
8706615878893477031,991129,1490736604
7411165306433995351,991129,1490736580
4939002910400710706,991129,1490736597
-4388021822831093127,991129,1490736610
-5801007390231701305,991129,1490736596
6032619180384455697,991129,1490736594
5948956688168934872,991129,1490736557
3171514645138767253,991129,1490736602
4979853019354627163,991075,1490736591
1780459569081546816,991075,1490736564
-1991083927986136694,991075,1490736604
-4269333009932319531,991075,1490736558
5116289074345578996,991075,1490736600
-1670941164520337445,990455,1490736605
-7655979529376824370,990455,1490736598
7942533185706123314,990998,1490736608
6835890640850992015,990998,1490736612
8245159225182743058,990998,1490736592
-3038973510234739182,990998,1490736590
-4520046299690172470,990998,1490736561
-7252487899406756338,990998,1490736592
2722073208106548532,990141,1490736585
-8986762826856263987,132478,1490736600
4127615038855875950,990328,1490736583
-3911983793632994197,990409,1490736584
4929013128304776712,990105,1490736580
7611192581794196084,990105,1490736608
5876843892167993895,189569,1490736604
-5811081922730136608,985107,1490736577
-3877446174703758407,990720,1490736608
1636968471760780138,974590,1490736579
8588394693757734393,989588,1490736586
7473332698131500005,991018,1490736582
5289161732611298332,990722,1490736603
-8777295927145208614,990722,1490736604
4238805901228332545,990722,1490736596
-5601936888632913334,990722,1490736608
-5422917989581784389,990722,1490736613
1214814549809023557,990566,1490736573
-1533223564205262875,990525,1490736595
-382237065017011223,990807,1490736610
7619589999680927172,990943,1490736585
8892923112279795084,990943,1490736615
1624224801255776252,990943,1490736558
2496558154136958359,990943,1490736605
7399442435234343137,990943,1490736599
-7059818860532481434,990943,1490736603
3190584061213312889,990943,1490736561
-4135116372101225383,990407,1490736566
1482701908348944091,990407,1490736610
965733594971555524,990407,1490736593
4612160130678537294,990407,1490736605
3959553940446791301,990407,1490736600
159333964677516474,990407,1490736592
-6316069909545595017,990407,1490736591
3744269199957853547,988454,1490736596
-273876375210475011,988454,1490736593
2293839377509050211,988454,1490736612
5503560563741790068,988454,1490736606
142053804377060495,988454,1490736594
-2626018410775144294,988454,1490736593
7047403093883488090,988454,1490736583
-6316514009955229999,988454,1490736605
4459450382285260489,988454,1490736608
-2988853425142133719,988454,1490736610
5831300956634431691,988454,1490736571
2638828233812801594,988454,1490736614
-5713666518216082447,988454,1490736603
-8873426149580844618,988454,1490736605
8842211069455498401,988454,1490736579
-9217008692143842095,988454,1490736604
-7797077957035337305,988454,1490736570
-6156504932824333834,988454,1490736584
-8875259189834794708,988454,1490736610
-6621576929962346491,988454,1490736601
-5182659340481493650,988454,1490736601
503286810029126257,988454,1490736597
-6021902874232925792,988454,1490736585
5623706098177494548,988454,1490736571
7444296537871356751,988454,1490736569
-2099159325074847356,988454,1490736557
746893801631747129,988454,1490736557
3277039568535273237,988454,1490736590
-1677715295003886065,988454,1490736571
-5431110262675090725,988454,1490736564
4756954151777471699,988454,1490736568
7643421228147188899,988454,1490736609
-6647133306400480020,988454,1490736586
559747547331145929,988454,1490736561
2542350562987721246,990693,1490736614
-8700511020255367073,990693,1490736582
4659550001010212402,990693,1490736579
-5252966374887737537,990693,1490736571
