-5371301221146827870,184728,1490910317
835371216912785241,979729,1490910345
1478022657241496794,991498,1490910325
-5722514087932164669,991179,1490910343
-2130592028621925886,989530,1490910330
-197990938799285566,991443,1490910353
7836011515161158735,343307,1490910330
-364835901502075456,991385,1490910348
-3889795737316182653,991938,1490910356
1602374512660383706,990407,1490910323
3652181842743395023,972031,1490910349
2108360936189181552,992016,1490910344
-146894323249009586,992016,1490910339
-6517885232460559358,992016,1490910327
3815012863849497360,992016,1490910363
7473823739116522177,980253,1490910361
7730543090477039754,731638,1490910320
-5209683201559417741,991838,1490910336
12298614207116115,343228,1490910350
-2907434038170636922,992021,1490910336
1221369398395374163,992021,1490910321
1882948701269650810,992021,1490910327
-9007941857650214449,991233,1490910332
1342658031356698656,991233,1490910353
-3370806100950202592,991233,1490910358
-1642520547020873025,991588,1490910363
-7803114998977282369,992041,1490910342
-8944758774460172119,992014,1490910351
7409405960804699314,992014,1490910360
2108360936189181552,992014,1490910356
-1930945455997922203,992014,1490910349
-8877645737883680687,992014,1490910360
5209375594486662916,992014,1490910362
-1809303030318958301,991294,1490910344
5507849093839762639,991294,1490910336
2511985580824145628,991735,1490910327
-3704791081977664158,991735,1490910313
-7826269952422617546,989118,1490910318
5481745089118536469,991293,1490910341
8577306446069296044,991959,1490910357
-6591510709918326658,991959,1490910322
-3595573176856215809,991959,1490910350
5781852302317293748,991959,1490910345
9212066398347903718,991959,1490910366
3914644520854647911,991959,1490910335
-7759329617019825030,991959,1490910372
5778372591962311274,991959,1490910327
7484767037529512411,991959,1490910342
-8644837438420076182,991959,1490910313
-6562564256726314723,991959,1490910364
3793251263159256376,991959,1490910342
3282791470198797421,991959,1490910324
-7347546893825148255,991959,1490910325
-1032695081368120915,991959,1490910317
4814405076372029270,991959,1490910317
-7253409171940779213,991925,1490910364
-7550146177178501456,991925,1490910334
-8899816371248801596,991925,1490910314
-7414493831653308050,991925,1490910318
-5000627456853048536,991925,1490910364
-5076548837686133083,991925,1490910315
195992412509459397,991925,1490910359
6215250944038482975,991925,1490910313
166121775835920606,991925,1490910325
-4982970065556422838,991925,1490910370
-7056046606249442046,991646,1490910340
-2270377785920391286,991882,1490910369
5286855933448259704,991706,1490910318
-1664582651210633724,991706,1490910328
8239488395334518477,991706,1490910359
2045237743506829440,991706,1490910328
-3704791081977664158,991706,1490910357
-2779289510431323367,991706,1490910342
329897787132608155,981658,1490910369
-341109418943979705,991992,1490910353
2390519865182232170,991992,1490910357
-294416181570979047,991945,1490910334
-6383806029024493411,991761,1490910367
1110851845932731821,991837,1490910361
-1366319833206147905,991837,1490910369
-6501600763175585810,991837,1490910336
-197990938799285566,991458,1490910314
2392286932822897616,991703,1490910358
5357678004212750657,991874,1490910340
-4049447221781832327,991874,1490910324
1053374315589871183,991874,1490910321
-4133354569818977607,991874,1490910350
-415624233471640551,991843,1490910370
-6141653508241534005,991843,1490910369
-652135058845240898,144382,1490910327
-1969362831878566317,144382,1490910321
8525755526971840593,144382,1490910318
3149313614883054053,992015,1490910328
-2608945929138453678,991281,1490910332
-5429828736558821189,950740,1490910336
5323321814063856468,991673,1490910333
6884269752822870512,961808,1490910334
4349673930889819894,991879,1490910372
-1047676457881699037,991879,1490910321
-4834790793628008447,991879,1490910330
8974262787409862796,991879,1490910367
-1410889308019104387,991879,1490910371
-6234985123930858760,991879,1490910347
-8406230372850789628,991879,1490910366
8883456405267421653,991879,1490910360
-5114243003338085991,991879,1490910336
6769669725975742241,991879,1490910349
-1770098802756981668,992036,1490910367
-2766330127480414400,992036,1490910331
-1807380778116160514,992036,1490910326
-3072467752447408546,992036,1490910332
2726020930176475910,992036,1490910325
-7321186981590148895,992036,1490910323
-8398554319853967831,992036,1490910338
1221369398395374163,992036,1490910354
-6332013638819343406,992036,1490910334
-2998321324397071061,992036,1490910319
-7408755303645435010,992036,1490910360
-8866321368645422058,992036,1490910325
-4700527982814844246,992036,1490910343
-474076522445375635,992036,1490910368
8466401285277485501,992036,1490910328
4905202981239625701,992036,1490910357
-1291154277502143912,992036,1490910353
7778498772974015829,992036,1490910362
-5519639705202256728,992036,1490910321
-3372163315563140750,992036,1490910342
-5752797763212065741,992036,1490910327
-1891146544218236065,992036,1490910339
1256728314327580571,992036,1490910351
3331504559413293241,992036,1490910314
-3655824926328356285,992036,1490910343
6368105815389784344,992036,1490910359
5101350217610463261,992036,1490910319
-2130592028621925886,989413,1490910370
-6956856727572908704,991553,1490910353
5761408617222154836,344581,1490910370
-6300439706270930867,991858,1490910295
1694291076337143862,991858,1490910329
-6777978443793366762,991858,1490910317
2135583344727231799,991858,1490910348
-5076548837686133083,991858,1490910320
-114765886432510480,991858,1490910363
-7900655592058278484,991921,1490910362
-5542508060617104964,991921,1490910337
7790577406942693021,991463,1490910362
-3280029634762428824,991663,1490910339
5296088044795132205,990935,1490910330
2392286932822897616,991796,1490910358
1547686321695065421,991796,1490910343
3278646324304398336,991851,1490910349
-1388863269433391573,991851,1490910344
-2496145635715770119,991808,1490910322
-2425024561735250307,991808,1490910350
-1063380779564413723,991808,1490910372
-8154265068511203834,991315,1490910365
2276127516848246395,991315,1490910356
1478022657241496794,991495,1490910325
4482569408842386540,991490,1490910369
1479821163787136671,934743,1490910358
3016455134060698268,991006,1490910344
605704511047701222,991006,1490910324
6824145168751191885,987177,1490910355
-3889795737316182653,991953,1490910320
-4633309467280236837,991953,1490910316
-8541021299727058003,991953,1490910345
3818040640372622577,991602,1490910346
2509933201822182160,991828,1490910362
-2456247583824705196,991828,1490910337
-8458401375857282247,992045,1490910327
8354266734939894718,992045,1490910328
7686628085552320869,915841,1490910322
-7499113770828130817,992049,1490910337
8604499211683471705,992049,1490910342
-6986140526894493560,992049,1490910369
2846102355351487911,344246,1490910333
-1220894374832673326,991610,1490910328
-5098723393049696266,991995,1490910331
-644679479137180149,991995,1490910349
-2315988907882993406,991995,1490910342
-1399837630390473805,992072,1490910320
8547204452653049009,992072,1490910357
-3864043985914385573,992072,1490910330
7534262975044611298,992072,1490910322
5357651716503723839,992072,1490910331
567971754901556655,992072,1490910342
720727478961645681,992072,1490910320
3591255105007060037,992072,1490910359
-4332805614457722500,992072,1490910314
-5335726306195527355,992072,1490910331
-7825305018733593054,992072,1490910345
-7882606691709084271,992072,1490910335
-502814153961117233,992072,1490910363
-6046826802430837364,992072,1490910336
1149201562370400868,992072,1490910371
8277947068075278155,992072,1490910361
6114961924520014776,992072,1490910368
-8515882452820112134,992072,1490910356
3157734682518243587,992072,1490910364
4757056089394688744,991674,1490910366
-7413748546724897812,991650,1490910366
-2654725283640365065,991518,1490910352
2511985580824145628,991678,1490910348
-1172206280336892716,991678,1490910344
7235277275581556177,990301,1490910368
-8126068879146103158,990301,1490910367
-8439793564695227381,990301,1490910369
-755438962237496076,990301,1490910369
-6809258037108180444,990301,1490910348
8885500879231689243,990301,1490910329
-7506345689365216176,990301,1490910366
-9094559675114746432,990301,1490910317
3846351104866720996,990301,1490910340
8763304905390316636,990301,1490910328
7509199116457762503,990301,1490910345
4045945712134913058,991929,1490910316
-5000627456853048536,991929,1490910315
-5098381282749883864,902834,1490910320
-2425024561735250307,991823,1490910371
4708693079369663080,990029,1490910322
-6184149674884053972,987679,1490910363
24463132178905811,957200,1490910361
4053306339167164982,991739,1490910340
7247145190173368203,919018,1490910346
-7826269952422617546,991100,1490910353
4569744559136282143,991699,1490910363
-6434356916179271107,991699,1490910340
-1352526377318734286,410076,1490910333
-6106742308325784857,991944,1490910365
3803857822364601132,991944,1490910319
8933190493767537442,991944,1490910367
7265248226559961889,991944,1490910347
3582169167337499942,991944,1490910362
1998341358631458513,991944,1490910315
-1388863269433391573,991918,1490910321
-5723143273382321949,966526,1490910340
3543284356924494936,985789,1490910316
8296309202719492074,877326,1490910324
-8856855228286610750,992012,1490910353
1453585671019486085,992012,1490910324
7409405960804699314,992012,1490910366
-6524640881413185307,906154,1490910368
2314121079218925705,991472,1490910340
5132216192378196290,991472,1490910361
-7637473145806231697,164109,1490910367
-1449545304033786101,990296,1490910323
-5647768497485308084,975629,1490910370
344635028028178176,907474,1490910329
2813408868840828228,991195,1490910313
-9657096076022393,972937,1490910367
7804363307713464906,972937,1490910334
-6141653508241534005,991875,1490910369
-9184038442030926232,991875,1490910369
-3480645350498233844,991875,1490910322
2868496135400047735,991847,1490910364
5426998760882900584,991847,1490910350
7529566636249552535,992040,1490910327
-7776974245915665044,992040,1490910346
7241128934039143366,992040,1490910355
9126721956719357679,992040,1490910365
-8515882452820112134,992069,1490910353
-7413748546724897812,991446,1490910366
1411451583319283370,991865,1490910318
5074922547180892270,417754,1490910339
5350964294380821805,991489,1490910373
-8515078725503760889,991911,1490910369
-312489212499923795,991911,1490910334
5353988504690108647,991911,1490910318
7348912861869177054,991911,1490910319
-4719125051556809055,991476,1490910329
7901736848654081509,991476,1490910354
8442257409068714933,991476,1490910331
5522908512132074349,991630,1490910321
-5912384030246679279,991816,1490910347
7187918839897028321,991816,1490910348
-2649310734222138454,991816,1490910348
-4637137915367792456,991816,1490910359
6064298328004323731,991816,1490910337
-341109418943979705,991552,1490910372
4584798643369456770,987933,1490910345
-592717508491310137,992009,1490910314
4949413799704396288,992009,1490910361
-89202922074821411,992009,1490910372
4727810589305388980,992009,1490910354
8550452993561921982,992009,1490910343
4816566833881423603,992009,1490910337
3169425915610950006,992009,1490910359
-6216354674292828382,992009,1490910349
-3178159655655523056,992009,1490910323
9125887197400519613,992009,1490910354
-3204494785384105208,992009,1490910326
-195501288475946280,992009,1490910361
8001718428788244489,992009,1490910337
1616268702528452917,992009,1490910320
-8301485568375327400,992009,1490910330
6413409020129396084,992009,1490910373
4754089497888556890,992009,1490910328
4191619846403705170,992009,1490910327
-8944758774460172119,992009,1490910363
5955834008607664660,992009,1490910356
-2600116287804692382,992009,1490910370
6981348456988402897,992009,1490910352
6513118402144284678,992009,1490910320
6705316734806834815,992009,1490910339
4531179627774198659,992009,1490910322
5218290053663760909,992009,1490910355
-7941000587933024828,992009,1490910367
-5832832979536573803,992009,1490910323
8542650456025367012,992009,1490910340
-8643921257069931392,992009,1490910337
2356380365636403559,991744,1490910318
-8012599164471150137,990186,1490910348
-5326645914129816437,992073,1490910352
2385940867713438035,992073,1490910347
-8443853056499636899,992073,1490910352
-3094455461294352494,992073,1490910366
1880015455119391878,992073,1490910336
-7993151479919623843,992073,1490910343
-7434400304416226498,992073,1490910334
-6498571876077894115,992073,1490910370
2536158120269222479,992073,1490910347
4471465045513214084,992073,1490910355
1149201562370400868,992073,1490910352
-1664325689998672349,992073,1490910369
-8830820793861859576,992073,1490910357
-1779230940382708790,992073,1490910336
-7825305018733593054,992073,1490910330
-372289622657073943,992073,1490910328
-4356321540816558816,992073,1490910368
8337442846530481434,992073,1490910363
-4273323765263547602,992073,1490910368
-5216891421799382306,992073,1490910335
6355934343764688678,992073,1490910367
-3598237876267255953,992073,1490910329
3157734682518243587,992073,1490910354
-4610004624260497224,992073,1490910352
4574692739535620332,992073,1490910347
-5202101745857895901,992073,1490910348
1643445462598039925,992073,1490910340
1451251629248864650,992073,1490910314
6114961924520014776,992073,1490910355
-670398754070214676,992073,1490910347
-4149918257461590930,992073,1490910367
-1508673874628798893,992073,1490910325
1221369398395374163,992073,1490910337
-2133883228011521800,992073,1490910342
-7101061802056078699,992073,1490910329
-9162035419246954359,992073,1490910328
-3855047091903316732,992073,1490910338
-5286649244739522550,992073,1490910364
-3057019673393829008,992073,1490910370
6962237222658417373,992073,1490910348
-5938404843876928855,992073,1490910362
-1881913368723501444,992073,1490910361
-5523341818077201659,992073,1490910353
-8343043150338089281,992073,1490910323
498963691555134259,992073,1490910332
3750755427092910864,992073,1490910327
304889926916279807,992073,1490910325
483639069507723259,992073,1490910358
802687885055144391,992073,1490910373
2485945825984740773,992073,1490910373
3367410466621128086,992073,1490910318
-2087932754535615126,992073,1490910329
-6988504746542393788,992073,1490910353
-7495549498456428680,992073,1490910351
8419323217446380099,992073,1490910333
-7623416143005738651,992073,1490910354
-2740277546108891565,992073,1490910326
7343498287542624308,992073,1490910335
-1292796874350574431,992073,1490910368
-8515882452820112134,992073,1490910364
-4066471974062486718,992073,1490910343
1602935227132033417,992073,1490910318
5522908512132074349,991623,1490910348
-8316547742568609081,991406,1490910357
1845583121882079304,991406,1490910320
-7620807222729629065,987131,1490910316
6824145168751191885,987131,1490910353
6527049777195833035,987131,1490910349
-4560226245911711816,987131,1490910347
-8583338133102379408,987131,1490910348
-8883830444898800434,987131,1490910355
7534262975044611298,992067,1490910373
-158164243000730154,992067,1490910335
-985126288515651539,992067,1490910349
567971754901556655,992067,1490910372
3515842469399080785,992067,1490910330
-1399837630390473805,992067,1490910335
-5335726306195527355,992067,1490910345
720727478961645681,992067,1490910334
-7825305018733593054,992067,1490910356
3591255105007060037,992067,1490910368
-8515882452820112134,992067,1490910351
8547204452653049009,992067,1490910358
1451251629248864650,992067,1490910314
5357651716503723839,992067,1490910331
3157734682518243587,992067,1490910373
10572843746679376,986170,1490910355
-1831296114175005789,991656,1490910318
-1906305827769726334,991656,1490910350
3409062964947505857,991656,1490910317
-7174607932842027872,991656,1490910332
3644055744726613652,991656,1490910347
-8483885452384645034,991656,1490910352
-5850513632130856600,991832,1490910314
-1063380779564413723,991832,1490910319
-1212303243373148542,991832,1490910366
1307320630929397336,991025,1490910337
24463132178905811,957212,1490910323
5337627581218440698,991691,1490910355
5357678004212750657,991859,1490910352
835371216912785241,991931,1490910345
2429735319260113600,991931,1490910328
-7413748546724897812,991651,1490910339
-364835901502075456,991774,1490910372
-364835901502075456,991780,1490910338
-6383806029024493411,991780,1490910367
2892184859368226606,991707,1490910342
-8515078725503760889,991916,1490910334
-9021675538358837843,991916,1490910361
-2702304980972711106,991916,1490910320
-4895624917010517413,991675,1490910339
-995372392746830298,991993,1490910332
7626939294272377358,991993,1490910338
7245095298815978529,991579,1490910343
2131004890325622807,991579,1490910315
9140714212631319916,991579,1490910367
2509933201822182160,991822,1490910362
-6777978443793366762,991855,1490910358
-104675298533029834,991855,1490910368
2868496135400047735,991855,1490910320
1694291076337143862,991855,1490910340
-6300439706270930867,991855,1490910373
7719574210847204941,990094,1490910360
-1787349785151806204,991769,1490910369
-4507422375864766241,991769,1490910350
-840612782037038047,991769,1490910323
24463132178905811,957173,1490910338
8239488395334518477,989589,1490910324
-7056046606249442046,991328,1490910340
-7413748546724897812,991626,1490910318
-1831296114175005789,991626,1490910318
3644055744726613652,991626,1490910347
-4190781892134120217,991626,1490910364
8491873927984383260,991638,1490910372
-7413748546724897812,991638,1490910348
-7413748546724897812,991652,1490910353
8491873927984383260,991652,1490910372
2511985580824145628,991730,1490910348
5778372591962311274,991948,1490910372
4961244214001213176,991948,1490910316
6906846190825772692,991948,1490910367
8679265583688158997,991948,1490910335
5337627581218440698,991694,1490910355
2511985580824145628,991694,1490910343
-8996022844457606801,991965,1490910337
5023694495624762321,991965,1490910350
8007781189631681533,991710,1490910314
-7826269952422617546,988540,1490910347
8885500879231689243,991421,1490910315
886372080315489557,991391,1490910319
2045237743506829440,991712,1490910328
-2779289510431323367,991712,1490910341
5524345313130644549,991712,1490910356
-385022696466560500,991712,1490910339
-308821957870025768,991712,1490910340
-469568118410092048,991465,1490910323
5716661110894272674,121527,1490910350
-69723796405237477,992056,1490910315
-8612668561564327636,992056,1490910338
3543284356924494936,986760,1490910337
-415624233471640551,991888,1490910370
4494732084607276483,991888,1490910358
-7572714628416927757,991470,1490910349
-6030041095050241990,990840,1490910316
5413051883273753061,990840,1490910368
1159269731770637967,989560,1490910320
-6828046243504850000,975858,1490910315
1648764263121555023,991950,1490910317
-3595573176856215809,991950,1490910357
4447057743545571924,991950,1490910324
5778372591962311274,991950,1490910330
3914644520854647911,991950,1490910335
9212066398347903718,991950,1490910366
-1301975163765466924,992059,1490910360
-7924158796064082789,992059,1490910323
3515842469399080785,992059,1490910361
9040937817861435246,992059,1490910343
-8515882452820112134,992059,1490910341
-7825305018733593054,992059,1490910369
-7995483577887416157,992059,1490910372
-5335726306195527355,992059,1490910365
473458487018551607,992059,1490910374
-7930283752703127172,992059,1490910371
2977108994168509442,990809,1490910337
24463132178905811,957211,1490910335
-7330322338745175047,991466,1490910356
8685907365128757422,990480,1490910329
7473823739116522177,985439,1490910318
2868496135400047735,991853,1490910368
-4495762715507917510,990326,1490910325
-7743254409146874492,990326,1490910364
-4464636183994333748,990326,1490910315
-2693928345086195310,990326,1490910357
-4049447221781832327,991800,1490910343
5357678004212750657,991800,1490910352
4482569408842386540,991734,1490910369
7049481176318867879,889043,1490910318
-6176316709718023305,991461,1490910366
-6035135541766667268,991702,1490910312
2892184859368226606,991702,1490910359
4191619846403705170,992001,1490910315
-8944758774460172119,992001,1490910356
-5907968960803577035,991545,1490910339
-3803818873755720333,991545,1490910325
-1860850138742186560,991545,1490910365
-148769092748236256,991545,1490910370
-1212303243373148542,991834,1490910348
-8456149277561164780,991742,1490910352
-6136475206310259990,991795,1490910338
3458171232164422736,991795,1490910355
751750883622568525,991795,1490910336
-4351370124266620982,991795,1490910326
-1844073571920133048,401720,1490910368
4503347487473160350,991435,1490910347
-197990938799285566,991435,1490910370
-8796053244205871047,986789,1490910340
-2624451261609161417,986789,1490910363
-3691479628866794673,986789,1490910349
-4768318547437078376,988973,1490910348
8964521350543477114,991791,1490910322
-1128840377477072173,991791,1490910313
2357361671130790643,985267,1490910363
1477667066766792280,992023,1490910328
1221369398395374163,992023,1490910361
7846544027622965382,992023,1490910340
5013952886989040566,991907,1490910330
1411451583319283370,991906,1490910359
-1495986260731321181,991649,1490910347
-4782602704496536999,991649,1490910356
1897320587670351559,991649,1490910339
-7443808509024545221,991649,1490910322
-151883740867139424,991649,1490910362
-9135582632365123222,991969,1490910331
4048675923653948435,991969,1490910344
-4113384944826076783,991969,1490910316
-8918765939650976474,991951,1490910358
-2862377976539889257,991951,1490910328
5778372591962311274,991951,1490910337
-5418561510100092544,991951,1490910338
3914644520854647911,991951,1490910374
6854238539403317846,991951,1490910339
5426998760882900584,991784,1490910349
-3480645350498233844,991784,1490910322
4436806205603506397,991976,1490910337
-8996022844457606801,991976,1490910333
-412605344461750057,991976,1490910356
-4365588773280914630,991976,1490910369
2314121079218925705,991478,1490910363
-205103045626996890,992051,1490910336
-129598021964695135,992051,1490910332
-6986140526894493560,992051,1490910332
-5330400020684997729,992051,1490910374
2576398278933300478,992051,1490910352
1095475175320356394,992051,1490910367
273369752071668120,992051,1490910352
-3655824926328356285,992051,1490910323
2322605188927894495,992051,1490910352
4053306339167164982,991860,1490910340
-2068685921454441100,991860,1490910341
5323321814063856468,991793,1490910349
2868496135400047735,991852,1490910368
-2425024561735250307,991852,1490910319
3149313614883054053,992020,1490910325
4740527060743230806,992020,1490910369
-2341157767729678,992020,1490910351
-4851230765111967402,992020,1490910350
-8495848970496337519,988817,1490910330
-8510167295965217342,988817,1490910374
8326931042659877188,987909,1490910322
-7900655592058278484,991889,1490910362
-2940668103686643914,991776,1490910336
-2589405786494441926,991776,1490910329
7239167072898020866,899587,1490910332
1044920936919035704,991687,1490910320
49958220293050476,991687,1490910335
3846351104866720996,991714,1490910327
1221369398395374163,991714,1490910372
-8636410786452333494,991890,1490910348
-8612668561564327636,992055,1490910338
6020505239168837843,992055,1490910368
-2508331657418538445,992055,1490910327
-1504803871685676451,992055,1490910333
-4982970065556422838,991936,1490910370
-7334604754585550221,991936,1490910357
3767842522716828512,991936,1490910362
1516284527169010807,991936,1490910347
166121775835920606,991936,1490910325
195992412509459397,991936,1490910349
-843625804124157169,991936,1490910369
6025475821729511516,991936,1490910374
7109048453078630044,991936,1490910355
5897708006034963581,991936,1490910345
3095317837653548538,991936,1490910371
-2316386057813656455,991936,1490910357
3740560710292079476,991936,1490910369
2322736125406719468,991936,1490910359
290960968804416507,991936,1490910356
-565203908186113822,991936,1490910370
7320271301025827747,991936,1490910317
8909634489826753729,991936,1490910369
4451063379613209107,991936,1490910341
2631763981332254546,991936,1490910371
8864895740058893811,991936,1490910352
-8962490938623025514,991936,1490910319
-6825652698369383066,991936,1490910374
24463132178905811,957160,1490910356
2314121079218925705,991467,1490910363
-21537072149130080,958826,1490910361
-2868986062766362865,989450,1490910358
5761408617222154836,344583,1490910354
-2925331939333940175,992052,1490910341
-1430336004408526666,992052,1490910373
-6383592152017202987,992052,1490910320
6020505239168837843,992052,1490910336
-8515882452820112134,992052,1490910336
-8334055691572781700,992052,1490910375
4988488647255900403,992052,1490910362
-1301975163765466924,992052,1490910366
-7414493831653308050,991909,1490910366
-9021278609044036056,991909,1490910350
-8899816371248801596,991909,1490910355
-5542508060617104964,991909,1490910324
-4471937930240842960,991909,1490910320
-5000627456853048536,991909,1490910364
195992412509459397,991909,1490910359
-8585898011809658688,991768,1490910356
3794286708670690665,991768,1490910358
9056822332076340356,991768,1490910359
5171240604290396150,501006,1490910347
5617434782348633462,991460,1490910347
-3966697120196244097,991460,1490910348
1759967593838939649,991460,1490910334
-364835901502075456,991764,1490910372
5350964294380821805,991389,1490910360
4406828968046280673,991389,1490910370
3309967437856485227,991550,1490910336
329897787132608155,960572,1490910370
-633002026745616861,991977,1490910333
4527815860738548060,991977,1490910367
8770298355967344976,991977,1490910375
1221369398395374163,991977,1490910367
3169425915610950006,991977,1490910360
-8944758774460172119,991977,1490910363
-336551479290198345,991977,1490910375
4754089497888556890,991977,1490910328
9125887197400519613,991977,1490910355
-89202922074821411,991977,1490910372
4816566833881423603,991977,1490910337
-6216354674292828382,991977,1490910349
-6527492069534776878,991977,1490910375
5353988504690108647,991891,1490910326
-312489212499923795,991891,1490910341
7348912861869177054,991891,1490910319
-8515078725503760889,991891,1490910369
-524835018683862692,991251,1490910352
-1787349785151806204,991756,1490910369
-1532791224175646168,925705,1490910363
-8458401375857282247,992044,1490910327
8354266734939894718,992044,1490910328
5101350217610463261,992035,1490910319
4490588089094616003,968215,1490910345
8369138661548623535,984489,1490910343
1411451583319283370,991902,1490910317
4003658370839026870,991902,1490910361
-4133354569818977607,991775,1490910350
4842037466751978432,991775,1490910339
-2455962209274903333,991775,1490910369
501713699864382573,991775,1490910318
7067739186829373429,991775,1490910364
1720924440334934813,991894,1490910337
-6055954670444283595,991803,1490910319
1998341358631458513,991803,1490910359
5579774520398035731,992071,1490910361
-7882606691709084271,992071,1490910335
-502814153961117233,992071,1490910362
3591255105007060037,992071,1490910340
-2709269877288141690,992071,1490910356
6387371308986114380,992071,1490910328
8277947068075278155,992071,1490910361
-6046826802430837364,992071,1490910336
-670398754070214676,992071,1490910322
1149201562370400868,992071,1490910371
-5335726306195527355,992071,1490910324
6114961924520014776,992071,1490910368
-7825305018733593054,992071,1490910343
-7434400304416226498,992071,1490910346
3157734682518243587,992071,1490910364
-8515882452820112134,992071,1490910364
-1779230940382708790,992071,1490910341
-5216891421799382306,992071,1490910335
-8998844686011850616,992071,1490910350
-7227519621653205805,992071,1490910364
8337442846530481434,992071,1490910363
-3598237876267255953,992071,1490910330
3635675844389010476,992071,1490910339
-6984172942564674574,992071,1490910358
7911235322095645068,992071,1490910339
4471465045513214084,992071,1490910355
-7993151479919623843,992071,1490910343
-3099799853138347179,991901,1490910362
-8767884603612178325,991901,1490910372
7293072729551090967,990944,1490910357
3309967437856485227,990944,1490910334
8763304905390316636,990944,1490910335
1762092451585477827,992058,1490910361
6020505239168837843,992058,1490910358
1221369398395374163,992058,1490910349
-8515882452820112134,992058,1490910317
-8996022844457606801,991975,1490910330
-412605344461750057,991975,1490910356
-1961287354447829580,991975,1490910364
-4365588773280914630,991975,1490910368
6515176261358754066,991975,1490910321
-4209515943339837695,991975,1490910335
-5543681449122853829,991975,1490910352
-7434400304416226498,991975,1490910347
-1744712742809080789,991975,1490910348
-7428370394843972555,991975,1490910343
7846544027622965382,992047,1490910321
-9094733757039340569,992047,1490910346
-6986140526894493560,992047,1490910369
-3601917097111435231,992047,1490910322
755639510043531578,992047,1490910325
3699198060022171004,992047,1490910325
-4505735176447072423,992047,1490910323
8664754472775822514,992047,1490910347
-6544503930172631428,992047,1490910330
8275384541773740718,992047,1490910322
6202964923078847500,992047,1490910351
6533155103457549610,992047,1490910353
-3928563844033287407,992047,1490910337
-1886443297507225096,992047,1490910325
-7953834207434006917,992047,1490910371
3968709600923435007,992047,1490910341
-6008008511109554630,991812,1490910355
3794286708670690665,991812,1490910358
5420568514511644803,991812,1490910370
-986565486524264111,991812,1490910317
-8585898011809658688,991812,1490910347
-6121910034952431683,991812,1490910322
9056822332076340356,991812,1490910363
1800880533304830561,991812,1490910338
-8297138178719337097,991812,1490910321
1845583121882079304,991812,1490910370
9140714212631319916,991609,1490910344
-8515078725503760889,991915,1490910349
-312489212499923795,991915,1490910322
24463132178905811,957196,1490910344
5323321814063856468,991789,1490910327
508241794189877965,991725,1490910373
-1423381292527294086,991725,1490910343
-7970384961542429183,991725,1490910336
-4142079526825202810,991725,1490910339
-6188153200220448850,990530,1490910350
-3635857855047821575,991611,1490910322
-7597169755800471191,991347,1490910352
1411451583319283370,991900,1490910333
7900854339063608112,991884,1490910365
6910664738559247435,991884,1490910325
-8345838209998423336,991884,1490910322
-341109418943979705,991884,1490910372
4045945712134913058,991884,1490910358
8442257409068714933,991697,1490910326
3697096618417055410,991973,1490910371
8544455532924790666,991973,1490910337
9140714212631319916,991594,1490910356
-1329614071986794879,991727,1490910342
1842424651059576455,991727,1490910362
4887158512240141029,986208,1490910341
8466401285277485501,991986,1490910318
-1310493306172831004,991986,1490910337
-3546751156616517718,992000,1490910333
-8515882452820112134,992000,1490910314
-5252100073785681823,991395,1490910368
991581922605473,991395,1490910332
-650821069252071909,991395,1490910351
5628114788546422457,991395,1490910360
-6172096716272982522,991395,1490910324
8892060550158331530,991395,1490910361
-1242080479812828332,991395,1490910351
2059573097375807253,991395,1490910342
-1715442431725149257,991395,1490910331
1681450833005425434,991395,1490910347
-8578204789350588851,991395,1490910376
-4605999686227167642,991395,1490910323
3250456402969044873,991395,1490910368
4195800020751148926,991987,1490910367
-7053630221322456848,991987,1490910373
2953137470541318679,991987,1490910358
-197990938799285566,991457,1490910346
-1616426157988069183,991954,1490910331
1221369398395374163,991954,1490910375
6409008666182487492,988170,1490910370
-591720631319445756,990964,1490910373
7473823739116522177,982289,1490910356
4794798978173869061,118798,1490910340
6125318751504532341,991998,1490910375
-1414521736783645909,991998,1490910370
-2315988907882993406,991998,1490910374
-1442959219760357436,346144,1490910331
-3429015500805278332,419503,1490910337
4974225592781294935,984703,1490910371
-8312243156546288138,984703,1490910354
-6897285485114597844,984703,1490910345
2186941688170781394,984703,1490910344
-633002026745616861,984703,1490910367
8604499211683471705,984703,1490910363
5015158628772470243,984703,1490910367
-8182867785184395855,984703,1490910343
1564332563917685923,984703,1490910324
-9198068156981116096,984703,1490910319
8922893760204927633,984703,1490910367
-541014952712834737,984703,1490910351
-2711267272338108599,984703,1490910342
2892184859368226606,991713,1490910332
5323321814063856468,991792,1490910353
-8585898011809658688,991792,1490910359
-8548410309918874406,991792,1490910329
447034573038966341,991955,1490910362
-8381401885576523817,991955,1490910370
-8495848970496337519,991955,1490910369
4893932106235355105,991955,1490910360
5640586268765652067,991955,1490910352
-4197614684247832039,991955,1490910375
-6200282068755055298,991955,1490910361
6021308978055328171,991955,1490910368
-662994628907631103,991955,1490910318
-1366319833206147905,991794,1490910359
-1242080479812828332,991794,1490910362
4360434327386082585,991794,1490910333
-4969833294692742405,991794,1490910373
9011063763699205419,991917,1490910353
-7062811619988022426,991917,1490910355
8585073983104383446,991917,1490910362
101069591921530192,991917,1490910318
-4346088210138337643,991917,1490910333
6868103875489809331,991917,1490910356
-6700862035932276811,991917,1490910375
8122314400529944073,991917,1490910356
-2729322064500781951,991917,1490910342
3947829678480695932,991917,1490910359
3891188978218782912,991917,1490910328
-8115688914621327209,991917,1490910365
5013952886989040566,991917,1490910323
-2188050055295578943,991917,1490910365
5656467696023303390,991917,1490910319
-4902330807964928101,991917,1490910336
4828576852910878140,991917,1490910366
-5910329633750835171,991917,1490910372
5417358282533080160,991917,1490910334
-4419771509273798336,991917,1490910364
4659383490638904766,991917,1490910362
-1414193354775191891,991917,1490910374
-1467612272623654437,991917,1490910326
-4608742127777025365,991917,1490910375
8095383707221185870,991917,1490910335
-312489212499923795,991917,1490910341
3013937704146183330,991917,1490910352
-4569617886644686141,991917,1490910354
961371927807218552,991917,1490910318
7879255185890952624,991917,1490910354
-1399837630390473805,991917,1490910338
-6344098691457997178,988823,1490910344
-6200282068755055298,988823,1490910334
-8495848970496337519,988823,1490910335
-1410889308019104387,988823,1490910349
6393414719103212365,988823,1490910362
7467212571382210817,988823,1490910367
-8422143232150169761,992026,1490910355
-9026183033092363277,902684,1490910346
6020505239168837843,992034,1490910368
-8612668561564327636,992034,1490910322
8427781015375000122,992034,1490910322
-8456149277561164780,991258,1490910350
2846102355351487911,344248,1490910333
-3728409733157723839,991426,1490910338
8604499211683471705,991426,1490910337
-6344098691457997178,991426,1490910345
-3758923345098562878,991426,1490910369
-151883740867139424,991426,1490910372
4753042346708314875,991471,1490910355
4406828968046280673,991669,1490910368
-2660220741172871773,991615,1490910358
2059573097375807253,900595,1490910340
5522908512132074349,991627,1490910338
-7784855205781384636,991627,1490910350
7263724619976235843,171482,1490910375
2754743505504526147,171482,1490910360
2351636992958393668,171482,1490910356
-8996022844457606801,991979,1490910335
9140714212631319916,991592,1490910367
-2280686665548388653,888462,1490910325
-2130592028621925886,989537,1490910323
-2110936488449673847,991849,1490910366
4580770057391313955,991844,1490910347
7073535968342550325,991844,1490910370
-2766330127480414400,991844,1490910333
-6223996434409536505,991844,1490910344
5179357070536331829,991844,1490910321
-326200436559713369,991844,1490910345
4926712832570535195,991844,1490910352
-9204523594524424667,991844,1490910345
-3624593405329915035,991844,1490910375
8945007825338930431,991844,1490910344
-5573293189245171971,991844,1490910321
7900854339063608112,991844,1490910317
-7309803436388081697,991844,1490910372
-773275826077017592,991844,1490910370
-2015422093202353823,991844,1490910335
2344268929268559981,991844,1490910363
-8903623553940564457,991844,1490910372
-2187043604447127358,991844,1490910332
5878231104745103930,991844,1490910320
-6413289327661289997,991844,1490910346
-4199377265535388001,991844,1490910330
7926874628205440164,991844,1490910317
-8749955388010580793,991844,1490910328
409251373246215456,991844,1490910356
-5546119724002958716,991844,1490910360
1724076455964702511,991844,1490910344
6868103875489809331,991844,1490910373
6200554525113875288,991844,1490910340
-8461000961352510852,991844,1490910330
726137125893966117,991844,1490910324
52800266597582619,991844,1490910320
-7094437164400377558,991844,1490910351
-6452386155356452724,991844,1490910359
9005885572796962581,991844,1490910371
-5954335265486324641,991844,1490910324
-8334055691572781700,992062,1490910375
4988488647255900403,992062,1490910362
3640898428442409023,992062,1490910364
-6332013638819343406,992062,1490910323
6020505239168837843,992062,1490910326
9040937817861435246,992062,1490910357
-1301975163765466924,992062,1490910366
-8515882452820112134,992062,1490910339
-7924158796064082789,992062,1490910327
-7591605709439614043,992062,1490910358
-4149918257461590930,992062,1490910370
2108360936189181552,992028,1490910338
-3360975325238175494,991348,1490910351
8027511094788663232,956895,1490910313
-1015405733996825617,940519,1490910361
-8012599164471150137,991757,1490910371
409251373246215456,991757,1490910368
1998341358631458513,991757,1490910331
6761557654627868720,991701,1490910375
-2868343240133339438,991701,1490910368
2186941688170781394,991701,1490910347
3125430663588793583,991209,1490910351
2276127516848246395,991209,1490910356
1630056616853180581,991209,1490910354
-6309714814069440346,991672,1490910368
-3704791081977664158,991672,1490910348
-5098723393049696266,991999,1490910331
-644679479137180149,991999,1490910349
-2315988907882993406,991999,1490910342
-148148057594349149,991017,1490910352
2892184859368226606,991677,1490910350
7529136932716155928,991826,1490910371
-6093437824370876700,991826,1490910373
1683793366113107,991826,1490910318
-2109352022489482876,991826,1490910323
3705473889130922989,991826,1490910336
3303643094378962331,991826,1490910368
409251373246215456,991826,1490910356
-5935792291046230756,991826,1490910318
-8495848970496337519,991826,1490910376
9033405837838634872,991826,1490910317
6441035014152419472,885692,1490910342
-6383592152017202987,992053,1490910346
6020505239168837843,992053,1490910346
-4209880054714350460,992053,1490910335
-8515882452820112134,992053,1490910328
503033275656943035,991930,1490910351
8679265583688158997,991930,1490910335
5778372591962311274,991930,1490910352
7308094097790160578,991930,1490910354
-8918765939650976474,991930,1490910359
-2538906029151265651,991930,1490910321
-2862377976539889257,991930,1490910328
7906516680474843384,991930,1490910354
-5999106008742552247,991930,1490910327
1221369398395374163,992074,1490910332
-714790989397234880,992074,1490910356
1905434885091626227,343722,1490910359
-1352526377318734286,410085,1490910329
2476396118985674806,991708,1490910343
-70222462280986644,991708,1490910349
-4680055569622144447,991708,1490910370
-26814900981772514,992060,1490910370
-3860360592937687368,992060,1490910340
-4209880054714350460,992060,1490910335
-5375412712716320163,992060,1490910369
-6383592152017202987,992060,1490910341
6020505239168837843,992060,1490910343
-8515882452820112134,992060,1490910333
798315225458212199,992060,1490910334
3524798539063063242,992060,1490910350
-7459274843983250172,992060,1490910374
3749690420436445524,992060,1490910337
-5368998649643198868,992060,1490910318
-4132177719808495532,992060,1490910359
4679936978556864603,992060,1490910374
2892184859368226606,991679,1490910363
4494732084607276483,991905,1490910358
-415624233471640551,991905,1490910347
-2428197918909071792,991905,1490910348
3906148865337584886,990466,1490910358
-644679479137180149,992005,1490910324
-2315988907882993406,992005,1490910324
7409405960804699314,992005,1490910366
2465233003550452936,992005,1490910325
-1858627265771638494,992005,1490910354
-8953065395820916896,992005,1490910373
-2416974771993993954,992005,1490910335
-8856855228286610750,992005,1490910353
8207679640585449086,992005,1490910363
4191619846403705170,991926,1490910351
5430299508416062731,992029,1490910358
-1080571899428837799,992029,1490910348
8892060550158331530,988454,1490910359
4503347487473160350,991439,1490910328
-197990938799285566,991439,1490910370
2509933201822182160,991831,1490910350
-2130592028621925886,989551,1490910366
1395421866615756499,992066,1490910340
1221369398395374163,992066,1490910326
8590227402531294626,992066,1490910355
-3595573176856215809,992066,1490910373
-2110936488449673847,991848,1490910366
3543864533241945509,991030,1490910339
-890241009214550979,991030,1490910354
3543284356924494936,985303,1490910325
-4636999927822184663,991782,1490910337
-7513777826169414019,991782,1490910344
5371499518461409085,986702,1490910333
2691098253470166518,987872,1490910353
-9204523594524424667,991878,1490910367
-8345838209998423336,991878,1490910322
7900854339063608112,991878,1490910328
-326200436559713369,991878,1490910345
-2015422093202353823,991878,1490910335
-6223996434409536505,991878,1490910344
-3624593405329915035,991878,1490910375
8945007825338930431,991878,1490910344
-5573293189245171971,991878,1490910321
6014626359520294981,902670,1490910321
-4142079526825202810,991719,1490910339
-3741414043435943679,408715,1490910364
-3266651683205839659,991648,1490910357
-7056046606249442046,991648,1490910332
-1495986260731321181,991648,1490910347
6533155103457549610,991667,1490910328
4406828968046280673,991667,1490910373
2490273293372268277,991758,1490910375
24463132178905811,957201,1490910361
-5689609135483129879,991547,1490910359
-3229749478249176397,991547,1490910342
-5340445361382659895,991547,1490910344
-6371496456061365157,990773,1490910358
148517639127854465,990773,1490910320
-5999106008742552247,991946,1490910327
-7768595628432591601,991946,1490910343
-1212303243373148542,991839,1490910318
-5249499125072961129,991839,1490910364
4584190256956781832,991839,1490910314
-1713432242199060051,990376,1490910355
339931054524379750,990376,1490910325
-2675298238554453387,991333,1490910356
-6263440947918044509,991333,1490910364
-3839166032378742019,991883,1490910320
5013952886989040566,991883,1490910330
-6700862035932276811,991883,1490910376
3947829678480695932,991883,1490910360
5656467696023303390,991883,1490910319
-8115688914621327209,991883,1490910365
8585073983104383446,991883,1490910362
101069591921530192,991883,1490910318
2868496135400047735,991752,1490910356
1694291076337143862,991752,1490910342
-7930283752703127172,992061,1490910370
473458487018551607,992061,1490910374
9040937817861435246,992061,1490910341
-7825305018733593054,992061,1490910369
-5335726306195527355,992061,1490910365
3515842469399080785,992061,1490910352
-1301975163765466924,992061,1490910319
1221369398395374163,992061,1490910342
-8515882452820112134,992061,1490910344
-985126288515651539,992061,1490910364
1429413020441206941,992061,1490910322
720727478961645681,992061,1490910343
-5528344609129983340,933780,1490910328
5708326758926903566,991342,1490910371
-591720631319445756,991011,1490910361
2164990328299552321,889027,1490910316
-3635857855047821575,991612,1490910321
732598890483062535,991612,1490910329
7440550381968804700,991943,1490910361
-685085993053391338,991943,1490910341
-5381188102671967787,991943,1490910376
-5532959561243004451,991943,1490910373
5778372591962311274,991943,1490910374
-7215553420107456965,991354,1490910358
5522908512132074349,991354,1490910348
-5912384030246679279,991354,1490910348
-8172640441709961625,991746,1490910328
-1063380779564413723,991833,1490910344
-5850513632130856600,991833,1490910330
-7163145722050229308,991833,1490910357
3811109587161120164,991833,1490910322
-2616652992640769354,991833,1490910319
-2130592028621925886,989471,1490910370
-3732991866477597252,991088,1490910321
-3990472918295921374,421523,1490910339
-2616652992640769354,991805,1490910359
-6121910034952431683,991805,1490910336
-3642604201544367160,991805,1490910318
5369562341382485627,991682,1490910323
2509933201822182160,991861,1490910326
-1396996280686285900,991861,1490910366
1429413020441206941,992065,1490910322
473458487018551607,992065,1490910334
-985126288515651539,992065,1490910364
3515842469399080785,992065,1490910343
720727478961645681,992065,1490910343
-5335726306195527355,992065,1490910354
-7825305018733593054,992065,1490910358
567971754901556655,992065,1490910372
-8515882452820112134,992065,1490910344
2892184859368226606,991686,1490910358
7901736848654081509,991604,1490910373
-3889795737316182653,991924,1490910357
8604869667776480939,991904,1490910338
7148771106649847687,991904,1490910377
5522908512132074349,991628,1490910335
4961244214001213176,991940,1490910320
5778372591962311274,991940,1490910374
-4756041437565372440,991940,1490910369
5143050428731301583,991980,1490910364
1681450833005425434,991980,1490910323
-6106742308325784857,992024,1490910364
7265248226559961889,992024,1490910347
-3709251567211464506,992024,1490910357
-7900655592058278484,991922,1490910322
-2651091271452747329,991922,1490910374
-5542508060617104964,991922,1490910337
-8899816371248801596,991922,1490910355
-9021278609044036056,991922,1490910350
-7414493831653308050,991922,1490910366
-8636410786452333494,991877,1490910348
4048675923653948435,992068,1490910333
-8515882452820112134,992068,1490910347
4009408867363354620,902632,1490910353
2858408683222605117,902632,1490910334
-1015405733996825617,939411,1490910361
-4301298641369934367,991216,1490910365
5225304787270735198,991216,1490910371
-707475560313484924,991216,1490910330
-8160319300275800040,991216,1490910364
6564797913693136841,974441,1490910344
8045305228883667406,974441,1490910377
5296088044795132205,990943,1490910330
5413051883273753061,991732,1490910362
-2109352022489482876,991732,1490910340
1683793366113107,991732,1490910318
-4945206122719648323,991732,1490910351
-1047676457881699037,991732,1490910347
3705473889130922989,991732,1490910336
-6093437824370876700,991732,1490910373
-6383806029024493411,991781,1490910325
-6321486057437752833,953994,1490910328
8679538590329352660,989108,1490910344
2871766452061850177,989132,1490910324
6241209769772791137,938755,1490910372
2080364430963527902,985914,1490910366
5324794695487856730,991724,1490910365
5413051883273753061,991724,1490910368
-4939329928549813219,991724,1490910344
3125430663588793583,991724,1490910368
-9007941857650214449,991724,1490910369
-5909091477036017803,991724,1490910365
2953137470541318679,991991,1490910358
-6040558011116341427,991991,1490910366
-7053630221322456848,991991,1490910373
-1414521736783645909,991991,1490910370
1095475175320356394,991991,1490910370
6303533069313911836,991480,1490910361
1473872145646683960,991480,1490910351
5894235457830791188,990486,1490910368
6014626359520294981,902680,1490910321
-9026183033092363277,902680,1490910358
-7413748546724897812,991653,1490910328
2871287537584449030,991551,1490910355
6409008666182487492,988130,1490910370
-683907898128483249,992070,1490910366
-8515882452820112134,992070,1490910355
-5723143273382321949,966530,1490910341
4888406653916483600,989993,1490910356
-591720631319445756,991051,1490910318
5143050428731301583,992032,1490910364
1599368268574232509,992032,1490910345
1681450833005425434,992032,1490910323
2982265035187887747,992032,1490910370
-1692628112683613036,992032,1490910351
-8398554319853967831,992032,1490910338
7519520755087369656,992022,1490910352
3335509565272855273,992022,1490910331
-3732991866477597252,991069,1490910321
-8763362016482606224,991417,1490910337
-5240934547054900444,991417,1490910362
4900675763388633165,991417,1490910377
6476648231677402824,991417,1490910353
-6434356916179271107,991417,1490910355
1991427260955520578,991417,1490910318
8763304905390316636,991417,1490910344
-654674559730720016,991830,1490910339
-1063380779564413723,991830,1490910372
-1378510847111199636,991830,1490910377
-5209683201559417741,991830,1490910336
-6142851106883089822,991305,1490910361
508241794189877965,991305,1490910373
-7704259394620231697,974220,1490910315
-1333433463722610904,342279,1490910355
8649097386719358564,991967,1490910329
-8153937589779113472,991715,1490910377
-986565486524264111,991836,1490910370
7067739186829373429,991836,1490910364
-2455962209274903333,991836,1490910358
4644023116306626797,991836,1490910338
4842037466751978432,991836,1490910320
6224521677754171852,991836,1490910334
7900854339063608112,991836,1490910365
-3971941610172108869,991836,1490910364
