3686612628060075299,991294,1490832364
2465070221578879162,991294,1490832354
4195865882883972736,991294,1490832370
8984001011886810318,990435,1490832325
-394260635090062760,991467,1490832364
-3503731837836774332,991467,1490832351
1329341454279461555,991467,1490832317
5543411028559563701,991207,1490832351
-7797696486469555148,991554,1490832344
1862715876584917983,991554,1490832312
-2066395195246166891,991314,1490832324
-2986008780733242342,991599,1490832344
-3871904501218800026,991599,1490832344
1307995212739105822,989853,1490832312
5174959421122659264,990921,1490832340
-6600145142846131545,987577,1490832340
-2060234080078888825,991356,1490832362
634452268180678787,939971,1490832325
-4762240551267500375,991387,1490832345
6529693543019366781,991233,1490832360
-6925225205160442697,991233,1490832319
9189643636171817837,991233,1490832316
2254811510648711757,991233,1490832317
2377124971847237165,934739,1490832317
307753233591427931,145352,1490832329
2525345997610466622,991460,1490832313
-577995036895395225,991311,1490832322
7831069256856111304,972031,1490832329
1307995212739105822,989839,1490832330
-2119965004743057550,900933,1490832356
-5004552002787450543,991608,1490832315
4979477991345834010,991608,1490832358
9175623677466970223,991608,1490832365
1321339223367903663,991362,1490832354
8675377761359509564,987951,1490832367
-4147238956540898367,991329,1490832356
-7332325587433648182,991499,1490832367
1385924499897692171,991479,1490832364
2278805101920026394,991609,1490832370
-8978492336956693393,991609,1490832367
2874685556075137870,991609,1490832312
5649823887541045493,991609,1490832349
4381877407278955433,991373,1490832342
821884430231257935,991373,1490832314
8652022493010330270,990944,1490832320
-2986008780733242342,991594,1490832369
-6359135513806106988,991594,1490832354
4555087696840825328,990530,1490832324
-5150658522635039674,991451,1490832334
5297295684593122469,991451,1490832336
-8978492336956693393,991451,1490832325
-5196678291610885083,991451,1490832355
-2341157767729678,991451,1490832347
-5373966849571914758,991451,1490832368
-8064256160677453255,991451,1490832334
8882253328041309616,991451,1490832317
6472718285946956652,991451,1490832320
-4539082457857795719,991451,1490832359
-7761131521717295374,991463,1490832346
-3346066894722457856,991463,1490832344
8280936902081279483,991273,1490832343
7977737538486286222,991543,1490832313
4245610972762367431,991543,1490832346
-7059620733386783416,991543,1490832334
-8776370078298708835,990968,1490832331
-6221522470873328984,991115,1490832343
-3835089989640974820,991115,1490832348
6935536521788649405,991306,1490832315
-3028146956917694800,991611,1490832348
-5004552002787450543,991611,1490832361
-1258501825063051315,991351,1490832336
1447502592992747957,400502,1490832327
-6232239489446016876,991459,1490832318
-5432034976219317324,991281,1490832322
-8451192179978034046,991378,1490832315
-9183726083397843075,991556,1490832330
5475356443898937994,990928,1490832317
-7260823252215267143,990928,1490832348
-9127308985999574033,990928,1490832349
-364253768491261922,990928,1490832340
4523039422982559420,990928,1490832342
-1852389889799402980,991180,1490832350
-7525628591706072170,991039,1490832343
1901113702301120761,991319,1490832332
3046078061259843961,941180,1490832350
-827571247428806527,991553,1490832359
-9163101667375704390,991553,1490832325
-863939820839620768,991553,1490832351
-5780374197924946124,991553,1490832320
-9112329930461451666,991553,1490832354
-5150658522635039674,991553,1490832338
-2325262197592948090,991553,1490832316
-1801432720871411511,991553,1490832364
9146550431386579853,991553,1490832332
8999590060883224391,991553,1490832325
7714917664553692438,991553,1490832331
-8963183247799929801,991553,1490832365
-4299609980535452693,991553,1490832341
-8921594859148123033,991399,1490832335
112304290408313670,991061,1490832354
6166994856700070817,990694,1490832314
-7525628591706072170,991208,1490832312
-4762240551267500375,991338,1490832345
-5717714657027543047,991448,1490832321
2003945034290947077,894735,1490832347
3655958622487036638,990913,1490832335
5935891064054522143,988823,1490832315
-1608861422843441804,884021,1490832352
-3148428526014906596,991530,1490832360
3887931530615047239,991530,1490832315
-6228761283632212657,991530,1490832343
5756673228001964376,991530,1490832353
2463591343945919763,991530,1490832350
-3445040780681552219,991191,1490832324
-3871904501218800026,991602,1490832344
-2986008780733242342,991602,1490832342
-432408122826601098,991602,1490832368
1562305275232605880,991426,1490832329
5935891064054522143,991426,1490832314
-5428286610949106421,991426,1490832345
-6611425174399674405,991426,1490832361
-760596249838352372,991426,1490832350
7353292157604848516,991426,1490832370
-5373966849571914758,991426,1490832355
-5633651135289517037,991426,1490832363
8641442511898191858,991426,1490832329
4529202744879559343,991426,1490832362
5879354369326601566,991426,1490832342
2736271351631020539,991426,1490832361
8652022493010330270,991426,1490832322
-5043891114119953611,991426,1490832324
4895705574060778016,991426,1490832351
8683363446794820244,991426,1490832325
-1852389889799402980,991190,1490832315
-5914630527881398392,991190,1490832370
5174959421122659264,990900,1490832347
6338007518783689563,991497,1490832356
-3450717860373365395,991497,1490832367
5212457599832328734,986715,1490832325
-8139440039836554850,986715,1490832343
3097727883742755186,991315,1490832328
2373029344439246211,991315,1490832349
-349611726681202171,991315,1490832323
6999777892474743162,906092,1490832335
7834170908821617013,991610,1490832334
-4539082457857795719,991610,1490832359
-3028146956917694800,991610,1490832358
1894914961622545285,991610,1490832360
-5373966849571914758,991610,1490832362
-2384531742815551281,991610,1490832363
4320168551380678150,991610,1490832360
-7531354217940974064,991610,1490832358
-303987702595357868,991485,1490832365
-4630218920439937968,991006,1490832323
-4943988240729190220,991531,1490832312
7118572873758670157,989145,1490832349
-8508387807253757511,989145,1490832359
3766419138024400464,991515,1490832325
8726022269086951606,991441,1490832365
-5717714657027543047,991441,1490832370
-1002260628537943311,988924,1490832334
-7332325587433648182,991420,1490832336
-3346066894722457856,991420,1490832369
1112763386851852166,144149,1490832368
7118572873758670157,989155,1490832349
-7525628591706072170,991244,1490832317
-8139440039836554850,990974,1490832330
5174959421122659264,990974,1490832331
-5819603810094618683,990974,1490832314
6449228519702540268,988464,1490832333
-3314304110261361835,883526,1490832323
8726022269086951606,991400,1490832336
-5717714657027543047,991400,1490832362
5697231423429711420,991471,1490832322
8207987628578331847,991493,1490832330
-38252079110941777,991381,1490832339
-6224166158278921121,991381,1490832369
1806857341655535604,991381,1490832359
8984001011886810318,990528,1490832325
3307718083072302123,991440,1490832351
-3346066894722457856,991440,1490832369
-4253539165801634228,991299,1490832324
-303987702595357868,991475,1490832365
1513453313895872015,991377,1490832317
-7525628591706072170,991107,1490832369
8970728110972301317,991578,1490832323
3678120220173165585,991578,1490832344
-5196678291610885083,991100,1490832355
-4360028825270623644,991416,1490832366
-3565003459223531843,991271,1490832338
8728521625513212322,967135,1490832329
-7207825085712954894,989393,1490832313
598500287928443991,990085,1490832321
-4932482647899101280,933555,1490832337
-133517390974248007,990876,1490832341
-8776370078298708835,991276,1490832361
-8500781948726120958,152008,1490832325
-1115116871194444047,991537,1490832369
-432408122826601098,991600,1490832353
-4800574453810924833,991600,1490832317
-2986008780733242342,991600,1490832326
-5183212177206318910,991600,1490832343
597495952274852171,991600,1490832332
-3907751752151219911,991600,1490832323
2604229718639673423,991600,1490832369
4834751584845871907,991600,1490832337
8474159078316724846,991548,1490832326
6515191078188666223,991548,1490832348
-7797696486469555148,991548,1490832345
8143033388429988765,991548,1490832367
3135306740553318866,991559,1490832362
5174959421122659264,990833,1490832350
8799121875382861289,991366,1490832344
3698004666665393465,991366,1490832337
6372486906964480667,991366,1490832370
3170877576867510377,991366,1490832330
-6925225205160442697,990877,1490832319
5362828289414125593,990877,1490832330
9127855962327449284,991472,1490832341
3200007304313757482,991472,1490832331
3739704634469798692,991472,1490832352
-5925353240615748412,991472,1490832324
2351663776633702429,991472,1490832358
6222298600938435503,991472,1490832349
-8811304514549671983,991472,1490832363
8722811700926274007,991472,1490832339
-3773440001533912178,988840,1490832326
7893007214903221065,991469,1490832331
-394260635090062760,991469,1490832364
-5717714657027543047,991436,1490832370
8726022269086951606,991436,1490832365
1321339223367903663,990336,1490832343
-2368425422671650694,972937,1490832329
2164634997904398148,991476,1490832329
-1583708086108203323,991476,1490832328
8882253328041309616,991476,1490832362
8982904475062872089,925162,1490832338
-303987702595357868,991419,1490832343
-4435764981928564551,990747,1490832324
-7741479604135423640,175136,1490832342
2638500370766051813,991592,1490832331
-9167047445875657177,991592,1490832337
-8776370078298708835,991226,1490832361
-4695340780286811201,991226,1490832361
3630484546904763751,926741,1490832365
880102061629369805,988470,1490832345
-2024797869897037121,991153,1490832361
5431036287566028083,991153,1490832368
598500287928443991,990879,1490832317
5543411028559563701,991195,1490832351
-6923051804987760974,988528,1490832358
4616906206953573836,991174,1490832313
-868284593707699902,991174,1490832356
-5914630527881398392,991174,1490832355
-1723346321452304816,944305,1490832355
-8914746160274856786,991439,1490832337
-4251229011912139555,988901,1490832352
3753452669280415133,991228,1490832325
2336900644328772835,991228,1490832354
1944897446985386409,988454,1490832350
8196517876448273817,988454,1490832323
8028416353533719849,988454,1490832352
1031502286481545358,991477,1490832336
-5793031047346069969,991289,1490832315
-5918119246427090580,991390,1490832345
1519071669322722343,991030,1490832318
1112763386851852166,144150,1490832363
5212457599832328734,986702,1490832323
-8139440039836554850,986702,1490832343
7385395739706119131,990467,1490832352
-3445040780681552219,991277,1490832314
7977737538486286222,991529,1490832317
1015416842336564230,989148,1490832345
720460047267442440,991252,1490832342
8990578957677766873,990703,1490832364
-2024797869897037121,990378,1490832361
-3205112895889813362,991431,1490832350
-4147238956540898367,991412,1490832356
9211813792964965641,991520,1490832368
4896691773768666492,991520,1490832366
-2899367025058475664,991520,1490832317
-878326431672548883,991520,1490832334
-1891985831755757603,991520,1490832351
5752984825038477649,991520,1490832337
-3910879990144953119,991520,1490832369
7100223173081134609,991520,1490832357
7781822907975723115,991520,1490832362
-4800742360599252308,991520,1490832348
-3632544556515583242,991520,1490832361
5058758347280770704,991492,1490832330
6665444219434078626,991492,1490832318
1373762704700981797,991492,1490832364
-5012802633369159948,991492,1490832349
5641884137350819929,991492,1490832330
3142852392741775079,68262,1490832365
-4943988240729190220,991527,1490832313
-5004552002787450543,991606,1490832332
2214428435200896992,991603,1490832366
-3205112895889813362,991447,1490832350
-8776370078298708835,991283,1490832319
-7525628591706072170,991245,1490832365
-3346066894722457856,991452,1490832361
1327968784599588477,893936,1490832354
2621420549016121202,894270,1490832344
455058130658678239,991328,1490832344
-2759321783477744331,991328,1490832371
-7469311880290200962,991328,1490832318
-564047370685267637,991328,1490832359
8970728110972301317,991328,1490832323
-2986008780733242342,991595,1490832369
-6359135513806106988,991595,1490832354
1307995212739105822,989847,1490832330
5838386990212324345,342222,1490832312
5793775734473193411,982262,1490832320
-1852389889799402980,991187,1490832330
-4817503706565108321,924021,1490832345
6501708313819935753,991607,1490832322
-7525628591706072170,991250,1490832369
972226902088445664,991465,1490832313
4007372111101180532,991465,1490832330
5944972164775657912,991465,1490832343
720460047267442440,991396,1490832342
2214428435200896992,991604,1490832366
-3682853891153491435,988540,1490832318
290716678698491089,991235,1490832360
9142822911580893999,991235,1490832314
5174959421122659264,990798,1490832350
8726022269086951606,991444,1490832318
-5717714657027543047,991444,1490832357
-5920293660053812526,989865,1490832330
750838238938091553,991470,1490832350
724707624312360479,991470,1490832315
372056891990573946,991470,1490832371
-1073735873202055924,991601,1490832361
3309494774215158481,936551,1490832339
-133517390974248007,991018,1490832341
-7761131521717295374,991466,1490832324
1031502286481545358,991466,1490832336
-3805699470419801678,991466,1490832347
7893007214903221065,991466,1490832331
-3346066894722457856,991456,1490832360
-3344165543854742223,939411,1490832360
-7585465882472762597,990556,1490832357
-1359805945211991936,975858,1490832336
-1573749358455757263,990102,1490832347
-5918119246427090580,991382,1490832345
-7525628591706072170,991236,1490832337
8471992616215005060,987812,1490832344
-7457127661098063094,991216,1490832332
5543411028559563701,991216,1490832336
4687521269749190220,991216,1490832339
-1197392377815837963,991216,1490832345
-8050901571973167276,991216,1490832336
7022941432380410926,914242,1490832312
1350432736352456909,990809,1490832349
5941878150673642082,990809,1490832325
8002755248002926017,990809,1490832337
4487223547719316384,991540,1490832312
8474159078316724846,991540,1490832326
-8885416324221519393,990840,1490832365
1562305275232605880,990840,1490832359
8373479692034580334,990840,1490832369
-7055556494358334391,990840,1490832338
-7916451957741285393,990840,1490832353
-3543480393909555308,991325,1490832325
6166994856700070817,990753,1490832314
6535610717244803315,911954,1490832342
-5766313654106789481,991573,1490832364
7115528961284921492,991573,1490832358
3678120220173165585,991573,1490832336
3383851329953551434,974441,1490832330
-6034480146178075101,988021,1490832335
5276227118957773832,990943,1490832365
-6923051804987760974,991332,1490832316
-3448402404944937096,990827,1490832359
-6359135513806106988,991597,1490832321
-2986008780733242342,991597,1490832354
-5793031047346069969,990480,1490832330
6472718285946956652,990480,1490832314
5685866247818724584,991218,1490832329
4616906206953573836,991197,1490832328
-6945262940465019530,991197,1490832336
-5914630527881398392,991197,1490832340
8600239563513500154,988179,1490832315
5013851110987661863,991309,1490832366
7912058761366617466,342972,1490832359
6535610717244803315,888418,1490832345
-4446840354278112672,991534,1490832334
-1852389889799402980,991068,1490832348
9142822911580893999,991068,1490832324
8156013429614867960,991220,1490832365
1015416842336564230,989146,1490832350
1327968784599588477,892605,1490832358
5889429878297627300,990445,1490832336
-9198849101390444538,988973,1490832328
8673944111474620308,979362,1490832364
-6923051804987760974,991435,1490832361
-1037158469858980714,991435,1490832357
2701598110958617847,991435,1490832361
-303987702595357868,991480,1490832316
-4753986962571194363,991480,1490832341
5980171354674334796,956097,1490832368
941454605296870037,900610,1490832344
1329341454279461555,991478,1490832317
6372486906964480667,991478,1490832349
-7899028846087764298,991478,1490832342
-3503731837836774332,991478,1490832351
-7055556494358334391,991478,1490832322
-394260635090062760,991478,1490832352
1421556195323944589,991478,1490832332
6358418100121642111,991478,1490832347
5788808794149238907,991478,1490832316
-306374051829852855,991478,1490832344
-1010357302400669017,991478,1490832358
2871536231282274184,991478,1490832363
-8405323066926234430,991478,1490832328
-2916083460569200460,991478,1490832369
1969796025956098173,991478,1490832362
-8221137369482855827,991343,1490832320
-364253768491261922,991343,1490832340
-7260823252215267143,991343,1490832348
-2834768688455463305,991343,1490832314
-2066395195246166891,991343,1490832313
-9127308985999574033,991343,1490832349
4523039422982559420,991343,1490832342
-2545918824624079565,991343,1490832350
7681392358628487638,991343,1490832314
-2015745483674135723,991343,1490832334
1307995212739105822,989848,1490832321
5386432807915451845,983592,1490832343
3887931530615047239,991361,1490832323
-6228761283632212657,991361,1490832343
-3148428526014906596,991361,1490832360
-4943988240729190220,991523,1490832313
-6232239489446016876,991363,1490832318
4007372111101180532,991363,1490832330
8675377761359509564,991247,1490832355
5889429878297627300,990864,1490832335
1258723162673263701,913380,1490832351
8373479692034580334,990326,1490832357
1350432736352456909,990326,1490832318
1842255258985662527,990326,1490832348
6278953003991514921,990326,1490832335
3977924838953253273,990326,1490832312
-1115116871194444047,991551,1490832369
4487223547719316384,991551,1490832320
-9163101667375704390,991551,1490832362
-5918119246427090580,990825,1490832320
-954767569992808580,990825,1490832321
-7714404934027243565,990825,1490832364
720460047267442440,990825,1490832323
3374414061764187848,991545,1490832365
-4168883048137736075,991545,1490832331
8673944111474620308,991545,1490832361
-6822568647909737010,991545,1490832323
5756673228001964376,991545,1490832338
-5780374197924946124,991545,1490832321
-6602303895930780685,991545,1490832345
724707624312360479,991545,1490832365
-6425561194115044461,991545,1490832325
-850873435019792786,991163,1490832360
-4932482647899101280,931262,1490832337
7950763492249477033,965262,1490832357
