-6069326755339798518,987503,1490135834
1552530020387568573,987503,1490135855
7922407061593406759,988270,1490135877
-3237924239924366310,988270,1490135829
-9132628292192577128,988270,1490135864
3385287869740563032,988143,1490135855
8477130647854471146,988143,1490135861
9133798725546586754,988195,1490135861
3496400923158655237,981323,1490135846
-4941117364752945978,987213,1490135882
8082011644616109758,987619,1490135857
8670271778575420119,988128,1490135834
247791492427373427,988128,1490135870
-1939091414053572979,988128,1490135850
-3988922917519431501,972937,1490135874
-3381893350788814091,972937,1490135860
162793134254758577,972937,1490135842
1845346421306264581,987737,1490135859
7642912234787084420,988052,1490135838
8922196815657322842,988052,1490135831
8748368242625443587,988052,1490135865
-3589381475039213181,986225,1490135870
-5857600574909503188,138176,1490135840
-6179813350294467648,987370,1490135833
-4309251936298211086,988115,1490135831
2727111851970139898,988115,1490135829
6696653543618686986,988115,1490135837
6408376372678069782,987864,1490135851
1114528256326624453,987806,1490135884
268459409168679863,987806,1490135879
-2695503493520222078,988224,1490135853
-3237071935103353253,988030,1490135880
7551742004462016846,988177,1490135858
4520712228927540530,988177,1490135874
-6887392908651819829,988177,1490135860
-6914321776545628750,988177,1490135845
-451936904289200320,988177,1490135870
-4819815710520154856,988177,1490135885
-5470387502216895165,988177,1490135831
-641681096637764570,988177,1490135845
7485875100881090799,988177,1490135831
4798791392745670025,988177,1490135838
-5023690559793437825,988177,1490135856
1205354376738882152,988177,1490135871
-2459842750472197837,988177,1490135860
-6311234929016550494,988177,1490135856
4834297212378159321,988177,1490135852
2128125705033322998,988177,1490135850
414803164419627790,988177,1490135879
-8004767821971128730,988177,1490135839
-5322135179237609553,988177,1490135847
-7953613712640576038,988177,1490135880
-3518292250889772913,987747,1490135860
-5541399889414616115,987531,1490135885
8045038816203480412,987369,1490135840
6113022698170108218,988263,1490135873
6197464953684850261,988075,1490135865
421478518880649,988075,1490135838
-5475912161694231187,988075,1490135879
-3995761446945575217,981824,1490135851
7607173603853523508,987887,1490135827
7859303838751913256,987887,1490135843
-6037909243280609590,987887,1490135835
-6139591672505521569,987887,1490135866
2078624685794221369,895828,1490135876
624837480256726908,987707,1490135834
-7595543321357159507,987707,1490135874
4488691070639331668,987707,1490135861
7494644014727421006,987904,1490135883
2151382780563160467,987904,1490135835
301561908584441298,987904,1490135881
5215357015867691254,988268,1490135863
-6513380184426240230,988268,1490135861
578101307780624533,987848,1490135883
-6438113680828508745,987895,1490135853
-2429348944029625369,988057,1490135882
-5088335514244836259,988057,1490135882
-3453688068566154517,988057,1490135832
-3630012148818138727,988057,1490135844
-4125261581720634597,988057,1490135828
5002632939590559014,988057,1490135857
5847387680447487423,988057,1490135841
6223975800916994352,987071,1490135885
337907533834286391,983463,1490135867
6885336674529361021,904391,1490135843
8045038816203480412,987412,1490135883
-7662640514701813747,988100,1490135856
8782672811171609823,988100,1490135866
-759595370097427290,988100,1490135874
-994942958867886365,988100,1490135869
6771040079036882198,987926,1490135865
-6037909243280609590,987879,1490135856
-6139591672505521569,987879,1490135869
7607173603853523508,987879,1490135827
-6310734530432008886,987765,1490135830
-4288557812808232809,987981,1490135861
-2126782929706770987,974441,1490135829
3253137302791026202,974441,1490135848
5890692015685724937,974441,1490135865
-1736388559847906982,988231,1490135880
-1132882149594050758,988231,1490135852
-2695503493520222078,988231,1490135841
-5014922214180226302,985175,1490135872
3895802772566742144,936895,1490135851
-662964897467639693,987652,1490135828
-2052130855531185819,987652,1490135834
-1517123127140775727,987905,1490135885
6884167947928045023,987728,1490135827
341279831269087702,873383,1490135860
-3427564033588367831,988254,1490135858
8677767346540370861,190781,1490135870
8986271501957103649,988112,1490135847
5618028436245829581,988112,1490135830
7355634189974475809,988198,1490135852
1836822167186694011,988198,1490135860
4757147781277743762,988198,1490135854
-9180725696822698351,988198,1490135882
8599581153478343985,987943,1490135831
-5621445786544914613,987704,1490135882
-1122168173866393192,987704,1490135864
-4693059454210414364,987334,1490135849
8635072398150667023,987334,1490135849
-805283601237508851,987040,1490135869
-7848022528451118800,987994,1490135864
-8271759592170601314,987994,1490135850
-2168940801325113677,895390,1490135830
2987756353136407367,984928,1490135830
-7507818886123571956,986504,1490135870
2994448820551395766,986504,1490135882
2575241392537695690,986504,1490135841
-2209472937775644881,986504,1490135853
-2360732364118649590,986955,1490135863
8045038816203480412,987410,1490135849
-4346724485654262797,987082,1490135832
26634852556565078,956806,1490135853
-6139591672505521569,987898,1490135850
-4849606233223963177,987501,1490135838
-1517123127140775727,988048,1490135831
-759595370097427290,988048,1490135848
8922196815657322842,988048,1490135837
3347118545726836576,988021,1490135836
-2507030550352764491,988021,1490135843
-8582213196228772200,988021,1490135859
7611006265675727449,988260,1490135855
8724354337649748438,987968,1490135850
-3692637770977638833,988203,1490135883
-7189896546401019624,891362,1490135839
-7484981298475067391,144613,1490135829
-9045037347929324193,986976,1490135848
-3865290758275763767,987915,1490135864
8635072398150667023,987758,1490135841
1822337131478315915,987758,1490135874
-6627911346304388131,987758,1490135837
7014377643697542133,987758,1490135882
5400867471690469049,987758,1490135854
-3300820832682903418,987758,1490135872
-4716762067850733448,987758,1490135849
-9180725696822698351,988114,1490135867
8717858456752881216,988114,1490135872
1147997606214346834,988114,1490135852
4757147781277743762,988114,1490135832
-1729938267891435454,988114,1490135866
-978915420093323617,988114,1490135856
-5967576572207388003,988114,1490135874
-4558921415874094756,988114,1490135880
7416129078105851821,988114,1490135884
8986271501957103649,988071,1490135851
4147004787041398201,343861,1490135870
4234901822903693883,931240,1490135843
1998286809638690209,987800,1490135878
-5929455591011099639,988085,1490135847
-1864915188018017782,988085,1490135882
6245533657330316058,988085,1490135843
1135088897641805018,988085,1490135879
6546502511192909237,988085,1490135842
3322225076955566943,988085,1490135887
285014652859033513,400424,1490135845
2954866950309505736,987996,1490135847
5633278279578119574,987996,1490135843
-2247237141652905906,988035,1490135863
2801533027766654212,988035,1490135845
-5281797199222354891,987888,1490135840
4918011310849922404,954609,1490135861
8082011644616109758,987844,1490135857
1841038779692076343,988245,1490135878
-8333468330841681454,988245,1490135886
5591017197524060907,988245,1490135885
-4984822819921829008,988245,1490135828
727796168952993987,988245,1490135872
4000074349432620662,879761,1490135865
-6310734530432008886,987738,1490135830
-7475129282996429699,987738,1490135877
-5682889987748601933,987738,1490135844
-6339443760640390585,987738,1490135885
-8484360416154917120,987738,1490135847
6884167947928045023,987700,1490135869
578101307780624533,987853,1490135883
5057331217160884884,987853,1490135880
3990951640500549018,987853,1490135845
-8775565401513482659,987853,1490135867
-8340727061888928498,987853,1490135866
4768697527466405214,987853,1490135845
-805283601237508851,987021,1490135869
6893942422130686913,987826,1490135845
4147004787041398201,343840,1490135870
-2042632304719014335,987818,1490135844
-6233744283182579585,986978,1490135859
4961247641410155290,988256,1490135828
7736250399221087812,988256,1490135867
7422049436447995263,988256,1490135878
5591017197524060907,988256,1490135881
-9218825323363137441,972878,1490135838
-1954185608841137094,151648,1490135828
-1028897809163658253,987902,1490135865
8045038816203480412,987371,1490135877
-6139591672505521569,987890,1490135872
1243920449290717881,987890,1490135880
-805283601237508851,986682,1490135831
632327668980485324,986682,1490135856
337907533834286391,986682,1490135854
7494644014727421006,987889,1490135883
-4341370867083349552,895648,1490135881
6771040079036882198,987953,1490135849
-1607089235676365638,988146,1490135872
7485875100881090799,988146,1490135876
6403473892082846212,936838,1490135859
-79593488151508570,936838,1490135836
1566387668858921327,987811,1490135842
3594084521847854589,987775,1490135881
-8516752595459287992,987775,1490135846
7215086295408679148,987775,1490135884
5633278279578119574,987917,1490135879
-2635530224802008980,987917,1490135837
-4217060825409791698,987917,1490135881
-6325173310913602624,988015,1490135830
5667461366681760507,988015,1490135885
-2099224472639794607,986690,1490135881
-978915420093323617,988208,1490135855
1784846373100710044,988208,1490135845
5645020212837597338,988208,1490135843
1162000422779670810,988208,1490135864
-8113704203069062505,988208,1490135883
8717858456752881216,988208,1490135834
-4189080659816665794,988208,1490135829
3395571950134722061,988208,1490135880
7262539319240258602,988208,1490135877
4571893726758906428,988208,1490135843
7416129078105851821,988208,1490135884
1827233203497913412,988208,1490135849
6924911438473632935,988208,1490135833
-667369187420316017,988208,1490135885
-5967576572207388003,988208,1490135874
1732442981510808355,988208,1490135843
-3987089693684101846,988208,1490135881
-5925025665168178169,988208,1490135862
-414593569071621362,988208,1490135869
794024282141532590,988208,1490135847
-3733232280390607622,988208,1490135869
7228369732634386593,988208,1490135861
-1264971066253489377,988208,1490135837
66222209585657766,988208,1490135880
-6688315787986882347,988208,1490135869
-2520849948491827742,988208,1490135836
-7018417826596376244,988208,1490135880
-4565682679669061926,988208,1490135854
6197464953684850261,988208,1490135867
-3178391165629109285,988208,1490135852
-4196436020030113902,988208,1490135878
5661775358740333305,988208,1490135875
-2901463064517293076,988208,1490135836
-8180336827455976375,988208,1490135879
6685937999356383825,987516,1490135878
5587826276422637564,987516,1490135880
4002483441336256717,988040,1490135866
-2247237141652905906,988040,1490135885
4163340110497950928,915338,1490135865
8165033894086761600,419483,1490135838
-7071383061763094478,343518,1490135865
-2360732364118649590,986946,1490135877
8045038816203480412,986073,1490135883
-6304331496001380417,345855,1490135873
-1517123127140775727,987681,1490135881
-5465852271907339022,987555,1490135832
-5560762518037724927,985937,1490135885
-3534194034001459408,988239,1490135836
-2350241852184332691,988239,1490135887
-2968300935078488373,345392,1490135829
8986271501957103649,988106,1490135883
6893942422130686913,987837,1490135830
-2029135733197195850,923676,1490135873
1018034531135814182,984462,1490135848
-9108564822734516845,988255,1490135865
7611006265675727449,988255,1490135870
1243920449290717881,987886,1490135880
-6139591672505521569,987886,1490135872
4757147781277743762,988174,1490135859
-9180725696822698351,988174,1490135882
7355634189974475809,988174,1490135852
1836822167186694011,988174,1490135860
-1479196900959540479,987427,1490135859
5066028808482663560,988161,1490135834
637033314033786541,988161,1490135864
7729351859538187307,940802,1490135836
7406997562511754213,988078,1490135884
-5947580192899282575,988078,1490135875
8986271501957103649,988102,1490135883
-4309251936298211086,988102,1490135854
3809071121681991468,935499,1490135882
-7822445414018731437,988172,1490135866
6113022698170108218,988172,1490135843
-7781549150641036235,988172,1490135880
3135710815843681454,988172,1490135835
5437979332774294519,988172,1490135846
-4125261581720634597,988172,1490135839
1325484398716228950,987076,1490135848
727796168952993987,988247,1490135872
-1583155452986875614,949351,1490135844
-2933684007284167017,987911,1490135835
4019474947985211223,987911,1490135871
-3548570173904357788,987911,1490135837
-3423118555122565876,987911,1490135858
337907533834286391,987911,1490135849
-4788718968033461840,987911,1490135840
7943572666129305603,987911,1490135877
-3395069793299004703,987911,1490135854
7149924913785633624,987911,1490135880
-6377281485729746163,987911,1490135868
3137846267244334383,987911,1490135875
-3619945951810318046,987911,1490135857
-1389207618167801260,987911,1490135866
8042848852067911124,987911,1490135836
-6462766215492731133,987911,1490135850
2102203801376355346,987911,1490135875
-8019543983867156433,987911,1490135861
-3513858612209788015,987911,1490135829
4952502857775465516,987911,1490135858
4676351180991131981,923755,1490135853
-7524182529818888548,988216,1490135841
1763239274743433866,988216,1490135842
-2279726973338837237,988216,1490135860
-5967576572207388003,988216,1490135851
-7462275608701732141,988216,1490135887
-2238345874185153880,936295,1490135826
-5129360237341724169,988238,1490135853
-3859556360112000814,988238,1490135850
301561908584441298,987987,1490135881
2801533027766654212,988055,1490135844
-2087882679629998488,988055,1490135853
-5406197368252526315,152252,1490135884
6884167947928045023,987723,1490135869
-5925025665168178169,987570,1490135835
-6627911346304388131,987570,1490135833
4099423380214360004,987570,1490135841
7173128239856238915,987570,1490135872
828003141474891511,987570,1490135886
470299223211477165,987193,1490135884
-8018063847376642443,987822,1490135852
5639748667916636419,987963,1490135874
-1644830010790723033,988242,1490135852
727796168952993987,988242,1490135861
3699222561457325934,988242,1490135881
-1048275464641335514,988242,1490135867
4683647966728522583,988242,1490135833
4167001361307279349,988242,1490135879
2989514243418345942,987119,1490135851
470299223211477165,987119,1490135884
2800261432553590824,987846,1490135867
1114528256326624453,987846,1490135843
1104462501128491939,987846,1490135878
8185244440048138006,935149,1490135879
8162026681748082982,161509,1490135838
-6500973397632863649,987522,1490135827
5011770691332719788,987522,1490135858
-6887392908651819829,988163,1490135876
7485875100881090799,988163,1490135842
4520712228927540530,988163,1490135884
2751944820693658582,988068,1490135845
-1122168173866393192,987607,1490135845
-535996438917555619,988129,1490135855
-1892554972364168660,988142,1490135856
305836141584421370,985487,1490135830
-3582825153871469857,912776,1490135852
-3290616081138597342,987948,1490135861
7769609118878499072,987948,1490135871
9009238288405429821,346160,1490135853
5103021904722239604,962300,1490135837
-2551442681978833452,344756,1490135878
-1691335696800774894,987966,1490135854
268459409168679863,987635,1490135879
6685937999356383825,987543,1490135857
5587826276422637564,987543,1490135870
-3187931346247952658,987281,1490135888
7844737276757734533,988180,1490135837
5785232426296908649,988180,1490135859
7834108280413809435,988170,1490135861
-9045037347929324193,986966,1490135860
-4288340615787991616,968598,1490135864
-5967576572207388003,988171,1490135847
-1730155291636958559,988171,1490135832
-5925025665168178169,988171,1490135835
-5671794708816760098,988171,1490135889
-4745187492261494876,988171,1490135843
4125630486077253846,988171,1490135870
-2622236724333860097,988171,1490135884
-6179813350294467648,987429,1490135831
4173585342009535272,929658,1490135884
6408376372678069782,987859,1490135851
-8853042223831858120,988186,1490135862
7844737276757734533,988186,1490135881
-5470387502216895165,988186,1490135852
4844908218223572814,988186,1490135865
-7642857504004094563,988186,1490135875
393392419198228088,988269,1490135838
7266900649164512323,988269,1490135879
5984213582337266620,988269,1490135831
8178908910630333624,988269,1490135831
4676351180991131981,923765,1490135846
1887023528680771234,760502,1490135855
8162026681748082982,161506,1490135838
6493244731801639181,987699,1490135878
3789227830789261466,987069,1490135860
2201450445988431311,987069,1490135848
-8257988489017782600,137646,1490135875
337907533834286391,983556,1490135862
2214425163654781425,987339,1490135831
2751944820693658582,988056,1490135845
-3541457966745185165,987643,1490135880
-8590055476161941425,988222,1490135845
-8180336827455976375,988222,1490135868
-8660497375862631824,988222,1490135865
828003141474891511,988222,1490135886
-1588118591612566003,988222,1490135886
-6718162631460101486,988222,1490135830
-5560762518037724927,985935,1490135877
-3294335237407162194,910456,1490135851
1822337131478315915,988086,1490135867
818056875048181979,988086,1490135873
3347118545726836576,987951,1490135875
8695493719124072829,987951,1490135849
1728794201863972039,987512,1490135883
8316928168333678422,988024,1490135888
6267345369632576299,988024,1490135886
3001389872794962140,988024,1490135870
-3340980092555467757,988024,1490135859
-3237071935103353253,988024,1490135885
-7405527815751380118,988234,1490135877
-3859556360112000814,988234,1490135850
-3534194034001459408,988234,1490135838
-3237071935103353253,988033,1490135885
8986271501957103649,988110,1490135869
-3107034058240118194,987667,1490135868
337907533834286391,983269,1490135868
8941365163443454060,982752,1490135871
-920406443319834245,341303,1490135826
683889049670176813,978998,1490135841
-4503420020014088107,987206,1490135868
470299223211477165,987206,1490135839
-2782267857294760939,986556,1490135852
-8082785510904609778,986556,1490135836
6704887534561847139,986789,1490135887
-2944354170211680581,986789,1490135877
4695302667481505035,987579,1490135842
285014652859033513,408977,1490135844
-6232644427047037689,988023,1490135852
4825507985480475950,985962,1490135846
-6694877273746864363,985962,1490135885
6836872331918606023,987754,1490135837
-5560762518037724927,985920,1490135888
8986271501957103649,988111,1490135859
4610908848481693151,988111,1490135878
-4619349293804491692,988217,1490135868
-5967576572207388003,988217,1490135839
-4745187492261494876,988217,1490135843
-2622236724333860097,988217,1490135884
4125630486077253846,988217,1490135870
-2498882327363099008,988217,1490135862
-6268705536667489869,988217,1490135849
8827312600711613584,411038,1490135878
-8357769264685602235,915443,1490135836
-6139591672505521569,987893,1490135857
-2247237141652905906,988042,1490135886
451368640848586936,987583,1490135861
-7771121599037350499,988096,1490135877
8427076408250999897,987101,1490135864
4167001361307279349,988248,1490135878
727796168952993987,988248,1490135844
3395571950134722061,988248,1490135849
3808016956098859948,988248,1490135831
3699222561457325934,988248,1490135876
-1048275464641335514,988248,1490135861
1531799565527966106,987834,1490135868
6429011178909592632,987834,1490135884
4913867773430570853,894688,1490135845
-3548570173904357788,987111,1490135877
-3423118555122565876,987111,1490135865
337907533834286391,987111,1490135852
2989514243418345942,987111,1490135859
-1575671308516645482,987111,1490135876
-4788718968033461840,987111,1490135841
-1755617043779501441,988228,1490135845
2729206517322600365,902583,1490135858
3597855763445624877,885098,1490135871
-8106066599794474102,988017,1490135843
3137846267244334383,988027,1490135875
-8019543983867156433,988027,1490135861
-3619945951810318046,988027,1490135857
1249317774263816861,988027,1490135873
2102203801376355346,988027,1490135873
-7783604158067952475,988027,1490135885
-5101332017516194168,988027,1490135882
5731021400370596162,988027,1490135882
4797375177857671853,988027,1490135842
-1605254735374829373,988027,1490135888
-5876422769163637887,988027,1490135880
3728501248106703052,988027,1490135882
-3423118555122565876,988027,1490135885
-3773069036508624523,988027,1490135847
7485875100881090799,988157,1490135866
8209922559735699214,945801,1490135863
1500799106859421951,945801,1490135869
6893942422130686913,987815,1490135845
-2042632304719014335,987815,1490135844
-5392146677212161662,987283,1490135878
7485875100881090799,988149,1490135876
-480856380092864355,982913,1490135846
-8782040314401455065,982913,1490135829
-3692637770977638833,988031,1490135877
8619892884976533420,988031,1490135845
3385287869740563032,987677,1490135861
-5465852271907339022,987554,1490135849
4918011310849922404,959821,1490135838
1114528256326624453,975820,1490135884
615325639362234433,975820,1490135845
3655282282419068211,975820,1490135859
2800261432553590824,975820,1490135867
7137000378044191950,987558,1490135844
-1330429808794899001,987558,1490135840
2667742039234076640,987558,1490135884
-2303536759811615885,987558,1490135870
5716766333055238323,987558,1490135873
3675659690386990890,987558,1490135872
3478202116127004814,987558,1490135886
2301822922482929291,987558,1490135875
1405657024139340808,987558,1490135866
-3756684985500744286,987558,1490135831
7015299702659434395,987558,1490135850
-8836281737325471468,987558,1490135855
4537869612023140865,987558,1490135856
-5986751279056707207,987558,1490135867
-6370532623979283094,987558,1490135840
6685937999356383825,987558,1490135830
5022468038930142935,987558,1490135867
-1954185608841137094,151644,1490135829
2364050163339756798,987687,1490135840
-1194820685825198502,987687,1490135878
7406997562511754213,987984,1490135843
6771040079036882198,987566,1490135865
4610908848481693151,988117,1490135878
8542923079946042893,988117,1490135834
5857167517008080931,988117,1490135887
-589022002901828595,987658,1490135865
-3335268336505602869,987658,1490135833
5066028808482663560,987734,1490135846
1612267379980243569,987980,1490135874
4825507985480475950,985627,1490135871
-5673398318536934479,988154,1490135843
7485875100881090799,988154,1490135852
4520712228927540530,988154,1490135884
-1122168173866393192,987731,1490135864
1302334919456901898,987933,1490135851
8599581153478343985,987933,1490135846
2959230516382679598,987933,1490135863
-3514421986628839001,987933,1490135879
4537869612023140865,987933,1490135850
-7750604246433600070,987933,1490135874
7520595175956596561,979116,1490135851
-8002920698082048230,900707,1490135827
4825507985480475950,985619,1490135887
7362307161713082145,988152,1490135872
6493244731801639181,987694,1490135878
5829021292941985383,987577,1490135876
5844905687192254944,987577,1490135837
-8180201415561209684,987577,1490135849
8147206853630409632,987577,1490135888
5587826276422637564,987577,1490135886
8045038816203480412,987390,1490135871
-1530558488519057301,426281,1490135868
4060052401853289553,929973,1490135832
8599581153478343985,987913,1490135857
3001389872794962140,985528,1490135868
-2252706988426268729,987931,1490135866
8599581153478343985,987931,1490135838
-1417623367684098451,988212,1490135863
3483589703118240534,988212,1490135842
7183227339658051542,988212,1490135888
-4662530857568602635,988212,1490135875
-4064180837370837082,988212,1490135842
1818409816135697639,988212,1490135888
-1607089235676365638,988150,1490135870
5437979332774294519,987954,1490135885
-684881989009704340,988109,1490135875
8986271501957103649,988109,1490135874
4581107696257016773,988109,1490135843
4866440064212757530,987903,1490135861
8599581153478343985,987903,1490135857
-7656264159646277230,987016,1490135844
-7810895315432485906,987016,1490135849
84329791652123360,987016,1490135869
8719219015377071896,987016,1490135857
-8113704203069062505,988103,1490135885
4093984684777881591,984546,1490135829
305836141584421370,985477,1490135834
4651386374040068479,987925,1490135846
-6325173310913602624,987925,1490135832
-4755154165197787547,987925,1490135877
6545529814863564338,987925,1490135889
5587826276422637564,987925,1490135842
-3780588196523226072,988237,1490135850
-1736388559847906982,988237,1490135857
-2892740664569012595,988237,1490135883
-3865290758275763767,987900,1490135864
-927101237922264848,987900,1490135888
5425907726991582153,987900,1490135858
1788770042881091500,987900,1490135833
7828193301615727937,987900,1490135837
2095280521212633218,987900,1490135843
5553202042456814952,986142,1490135878
307279469634227799,986142,1490135870
4134957349449422685,988062,1490135881
5687054621336770417,988227,1490135849
-1132882149594050758,988227,1490135870
-2695503493520222078,988227,1490135853
-1736388559847906982,988227,1490135887
8045038816203480412,987453,1490135831
-2238345874185153880,935838,1490135826
6619443481903862090,988214,1490135879
-1048275464641335514,988250,1490135847
7422049436447995263,988266,1490135878
1763239274743433866,988266,1490135882
393392419198228088,988266,1490135838
6113022698170108218,988265,1490135851
2876054885271631858,988265,1490135831
-7460584608090293036,988265,1490135843
-1827401589870990863,988265,1490135856
231406001830115665,984936,1490135877
6223975800916994352,987070,1490135885
-1122168173866393192,987644,1490135861
-1412321306677498379,988036,1490135849
-3237071935103353253,988036,1490135874
592237497641058993,985834,1490135856
-5711449736656916569,889653,1490135834
7611006265675727449,988258,1490135870
1776061744344172420,987825,1490135873
-5733911186619928033,987781,1490135863
337907533834286391,983230,1490135868
-3237071935103353253,988028,1490135862
1793993472717567106,988028,1490135871
-567794297858222763,988028,1490135830
7406997562511754213,988093,1490135833
-5947580192899282575,988093,1490135866
-4030409644752017732,964340,1490135873
2994448820551395766,988014,1490135843
-3832779264428777155,988014,1490135842
8316928168333678422,988014,1490135889
-472394590980304409,988014,1490135846
4757147781277743762,988202,1490135863
1696605297785473039,988202,1490135882
-1048275464641335514,988249,1490135852
-1788713805171878242,987875,1490135865
-4331307328158264446,987875,1490135889
646109892802894648,987941,1490135861
-3154823283781844202,988189,1490135873
-7822445414018731437,988189,1490135888
-9188789199171518502,988189,1490135835
6923609440796212519,988189,1490135872
3521596605867727991,987495,1490135845
8045038816203480412,987495,1490135857
1728794201863972039,987495,1490135883
4234901822903693883,930856,1490135844
-5851736566680541694,980279,1490135838
-9162941301501824873,907474,1490135860
6746783525871106245,899160,1490135867
-8018063847376642443,987821,1490135847
4757147781277743762,988206,1490135890
-7848022528451118800,988008,1490135862
8599581153478343985,987909,1490135849
7611006265675727449,988262,1490135865
3496400923158655237,981237,1490135846
-8969995857246968381,903961,1490135845
337907533834286391,986765,1490135859
632327668980485324,986765,1490135856
-9045037347929324193,986973,1490135858
7406997562511754213,987897,1490135884
7485875100881090799,988151,1490135860
-5673398318536934479,988151,1490135844
-2247237141652905906,988045,1490135872
-3237071935103353253,988037,1490135851
6240128128271081807,104826,1490135879
1818409816135697639,988209,1490135889
-7396110211030365235,988209,1490135857
-2695503493520222078,988209,1490135887
4866440064212757530,987606,1490135847
637067083387997634,988139,1490135865
-3518292250889772913,987753,1490135860
624837480256726908,986675,1490135838
1566387668858921327,987810,1490135842
7985700831413659406,986167,1490135861
2050512025668513056,979953,1490135883
-1370872427512913184,988137,1490135861
5424807816832307131,988137,1490135889
818056875048181979,988137,1490135873
3955486423218513284,988137,1490135837
-3025892680607203297,988137,1490135890
8420475805551877789,982682,1490135839
3895802772566742144,938053,1490135851
-1232965932752759865,343510,1490135868
-1611671159376165067,988124,1490135846
-8975184020602600201,988124,1490135855
-4309251936298211086,988124,1490135840
-5475912161694231187,988124,1490135879
-789101671436462576,988124,1490135859
8002888204440761359,987735,1490135862
-8002518295742970953,987856,1490135869
-8546269538048247101,987855,1490135858
-1232965932752759865,343511,1490135862
337907533834286391,983754,1490135861
-2360732364118649590,983754,1490135877
6884167947928045023,987724,1490135839
-1583155452986875614,949458,1490135840
-2247237141652905906,988043,1490135886
4002483441336256717,988043,1490135866
337907533834286391,983449,1490135864
-1479196900959540479,987236,1490135891
4437284346986066071,987236,1490135833
-452317736347091113,987236,1490135848
4918011310849922404,954620,1490135870
8939854378407743410,987487,1490135845
8619892884976533420,988166,1490135889
-5127214535378099111,988166,1490135862
-8002518295742970953,987930,1490135885
1734158227942176744,987938,1490135855
4916662946712175037,414268,1490135879
-6179813350294467648,987366,1490135833
45117577576126030,987918,1490135866
5633278279578119574,987918,1490135880
-1106770789237792318,987918,1490135855
617817473242345566,987784,1490135867
-2715966512908887279,76262,1490135843
-4904588225843015780,987872,1490135843
3008430240583988385,987872,1490135855
8642215036642143743,988041,1490135834
-5967576572207388003,988205,1490135858
-8872618818538530517,988065,1490135880
-9108564822734516845,988065,1490135848
-1718412736256794726,988065,1490135873
-2665930929180380181,988065,1490135884
421478518880649,988065,1490135838
7362307161713082145,988065,1490135845
-8227783898053079805,988065,1490135889
-4320760987345860594,988065,1490135853
7848783649718638584,988065,1490135851
6362572358672068575,988065,1490135838
