304771042863567765,990281,1490666314
7552757695308229433,990281,1490666315
-843844343316629003,989844,1490666330
-6225825058098404083,990317,1490666306
-4449123581505247000,990317,1490666330
1483692542398906794,931055,1490666291
-7169791684061546700,990209,1490666296
5983248780545798359,990341,1490666322
2342953205004694581,990341,1490666305
-836877954344247228,972937,1490666327
-3142562969407093209,972937,1490666295
-760110001524130798,989628,1490666342
-8148728359224215515,989628,1490666339
-8007961354001357512,931229,1490666299
-6577494789166344045,986781,1490666338
8510056574238168828,990431,1490666305
-5117773876798651083,990431,1490666332
4561382337102655269,988484,1490666312
-3429577080512050214,988484,1490666340
4427573693687265082,990565,1490666319
-8609437424963176106,990521,1490666295
-5989059526007093561,975858,1490666335
6331648067368955852,975858,1490666329
-8113233056098931593,975858,1490666324
-1912440456821045822,990500,1490666291
-8300190408586096904,990500,1490666347
3468584582159090436,990500,1490666338
-666839371812669002,990500,1490666350
5983248780545798359,990437,1490666322
-8447265679746121079,988434,1490666309
-843844343316629003,989832,1490666349
-8524499596768070894,910204,1490666304
5401790348357322670,990590,1490666342
1025020963776411103,990590,1490666330
-8113233056098931593,990590,1490666300
-7696310369929778625,990536,1490666317
-7472162305557558004,990486,1490666314
7722741781599359445,990486,1490666309
232846277103567795,990559,1490666328
-7497180288432480286,990618,1490666349
6542666139327151706,990618,1490666340
-6150070609786829006,990618,1490666348
402363588825696969,989854,1490666307
6331648067368955852,990456,1490666334
-2429594016902078468,990456,1490666297
993859607701476979,990547,1490666336
-4288242106858833381,990544,1490666298
-194609453652690868,990614,1490666316
8438866951084809411,990331,1490666310
-7924485615112271768,990331,1490666334
-3760140819092420295,990331,1490666345
-6543288932336565203,990331,1490666347
-1411368865940872000,989580,1490666324
-6225825058098404083,990309,1490666325
-4449123581505247000,990309,1490666346
-7290785446577953130,8648,1490666325
9026732332179358690,984680,1490666298
-1933878864058056836,988973,1490666301
-8948794356776908354,988973,1490666342
2718086395120802292,990293,1490666328
-4449123581505247000,990293,1490666327
9171129118182370743,990455,1490666313
-4288242106858833381,990495,1490666345
1553660186918355622,990495,1490666341
-647237228981367080,990495,1490666345
6087097493302024565,990620,1490666337
-5998652420567583924,990620,1490666299
-3028881217369545917,990620,1490666340
3470611764602269794,990620,1490666306
5988295121225452622,990620,1490666340
7597067608870292702,990620,1490666301
-6296169439409334649,990620,1490666332
-4015099049538344398,990620,1490666311
-3628588193072318896,990435,1490666291
-6543288932336565203,990435,1490666347
-3760140819092420295,990435,1490666312
5711930417113358977,990435,1490666348
8333184411873054259,990435,1490666316
2455299487797670154,990435,1490666325
126775769178817636,990435,1490666312
-226213626525784968,990435,1490666334
-7924485615112271768,990435,1490666336
-2589902909233393024,990374,1490666334
-7318392001129670214,990374,1490666338
5389807971105832538,990374,1490666316
-8191243941733369414,990374,1490666344
-1647472506947371062,990394,1490666310
-8129461611449620453,990520,1490666322
6865919052279430650,990520,1490666336
6450244065616362800,990520,1490666328
-3623012587952648213,990604,1490666325
-7752592416095158777,990604,1490666337
-7786819340751930450,990604,1490666346
-4689047391679452598,990604,1490666314
-7169791684061546700,990210,1490666299
5983248780545798359,990451,1490666295
2718086395120802292,990332,1490666308
-4449123581505247000,990332,1490666324
466188073815524307,990332,1490666316
598616895748729006,990602,1490666342
-8812776670612558631,990602,1490666337
-365153154144968171,990602,1490666346
645848888272279745,990602,1490666307
-3608485013694172075,990602,1490666322
-7519543402584980894,990602,1490666349
1628537890789996326,986302,1490666318
-6577494789166344045,988104,1490666325
-2016798273757456992,990608,1490666347
-8207241964538655842,990608,1490666344
-3448010030142912564,990608,1490666305
-7613267630315595227,990608,1490666292
1158500218859305337,990608,1490666336
-1933877304778944693,990558,1490666343
232846277103567795,990558,1490666328
4083415983814724895,990558,1490666293
-2562632425098112706,873118,1490666297
8118414632417964624,990307,1490666326
-843844343316629003,989865,1490666299
-647237228981367080,990215,1490666345
1553660186918355622,990215,1490666341
8438866951084809411,990215,1490666313
7041602306690872404,986986,1490666314
5983248780545798359,990430,1490666315
-8113233056098931593,990587,1490666295
5401790348357322670,990587,1490666307
1025020963776411103,990587,1490666324
-6116875565518348988,990407,1490666340
-1558693068704563344,990407,1490666293
-1820338081828630599,990407,1490666301
-2372926535870424352,990407,1490666321
-3712724335315789881,990407,1490666301
-1907800320141272023,990407,1490666313
-1203977562618214690,990407,1490666335
-4252800343328956220,990407,1490666299
894943164917634129,990407,1490666324
-469320306940483501,990407,1490666314
7714366780852566445,990407,1490666308
-6699007801479293205,990407,1490666294
3237878569042574312,990407,1490666306
-1459769140193412997,990407,1490666295
-5295106906342915973,990407,1490666327
-6364970056167542035,990407,1490666345
-1192128709827150156,990407,1490666308
6778993791685047557,990407,1490666341
-6608232429366969263,990407,1490666324
9163032978020281558,990407,1490666319
-3457227634116736115,990407,1490666350
9012219711253737852,990407,1490666334
-1948444686427155189,990407,1490666325
-5176941880637023676,990407,1490666332
-8117737730945256696,990624,1490666314
-3828432408799534203,990102,1490666331
-6186199160000557094,990102,1490666335
4786698696389415671,990102,1490666321
-1847677180835257236,990102,1490666345
1249290057040520801,990102,1490666298
-6509039628575527704,990102,1490666303
-3852887621703223611,990102,1490666303
1066524497856964689,990102,1490666314
-5116981061117630508,990102,1490666327
5626580968320388904,990102,1490666306
4972337332939436238,990506,1490666312
-1592179891193248123,990506,1490666310
-8609437424963176106,990457,1490666318
989184917601171242,989813,1490666294
4928532512742489012,990328,1490666331
-8840457221868054335,990328,1490666329
-6802393967802605776,990328,1490666328
5000103786230890172,990328,1490666324
466188073815524307,990328,1490666316
-29843269562752661,990328,1490666320
-4449123581505247000,990328,1490666318
2053216341866644122,990328,1490666335
-2441076540933173819,990328,1490666304
-8491093033268758632,990328,1490666337
5800637813431192974,990328,1490666338
-6209452393903462661,990328,1490666315
3807999979114327931,990525,1490666319
-7169791684061546700,990203,1490666319
7983813443624482092,990315,1490666334
-6225825058098404083,990315,1490666334
2718086395120802292,990315,1490666325
-4449123581505247000,990315,1490666346
7041602306690872404,987168,1490666315
-8479834557312877293,990449,1490666341
4568681283646049072,990449,1490666348
-943812227300632141,990449,1490666319
1435501915225132655,990449,1490666305
-4400239630215189970,990449,1490666342
-7382332522821860089,990449,1490666338
5928270210735153641,990449,1490666325
5449265376928928855,990524,1490666332
-7512273566504970965,990524,1490666305
1858646869955898062,990524,1490666310
-5238948582058195708,990524,1490666300
-1092241606210545003,990266,1490666292
4561382337102655269,972145,1490666323
6247789471695074563,920160,1490666291
-647237228981367080,990499,1490666317
1553660186918355622,990499,1490666331
-3637724947424674415,990499,1490666348
-7405249885966666910,990499,1490666333
2698714222442207670,990302,1490666297
6254792222223213124,990302,1490666314
-7169791684061546700,990200,1490666348
-3637724947424674415,990505,1490666342
5572594269611906244,990505,1490666315
-2177415571080785533,990505,1490666303
3188095599564340352,990505,1490666344
4469339529182330956,990466,1490666310
2392876174396139608,990466,1490666297
-2567926923326402663,990466,1490666317
7072141828655591536,990466,1490666302
-3832694563068015375,990466,1490666327
676348053153155932,990466,1490666316
8564025463671022384,990081,1490666325
-1881994343786082656,990621,1490666314
8562045081256024011,990388,1490666298
-8609437424963176106,990516,1490666335
-8129461611449620453,990482,1490666305
1869884038855515830,990555,1490666322
3108832277064318332,990555,1490666311
-3441657174178953141,990555,1490666318
-210582870754637704,990555,1490666341
-8040590964015105172,990555,1490666330
-1974778408412158578,990191,1490666333
-4651161654565322314,990191,1490666305
3206962954218455992,990585,1490666347
822085270644565656,990585,1490666303
-6893524023160839694,990585,1490666349
-4843107873876473659,990585,1490666298
6171450995716279207,990585,1490666304
-2266218895718526187,990585,1490666327
-5989059526007093561,990585,1490666343
-7786819340751930450,990606,1490666308
-3448010030142912564,990606,1490666327
-7752592416095158777,990606,1490666320
-7613267630315595227,990606,1490666296
1963976477724451665,935838,1490666339
6703649964082647412,990638,1490666326
-943812227300632141,990453,1490666329
1435501915225132655,990453,1490666311
-4400239630215189970,990453,1490666342
4568681283646049072,990453,1490666348
-1611560243981383982,990453,1490666335
4972337332939436238,990453,1490666329
1391301002934042924,989848,1490666305
3782234390301745183,984556,1490666323
5983248780545798359,990443,1490666298
5627956674750073263,990481,1490666344
8012607198135826719,990603,1490666292
401524425029952475,920458,1490666307
-8113233056098931593,990589,1490666322
-5989059526007093561,990589,1490666294
6331648067368955852,990589,1490666296
1025020963776411103,990589,1490666336
5401790348357322670,990589,1490666342
-8775741845789642542,890987,1490666296
3343726005801526479,890987,1490666314
1025020963776411103,990596,1490666304
-8727915529109418914,990140,1490666299
4488727201373314710,990247,1490666335
-2356184318010880847,989841,1490666333
1239816780215720802,989841,1490666296
-1933877304778944693,990551,1490666350
3446800520685552684,988983,1490666335
2053078077063094795,985010,1490666303
230680058175626766,983811,1490666316
-8191243941733369414,983811,1490666344
-3781918963754189369,983811,1490666328
4698911484969193048,983811,1490666293
-4094014938885741082,983811,1490666295
989184917601171242,988353,1490666328
-7696310369929778625,990534,1490666339
-5435180494678280938,989353,1490666335
4877562044280158079,990410,1490666324
-5363224082404779528,990410,1490666302
8564025463671022384,990038,1490666332
4488727201373314710,990251,1490666335
2389917589275878583,990251,1490666303
-7497180288432480286,990615,1490666349
-8172408053357296115,990488,1490666335
-530401407553012979,990488,1490666317
-760110001524130798,990488,1490666342
-5942040406654031985,990488,1490666349
-8898396996639559747,990488,1490666309
1675722856421928079,990488,1490666318
1858646869955898062,990570,1490666301
4427573693687265082,990570,1490666309
3174200240694609194,990570,1490666304
4281840903094450398,990570,1490666343
8933277931585651921,990444,1490666324
-4400239630215189970,990444,1490666324
8842792202811312729,990507,1490666315
5983248780545798359,990429,1490666312
-1411368865940872000,989577,1490666324
8493437677611934787,990228,1490666307
-7169791684061546700,990194,1490666348
-6010378016913723071,990576,1490666324
-6577494789166344045,986715,1490666348
-6893524023160839694,990586,1490666349
-4843107873876473659,990586,1490666298
2002411122581095120,990586,1490666309
9035235323241057491,990586,1490666322
6171450995716279207,990586,1490666303
3206962954218455992,990586,1490666318
822085270644565656,990586,1490666300
-5989059526007093561,990586,1490666343
3076900799565668566,990586,1490666308
-6702858582098026538,985714,1490666324
7041602306690872404,985714,1490666315
-3333271496767344236,990091,1490666298
-6356292029201875883,990091,1490666295
5262647836356062468,990091,1490666344
-7844165088275652341,990091,1490666333
989184917601171242,989774,1490666303
-7169791684061546700,990202,1490666335
304771042863567765,990280,1490666298
7552757695308229433,990280,1490666312
1229455887508281717,990125,1490666340
-7318392001129670214,990314,1490666338
-1933878864058056836,988974,1490666333
686814636283026498,989532,1490666308
-7752592416095158777,990595,1490666345
-3623012587952648213,990595,1490666325
-365153154144968171,990595,1490666346
-8812776670612558631,990595,1490666337
402363588825696969,990323,1490666325
-7014945920688239965,957580,1490666330
1297426564910906218,957580,1490666291
4568681283646049072,990467,1490666320
9102087409873556023,990467,1490666345
-943812227300632141,990467,1490666293
-4400239630215189970,990467,1490666331
-2016798273757456992,990629,1490666347
5666354467615912092,990629,1490666306
2824039635841194846,990629,1490666305
2215470045024907070,990629,1490666311
8981359597978917027,990230,1490666337
993859607701476979,990567,1490666306
-3052159752873829885,990567,1490666297
-6577494789166344045,985855,1490666348
304771042863567765,990292,1490666322
-4186129620676165505,990292,1490666322
1553660186918355622,990504,1490666325
-647237228981367080,990504,1490666300
4972337332939436238,990504,1490666328
-3637724947424674415,990504,1490666348
134708259879216604,990257,1490666341
5627956674750073263,990477,1490666337
-8586351328134252829,990477,1490666349
3034823490350612819,990477,1490666294
-2429594016902078468,990271,1490666297
402363588825696969,990305,1490666325
-564646831535288955,990539,1490666344
6922546413299873409,990539,1490666292
-8148728359224215515,990539,1490666315
-6101251790179883260,990539,1490666311
3151243566585748645,990539,1490666325
-280220067134185996,990539,1490666318
-1174294334165918580,990539,1490666293
7719173529461574780,990539,1490666316
2063285086102962350,990539,1490666293
1683321624329927527,990539,1490666302
-6365585377818152774,990542,1490666299
8842792202811312729,990517,1490666312
-8609437424963176106,990517,1490666335
-4526597573117474455,990635,1490666292
26188762627644663,990635,1490666344
8510056574238168828,990427,1490666343
-6225825058098404083,990294,1490666346
2053078077063094795,985017,1490666303
-8890379375512649919,990391,1490666340
-1647472506947371062,990391,1490666299
5470936356439394060,990110,1490666343
-933003077873830422,989429,1490666347
-943812227300632141,990460,1490666346
1435501915225132655,990460,1490666323
-1647472506947371062,990384,1490666310
7808812240083193016,990089,1490666306
7259102744969305442,990089,1490666305
6791723458025208285,990473,1490666341
-1664242908500448067,990532,1490666328
8562045081256024011,990372,1490666335
-7537015873856081489,989035,1490666296
993859607701476979,990564,1490666336
-1092241606210545003,989633,1490666292
1828445743104536693,990376,1490666291
273051677866632885,990376,1490666326
-7537015873856081489,990376,1490666313
-1203977562618214690,990376,1490666335
-7752592416095158777,990599,1490666345
9171129118182370743,989069,1490666344
8344516485581299041,990611,1490666343
-4288242106858833381,990411,1490666345
-551998664748922021,990454,1490666344
6247789471695074563,920098,1490666291
6703649964082647412,990639,1490666330
6175227330729255061,990639,1490666349
-1262391358475714386,990639,1490666293
7609189435662850613,982729,1490666335
1869884038855515830,990575,1490666322
-6225825058098404083,990321,1490666343
-4177536894631728792,990321,1490666296
2389917589275878583,990261,1490666303
723330521694361092,990464,1490666295
-551998664748922021,990464,1490666294
1435501915225132655,990464,1490666334
-943812227300632141,990464,1490666346
4427573693687265082,990572,1490666295
-5998652420567583924,990616,1490666320
-3028881217369545917,990616,1490666345
3470611764602269794,990616,1490666309
6087097493302024565,990616,1490666337
5496513496473579100,990250,1490666327
-8447265679746121079,988544,1490666337
4238325881118023049,914787,1490666297
273957769449750269,990274,1490666307
7657112810947144871,990274,1490666304
5317430837320837480,990471,1490666336
251894937474623253,989231,1490666315
-8888784115941177632,989231,1490666308
2722293892302677042,989231,1490666296
-2956761487548703473,989231,1490666310
6717587894346315101,989231,1490666310
3034823490350612819,990485,1490666292
-255565607823260634,990485,1490666296
-2159406986247445392,990485,1490666346
4877562044280158079,990399,1490666324
5661049769631508802,972031,1490666308
-2668167224711291165,990284,1490666346
-5489921696557857806,345027,1490666319
-551998664748922021,990459,1490666329
385263051432029955,990432,1490666336
8510056574238168828,990432,1490666344
6254792222223213124,990303,1490666300
7097696572331806964,990303,1490666331
-6225825058098404083,990303,1490666346
251894937474623253,959327,1490666315
8404875381401988381,959327,1490666343
-2356184318010880847,989836,1490666348
1239816780215720802,989836,1490666297
-8129461611449620453,990522,1490666322
8562045081256024011,990390,1490666318
-3852887621703223611,990224,1490666297
-8727915529109418914,990136,1490666340
-4186129620676165505,990295,1490666322
304771042863567765,990295,1490666322
-2668167224711291165,990295,1490666348
-5619591176995747192,402386,1490666313
-1902693239455348555,974441,1490666350
1959052709068538973,974441,1490666320
3155939097066711199,975304,1490666328
989184917601171242,989479,1490666341
-4508878347860852984,990185,1490666327
8776458520955937142,990185,1490666333
2455299487797670154,990630,1490666324
-280220067134185996,990630,1490666304
7259102744969305442,990088,1490666305
-5012616222444989778,990628,1490666306
-2103177587271275195,990628,1490666319
7650945613286462198,990445,1490666323
-8447265679746121079,988305,1490666337
1233371713727818842,988872,1490666321
-7014945920688239965,988872,1490666305
-8037835993110795219,990033,1490666334
-1119305630452254688,990033,1490666344
-3869396420665721134,990033,1490666334
-7786819340751930450,990598,1490666346
-1664242908500448067,990598,1490666319
-7752592416095158777,990598,1490666329
-7613267630315595227,990598,1490666299
-3448010030142912564,990598,1490666327
1771810265813423680,990512,1490666316
8562045081256024011,990375,1490666335
-4508878347860852984,989643,1490666342
6763275137482839111,989643,1490666312
-1898674733780614863,990619,1490666341
6254792222223213124,990286,1490666314
2698714222442207670,990286,1490666297
3206962954218455992,990582,1490666347
3000418130441310643,990320,1490666335
-565174212978487667,990320,1490666296
1234276542973241064,926746,1490666293
-2426873278298522128,990540,1490666321
-6365585377818152774,990540,1490666299
3973742387891619464,893809,1490666349
-2426873278298522128,990537,1490666338
8402698003481740973,990537,1490666294
-4274174233118293798,990537,1490666339
7722741781599359445,990186,1490666299
2313666943490831454,990186,1490666349
8118414632417964624,990186,1490666315
56820568159475503,990186,1490666332
9135711378670271925,990186,1490666319
8998209534522247885,990186,1490666313
8404875381401988381,990186,1490666329
-4035041968064248975,990535,1490666314
7611768778578732792,990535,1490666302
-2426873278298522128,990535,1490666338
-7169791684061546700,990205,1490666311
-564646831535288955,990425,1490666344
535886560339690371,990425,1490666342
-6101251790179883260,990425,1490666311
4603292198196328535,990607,1490666296
-6577494789166344045,988636,1490666322
7035570756271187460,987208,1490666295
-8727915529109418914,990138,1490666340
-5338030070768652260,956931,1490666319
-1047504871049816246,418299,1490666318
3782234390301745183,984628,1490666316
-6071271574762909851,990017,1490666308
4238325881118023049,915303,1490666297
-4427571030880302545,988517,1490666320
-9084716553260669072,988517,1490666309
3782234390301745183,987958,1490666339
4724975543501261086,989310,1490666327
6868057388694248959,989310,1490666323
9047642918895341010,989310,1490666325
-736126559625169819,933277,1490666304
4212884431052804331,990633,1490666317
-7674533677124048407,990633,1490666347
-1647472506947371062,990404,1490666292
-8177494893582135472,990404,1490666333
1044395082918247028,989184,1490666335
6608468334619018087,989184,1490666307
-7190782625960431800,989184,1490666345
3241765632274189609,989184,1490666308
488147196463541938,989184,1490666310
-3179626392566089034,989184,1490666299
-3198062631422212616,989184,1490666350
-2582532700065376433,989184,1490666342
-1847677180835257236,989184,1490666337
-1987142314813632964,989184,1490666347
-7073610621850448265,989184,1490666303
-830339707210417399,989184,1490666307
-8984333723454005735,989184,1490666348
-7234250287386764887,989184,1490666341
4786698696389415671,989184,1490666336
-2414849450000333809,989184,1490666331
3015270878346655884,989184,1490666304
-5116981061117630508,989184,1490666312
-5848417940913625379,989184,1490666314
4605092369675639803,989184,1490666345
5690384628574810246,989184,1490666344
5983248780545798359,990447,1490666302
1025020963776411103,990591,1490666307
-7290785446577953130,8655,1490666325
5688294782831213176,990298,1490666347
-843844343316629003,989546,1490666312
1922616921993166855,990244,1490666312
-105354305189174325,990519,1490666345
-551998664748922021,990461,1490666305
1435501915225132655,990461,1490666340
-1933878864058056836,988972,1490666333
-2746854367213539283,911365,1490666326
-2649405874763779761,16305,1490666311
-7169791684061546700,990213,1490666291
8769565765514296818,990541,1490666314
-5238948582058195708,990541,1490666310
-4427571030880302545,988306,1490666322
6868057388694248959,988680,1490666302
-5780420332871980036,990117,1490666339
134708259879216604,990254,1490666339
3818121058769883451,988138,1490666346
-6395968924655303669,990358,1490666320
-913945531186026852,987206,1490666343
989184917601171242,989463,1490666349
-843844343316629003,989799,1490666349
