3339435941885276558,989664,1490496058
-2770182759394014154,958924,1490496023
-8749560854181179772,989145,1490496021
-3276645032743097279,989878,1490496030
8868099279662406277,989910,1490496052
2366538477163005986,989910,1490496054
1926358488615310823,989910,1490496053
3976328051826830719,982798,1490496058
8818464790819042469,989907,1490496060
4359261841165906430,989562,1490496009
8937667234386504940,989562,1490496032
4803045852899308359,972370,1490496060
-5304540272378986075,989920,1490496034
-2008590395009212390,989832,1490496015
8479866821837218796,989832,1490496053
6104427633189025304,989832,1490496033
7951008580433723108,989832,1490496046
-7566612627239033257,989832,1490496049
6175208264897796957,989832,1490496013
-7026177704226880905,989832,1490496060
-3721765371522712873,989832,1490496043
6315246739518194686,989619,1490496054
-3641429428169373881,989619,1490496057
-676707657373873927,989390,1490496041
-2864133502838881837,989519,1490496044
-3440123896030243363,989106,1490496019
8505756686553239630,989951,1490496022
-470022708438194377,989951,1490496024
1376755403254991679,989951,1490496059
2831923822250433394,989931,1490496049
-8473553330180161716,989931,1490496014
181362051467833416,989931,1490496062
825027912698866432,989931,1490496046
-1458664272666568567,989551,1490496060
-1513820560647096052,989927,1490496027
4512809573143817267,989927,1490496035
7913949855015482669,989927,1490496059
-984101725878289763,989927,1490496025
2828793494716093155,989927,1490496013
1501531990869392544,989927,1490496011
494833798301959395,989927,1490496017
2831923822250433394,989927,1490496065
3872785186015306922,989927,1490496020
4009079624479157768,989927,1490496067
-67861329691757464,989927,1490496050
-8473553330180161716,989927,1490496014
-6173524824790040655,989772,1490496013
6706732869048126065,989772,1490496025
5189843170208980564,989772,1490496032
5693073034661686947,989772,1490496044
4659230261100062954,989772,1490496027
-6832022376516856271,989772,1490496048
-6482441785148151329,412546,1490496010
6880833583353836656,982958,1490496063
-3559906442648785833,984659,1490496029
-3565731183685462353,984659,1490496052
3373668689044153908,984659,1490496037
7879178266742851385,984659,1490496029
3849517621166020339,989831,1490496036
-6046054654755190773,989213,1490496013
-1082982827644319758,989213,1490496067
760795352427918634,989213,1490496020
3449852490964352250,989865,1490496049
6126203388066705663,989865,1490496066
6036472205319503680,988817,1490496028
-6195777016647256251,988972,1490496040
9189358834510111478,989890,1490496022
-1337165530409092828,989890,1490496016
7007183757508890473,989890,1490496023
-4277141295306361304,989890,1490496041
6029094491568726205,989890,1490496044
-6001574372674757893,989890,1490496016
5124859769278336726,989890,1490496068
4885176537567561349,989890,1490496029
2985394883205781044,989890,1490496024
4097994975567871066,989890,1490496030
4097994975567871066,989894,1490496030
5124859769278336726,989894,1490496068
-6641364924982942031,989894,1490496011
-1981467766569807080,989894,1490496013
1396935106568640755,989894,1490496061
-2149965418805328162,989894,1490496047
-6249086399981266296,989894,1490496063
1693222448507802516,989894,1490496044
-3455235983276948575,989794,1490496031
-954457693621964165,989794,1490496021
5252257786254090606,989794,1490496038
2709726232382020210,989794,1490496065
8553227251498882512,989794,1490496041
3322953006207960087,989794,1490496022
-5453000610223433289,989853,1490496054
5642073852005265748,989853,1490496029
127487026014528547,958826,1490496021
3749377591393619150,989904,1490496017
-2744249399063815731,989370,1490496021
2625932771200687801,986279,1490496015
3435858676910879723,986279,1490496020
-42250397683729732,989844,1490496027
2095603705504972964,989821,1490496060
77361869559860479,989821,1490496025
513457975686506477,989882,1490496062
-7514608436783132917,989882,1490496016
-6440483466965886723,987706,1490496032
7879178266742851385,987706,1490496029
-8999846090695866993,987706,1490496050
-3565731183685462353,987706,1490496046
-7514608436783132917,987706,1490496016
691915452017161557,987706,1490496036
3250764288048319032,987706,1490496032
-4599164149002341942,987706,1490496039
-4021048930051279877,987706,1490496034
-6171107240582060195,987706,1490496055
-8594340351599791953,987706,1490496023
6392403255289759620,987706,1490496023
4877761597097448473,989652,1490496066
7849146027231526901,989943,1490496027
-2062602215345730271,989943,1490496023
6312523213265053657,989943,1490496024
-4053202939206979505,989943,1490496025
2277035262056811344,989943,1490496058
-5809175268232539824,989866,1490496054
2661316974592422438,989866,1490496019
-318815456722930085,885495,1490496051
5163029480018327641,989912,1490496048
-7079512746386493296,989912,1490496054
-740223610855447414,989912,1490496051
2843114839622630524,989912,1490496029
-4289690157995488630,989912,1490496065
7970291979591759858,989912,1490496034
73196902013509457,989912,1490496040
2561925258255267428,989912,1490496026
-2199677643835088751,989912,1490496062
-2792648928568424108,989912,1490496061
-3485972853503726309,989947,1490496047
3413560171392362560,989947,1490496059
4179290178107299348,989420,1490496060
1007083605906523281,988316,1490496023
7923246235217322727,172808,1490496044
-6992214140329337621,172808,1490496039
-8150344784068560076,172808,1490496009
2495155202354519166,172808,1490496043
-1531496069751423368,989617,1490496041
-8733581648238596967,989617,1490496013
-7507254504075438325,989617,1490496052
-3678804462883781610,989618,1490496033
811624886891808102,989618,1490496023
-6094276340169850401,989618,1490496013
4210399527407234675,989382,1490496050
-5626692019769050466,989388,1490496059
-4289690157995488630,989724,1490496067
-5468462708273135070,989498,1490496028
4137639780400080663,989498,1490496018
30277998630871067,989899,1490496042
-6139253101920679424,989899,1490496034
-9009698867946578608,980358,1490496018
-2571776129082065479,989851,1490496049
4906368597500970696,957729,1490496034
-7050960958435087548,988982,1490496058
-165979880195576929,989693,1490496056
2385744313935089807,989936,1490496025
-8682212897848950945,989936,1490496026
513457975686506477,975858,1490496018
-254769505247114167,975858,1490496025
-1681022113289728097,975858,1490496044
-3505804331718246924,989053,1490496061
-5228596619111927597,345504,1490496032
1926358488615310823,989902,1490496053
2366538477163005986,989902,1490496036
7358604187248838225,989902,1490496025
3433046132581968393,989902,1490496052
-2905041472867794384,989902,1490496058
-616873848766162140,989902,1490496014
489846568670514714,989892,1490496014
7007183757508890473,989892,1490496033
6029094491568726205,989892,1490496053
9049680622909690969,989776,1490496067
8818464790819042469,989905,1490496060
5346231835950439174,989286,1490496041
2924593933434734147,989286,1490496055
195618601349647167,984618,1490496060
-1428801314091119259,989919,1490496062
-1783519770998477429,989919,1490496034
-7902224871837519299,989919,1490496033
-8999846090695866993,989919,1490496064
8518304546750424608,989919,1490496060
2124479090087703470,988047,1490496046
4515080638996385773,92731,1490496042
-3302962136841268319,987663,1490496014
-6487251049061915216,987663,1490496041
7228573714541799121,987663,1490496025
-1186060814205405008,988715,1490496049
-3505804331718246924,989046,1490496054
-676707657373873927,989814,1490496025
935382229338488571,985753,1490496025
4248987597634281638,989335,1490496056
5500676090634506889,876288,1490496059
-1783519770998477429,989903,1490496045
8988206323978694964,989903,1490496029
2435100273976244909,989903,1490496035
-1428801314091119259,989903,1490496062
-1458664272666568567,989713,1490496063
-2633877059735644635,989713,1490496017
-1220711827655280194,989713,1490496063
1976389443526483498,989713,1490496018
871263312086644248,989713,1490496066
9032444716281266458,989713,1490496026
7441280728283941727,989713,1490496047
1154682723137402412,989713,1490496053
513457975686506477,989884,1490496050
-254769505247114167,989884,1490496042
-4512543287765832784,953102,1490496045
2625932771200687801,989418,1490496059
-9009698867946578608,979325,1490496065
5466632678595739426,973221,1490496038
1770763529690389550,989836,1490496048
8200465101113387553,989836,1490496023
-4391523695728015130,989483,1490496016
2625932771200687801,989582,1490496028
8846931351487999306,989897,1490496054
-1981467766569807080,989897,1490496013
-6249086399981266296,989897,1490496063
-6641364924982942031,989897,1490496011
5124859769278336726,989897,1490496039
8973609299389292250,989897,1490496039
-488730840817802776,989897,1490496062
7970291979591759858,989915,1490496034
73196902013509457,989915,1490496040
-4555334401923028832,989915,1490496055
-2357197947983529725,989915,1490496054
-5304540272378986075,989915,1490496034
-1458664272666568567,989661,1490496058
-7949205637039359840,989752,1490496068
-828526441715971326,989889,1490496024
489846568670514714,989889,1490496041
1141740340372355411,989792,1490496030
1235468400664976809,989792,1490496047
1007083605906523281,988323,1490496023
3278699311838782041,989822,1490496054
2625932771200687801,989539,1490496059
-5897700235348665952,989448,1490496029
-1467302545268146219,988973,1490496046
9030858675527583415,988973,1490496022
-4780386237866118502,989806,1490496013
2109297933583553449,989601,1490496058
-676707657373873927,989811,1490496041
513457975686506477,989881,1490496062
-2458438602900251838,989881,1490496014
6055922436229280649,177883,1490496067
-3445984927762302283,988586,1490496048
-8266913096870422998,989667,1490496045
7175155230059475871,989667,1490496016
1729664201335230286,989938,1490496050
-8846276872119007256,989938,1490496065
8729538306756481091,989938,1490496023
-9131746723764007085,989938,1490496045
-8682212897848950945,989938,1490496025
2385744313935089807,989938,1490496012
-7080739669733465264,989938,1490496062
-6827278365111360267,989938,1490496041
2434860666046469523,989938,1490496059
5794147384254062476,989938,1490496013
6379328227326309565,989938,1490496046
-2919656419073949778,989938,1490496065
4739953072630220454,989938,1490496057
-36503811373455774,989938,1490496024
930526977850396272,989938,1490496057
-6374336532861062764,989938,1490496029
4054172367229732653,989898,1490496063
-488730840817802776,989898,1490496062
5124859769278336726,989898,1490496035
5278026917445812469,989898,1490496028
8973609299389292250,989898,1490496038
2157285311512518705,989898,1490496065
-5609733512561530768,989898,1490496028
4682046891332628344,989898,1490496042
-8012788608437583215,989898,1490496011
973771197208809695,989898,1490496063
765763030744155963,989898,1490496069
5694827477092421632,989867,1490496041
-1751072456714043021,989647,1490496063
-4342299744324978884,989647,1490496057
641491236901955951,927276,1490496052
-1616240353421741101,977346,1490496029
7847027041545907469,928155,1490496028
181362051467833416,989929,1490496062
825027912698866432,989929,1490496046
2831923822250433394,989929,1490496018
2253691388392681843,989929,1490496050
3605175950466386161,989929,1490496064
4009079624479157768,989924,1490496052
8518304546750424608,989924,1490496035
-984101725878289763,989924,1490496064
-4385517428069584767,989924,1490496025
7913949855015482669,989924,1490496059
-3940489352099824362,989924,1490496065
2831923822250433394,989924,1490496065
1505943736095582637,989924,1490496049
-1513820560647096052,989924,1490496027
-6374336532861062764,989924,1490496069
9049680622909690969,989779,1490496038
-8014248923394178834,989945,1490496036
2277035262056811344,989945,1490496037
4806079175662255301,989945,1490496015
-3485972853503726309,989945,1490496047
4437311244675828973,988357,1490496052
5151416240689902135,988357,1490496045
-8123316555777492097,988357,1490496047
6698617965200446693,988357,1490496063
7358604187248838225,989917,1490496025
-7079512746386493296,989917,1490496054
2843114839622630524,989917,1490496029
-740223610855447414,989917,1490496051
1538109353628993091,988455,1490496063
-5994159919546691148,989900,1490496043
935382229338488571,983794,1490496018
-1220711827655280194,989758,1490496063
8099015376202783137,984943,1490496048
2366538477163005986,989909,1490496054
-4780386237866118502,989808,1490496013
-8286417393670872775,989808,1490496032
1347398951485051354,989808,1490496039
-2201046748198826021,989808,1490496059
-560968643441750579,989336,1490496025
-2357197947983529725,989921,1490496054
1592642007519268869,989921,1490496016
-8655088086452918030,989921,1490496016
7474987820395459691,989921,1490496035
-6520305408672676329,989921,1490496015
5484664196883184823,989921,1490496040
5639914794817927332,989921,1490496064
-5249419887139718812,989921,1490496013
-7079014021974606316,989921,1490496030
-9009216888814160426,989921,1490496037
-3424298076337048016,989942,1490496024
-2461052177848231511,989942,1490496065
7849146027231526901,989942,1490496047
6312523213265053657,989942,1490496037
1006097543481395512,989942,1490496068
-4053202939206979505,989942,1490496033
-2062602215345730271,989942,1490496032
2924593933434734147,989430,1490496033
-6221847899019137386,989430,1490496033
6398052067083878124,989430,1490496040
7050016088705568373,989430,1490496063
1336523973646263213,989430,1490496034
4311401505475036095,989430,1490496018
8220916210620219519,989430,1490496049
2925959816897248016,989430,1490496029
6379328227326309565,989430,1490496018
-2556356475422613631,989430,1490496049
-6765190981541337205,989430,1490496051
-3222242113427667477,989430,1490496042
-6176952965839457463,989430,1490496043
-615859417874135005,989546,1490496011
-4342299744324978884,989546,1490496065
-1355315185333769844,989546,1490496028
2495155202354519166,989949,1490496031
-560968643441750579,989372,1490496016
-154520426107085843,976665,1490496020
-3440123896030243363,989108,1490496059
489846568670514714,989888,1490496041
-6637687480029670075,989888,1490496017
6029094491568726205,989888,1490496061
7007183757508890473,989888,1490496033
-8682212897848950945,989937,1490496017
-2919656419073949778,989937,1490496065
-3424298076337048016,989937,1490496054
-2062602215345730271,989937,1490496053
-3398959419216306943,989937,1490496016
7849146027231526901,989937,1490496063
-1795294159289042524,989937,1490496065
8818464790819042469,989823,1490496047
-5855536465306204211,989823,1490496022
7139602182249163911,989823,1490496026
-6330426047715198271,989823,1490496011
-2190350242422569144,989823,1490496062
-3669438264413325266,989823,1490496009
2750029269135469799,989823,1490496039
-5575306034267787846,989823,1490496031
-4385517428069584767,989823,1490496025
2996226691978333567,989823,1490496055
8238900691103703623,989823,1490496042
2709726232382020210,989774,1490496023
-2575757843464905465,989774,1490496055
-6197957612474920706,989774,1490496027
1570860460233179466,989774,1490496061
-6001574372674757893,989879,1490496025
6182317834644122263,989879,1490496068
-5363953017923609532,989879,1490496041
1538109353628993091,988470,1490496060
-1751072456714043021,989610,1490496063
2095603705504972964,989805,1490496060
-1218289017205631363,895776,1490496018
-1795294159289042524,989939,1490496045
-2919656419073949778,989939,1490496013
-3424298076337048016,989939,1490496041
7849146027231526901,989939,1490496055
-2062602215345730271,989939,1490496038
6312523213265053657,989939,1490496037
-4053202939206979505,989939,1490496033
-2461052177848231511,989939,1490496065
-5359451609248541132,989914,1490496049
-6820652714128887044,989824,1490496062
431777325408010114,989824,1490496049
-4683366904940320474,989824,1490496031
1347398951485051354,989824,1490496009
2987290991665759425,989824,1490496064
4779720276776650341,989824,1490496064
-6311568588455688823,989824,1490496019
-3874858759200095104,989824,1490496043
1817157958861173431,989824,1490496016
1278787928314489908,989824,1490496010
-6173524824790040655,989824,1490496060
-752181303185986863,989824,1490496049
-6956356921123830335,957061,1490496055
-4319856251078467282,988823,1490496049
8146193064462856351,988823,1490496065
6532881838165086158,988823,1490496051
-9044746506911818720,988823,1490496063
9008561654009165118,988823,1490496023
-8749560854181179772,988823,1490496013
3605175950466386161,989930,1490496064
825027912698866432,989930,1490496016
2253691388392681843,989930,1490496050
-1458664272666568567,989795,1490496065
890062506544153142,943839,1490496035
-6498197514495791738,989766,1490496056
-750272702217014175,145343,1490496056
-984101725878289763,989923,1490496064
8200465101113387553,989841,1490496023
825272606064705386,989934,1490496062
2253691388392681843,989934,1490496029
-4973972949770081159,989934,1490496064
4478915342361936273,989934,1490496013
-4910070292951861639,989934,1490496069
2385744313935089807,989934,1490496025
3653273816175662148,989948,1490496038
-3515743048066660522,989948,1490496048
-3237924239924366310,989948,1490496055
-6639840633174196216,989948,1490496056
-7248814902734604368,989948,1490496034
1465034964597139843,989948,1490496050
2115165546066976139,989948,1490496028
3900304071854599468,989948,1490496041
-5660043127267348571,989948,1490496034
-3390716235691880088,60118,1490496026
6090076303978702681,988542,1490496032
-2940204742624002093,988542,1490496066
470055401859792972,988542,1490496047
-2898408175710360762,988542,1490496014
-6767981455157540667,988542,1490496055
-8846276872119007256,988542,1490496028
-2201046748198826021,988542,1490496065
-2770182759394014154,988542,1490496035
-4319856251078467282,988542,1490496057
-3985522686667079703,988542,1490496015
-1934741205745266210,988542,1490496060
-3387409318227856359,988542,1490496043
1645194939662715890,988542,1490496018
5026213309264552422,988542,1490496065
2610310622888030762,988542,1490496050
7941690987190727863,988542,1490496031
-4588353895171927409,988542,1490496058
-3445984927762302283,988537,1490496048
-1727840455155868952,985734,1490496015
-165979880195576929,989793,1490496030
-4797385504984773640,989677,1490496044
-4110656964784160862,989677,1490496012
127487026014528547,982365,1490496021
-2864133502838881837,989588,1490496044
-7560216116066423094,989588,1490496022
5381588668483126804,989588,1490496028
1293732522053171892,988699,1490496030
3605175950466386161,989935,1490496010
2253691388392681843,989935,1490496033
8419906280820894775,989935,1490496025
2595717574175148941,987933,1490496050
3673831556763104383,987933,1490496067
5340615362615664305,980976,1490496018
4515080638996385773,92691,1490496042
1007083605906523281,988329,1490496020
4179290178107299348,989362,1490496056
513457975686506477,989885,1490496044
-254769505247114167,989885,1490496038
-4053202939206979505,989941,1490496015
2277035262056811344,989941,1490496058
6312523213265053657,989941,1490496013
-170401052626194629,989941,1490496055
-7067154512159203220,989338,1490496033
8146193064462856351,989338,1490496055
7250501773719969014,989338,1490496063
1293732522053171892,989338,1490496048
9049680622909690969,989777,1490496067
513457975686506477,989883,1490496057
-254769505247114167,989883,1490496045
-7994921732520830870,989838,1490496015
-4683366904940320474,989838,1490496066
2595717574175148941,987853,1490496050
-6080912806439941357,945201,1490496026
-1025800186674943883,989443,1490496048
4795126817546391773,342735,1490496037
-5809175268232539824,989864,1490496054
3474326324674892388,934965,1490496013
-4110656964784160862,989787,1490496012
-3648685321763077433,989787,1490496059
431777325408010114,989787,1490496050
3704616671664911361,989787,1490496066
766962321048452901,989787,1490496052
5252257786254090606,989787,1490496038
-254769505247114167,989887,1490496015
-828526441715971326,989887,1490496050
3605175950466386161,989932,1490496016
2253691388392681843,989932,1490496039
-165979880195576929,989820,1490496042
962899200370925467,988983,1490496053
4248987597634281638,989387,1490496056
-5492905032120374124,989799,1490496013
3819859367238125071,989799,1490496047
-4897595581527033116,989799,1490496024
4684017768975626377,989799,1490496029
-8806929051203272397,989799,1490496040
-7800730010230664142,987894,1490496009
9049680622909690969,989778,1490496013
4521201611355635987,988469,1490496037
-8409361054372694471,902397,1490496010
-165979880195576929,989828,1490496025
6706732869048126065,989740,1490496031
-6173524824790040655,989740,1490496021
935382229338488571,984782,1490496025
-154520426107085843,978933,1490496050
2213069067548174138,902684,1490496032
1683693953826794156,953994,1490496040
-8733581648238596967,989648,1490496013
-1531496069751423368,989648,1490496041
-7507254504075438325,989648,1490496052
-954457693621964165,989648,1490496021
-4797385504984773640,989648,1490496044
2709726232382020210,989648,1490496065
3313091696348124046,989813,1490496037
-1251874199759331437,989813,1490496017
-4079433903331034199,989813,1490496042
-6197957612474920706,989813,1490496027
2747057651124154302,989813,1490496028
-8465057598287087039,989813,1490496031
1347398951485051354,989813,1490496030
7483260859219809109,989813,1490496032
-5468667583431178472,989170,1490496018
-1947378142377573435,982188,1490496068
2261952208119125271,989137,1490496024
-3387409318227856359,989940,1490496021
-1795294159289042524,989940,1490496065
-2919656419073949778,989940,1490496031
-6391954475439588984,989940,1490496014
5424296613696267544,989940,1490496017
-3398959419216306943,989940,1490496010
7849146027231526901,989940,1490496063
-3424298076337048016,989940,1490496045
-2062602215345730271,989940,1490496042
2717909772417990045,989940,1490496031
-5664249721388136484,989940,1490496029
-3263103592861535136,989940,1490496057
4806079175662255301,989940,1490496036
8840219226220696967,988821,1490496035
-828526441715971326,989886,1490496050
-254769505247114167,989886,1490496010
2213069067548174138,989886,1490496014
-6487251049061915216,989575,1490496035
-552403788206184892,989575,1490496021
8233391066078855097,988974,1490496042
-6195777016647256251,988974,1490496040
-1467302545268146219,988974,1490496056
-7949205637039359840,989750,1490496068
3749377591393619150,989893,1490496036
-4962318099702777964,987891,1490496056
4437311244675828973,987891,1490496053
-127521068059845849,965330,1490496013
-3440123896030243363,989107,1490496059
4877761597097448473,989654,1490496066
-2201046748198826021,989720,1490496054
-2818825080279734671,989021,1490496059
-3440123896030243363,989117,1490496032
3250764288048319032,989557,1490496032
-9009698867946578608,979985,1490496065
-3505804331718246924,989056,1490496061
-165979880195576929,989804,1490496037
-3276645032743097279,989874,1490496031
4268290633729460597,407691,1490496034
-4594787451889804245,989950,1490496050
576663694696961973,989950,1490496024
-470022708438194377,989950,1490496023
6875932457948618350,989950,1490496034
-7839507687060881654,989950,1490496052
-1032779334266463663,989950,1490496044
-1401037981570304009,989950,1490496056
2089672870457474156,989950,1490496015
-7984749196119959530,989950,1490496026
-2116657914958251940,989950,1490496054
2088146424438645276,989950,1490496023
-2818825080279734671,988998,1490496059
9049680622909690969,989783,1490496024
