5474919891367003385,992261,1490994966
-3142257924172786777,992261,1490994956
2561016718124765951,992261,1490994922
-5352088335491177148,992261,1490994949
256130273151096602,992261,1490994954
2458728127493480166,992261,1490994972
-7703281802665621794,992261,1490994938
7962654301232712758,992261,1490994964
2572238403667784398,992261,1490994963
5846105900519364184,992261,1490994956
3027412340116967824,992261,1490994945
3947921122216134651,992261,1490994971
-4150963924623473867,992261,1490994969
-6039155857356273836,992261,1490994952
5234069766521963519,992261,1490994965
7843219511078669517,977400,1490994932
3487437639765148400,992119,1490994956
-503562980078434588,991347,1490994930
3089133987333323302,991373,1490994938
3556566106960464410,902791,1490994919
1813383691056278691,992474,1490994961
8249193381872229619,992474,1490994962
4663175872938745372,989700,1490994939
-5770984114929702546,992538,1490994946
8465145081278725349,991248,1490994959
-4377461434057851684,976801,1490994947
-4188504322891641820,991997,1490994938
2068569784163644213,991997,1490994954
830613407986059336,991997,1490994941
4705257130418219106,992255,1490994939
-7446489172762622016,992255,1490994936
256130273151096602,992255,1490994955
-5352088335491177148,992255,1490994966
5272302910504521384,992255,1490994918
2458728127493480166,992255,1490994972
5474919891367003385,992255,1490994966
-3142257924172786777,992255,1490994956
4025253832414274895,992179,1490994919
4442391849866283503,144382,1490994969
3253521496137585137,991905,1490994936
-186606607361552752,992500,1490994955
5402762403135644308,992500,1490994923
-1266391903621397514,992500,1490994926
558807539739720595,992500,1490994962
-6169564120490827443,992500,1490994946
1957901984174385220,992500,1490994936
5373026990538805075,992500,1490994958
-5183412825833442025,992500,1490994971
4568063542685227803,992500,1490994968
-5628212226467896621,992500,1490994970
8418117407309009390,992500,1490994924
-5648820303101645942,947653,1490994964
-6201251284743980851,338174,1490994971
-6070095980690808241,991444,1490994940
2893487110009749266,985000,1490994913
-6141260037421680602,992080,1490994955
-3664326587983746079,992080,1490994963
-2574004254172798204,992080,1490994955
5886859614407661357,992080,1490994969
2432971657690115755,992080,1490994964
-3370985684394302405,992125,1490994944
4817090028407818124,992492,1490994971
1849639972683709864,992492,1490994950
-7170633199275219812,992492,1490994930
-8662777328200072527,992492,1490994955
4275788376419697599,992492,1490994920
5402762403135644308,992492,1490994952
7861807192488415961,992492,1490994933
5273701584978183252,992492,1490994934
-3871256789715519625,992492,1490994953
-1266391903621397514,992492,1490994943
5373026990538805075,992492,1490994965
1957901984174385220,992492,1490994940
-6169564120490827443,992492,1490994947
7363504648712949760,992492,1490994970
-186606607361552752,992492,1490994955
-7697861431910764182,992492,1490994945
558807539739720595,992492,1490994962
-1461217906889127577,992492,1490994930
-3897371571779944605,992492,1490994971
-3900845255581307225,992492,1490994925
4999227475050819324,992383,1490994950
-7811580240083317469,992383,1490994945
-7291525373427389188,992383,1490994931
-5656667464502305206,984495,1490994918
-1767354955230462352,991844,1490994942
3759762257686899699,991844,1490994970
-8093596048059876092,991844,1490994948
1644565097670526640,992303,1490994921
5889849653521484414,992303,1490994937
6862755101411121155,992303,1490994927
6725852171582198700,992303,1490994958
-5197165624787190192,992303,1490994958
1505347066512095661,992212,1490994936
-1243581635808494364,990301,1490994918
-949794477403773270,990301,1490994930
7781092861036659081,990301,1490994934
4751881536088172302,992456,1490994936
-5410038679929351230,992456,1490994944
7083595573687568855,898958,1490994948
-5897628074732389211,991882,1490994936
-1016507714247259901,990680,1490994946
-8743445232035122457,992010,1490994939
1505347066512095661,992010,1490994943
7791824355699409616,992010,1490994929
1309641307222011943,992224,1490994966
-867002492072931599,992224,1490994920
8956324618927019326,992058,1490994939
2144449315400218925,991648,1490994951
5889849653521484414,992332,1490994918
5351225633790158612,984462,1490994936
-3437354426372695907,881414,1490994913
3089133987333323302,991365,1490994947
7254641266716611239,992286,1490994949
-4369156769465304882,955614,1490994957
2774415846607677460,992555,1490994973
1330054867625074393,992555,1490994942
-2186371776695151348,992555,1490994945
-5126573826709233468,992555,1490994959
-8399593746947666321,992555,1490994939
6686155314144060070,992555,1490994927
-1229835633353540267,992555,1490994963
8852745084171089426,992555,1490994970
-5237396528266449860,992555,1490994938
1259387642492308853,992555,1490994961
4535087054313802673,992555,1490994953
519886695788153137,992555,1490994955
6270717524711910045,992555,1490994972
5783704391280778917,992532,1490994945
163209824512583666,992532,1490994950
1956220037549943535,992532,1490994937
2252598293716477883,992532,1490994952
-912343667392668368,992532,1490994967
7363504648712949760,992532,1490994956
-7754691151757008678,992532,1490994967
8356536395156059563,992532,1490994925
5888306936971542817,992532,1490994954
3167185658171729892,992532,1490994963
-6970287798376787642,992532,1490994953
4973210297615886264,992532,1490994939
-3852943976622534181,992532,1490994943
-8210026214337139537,992532,1490994937
-8616021580833205225,992532,1490994922
8060466671093503732,992532,1490994947
-7056251976936588628,992532,1490994957
-3335754413781280423,992532,1490994942
-4176640774567467271,992532,1490994950
6717741906510585221,992532,1490994929
-5188115065184165711,992532,1490994966
-2907428216905463337,992298,1490994959
-8614960427036041088,992298,1490994973
-3549137030179244117,992298,1490994957
-456974404074718499,992298,1490994971
-2792469785121280404,992298,1490994933
-6034827005764662655,992298,1490994965
-1103272723502093808,992298,1490994964
3340906083279724941,991907,1490994941
-972862324943499224,992071,1490994973
2880271258121772755,984703,1490994950
-5670157721111553632,984703,1490994928
-3790999885332160185,984703,1490994921
286645996308054012,992214,1490994971
-4377461434057851684,977532,1490994947
7054023709931408534,343729,1490994971
8098171709900221396,992296,1490994954
-2514331087499075521,992031,1490994956
-5352088335491177148,992031,1490994966
-7663203212509727731,992031,1490994939
4705257130418219106,992031,1490994939
256130273151096602,992031,1490994914
5272302910504521384,992031,1490994918
-7446489172762622016,992031,1490994936
-6366523598575342647,992163,1490994922
-3032149087843378462,992163,1490994920
4025253832414274895,992163,1490994926
-4231091734773304890,992163,1490994958
6725852171582198700,992330,1490994958
-5197165624787190192,992330,1490994958
5889849653521484414,992330,1490994927
6862755101411121155,992330,1490994924
-4201494970900309020,992330,1490994948
2700840633747596533,992330,1490994951
-8721930914420502547,992330,1490994938
4818640865637373468,992330,1490994964
-124234338704501597,992330,1490994926
2751129889875254615,992330,1490994954
-4808534914245525057,992330,1490994964
-7460102945023878612,992330,1490994965
-8804179492975731466,992330,1490994969
3220820751855077968,992040,1490994929
1309641307222011943,992347,1490994948
-270887179874112248,992347,1490994961
-8213253628096880446,992347,1490994928
5793775734473193411,992347,1490994972
4461356636162647803,992347,1490994969
-874475398542177552,992196,1490994972
-3988301581049988181,991701,1490994930
-1588730181227586434,991701,1490994914
1941098150513098311,992228,1490994928
-3215470963875114345,992228,1490994921
-3092986196637712680,992228,1490994935
-1203730827472556912,992228,1490994931
8855329633052331901,992228,1490994954
5889849653521484414,992228,1490994954
9176231391607266961,992423,1490994935
2841827178394064007,992423,1490994973
5563981131952402663,992423,1490994940
1151786975835254177,992423,1490994963
-7436158746990004216,992423,1490994971
-2153772381700699892,341724,1490994938
-8367016337506450444,992102,1490994925
-809590663838079992,864364,1490994971
4815979222233439657,989872,1490994960
3779876866171634634,72028,1490994965
8956324618927019326,992055,1490994959
1202699875987680428,992329,1490994923
9021018197590754990,992256,1490994932
-819315606012413003,992367,1490994966
5793775734473193411,992367,1490994936
4352058934160523453,992410,1490994943
4751881536088172302,992410,1490994957
-5410038679929351230,992410,1490994972
-8745061555363456237,905397,1490994956
1723274721449009348,992549,1490994963
-3442204100848244533,992549,1490994965
4979477991345834010,992549,1490994949
6686155314144060070,992549,1490994959
765412752651429177,990913,1490994940
-9098272081516569832,990913,1490994974
-2262141525582091227,911263,1490994963
5091287295535263313,992093,1490994932
-5610860531101116128,991659,1490994943
3628808386502299852,991659,1490994916
-984088218579536858,992181,1490994957
-1689402965308092912,992556,1490994951
-2284821391062588770,992267,1490994961
17098203150334402,992534,1490994948
1996926963557503494,992534,1490994956
4973210297615886264,992534,1490994938
3005851826497323461,992534,1490994921
-477480450182062304,992534,1490994951
-7571201036068096709,992534,1490994955
6272514355176875287,992534,1490994958
-6747735306423735443,992534,1490994946
-8787038434330963181,992534,1490994923
8060466671093503732,992534,1490994947
-4430252530208614864,992534,1490994935
9161640859579394206,992534,1490994918
8525058559270574129,992534,1490994958
-4728268216227766950,992534,1490994927
-1576822123749886957,992534,1490994921
-3742013114947283290,992534,1490994963
-270887179874112248,992376,1490994951
-1620602941724862260,992376,1490994941
5793775734473193411,992376,1490994972
-819315606012413003,992376,1490994969
-8764374976969434758,953474,1490994926
6485035132123300353,343772,1490994972
5373026990538805075,992496,1490994933
4515777014419237493,992496,1490994933
-1296377968994839756,992496,1490994952
-7562531421045302889,992496,1490994923
3564263577801614452,992496,1490994933
-3436188729657965016,992496,1490994968
8119228672729887089,992496,1490994919
-5273006465983094518,992496,1490994969
-6328505201021703627,992496,1490994924
2256589062391638408,992496,1490994949
-4054846454672783604,992496,1490994947
-5263833593912015330,992496,1490994918
-6221006987079290614,992496,1490994939
-4229630295670008000,990971,1490994956
-6874391059126496978,991955,1490994974
5198462497516546547,991955,1490994970
-8933167574166597203,991955,1490994931
8634493811574276855,991955,1490994955
5155800171133628439,991955,1490994935
308214489492344473,991955,1490994944
2432971657690115755,992084,1490994956
-5058788409497606293,992110,1490994952
742951761246590939,991826,1490994938
9100362938290365891,991794,1490994969
4387096647987775888,991835,1490994948
8838491114591307485,991835,1490994960
-8016204838152823246,991835,1490994932
-6669649812741400393,991835,1490994958
5561220233015115383,988179,1490994944
1124402785710571622,992487,1490994942
-5292484921870057017,992487,1490994953
58201214635437955,992487,1490994947
-8198360651716229871,992487,1490994930
5245731597448940040,992487,1490994928
-6471188576000364025,992487,1490994958
-1272054507838385907,992188,1490994952
-7598872421986715545,992188,1490994943
-2989147326908014404,992188,1490994960
7166161358536104500,992188,1490994941
1459173774385265169,992188,1490994959
3009781612738512644,913368,1490994966
-3607476389688643437,916144,1490994962
-1662436170076673582,992430,1490994931
-746173759459672463,992430,1490994950
5043014083258978119,992430,1490994935
733469430650188726,992430,1490994924
940208681540478419,991264,1490994920
7172456704691598030,992074,1490994941
1005191832858971973,992370,1490994938
7305302236148265660,992370,1490994937
-2418477844138342,992370,1490994935
-1461217906889127577,992370,1490994947
5036632848105411437,992370,1490994959
3817189648419750489,992370,1490994974
-9160134370735004724,992025,1490994972
-7070643892095759715,992503,1490994957
-1577799154003708892,992503,1490994954
3885635461509272788,992503,1490994946
-1342841966283861452,992503,1490994921
5049253314777138667,992503,1490994940
-1937039439732990019,992503,1490994933
-6504262384041808201,992503,1490994973
7040118837836190075,992503,1490994950
-8160146405612274461,992503,1490994964
164272592200710699,992503,1490994930
4012469827879525831,992503,1490994948
-7436158746990004216,992458,1490994954
2841827178394064007,992458,1490994961
1579877357428386285,992458,1490994920
944208683956639835,992458,1490994953
7216170385676747206,992458,1490994972
-2416803972514158222,992274,1490994943
7861807192488415961,992274,1490994960
8855329633052331901,992265,1490994936
1306354622106025172,992265,1490994939
6862755101411121155,992265,1490994949
5889849653521484414,992265,1490994945
7237595751583438420,992265,1490994925
1644565097670526640,992265,1490994921
-5670157721111553632,991969,1490994960
7798700324280515387,991969,1490994955
-506315052726001030,991969,1490994944
-4051834201533144722,988829,1490994939
3220820751855077968,992049,1490994922
-3370985684394302405,992127,1490994974
-6894894427243979299,992467,1490994959
-566997606107284635,992467,1490994961
-6805902932148497661,992467,1490994955
-1850201403666232686,992467,1490994956
-2110127700121594777,992467,1490994931
8964521350543477114,992467,1490994957
4637356043159614254,992467,1490994956
-936875840790572815,992147,1490994939
-8983910125843921944,992147,1490994919
-4751080769782522747,343667,1490994924
7101710890584815489,992123,1490994915
7307142339288348085,992123,1490994947
-6180671587445919851,992257,1490994953
1364154755959363094,992257,1490994956
-6000780404591811459,992257,1490994961
6687787354878070965,992257,1490994973
-205089267075724572,992475,1490994967
6672642202400900576,992475,1490994957
-6115868329004350742,992475,1490994964
-5410038679929351230,992475,1490994939
-2581879935997091393,992475,1490994938
5183040897151201536,992475,1490994939
-7625617874039523493,992529,1490994953
-5005628459716957230,992529,1490994930
-4794899087052429316,992529,1490994930
3220820751855077968,992047,1490994918
-710470671251499034,992047,1490994937
9141701382165492338,992047,1490994915
-5864285155231525342,991656,1490994941
7428164219612625072,988454,1490994967
-7998569948045282405,988454,1490994955
4739752088333044678,988454,1490994920
6401934976600614387,992144,1490994926
1887048857132945563,992144,1490994948
2202321352594960946,991216,1490994917
2561089126557303568,991216,1490994947
-4956106131775655103,873786,1490994937
4663175872938745372,989720,1490994942
7101710890584815489,992099,1490994915
6802853811616901558,992099,1490994964
-5228843602033214113,992099,1490994962
-3579566261785054064,992099,1490994943
-5907968960803577035,992099,1490994955
-2104771454669244266,992099,1490994956
1512206323055019200,992099,1490994921
-3370985684394302405,992099,1490994974
2746584678857729096,925942,1490994958
7292594656509151352,932141,1490994928
3254974471354842295,974441,1490994966
-1147603634135061445,974441,1490994933
-746173759459672463,992415,1490994968
-8595158293040885749,992460,1490994946
-7017551200966703182,992460,1490994938
6851158998025485640,992460,1490994927
-5638804432779310807,992460,1490994972
-2590143981795911620,992460,1490994937
641959998744252081,992460,1490994953
-69444294632355596,420219,1490994953
5343658174343166404,344392,1490994972
796343726230453896,992498,1490994970
-3738004325879433284,992498,1490994927
-9098272081516569832,988528,1490994948
4840988411829665810,992165,1490994937
-7250123403846788782,992165,1490994927
5155800171133628439,992165,1490994935
-7970049513424473019,992165,1490994957
4100736881003488357,992165,1490994941
9108076436571767609,992165,1490994967
4705715893378940168,992165,1490994963
-1984204166478154342,992165,1490994930
2746584678857729096,925501,1490994967
-506105930946987233,992466,1490994943
1477667066766792280,992466,1490994952
398952711943727089,992466,1490994934
1005191832858971973,992466,1490994956
-5638804432779310807,992466,1490994918
-456974404074718499,992185,1490994938
-1850201403666232686,992185,1490994972
7150885647358871386,992185,1490994948
-1929013025615671214,992398,1490994960
-7581799186072240852,992398,1490994914
-278637456713535823,992398,1490994921
5353172764837421490,992398,1490994969
-3542641074367392049,992398,1490994962
5639897667590258601,992398,1490994940
-1069946184116782654,992398,1490994958
-3242403698900995727,992398,1490994964
6687787354878070965,992293,1490994954
-6000780404591811459,992293,1490994932
3530803031417094970,992293,1490994940
-8851170178022900844,992520,1490994938
-6328505201021703627,992520,1490994922
-9127739930201515581,992520,1490994956
-622955275140404779,992520,1490994966
2530325125037512596,992520,1490994957
-2792951248328941802,992520,1490994969
-5273006465983094518,992520,1490994969
-5606491804281562462,992520,1490994950
-4128043923617688710,992520,1490994968
2256589062391638408,992520,1490994949
-5005628459716957230,992520,1490994958
-756646974405742793,992520,1490994963
-1081397839754272305,992520,1490994944
-7260791786133515959,992520,1490994919
-8541215341675258411,992520,1490994972
-6106742308325784857,992520,1490994946
-8615133516988655210,992520,1490994922
8318242600641816824,992520,1490994922
-3316716476909312659,992520,1490994971
5807730847109291142,992520,1490994972
4553445948857940769,992357,1490994953
-4880106977993703056,992357,1490994948
7615998805989765509,992357,1490994936
-7815934330307057727,992357,1490994958
-1982537427954611654,992365,1490994926
7054023709931408534,343721,1490994965
2999532665309549999,989410,1490994942
-4229630295670008000,990972,1490994918
-5341509859578790997,986781,1490994958
832751680026566945,992356,1490994971
5091287295535263313,992100,1490994948
-1958339733297950579,990102,1490994973
1505347066512095661,991722,1490994948
3530803031417094970,992301,1490994940
6691137923017607356,992301,1490994956
-6000780404591811459,992301,1490994918
6687787354878070965,992301,1490994927
-4763987037267589356,992301,1490994923
-1559313029707464404,992301,1490994918
-1437031443121236828,992301,1490994955
-3927701185106879291,420237,1490994945
1833667122514635153,992434,1490994917
-6803088441507989356,992434,1490994970
-2684838427858736747,992434,1490994958
-1243581635808494364,982010,1490994921
-566997606107284635,992240,1490994965
-8367016337506450444,992107,1490994917
-7183157434318480816,992107,1490994958
7809483238938376287,991867,1490994966
-522745284119740308,986789,1490994943
7069554880473441540,986789,1490994922
6349344087650779878,986789,1490994958
-4944558678428285906,986789,1490994944
-2611667842591758647,309300,1490994939
2746584678857729096,925872,1490994962
4754102498966557042,991971,1490994948
1202699875987680428,992350,1490994938
8465145081278725349,991269,1490994924
-2342044931278281817,992346,1490994968
-7445020309810203862,992346,1490994950
-4408568152293797412,990954,1490994937
-8253856435924969185,990809,1490994945
-3425409180980384817,990809,1490994920
3401308571338934801,991496,1490994971
-3884957303649489235,992325,1490994944
425967300509592763,992325,1490994924
-8721930914420502547,992325,1490994938
-7460102945023878612,992325,1490994965
2700840633747596533,992325,1490994951
4992650118316076155,992325,1490994917
-1229835633353540267,992325,1490994926
4818640865637373468,992325,1490994964
6862755101411121155,992325,1490994923
3202954253945597534,992325,1490994947
-124234338704501597,992325,1490994926
2751129889875254615,992325,1490994954
-5197165624787190192,992325,1490994935
8644978345705088830,992325,1490994919
-5478660629837809622,992325,1490994947
-8804179492975731466,992325,1490994969
6703433079211893234,992325,1490994965
5702674315745080120,992325,1490994966
-2257668452875230988,992325,1490994968
6725852171582198700,992325,1490994932
-4201494970900309020,992325,1490994948
3734330998919407363,992325,1490994915
-4808534914245525057,992325,1490994964
-2689996223651539444,992325,1490994963
4735453103789516399,992325,1490994931
-1725225860623221726,992325,1490994962
5889849653521484414,992325,1490994923
-3975499268595124044,992325,1490994971
-615523089758610250,992325,1490994919
7729504855789660756,992325,1490994960
-7418917435679185867,992325,1490994954
4433085862368803969,992325,1490994959
-740397550566802288,992325,1490994963
272020432343774702,992325,1490994971
8480205611925141181,992325,1490994952
206810173064733828,992325,1490994968
2190965326015774005,992325,1490994959
6388192034935514196,992325,1490994915
4099074100865342121,992325,1490994922
6249243935769744002,992325,1490994969
-2019974770294715265,992325,1490994971
4366769012925375558,992325,1490994916
4073434168273239981,992325,1490994952
5867176522325632090,992325,1490994922
6478396086398027175,992325,1490994954
-7999158524064689029,992325,1490994973
3616234229310532752,992325,1490994934
-5265923417258927435,992325,1490994973
-132949187563658511,992325,1490994959
830439637061292906,992413,1490994963
-1168066820639593232,992339,1490994920
3220820751855077968,991980,1490994963
-6366523598575342647,992141,1490994971
-1574547824269975015,992468,1490994943
1005191832858971973,992468,1490994945
398952711943727089,992468,1490994918
-5638804432779310807,992468,1490994915
-7581799186072240852,992468,1490994915
3340906083279724941,991917,1490994919
8756910563634077517,991917,1490994924
-4831429234288060066,991917,1490994955
-7807022148313481226,991917,1490994954
8146948996025688377,991917,1490994975
4568063542685227803,992497,1490994968
-5609196249415147493,992497,1490994963
-6169564120490827443,992497,1490994933
558807539739720595,992497,1490994934
3640347827324596332,992497,1490994954
-5183412825833442025,992497,1490994971
1417853146223808748,992497,1490994922
8418117407309009390,992497,1490994921
1957901984174385220,992497,1490994925
-5628212226467896621,992497,1490994970
-9059069382801860341,992497,1490994938
5373026990538805075,992497,1490994956
4779906045126058019,992497,1490994946
371851385558836992,992497,1490994955
-2530799129897734,992497,1490994923
-503562980078434588,991232,1490994930
-8789929373536234341,992444,1490994958
-8738544736079976891,992444,1490994966
6851158998025485640,992444,1490994926
-2590143981795911620,992444,1490994937
3766209702160211357,992444,1490994933
3016893624770181843,992444,1490994945
-3807599807005525504,992444,1490994939
-7508480809945226904,992444,1490994959
7773133795903722934,992444,1490994962
-2798047068274067248,992444,1490994918
-5424676785665008117,992444,1490994937
730329101168748283,992444,1490994965
280380290441706993,992444,1490994954
6956897174030089731,992444,1490994956
-2543038576747831028,992444,1490994953
5618565659148738296,992444,1490994915
-7164410635418679554,991878,1490994973
5891753908830199924,991967,1490994970
-71409784630100191,151142,1490994953
5627780020357127560,346059,1490994947
3220820751855077968,992023,1490994970
-3439479190760453755,991209,1490994921
7810718754481397915,991209,1490994971
1356276608062017740,991209,1490994917
1364154755959363094,991989,1490994945
-6180671587445919851,991989,1490994932
-6000780404591811459,991989,1490994961
6687787354878070965,991989,1490994973
-7980419099548032462,992292,1490994926
5281405081879139434,992292,1490994971
7458984786944189560,992292,1490994970
-4036414114102536599,992457,1490994933
1679955253962710444,992457,1490994933
4751881536088172302,992457,1490994926
6579263944095784455,992457,1490994965
3789449610227314475,992457,1490994968
1500937214248975120,992457,1490994950
7587640028849455576,992457,1490994954
-566997606107284635,992014,1490994970
5793775734473193411,992379,1490994957
-819315606012413003,992379,1490994969
974140958566069357,987759,1490994944
-3439479190760453755,987759,1490994973
-1029063364703492144,992238,1490994940
8476990380302706901,400549,1490994965
-8622258052924308411,910133,1490994915
227915655302072098,910133,1490994944
3598310860520805768,910133,1490994949
7377914183330634874,910133,1490994955
-5102858371417078601,910133,1490994919
8905814872059505136,958420,1490994936
-7183157434318480816,992108,1490994928
-5058788409497606293,992108,1490994952
-3442204100848244533,992553,1490994954
6686155314144060070,992553,1490994949
-1229835633353540267,992553,1490994972
-8399593746947666321,992553,1490994939
1330054867625074393,992553,1490994943
-5592771780452711722,992553,1490994960
-2186371776695151348,992553,1490994946
8852745084171089426,992553,1490994970
8409496776525388506,992553,1490994957
8465145081278725349,991263,1490994934
5561220233015115383,991935,1490994943
1567438504381479768,991935,1490994919
-3010697306041994667,991935,1490994915
3533868653825563275,991935,1490994941
-4997590266170406264,991935,1490994963
-7284856904055949461,991935,1490994964
6148733836346452114,991935,1490994935
940208681540478419,991935,1490994919
3451508307013703,991935,1490994943
9089235832998614580,991935,1490994968
4242517965174896924,991935,1490994970
184294652941251601,991935,1490994955
-7047826746311417199,991935,1490994936
-7137959854086309540,991935,1490994932
3057560256529670781,991935,1490994914
694845207394196567,991935,1490994959
2782826979476278976,991935,1490994968
-6138093148066900172,991935,1490994952
8274932656808732923,991935,1490994928
-245139608134734953,991935,1490994916
1589191874840066293,991935,1490994969
-1437031443121236828,992300,1490994945
-4763987037267589356,992300,1490994917
-3092986196637712680,992300,1490994946
5889849653521484414,992300,1490994954
7781092861036659081,992300,1490994971
-1203730827472556912,992300,1490994932
8855329633052331901,992300,1490994955
7145427564782988050,991500,1490994916
498723905616399190,991500,1490994934
1035384825556736564,992199,1490994934
4751881536088172302,992408,1490994957
5133275716694296197,906462,1490994958
3480940769957566884,992358,1490994972
7054727487934161916,991988,1490994960
3504348023751725367,991988,1490994945
5729546197799516266,991988,1490994959
-6805338180348346618,991988,1490994938
6929414074637190621,992226,1490994968
-6841731816801082359,992226,1490994922
3220820751855077968,992035,1490994933
4663175872938745372,992028,1490994922
-69444294632355596,875301,1490994934
974140958566069357,985633,1490994944
8721488272663488221,986967,1490994971
-4229630295670008000,990924,1490994956
1413052928567899133,885098,1490994950
-7125596004436033323,985024,1490994954
6262143519107635829,968564,1490994938
1861026003048233518,992452,1490994919
1005191832858971973,992452,1490994965
398952711943727089,992452,1490994939
-506105930946987233,992452,1490994948
1477667066766792280,992452,1490994956
-5638804432779310807,992452,1490994921
-1206580507925183309,992452,1490994934
4189161151893553777,992452,1490994972
8012596673559365584,992215,1490994935
2887540436178895403,992215,1490994929
5971439994544603606,992502,1490994922
402940231203221064,991927,1490994964
8465145081278725349,991253,1490994970
1273829482842452880,953331,1490994966
-2708346922362565802,991281,1490994972
-1945106860316626181,992182,1490994947
-7980419099548032462,992258,1490994926
5281405081879139434,992258,1490994971
7458984786944189560,992258,1490994970
-1163638620891623654,966438,1490994953
-5549756818278696274,96034,1490994936
3779876866171634634,73565,1490994965
-5789697533435814411,190579,1490994960
-6930086002061384879,992311,1490994941
-894297430516108752,992311,1490994929
-5549048712809372001,992311,1490994953
2077781808328142258,992463,1490994925
-7017551200966703182,992463,1490994920
-5638804432779310807,992463,1490994967
1005191832858971973,992463,1490994971
-4794899087052429316,992531,1490994930
2950725027808959770,992531,1490994922
2348181644072165631,992531,1490994936
4588228060177163871,992531,1490994972
-5262252860282385646,992531,1490994931
3289648544364408234,992531,1490994944
-4702155026654438623,992531,1490994919
-2832156452850934473,992531,1490994964
3821871372225817748,988817,1490994958
4370444326375688107,991428,1490994959
-7933575417317015467,991428,1490994944
7781092861036659081,991428,1490994946
7601925613443516786,991428,1490994965
-4701474353097408121,991428,1490994930
-3946035876724310077,991428,1490994952
-2008932102041320588,991428,1490994957
8290379616690283544,991428,1490994946
1278461831846453682,991428,1490994936
-6165472201186466261,991428,1490994932
-650857386259507223,986682,1490994917
-5263833593912015330,992441,1490994918
2048288767765519507,992039,1490994924
7547143835442247922,992039,1490994958
-3640405853606943648,992039,1490994943
-1850201403666232686,992039,1490994930
-2012531234804353309,992039,1490994949
1512182001386432946,992039,1490994928
4374391293338481935,992039,1490994953
3401880174995677152,992039,1490994974
-6330723301319262411,992039,1490994938
2707456417167129057,992039,1490994965
-6031608395720467390,992039,1490994931
5070856702047756243,992039,1490994916
-2252563222242963395,992039,1490994915
-3150091534573535112,992039,1490994970
3642126926293748551,992039,1490994955
-8122061900667268673,992039,1490994924
2620725515785023382,992039,1490994974
6749511077580388506,992039,1490994970
9084080021225796407,992039,1490994916
-8314640538072843663,992039,1490994932
1252164000282075345,992039,1490994922
-2251962004114927851,992039,1490994966
7965613519991701541,992039,1490994948
-6853445199232283055,992039,1490994934
-4794081137030435222,992039,1490994949
-9087140091712511878,992039,1490994926
5306402931451856299,992039,1490994946
-235104850898662237,992039,1490994918
5471395517708744745,992039,1490994949
-617252850359707735,992039,1490994971
944208683956639835,992039,1490994927
6554002391940263781,992486,1490994924
160638073065495746,992486,1490994950
2841827178394064007,992486,1490994926
-7436158746990004216,992486,1490994933
1124402785710571622,992486,1490994942
-5292484921870057017,992486,1490994954
8723669882764929227,992523,1490994921
6482805167541687831,992523,1490994920
-5590023047012622173,992523,1490994939
6931422137081053378,992523,1490994956
3220820751855077968,992036,1490994941
-1604812829717986308,992036,1490994949
7151036008285601107,992036,1490994971
2486178920129069342,992036,1490994967
3872493629450986352,992036,1490994927
406438717026455780,992131,1490994958
-174616375321699080,992131,1490994917
-328366997524943706,992278,1490994948
-2934041009140530894,992278,1490994971
830439637061292906,992278,1490994949
-8944977673711523045,992278,1490994969
-4933614311267010649,992278,1490994975
-8213253628096880446,992278,1490994927
2364386740468675667,992278,1490994975
1228954064756919618,992152,1490994968
-2068453914615475886,992152,1490994963
-2023755292453667915,992152,1490994950
-4904577217156517002,992284,1490994968
-8131039460655398775,992276,1490994967
-1472580352669485667,992276,1490994972
-7305833334001324482,992544,1490994943
-5770984114929702546,992544,1490994946
8409496776525388506,992544,1490994925
2033279008342220928,992544,1490994960
6310388548039828410,992544,1490994929
5069390370144182289,992275,1490994970
-7939369033520531164,991684,1490994944
-289582139166074770,992315,1490994975
8855329633052331901,992315,1490994943
5889849653521484414,992315,1490994951
1306354622106025172,992315,1490994939
-5529913108447494791,991074,1490994930
1228954064756919618,992138,1490994968
-7030970269468746059,977441,1490994919
6151641010940748570,992560,1490994944
-1106221463571728200,992560,1490994923
5395383761526203982,992560,1490994919
-5707076679581662272,992560,1490994968
3191300978258759093,992560,1490994940
-6392754970580559355,992560,1490994971
5297168369381891814,992560,1490994932
-3959324862781825143,992560,1490994926
-3370985684394302405,992129,1490994921
-4619336062267037572,992129,1490994960
3202954253945597534,992129,1490994954
-3676625737821256963,992116,1490994919
-4912733367535839589,992237,1490994922
1273829482842452880,991795,1490994925
2841827178394064007,992481,1490994935
160638073065495746,992481,1490994959
-7436158746990004216,992481,1490994937
-3048186579672617556,990842,1490994970
-1870783989440441033,992524,1490994943
-4054846454672783604,992524,1490994945
-5005628459716957230,992524,1490994958
-5077911907528025227,992524,1490994973
-4933614311267010649,992374,1490994975
-2918691681002673817,992374,1490994930
-1574547824269975015,992374,1490994943
-5648820303101645942,983402,1490994941
3078556486677186944,992478,1490994947
8465145081278725349,991267,1490994932
6991282332309878302,412546,1490994929
-9023576153761055914,143516,1490994952
-1029063364703492144,992225,1490994940
-151063538396447214,992399,1490994922
-2668383718910378191,992399,1490994955
6579263944095784455,992459,1490994951
-5638804432779310807,992459,1490994972
-7017551200966703182,992459,1490994938
-2918691681002673817,992312,1490994936
-8240195816081275387,992312,1490994926
2887540436178895403,992216,1490994923
-1918750821718336039,972937,1490994964
-703347614754665472,972937,1490994935
2537560389684635938,992384,1490994963
5793775734473193411,992384,1490994927
2887540436178895403,992173,1490994929
-566997606107284635,992173,1490994970
8096636792381750441,981365,1490994914
-4751080769782522747,343654,1490994924
4670139694669840603,992324,1490994920
-6770087842045802862,992324,1490994955
583361292091413498,992551,1490994946
1723274721449009348,992551,1490994954
-3818270964754008570,992551,1490994970
-3442204100848244533,992551,1490994965
6686155314144060070,992551,1490994959
4982564719018032194,992551,1490994918
-1594661807798554766,346101,1490994925
714378073879643565,992345,1490994965
3837681878774178971,991918,1490994917
-5806333263701158468,992239,1490994961
-6582182197924155433,992239,1490994976
8098171709900221396,992239,1490994954
8651874822117979977,992239,1490994955
764691452337859744,992239,1490994974
3841252751065386690,992201,1490994958
498723905616399190,992201,1490994934
-7738446218659130134,992201,1490994953
-2002292060523320597,992201,1490994934
-8443920418372641558,992201,1490994936
8012596673559365584,992201,1490994942
-4922053265035750120,992514,1490994976
8045480878329473544,992514,1490994951
1605053139955088390,992514,1490994951
-1067366330411671872,992514,1490994955
4515777014419237493,992514,1490994975
-5803050102338111344,992514,1490994954
-5123806004158816375,992514,1490994927
-7562531421045302889,992514,1490994928
3564263577801614452,992514,1490994938
5373026990538805075,992514,1490994934
-6899791735546976195,992514,1490994933
-1921685233126849478,992514,1490994954
250984120187260151,992514,1490994945
784119015819749913,969633,1490994963
2432971657690115755,992082,1490994964
3340906083279724941,991883,1490994941
-1168066820639593232,992363,1490994920
4553445948857940769,992363,1490994953
7615998805989765509,992363,1490994936
6277748329388022517,991466,1490994969
-4036414114102536599,992552,1490994956
6151641010940748570,992552,1490994953
-5511851281966761359,992552,1490994974
-3985036760790008757,992552,1490994954
-7539689235372872292,992552,1490994961
-8170087991508795075,990033,1490994942
7458984786944189560,992299,1490994963
5281405081879139434,992299,1490994950
1364154755959363094,992299,1490994972
-3549137030179244117,992299,1490994965
-2266392120048772717,992299,1490994944
2573190046762049283,992559,1490994975
227915655302072098,992559,1490994947
6715991453287542815,992559,1490994969
-7421872827262218700,992559,1490994932
7782685683830719802,992559,1490994964
678329601389742209,992559,1490994925
-1085561281775419410,992559,1490994958
8680229826534800151,992559,1490994946
6976350098118792503,992559,1490994937
-4431235500665631595,992559,1490994970
-2299968239069226046,992559,1490994943
5018348599049271805,992559,1490994941
4067493509400184464,992559,1490994969
5395383761526203982,992559,1490994923
-5743517089812421761,992559,1490994943
-1413483550209203666,992559,1490994917
3191300978258759093,992559,1490994958
8878352138417747985,992559,1490994930
-5393764153950583467,992559,1490994933
-1106221463571728200,992559,1490994924
5798337210775037144,992559,1490994969
-3332184167081057348,992559,1490994932
4312475757860676567,992559,1490994946
-8022109579894213163,992559,1490994931
-4779725763603215941,992559,1490994931
2062211690564789062,992559,1490994958
-2040828869004547185,992411,1490994969
-9004529482649356963,939411,1490994925
-3147232724719457271,939411,1490994951
5557952584770400143,939411,1490994935
-756646974405742793,992547,1490994961
5018983241192637897,992547,1490994949
-7605016178764179336,992547,1490994949
8956324618927019326,991992,1490994961
-995054667117377425,992160,1490994925
-7068788765790067250,992160,1490994947
-3549137030179244117,992160,1490994939
-6034827005764662655,992160,1490994965
-2864231464298224329,992160,1490994931
-8476407740736321246,992160,1490994957
9085910309793312426,992160,1490994959
-8204318375446328153,992160,1490994969
5983461365266448650,990326,1490994961
-5271293858054066151,992477,1490994945
-7436158746990004216,992477,1490994971
2841827178394064007,992477,1490994965
7066564795446097340,992477,1490994931
-7125596004436033323,983535,1490994954
4352058934160523453,992380,1490994968
-4596184730094784429,989753,1490994955
-7798446813992145552,988015,1490994945
-1396683062730964162,992077,1490994943
-4236079994904326439,992077,1490994970
-6366523598575342647,992167,1490994962
-5410038679929351230,992418,1490994972
4751881536088172302,992418,1490994953
3789449610227314475,992438,1490994971
-4596184730094784429,989758,1490994954
2746584678857729096,925980,1490994960
-7445020309810203862,992352,1490994918
-8381471295385210093,991706,1490994948
-5372902424195399546,992484,1490994957
-1286780116962726079,992484,1490994951
-6471188576000364025,992484,1490994958
-8198360651716229871,992484,1490994930
5010312513457709629,992484,1490994964
-6811536405954623473,916994,1490994927
3457328014168740797,992426,1490994962
7808212996662740278,992271,1490994942
-41904830106900136,992271,1490994965
-4556994319244690251,992271,1490994951
-281559059475344851,992271,1490994970
3734330998919407363,992271,1490994917
1653315149135441512,992271,1490994969
7673301900230326412,992271,1490994954
-6070095980690808241,992271,1490994941
2144449315400218925,991504,1490994951
6931422137081053378,992526,1490994956
-1437031443121236828,992279,1490994955
-4763987037267589356,992279,1490994923
-3092986196637712680,992279,1490994947
-894297430516108752,992448,1490994952
-6210910924148432854,992448,1490994946
-6803088441507989356,992448,1490994963
-4395176625721069002,992448,1490994954
-2684838427858736747,992448,1490994958
3418361095011065466,992448,1490994974
8734819556979544119,992448,1490994941
-2144401584551792235,992448,1490994956
-5966299255597787349,992448,1490994945
5995054493681433112,991825,1490994964
-922704802686947026,991825,1490994972
-3676625737821256963,992117,1490994919
5260864905308592284,991858,1490994925
830439637061292906,992403,1490994963
-8944977673711523045,992403,1490994969
5413951968633242000,992425,1490994922
-4128043923617688710,992425,1490994927
-1763419522642445775,992425,1490994946
4704618842108085890,992425,1490994919
1505347066512095661,990246,1490994952
7796914055841857739,990246,1490994954
-3374770784172442070,990246,1490994968
-2135684658377648538,960233,1490994932
5793775734473193411,992313,1490994923
4999227475050819324,992313,1490994950
-2934041009140530894,992313,1490994971
-2284821391062588770,992391,1490994945
-5628212226467896621,992391,1490994955
5373026990538805075,992391,1490994948
-4147270098097240312,992391,1490994922
-7562531421045302889,992391,1490994942
3238265285980338953,992391,1490994925
-3172756990750078876,992391,1490994947
-1223259902913557912,989370,1490994969
6912615044866298483,990407,1490994917
5043014083258978119,992433,1490994923
1833667122514635153,992433,1490994926
-6803088441507989356,992433,1490994970
-7665302754208443518,992223,1490994924
-1472580352669485667,992223,1490994972
-8131039460655398775,992223,1490994950
1228954064756919618,992223,1490994924
-2140219172845094340,992223,1490994967
-4556994319244690251,992223,1490994975
3272902495520167930,992223,1490994935
-2223683381091786024,992223,1490994944
2719163539415406105,992223,1490994939
3649511579707795418,992223,1490994920
7808212996662740278,992223,1490994942
-41904830106900136,992223,1490994965
5301679024100075285,992223,1490994959
-5211444518485992956,991813,1490994970
4352058934160523453,992405,1490994968
692242258582507755,986763,1490994954
2144449315400218925,991649,1490994933
3440217276911414985,991649,1490994971
-1516314692704134760,991649,1490994936
3253521496137585137,991888,1490994936
1202699875987680428,992349,1490994938
2567487657464880828,992349,1490994926
-3962196554801491716,991426,1490994964
-5529913108447494791,991550,1490994934
-7170633199275219812,992439,1490994949
1957901984174385220,992439,1490994966
5273701584978183252,992439,1490994960
5402762403135644308,992439,1490994971
-8198360651716229871,992439,1490994923
-8662777328200072527,992439,1490994964
2841827178394064007,992479,1490994951
-7436158746990004216,992479,1490994943
-2889774968681798042,992479,1490994915
160638073065495746,992479,1490994959
-5670157721111553632,991957,1490994960
9145157741904815419,194045,1490994937
5914632751892559635,152316,1490994953
-5000656250044041713,879761,1490994954
8956324618927019326,992053,1490994936
-972862324943499224,992073,1490994957
-7254200656258500922,992073,1490994977
5021908702904748613,992073,1490994928
-4772398187259588100,992073,1490994963
-7132819944590959516,992073,1490994964
7683863017960467177,992073,1490994974
-7203528370703576028,992073,1490994942
3811643687120573222,992073,1490994971
-668781741663126591,992073,1490994970
-69444294632355596,992073,1490994954
-1075954006773711288,992073,1490994936
-1172825686716895660,992073,1490994922
-1396683062730964162,992073,1490994944
-5783087169966952986,992073,1490994940
4143567297103450524,992073,1490994918
-1080029928861546229,992073,1490994954
-9065681715826311822,992073,1490994977
-6711953669523484900,415432,1490994956
-2758669580824965196,876594,1490994943
-3946035876724310077,988274,1490994951
5026469136026502346,988274,1490994918
5891753908830199924,991959,1490994970
6575832572096435860,991724,1490994923
-4414648839532832400,343846,1490994967
-529544971767047359,102370,1490994948
17657704650521070,975304,1490994933
-7939369033520531164,991687,1490994944
-8092083770588990636,991687,1490994915
796343726230453896,992510,1490994958
-1850201403666232686,992510,1490994954
-5301480479550303280,992510,1490994962
-6788857830488777894,992510,1490994927
-8656831400132210200,992510,1490994959
-3658533670884860183,992510,1490994977
4292222356956273211,992218,1490994965
-4567411555516764120,923487,1490994925
-6366523598575342647,992171,1490994943
795447497760838003,346797,1490994928
-5583801927793234101,992362,1490994961
3300667306639957235,992362,1490994944
-1434401581524004883,992362,1490994954
-4717435291708055397,992362,1490994954
8064152775566183659,992362,1490994928
-2707059720539981829,992362,1490994962
5905475186757825093,992362,1490994967
-3420516948054119876,992362,1490994937
7135729780257579509,992362,1490994947
-6594844199717244200,992362,1490994977
8442544268101528725,992362,1490994947
8186052771353221774,992362,1490994946
3117926686482196333,992362,1490994938
-4567411555516764120,992362,1490994928
-3809611112626364124,992362,1490994968
-830427027429905998,992362,1490994949
7305302236148265660,992362,1490994968
7796914055841857739,990915,1490994934
2854800184827753425,990915,1490994936
8956324618927019326,992060,1490994933
-503562980078434588,991100,1490994922
7292594656509151352,932127,1490994935
-69444294632355596,423282,1490994939
4815979222233439657,989994,1490994920
-7445020309810203862,992334,1490994950
-4904577217156517002,992282,1490994968
6938611143871509448,992295,1490994945
7810718754481397915,992295,1490994953
7286813852723157739,992295,1490994969
-6245193647657455374,992295,1490994916
7905032217205704814,992295,1490994956
1356276608062017740,992295,1490994917
1560895788783568372,992295,1490994971
5836273577273356941,992295,1490994926
-8614960427036041088,992295,1490994973
-8443920418372641558,992295,1490994921
-6034827005764662655,992295,1490994974
7574861356516408731,992295,1490994925
-4425468157794138777,992295,1490994970
-3215470963875114345,992295,1490994926
3669000797392130555,991879,1490994952
-2668383718910378191,992394,1490994955
3121574879962450553,992394,1490994965
5687191565490020824,992394,1490994963
-8029839771136832200,992394,1490994976
8016666589623763989,992394,1490994948
-8511681303218817412,992394,1490994964
-8027443688225454628,992394,1490994976
-5623137303416971337,992394,1490994964
8956324618927019326,992034,1490994944
-4822679662763311215,992562,1490994968
-341847293849214765,992562,1490994938
796343726230453896,992562,1490994932
3171075769801472977,992562,1490994961
-4967287031699365226,992562,1490994962
-1053123667003081844,992562,1490994967
4704618842108085890,992558,1490994949
-5592771780452711722,992558,1490994959
-6922111184924956690,992558,1490994977
4638780836426870369,992558,1490994937
-7898880861446995539,992558,1490994941
-1244336999498728004,992558,1490994967
592548909975036926,992558,1490994971
-3151259953599932404,992558,1490994922
-4258958480223924055,992558,1490994958
-871750293188845118,992558,1490994919
-5188115065184165711,992558,1490994948
8109040256206814266,992558,1490994967
5698079138006963102,992558,1490994975
-512889522484654374,992548,1490994958
8852745084171089426,992548,1490994968
3598310860520805768,992548,1490994950
271398425967184114,992548,1490994931
5304409039539624619,992548,1490994929
678329601389742209,992548,1490994949
5018348599049271805,992548,1490994958
6686155314144060070,992548,1490994919
227915655302072098,992548,1490994949
-1085561281775419410,992548,1490994959
7782685683830719802,992548,1490994964
6976350098118792503,992548,1490994937
-2918663447504413956,992548,1490994975
-3439479190760453755,989503,1490994955
7083595573687568855,898961,1490994930
2750715423182517466,991662,1490994949
4955837269388439509,991662,1490994961
-8764374976969434758,953733,1490994920
-8122061900667268673,992050,1490994922
-4127217626458714358,992050,1490994940
-9025581761025484148,992050,1490994962
-4904577217156517002,992234,1490994940
7610014806600295614,991742,1490994923
4751881536088172302,992442,1490994947
-5410038679929351230,992442,1490994949
-2937976160533088766,992310,1490994946
4025253832414274895,992310,1490994974
-3041715624464320348,992310,1490994926
6987753264691882781,992310,1490994942
6907841905718163968,992310,1490994976
-3116211830016894117,992310,1490994946
8465145081278725349,991257,1490994970
4663175872938745372,989421,1490994947
-3439479190760453755,989738,1490994936
7810718754481397915,989738,1490994971
-8744860625331850378,987131,1490994963
564211174565880063,987131,1490994959
-3741212988887758068,987131,1490994965
163845593843454944,987131,1490994974
-6780085577521726686,987131,1490994969
6196330960881297284,987131,1490994976
-5229972916852287114,991787,1490994938
-6836676638482376978,992361,1490994961
465930588820383301,900063,1490994930
-5978304504769291121,976765,1490994933
-2684838427858736747,992449,1490994935
-1687254862393546560,992449,1490994920
7252106635898487184,13396,1490994973
8012596673559365584,992208,1490994942
5061294493929197590,991031,1490994970
-4969833294692742405,991031,1490994970
4518252521217760390,991547,1490994961
-746173759459672463,992428,1490994942
733469430650188726,992428,1490994924
5043014083258978119,992428,1490994931
748608350624430764,992005,1490994939
-610270435072806477,111288,1490994971
5008829960375288561,987806,1490994917
3242745131061133763,992231,1490994957
6161688514770537868,991812,1490994961
8465145081278725349,991239,1490994962
-3658533670884860183,990966,1490994936
2449553950918449995,992473,1490994972
5281405081879139434,992264,1490994938
1364154755959363094,992264,1490994971
6691137923017607356,992264,1490994956
-6180671587445919851,992264,1490994953
4817090028407818124,992191,1490994927
498723905616399190,992145,1490994921
3646121062490460443,992145,1490994976
3300836889588765495,992145,1490994918
1211615829069588521,992145,1490994928
6361839018649299729,992145,1490994961
-3926869949757792882,992145,1490994959
-7598872421986715545,992145,1490994943
344697141761667267,992145,1490994962
-7203528370703576028,992145,1490994975
6053905167176047189,992145,1490994917
6845881999493456397,992304,1490994938
2311122345151288703,991836,1490994961
3220820751855077968,992032,1490994954
-5638804432779310807,992461,1490994965
6310347087230189590,992461,1490994960
1309641307222011943,992461,1490994923
1005191832858971973,992461,1490994971
398952711943727089,992461,1490994944
1861026003048233518,992461,1490994922
-4807264961133381976,992461,1490994948
1725670749531737839,992461,1490994919
1477667066766792280,992461,1490994956
5231683965145808126,992461,1490994953
-8595158293040885749,992461,1490994956
-7422315384774348444,992461,1490994953
795447497760838003,987111,1490994970
796343726230453896,992512,1490994970
-6084376393357337608,960335,1490994955
1344992263622472089,992491,1490994926
-2023755292453667915,992232,1490994950
1228954064756919618,992232,1490994943
1413052928567899133,885278,1490994950
-7024719512872252673,980435,1490994947
6716083768129880765,909815,1490994941
5670091707548462855,990840,1490994949
1549253610518145223,990840,1490994974
-517178262296677518,990840,1490994921
-8001036805014224525,990840,1490994965
-4932213842448243977,992162,1490994948
4392464288174243169,992162,1490994932
765412752651429177,991395,1490994936
7488367396896446755,991395,1490994975
-4338975093244855037,991395,1490994941
-2834692321721806701,991395,1490994951
3936154317520335034,991395,1490994978
974140958566069357,988926,1490994936
-3439479190760453755,988926,1490994973
176089398952001950,992149,1490994918
-8643610209062145828,992149,1490994933
2068569784163644213,992149,1490994920
9142228336966967197,992149,1490994920
2800303966577330991,992149,1490994927
3213705399128176369,992149,1490994940
-8725130172779347825,992149,1490994964
4025253832414274895,992149,1490994974
6151641010940748570,992530,1490994963
6482805167541687831,992530,1490994918
-7185072213184685355,992530,1490994967
-5590023047012622173,992530,1490994939
-5919585274103380483,992530,1490994952
-8263598220496255119,992530,1490994974
-8198360651716229871,992490,1490994925
5273701584978183252,992490,1490994960
-5628212226467896621,992505,1490994928
-6231310041231609891,992505,1490994945
8813886723094044302,992505,1490994927
-7562531421045302889,992505,1490994938
1605053139955088390,992505,1490994926
8045480878329473544,992505,1490994954
5373026990538805075,992505,1490994938
4515777014419237493,992505,1490994975
-746173759459672463,992419,1490994968
1035384825556736564,992202,1490994934
4877498773624064382,992469,1490994945
2841827178394064007,992469,1490994973
-7436158746990004216,992469,1490994976
4992416289222409842,990773,1490994940
23695497983864698,990773,1490994944
5475942481216943986,990773,1490994935
-7815934330307057727,992364,1490994958
3941008688522661906,992364,1490994945
4127239294773565946,992364,1490994977
7272158286147337963,992364,1490994938
-2486119020273020990,991848,1490994963
7809483238938376287,991778,1490994966
-1181538762583268825,991778,1490994924
4101328880359227706,991778,1490994977
-8944977673711523045,992416,1490994960
830439637061292906,992416,1490994940
1510031256734438627,992416,1490994936
-1897765630542648381,907871,1490994973
7870512967912639355,992247,1490994958
-4904577217156517002,992283,1490994960
2831221445427914365,992283,1490994975
-1266391903621397514,992499,1490994967
-6473068737784195808,992499,1490994957
1957901984174385220,992499,1490994954
-8198360651716229871,992499,1490994922
5273701584978183252,992499,1490994947
5402762403135644308,992499,1490994964
-8662777328200072527,992499,1490994964
5373026990538805075,992499,1490994974
-7170633199275219812,992499,1490994936
-6841731816801082359,992230,1490994922
6929414074637190621,992230,1490994968
4292222356956273211,992230,1490994965
-6366523598575342647,992169,1490994971
7313519607836832260,991417,1490994957
406438717026455780,992037,1490994958
-8981106036844202548,992037,1490994978
8956324618927019326,992056,1490994961
2489316570816025817,981526,1490994957
2620725515785023382,989145,1490994972
-992771409841938323,972196,1490994919
4397747770479553041,991476,1490994954
-2214835670824034162,911545,1490994969
-8131039460655398775,992266,1490994967
5793775734473193411,992368,1490994977
-270887179874112248,992368,1490994961
2746584678857729096,925389,1490994967
-4425081567485388766,991615,1490994913
-1323742625539734245,992221,1490994978
1835402933120044322,992221,1490994953
-5156113918077280398,992221,1490994925
2726870971852197180,992221,1490994967
-5429068833130651318,992451,1490994954
703320971996908653,939801,1490994924
-2290602285458115881,990974,1490994956
7391275835272530839,990974,1490994933
-7828155284215390997,991931,1490994962
-8933167574166597203,991931,1490994963
1273829482842452880,991839,1490994925
1096491807327628427,913696,1490994947
-2078789612167891076,992504,1490994925
-5628212226467896621,992504,1490994945
3167185658171729892,992504,1490994978
5353455953550155018,992504,1490994955
7363504648712949760,992504,1490994970
-7562531421045302889,992504,1490994942
5373026990538805075,992504,1490994942
-1342841966283861452,992504,1490994923
7974031902172048804,992504,1490994977
3694570351416486571,992504,1490994957
5541856087115319530,992504,1490994969
825139565008505843,992504,1490994975
5888306936971542817,992504,1490994954
-7754691151757008678,992504,1490994967
-8113278834506075955,992504,1490994964
5049253314777138667,992504,1490994940
7486255916101985991,992168,1490994962
5260786587023723030,992168,1490994949
-4051834201533144722,988883,1490994939
6641650413703130508,967625,1490994960
-7183157434318480816,992104,1490994954
5335808391062346269,992455,1490994924
-1687254862393546560,992455,1490994920
-2684838427858736747,992455,1490994923
576883107504823803,992455,1490994977
-1819692926149710256,992455,1490994957
-3200265702666308397,992455,1490994926
-3386358422772652565,890838,1490994922
-4248645485362701988,910757,1490994958
-1973070017632135802,992480,1490994925
-2971054605937589740,992480,1490994970
9190003637153477926,992480,1490994965
-7011841142903093358,992480,1490994964
6672642202400900576,992480,1490994927
3315219898609233656,992480,1490994962
4433219645422142587,992480,1490994958
9117534805805868706,992480,1490994925
-6757283189492747420,992480,1490994978
-6115868329004350742,992480,1490994950
5183040897151201536,992480,1490994939
-5410038679929351230,992480,1490994930
-6257154556058838314,992480,1490994957
691009989742876246,992480,1490994968
-869403537499904168,992480,1490994927
-4417622116521094886,992480,1490994969
8541777208097889548,992480,1490994941
-8349515428213644937,992480,1490994957
1067214593529502544,992480,1490994956
-1099354706687788341,992480,1490994958
-3901234075097011506,992480,1490994921
-4400960181972221141,992480,1490994923
-7035631776477860629,992480,1490994971
7905894938159157273,992480,1490994959
5478209416558006609,992480,1490994970
-8305233593030252899,992480,1490994966
-7006098451428167222,992194,1490994947
7547143835442247922,992194,1490994960
8689140450813410978,992194,1490994946
5194475655516582689,992194,1490994966
