5492573228186235649,991056,1490737588
3092069700823675111,991056,1490737616
6609527047114749765,991056,1490737592
5898350441721900276,991056,1490737594
-5838012624559935982,991056,1490737628
-5763573733550795450,991056,1490737603
1501573605504884475,991056,1490737580
-2469609700909805622,991056,1490737626
-460154492882063577,991056,1490737617
-2980881719219529108,991056,1490737621
1787967533209283646,991056,1490737587
6866426536604276874,991056,1490737624
-7832535074700135901,990516,1490737626
-1964219805527782379,898718,1490737625
-1568311127049931296,925701,1490737579
-7233988559057595093,990689,1490737590
7165679335400998503,985627,1490737591
9091637058474998834,991057,1490737606
369684904500948180,988577,1490737618
-1986461603253260779,990631,1490737577
2014799264577222715,991054,1490737621
-830661245446702716,991054,1490737580
-1629261732807955322,991054,1490737621
1197915073417890908,990499,1490737585
5171366422589102491,990466,1490737600
-7236970537332024539,899608,1490737590
5821604089209256923,991116,1490737595
-8263755042433856911,990959,1490737602
-5968244035364813331,990959,1490737582
1922774281942250023,990959,1490737582
-2980506307058127428,990858,1490737601
-191296536413786721,990482,1490737589
785915540224877387,990761,1490737585
2645030545625791601,988553,1490737583
-5264285021188256355,957055,1490737593
-830361786684545064,973416,1490737603
6688194684356913201,990786,1490737594
1197915073417890908,989185,1490737585
1197915073417890908,987168,1490737585
4972946676375442190,929240,1490737583
2572002275477821906,965965,1490737623
-830661245446702716,991011,1490737596
5898350441721900276,991011,1490737597
-1629261732807955322,991011,1490737621
1197915073417890908,990474,1490737585
7342952196858186786,990474,1490737575
-4712486863211612377,990474,1490737611
-5429919021887261448,990474,1490737578
-7071799142168282123,990474,1490737579
-6102984319580040007,990474,1490737630
-6334350232571531453,990773,1490737599
-1247520570670515178,990773,1490737593
8534173594416205565,990773,1490737576
-1815130577728481609,990773,1490737574
-4438035606039288806,990773,1490737571
-1982796454944789646,990773,1490737590
-8833583962849111677,990773,1490737617
8892188190511178084,990773,1490737578
-8178794704892335550,990773,1490737631
-5971952679773375402,100501,1490737600
9184648560163498594,906167,1490737579
-1617110351774025953,900063,1490737588
-2603605707615393144,990973,1490737614
2458492671196393155,990973,1490737594
-1964219805527782379,898725,1490737619
-830361786684545064,974527,1490737572
-8176889690844703829,989448,1490737615
9051982724737099963,990081,1490737600
9157909622641076528,950704,1490737573
-4532554317113804929,989881,1490737590
-8446985412049333068,990728,1490737609
-4107017322106409143,990817,1490737617
6609527047114749765,990817,1490737628
-460154492882063577,990817,1490737630
-2980881719219529108,990817,1490737630
1501573605504884475,990817,1490737585
4269857188326921832,990817,1490737575
-68669519992070750,990817,1490737618
-1079844781195848310,986789,1490737618
-6982229114145858975,990762,1490737581
-1818362756807380582,990762,1490737616
-2620624283762969716,984462,1490737622
-6758806183043088445,990687,1490737600
-7233988559057595093,990687,1490737588
4951703012947800736,990926,1490737616
1119482390367776921,990842,1490737630
1464974416449645357,990842,1490737578
-6267162506751660622,990842,1490737600
-3417932368216791547,991035,1490737576
5502336691106005541,991035,1490737626
1197915073417890908,989599,1490737585
6890604741456672029,989599,1490737598
-5476033389723293340,989599,1490737627
6847784939238535181,944383,1490737603
-5480254297996910306,98331,1490737593
-8556494912599593784,144382,1490737590
1197915073417890908,990574,1490737585
6204026308693655328,990574,1490737582
-4761270861641246497,990574,1490737624
7993077407379556110,990574,1490737602
-4614524366782450935,983895,1490737572
1197915073417890908,990711,1490737585
-2686658233504709929,990711,1490737594
-3805346009584873251,990711,1490737577
1197915073417890908,990251,1490737585
-1629261732807955322,991049,1490737616
3077363188159951043,991049,1490737624
-6269905262175652318,979690,1490737616
5898350441721900276,991113,1490737581
-5838012624559935982,991113,1490737617
5092651158938431507,991113,1490737573
3092069700823675111,991113,1490737583
1787967533209283646,991113,1490737587
6609527047114749765,991113,1490737577
1755088357641026946,991113,1490737606
-2469609700909805622,991113,1490737618
-6275350946727218998,991113,1490737631
-460154492882063577,991113,1490737611
-2980881719219529108,991113,1490737617
-5763573733550795450,991113,1490737592
6866426536604276874,991113,1490737623
-8399278832769636420,991113,1490737627
1180379779769758447,985944,1490737627
6433686923311045180,990851,1490737620
-8277355461429806342,990851,1490737620
3523302135662303993,990851,1490737586
7745695475075386217,990851,1490737614
-7723150750888801098,990851,1490737598
-608444421384289040,990851,1490737629
1197915073417890908,990550,1490737585
5390973689522752429,990550,1490737605
-1161047705024046221,990550,1490737575
-6153282771033074066,990550,1490737622
777940132683499649,990550,1490737629
232504648144814937,990550,1490737621
7041183375540942029,990550,1490737593
2719417697202007527,990550,1490737612
-1151283442631918277,990869,1490737615
8905667284997524361,990488,1490737621
-5264285021188256355,919284,1490737622
-763487577713037713,990526,1490737576
957436161203160420,988923,1490737590
-1336444482526835380,991065,1490737583
1975505731369858430,991065,1490737576
5002945271888369095,342637,1490737586
-515463884788712420,990830,1490737595
-2980506307058127428,990830,1490737613
8991459765485612126,990924,1490737628
5402973785932289099,990924,1490737574
4586071371640265763,990507,1490737572
1195278826048019375,990507,1490737630
2628960075904104513,979202,1490737588
5323106667602326916,983811,1490737577
-2622458261247744496,990964,1490737612
-3498996113146768899,990964,1490737601
5825298424805831961,990964,1490737602
-191296536413786721,990444,1490737600
8248345061704171715,990804,1490737580
-2980506307058127428,990804,1490737613
1197915073417890908,988849,1490737585
7383083241779208926,988849,1490737609
2419108543311214991,990974,1490737618
-1223682681842005027,990974,1490737631
4205348135802342418,990974,1490737629
3810818533274267970,990974,1490737580
3465569680999390412,990974,1490737627
7961645829646008257,986753,1490737623
7683484648807986531,988614,1490737596
8484103479669238736,990984,1490737621
8991459765485612126,990984,1490737621
-9131657330882450959,990984,1490737615
1673447919781127957,990984,1490737581
-688636958427784750,990984,1490737609
1197915073417890908,990576,1490737585
335440029700082630,991110,1490737595
5433846574596713135,991110,1490737612
7629647799374397982,991110,1490737622
-7825060477690374430,991110,1490737587
-7382826014049498041,991110,1490737632
3303836594505623188,991110,1490737588
-6883963807627152627,991110,1490737632
-2054323373973052396,991110,1490737616
-5294060785766479760,991110,1490737627
-6025962352566312376,991110,1490737616
1501573605504884475,991110,1490737612
-7811371979006933574,991110,1490737579
-8785028778889766769,991110,1490737602
659559495756667274,991110,1490737627
7781630658956206426,991110,1490737574
4545394586358708594,991110,1490737608
5602674554166309540,991110,1490737615
8294083001466306961,991110,1490737597
4155426459504113474,991110,1490737606
-8878455766595210566,991110,1490737599
-4995115258351695326,991110,1490737629
-8771911726692305130,991110,1490737610
6609527047114749765,991110,1490737628
5395143046151466804,991110,1490737621
4724898742402435836,991110,1490737618
-7191857746972530859,991110,1490737610
-1653165710071404733,991110,1490737631
-68669519992070750,991110,1490737632
-4107017322106409143,991110,1490737617
8837956551730974979,991110,1490737623
-4709981537277016415,991110,1490737616
-460154492882063577,991110,1490737631
4580403316851614819,991110,1490737627
-2922005591141611423,991110,1490737616
-2980881719219529108,991110,1490737630
-2548171047405717326,991110,1490737582
-7912528639133871007,991110,1490737605
-8837068904073559712,991110,1490737623
5438633469595510186,991105,1490737600
-3081289170972327925,991105,1490737593
-8497449960211061999,991105,1490737578
-7811371979006933574,991105,1490737588
659559495756667274,991105,1490737632
1501573605504884475,991105,1490737616
-2054323373973052396,991105,1490737619
7378924392900937414,991105,1490737575
-5294060785766479760,991105,1490737627
-6025962352566312376,991105,1490737616
5142868555115578029,915392,1490737578
-3831496069271597416,160432,1490737613
8484103479669238736,990993,1490737621
-2509468562732019875,990843,1490737625
1197915073417890908,990810,1490737585
1197915073417890908,990530,1490737585
2645030545625791601,990530,1490737586
658425586220885600,990530,1490737585
-4506470366038549150,990530,1490737586
6433686923311045180,990530,1490737630
7484737008669932406,990530,1490737608
2961063010877073261,990530,1490737590
4197407407010264915,990530,1490737602
8876638887745767080,990530,1490737580
-5116938944644814222,990530,1490737615
850227099079376177,990530,1490737617
-8343844121381086368,945530,1490737573
-6726787018348556079,988974,1490737577
1197915073417890908,990873,1490737585
1765257742869215075,990873,1490737588
-2420515717347597175,990873,1490737623
-1139981321218262417,990873,1490737616
-3479077373283346441,990873,1490737601
4586071371640265763,990484,1490737583
5740583891403510472,990484,1490737592
1195278826048019375,990484,1490737630
-6124279444226524564,990743,1490737601
-377095688976547044,80442,1490737604
1197915073417890908,989493,1490737585
5499796896748591575,984977,1490737594
-8176889690844703829,989373,1490737619
1197915073417890908,989119,1490737585
374791531317365734,991114,1490737596
3077363188159951043,991114,1490737616
1399110898973927860,991114,1490737577
-3366939713743426501,991114,1490737606
7070896692736817124,991114,1490737612
2454578224044377772,991114,1490737600
-7970576143468611740,991114,1490737617
942195096731392899,991114,1490737594
3153881749838294249,991114,1490737576
-3823978539391054933,991114,1490737578
6866426536604276874,991114,1490737610
3377457083790157595,991114,1490737620
1295635027226496769,991114,1490737603
-4075155195950807430,991114,1490737592
-4279303957945163725,991114,1490737575
-5808344783763997021,991114,1490737610
-7945904443014328791,991114,1490737625
-1339128167389326768,991114,1490737617
-5264285021188256355,952317,1490737605
1197915073417890908,990848,1490737585
1197915073417890908,990230,1490737585
-191296536413786721,990323,1490737625
-1175549217514327030,957580,1490737602
-2509468562732019875,990839,1490737625
8746173665787425420,988226,1490737617
-9186432723622237207,940015,1490737591
5201481011258099231,991101,1490737612
7741357238634204715,991101,1490737618
-2438290198395017035,991101,1490737574
-4513059510657988550,991101,1490737588
6750707098453092586,991101,1490737614
5660780070816315853,991101,1490737630
-7071799142168282123,990668,1490737579
-191296536413786721,990305,1490737625
-770512261033460002,990280,1490737630
7286556977566537987,991087,1490737573
200879494181300208,991087,1490737594
-6933539336031703677,991087,1490737596
1292358568114852201,991087,1490737613
4647133497508759672,991087,1490737616
5138423104134238011,991087,1490737574
-4712486863211612377,990803,1490737611
-5034757587800892820,990803,1490737611
1575225095327697678,990803,1490737575
-8146706988478693234,990803,1490737602
6299711877045974294,990803,1490737629
-7456927547595856635,990803,1490737611
4586071371640265763,990469,1490737589
-2184587558312385723,988276,1490737623
-1986461603253260779,990629,1490737618
1197915073417890908,990747,1490737585
-3077252172468588351,990747,1490737601
592364157390370,990747,1490737629
7368043668365176196,990747,1490737608
-5757122565434251591,990747,1490737573
-1415611531680906393,991034,1490737577
-830661245446702716,991034,1490737618
785915540224877387,990513,1490737585
-4610425973244943753,987938,1490737576
-8693057397094586093,880391,1490737581
5898549660876603796,991115,1490737604
7553034700468277049,991115,1490737585
-8684390421622723669,991115,1490737621
-2469609700909805622,991115,1490737574
-1011357279765019668,991115,1490737605
-2980881719219529108,991115,1490737603
-7695305642378245784,991115,1490737598
-5763573733550795450,991115,1490737584
-4702666855586604543,991115,1490737593
-4179655080993432020,991115,1490737620
-8399278832769636420,991115,1490737622
-6275350946727218998,991115,1490737620
8444810849030650834,991115,1490737578
195835562933090519,991115,1490737593
-460154492882063577,991115,1490737599
-3254499528198425532,991115,1490737607
6866426536604276874,991115,1490737617
4002516812537649152,991115,1490737585
-5549387524350729385,991115,1490737596
7001191710447536445,991115,1490737603
1131917069806012071,991115,1490737602
-3823978539391054933,991115,1490737599
1540671962188295291,991115,1490737603
4925814465701301219,991115,1490737619
-7524623862198468051,991115,1490737614
3472973049486915699,991115,1490737623
4224920683895077892,985274,1490737589
5002945271888369095,990268,1490737585
1709520662365207810,990268,1490737602
-3641710477783450947,990746,1490737628
-7970576143468611740,991133,1490737590
1726249891347859776,991133,1490737601
1363430070204949859,991133,1490737612
-6256124700326766759,991133,1490737623
103544471521916017,991133,1490737616
-1360691700625805466,991133,1490737605
-8386001757469304244,991133,1490737629
-5198956594429927568,991133,1490737599
-5741534370221648119,991133,1490737611
-7945904443014328791,991133,1490737615
-2984565893400743192,991133,1490737616
1295635027226496769,991133,1490737586
2136269978089179782,991133,1490737590
7070896692736817124,991133,1490737593
9042123940975010863,991133,1490737631
-2017990623181202584,991133,1490737610
7675766986919668470,991133,1490737616
-1339128167389326768,991133,1490737611
6353972891099209646,991133,1490737609
2506815883245274396,991133,1490737625
3834598167091104446,991133,1490737579
-6622918053563751036,991133,1490737595
-3607477807966651461,991133,1490737624
7190022310350561089,991133,1490737626
3322680174219587394,991133,1490737578
2538134133441439932,991133,1490737617
6987253398382218032,991133,1490737595
2454578224044377772,991133,1490737580
232504648144814937,991133,1490737598
6866426536604276874,991133,1490737607
5495771467164084927,991133,1490737629
-3458283747764997993,991133,1490737610
5405298108801489204,991133,1490737617
5008214282047819697,991133,1490737602
-3569520276221779231,991133,1490737601
-6042699504340775160,991133,1490737590
-5028846437845926871,991133,1490737576
2645384674813194423,991133,1490737623
3851955955206036714,991133,1490737621
8320440283395536692,991133,1490737600
1623609086367995457,991133,1490737621
-2503735535429945681,991133,1490737616
-2623812233248768165,991133,1490737593
4370273699857334581,991133,1490737611
-3021964619157344669,991133,1490737601
-9179588114033592114,991133,1490737602
-4167314439922945506,991133,1490737602
-5262168524122751772,991133,1490737593
-6785291532725196104,990890,1490737614
8746173665787425420,988312,1490737600
-5049344441951917678,989828,1490737606
1689150889492120153,989766,1490737615
-8277981775646395115,982331,1490737572
840030329815942804,990903,1490737577
-3480751535954837284,990903,1490737631
-1402012368498772956,990903,1490737624
1197915073417890908,989429,1490737585
1197915073417890908,990413,1490737585
-3226251787391289533,990413,1490737604
1197915073417890908,990110,1490737585
-6711192530057082190,990110,1490737630
1197915073417890908,990143,1490737585
2773820863797179538,991067,1490737606
5502336691106005541,991067,1490737574
-511934390069183821,991067,1490737592
2469999966721417764,991067,1490737614
-5693776562593552397,991067,1490737581
-1917555382921021456,990601,1490737617
8826314826894189356,990685,1490737622
1140200633659346230,990763,1490737604
-191296536413786721,990408,1490737609
6924843110474462634,990854,1490737595
4722742609625143469,990306,1490737574
7240167204853463380,989035,1490737628
-975164697969859625,990686,1490737626
-8415238744536152974,990686,1490737586
-7500188884806508855,990686,1490737581
1197915073417890908,991051,1490737585
-1629261732807955322,991051,1490737584
1583357045784526788,988347,1490737599
6824744128701208553,338252,1490737587
-7894240269062068111,991093,1490737631
-333359939418126929,990528,1490737602
-2186227130958218907,400893,1490737588
5828756736148454724,927606,1490737630
-4037888943196045263,991030,1490737630
324961912182014352,991030,1490737573
1655673292697680049,991030,1490737630
-1434401581524004883,991030,1490737630
8186740900052623863,991030,1490737623
8675305441670827306,991030,1490737621
-5444228480747135823,991030,1490737593
5934913903671181463,991030,1490737630
5361615159731512454,991030,1490737592
2058415544628478812,991030,1490737625
1862393562590141542,991030,1490737611
-2603605707615393144,991030,1490737603
-950135188174719463,991030,1490737623
7484861610605797245,991030,1490737627
-4211364353520002036,991030,1490737600
2746381803004664315,991030,1490737577
-6189590449017164488,991030,1490737607
-6772812564703658126,991030,1490737605
-2337554338275677134,991030,1490737585
6937378384301609276,991030,1490737622
-6424131739482395351,991030,1490737632
900338672764164986,991030,1490737623
-8680394365965777109,991030,1490737582
3005039186612830460,991030,1490737582
4111897788290319428,991030,1490737593
1249870764685995025,991030,1490737616
-190915601703793308,991030,1490737607
4219285007670198278,991030,1490737626
-6243542181765329388,991030,1490737630
-3690285815413272963,991030,1490737609
7661962736461755123,991030,1490737598
8387552370385002058,991030,1490737574
4783039818680097244,991030,1490737603
-758392735598445710,990735,1490737601
-758392735598445710,990682,1490737620
1197915073417890908,990795,1490737585
-1291842741287787444,990795,1490737576
1613422065637962898,961204,1490737578
-7418975234459092860,990376,1490737584
4517991597388449252,990376,1490737583
-429863178710930708,990376,1490737605
-3815732693196798459,990376,1490737607
2951619086172276141,990376,1490737613
1975953697612200438,990376,1490737578
6401105059749974403,990681,1490737619
-7158138634805924698,990681,1490737631
3342486666031806741,990969,1490737585
2250321735110155932,990969,1490737595
4354435150466174746,990969,1490737593
3092069700823675111,990969,1490737619
274645181487510047,990969,1490737632
3200777673875284182,990969,1490737632
-28463626123045405,990969,1490737620
9120441198277485158,990610,1490737573
-8896890239243439199,990860,1490737626
-3877446174703758407,990699,1490737608
-8713318695655850495,981453,1490737600
-7832535074700135901,989991,1490737607
-2886452311284467851,991103,1490737608
1178564225001805655,990925,1490737597
-5917721015633939874,990925,1490737597
7908756705304590900,990925,1490737600
5987664852503691366,990925,1490737580
-5750803462020385385,990925,1490737609
-2752260058102299191,990925,1490737612
1263539347967267770,990925,1490737611
-1022910840768036698,985873,1490737580
2628960075904104513,979175,1490737587
8648071850660014536,984572,1490737611
2934166994245998387,966480,1490737573
4250755622996524443,966480,1490737596
1197915073417890908,990500,1490737585
1197915073417890908,991060,1490737585
-3462033344105266845,991060,1490737632
1285888092096347266,991060,1490737603
-1629261732807955322,991060,1490737604
5389010807610257300,985962,1490737591
-4493912206746342832,990910,1490737621
-6991542869515488011,972937,1490737622
2922387759508220468,972937,1490737592
-4650054472656461660,990845,1490737603
3092672653586905223,194657,1490737572
7243674981829296628,990438,1490737590
-3960538161487957503,426938,1490737596
-3445040780681552219,991123,1490737630
-2469609700909805622,991123,1490737600
-5838012624559935982,991123,1490737580
-8684390421622723669,991123,1490737632
-2980881719219529108,991123,1490737611
2812122119614816772,991123,1490737575
-460154492882063577,991123,1490737605
-8399278832769636420,991123,1490737627
6866426536604276874,991123,1490737620
-5763573733550795450,991123,1490737587
-6275350946727218998,991123,1490737621
-3666411504292115537,990868,1490737617
1197915073417890908,980442,1490737585
6518458961045704844,986508,1490737612
-8907772960833599370,981937,1490737596
1197915073417890908,989069,1490737585
2645030545625791601,985003,1490737576
1195278826048019375,990536,1490737586
3968508418639170305,411038,1490737604
-5587258969339348665,990949,1490737575
-4033494032515028155,990949,1490737617
5194857709082411832,990949,1490737586
6007848737401251833,990928,1490737577
8085930691518940357,990928,1490737602
1197915073417890908,885523,1490737585
8682851172734438322,991082,1490737589
4750310506364068244,991082,1490737583
-1336444482526835380,991082,1490737580
-527041316998518154,991082,1490737632
1692991220335177669,991082,1490737633
1140200633659346230,990779,1490737604
1575225095327697678,991066,1490737614
5502336691106005541,991066,1490737626
-8198475309145165430,991066,1490737630
2773820863797179538,991066,1490737620
-608444421384289040,991066,1490737582
1197915073417890908,989880,1490737585
2780531387160193091,989880,1490737600
888258308312641664,990918,1490737579
1197915073417890908,990776,1490737585
1464974416449645357,990776,1490737583
3977144674442582846,990776,1490737630
-1121279840853625245,990776,1490737593
3189751036098817704,990776,1490737603
-191296536413786721,990331,1490737595
1283927204564793141,990637,1490737624
-5264285021188256355,941364,1490737611
4815811379592723084,941364,1490737631
6890604741456672029,990698,1490737590
-6334350232571531453,990698,1490737625
-6403822093910213719,988824,1490737578
-1291842741287787444,990794,1490737577
-6785291532725196104,990884,1490737623
1673447919781127957,991025,1490737581
8991459765485612126,991025,1490737604
2386761958997629041,408739,1490737619
1197915073417890908,986687,1490737585
840030329815942804,990905,1490737604
-4188066004591019752,904204,1490737593
8271338468478631639,346535,1490737622
592364157390370,990733,1490737629
3242550084444582046,990733,1490737611
-3226251787391289533,989533,1490737585
3963320257612515235,989533,1490737603
-432677475874082319,989533,1490737597
-55787494180156136,991080,1490737594
-6124995162560397609,991080,1490737619
-6645821940580613154,991080,1490737617
7383083241779208926,990783,1490737610
-7507346491792032898,343873,1490737630
-2509468562732019875,990846,1490737584
5670912173057431365,991099,1490737625
4960544970856096523,991099,1490737591
-2554669775868408333,991099,1490737604
-8896890239243439199,990970,1490737626
-1986461603253260779,990625,1490737614
-6711192530057082190,989083,1490737595
107240267575305166,984325,1490737594
1197915073417890908,990744,1490737585
-5116308528390285218,990672,1490737584
-4761270861641246497,990672,1490737624
-1671095475273663835,990672,1490737598
7993077407379556110,990672,1490737601
-2297410209967772194,990672,1490737576
2412437760507096541,990672,1490737590
6670983575633125921,990672,1490737628
2094616041773959587,990029,1490737619
-885917954090228451,990029,1490737584
-432677475874082319,990029,1490737628
-2603605707615393144,991040,1490737599
1197915073417890908,990707,1490737585
1546286715390105064,990707,1490737630
1197915073417890908,990102,1490737585
1937584435653321303,990102,1490737594
1193651006611389955,990102,1490737584
-9166320703779273806,990102,1490737626
-4437441216080126175,990102,1490737580
534518783268894698,990102,1490737630
-837784831368405571,990102,1490737578
7189341276169453908,990102,1490737628
-7775654957246887780,991068,1490737589
2721085916464579033,991068,1490737612
-3174830228022478294,991068,1490737622
1781568563514421432,991068,1490737614
8857020319322582325,991068,1490737586
4189750597203202905,991068,1490737591
8024436299275376378,991068,1490737591
1292358568114852201,991068,1490737630
-2438290198395017035,991068,1490737597
-8922614728593954344,991068,1490737579
2887103137650547274,991068,1490737581
5597309408837223883,991068,1490737612
-1079035221361833822,991068,1490737621
-8413829855346179556,988365,1490737584
-6515714806265087645,144378,1490737605
1197915073417890908,990996,1490737585
-5838049917006352390,990996,1490737608
369684904500948180,990996,1490737603
-5358316355243287652,990996,1490737591
5302674896462494879,990996,1490737614
8991459765485612126,990996,1490737588
-1447862576666048692,990996,1490737616
-8705690091672431610,990996,1490737594
-2371720558510250476,990996,1490737631
3821393247529901444,990996,1490737621
8159788551389102159,990996,1490737603
5825298424805831961,990990,1490737590
-2261785043886026540,990990,1490737623
-191296536413786721,990524,1490737581
7962214189262207423,989813,1490737625
2569783735614438669,990259,1490737584
1583357045784526788,988449,1490737600
5236778228598273235,939411,1490737584
888258308312641664,990927,1490737614
-4213160661126792412,990927,1490737587
3590249994018296434,990927,1490737617
-940535166369944176,990927,1490737618
1197915073417890908,990864,1490737585
-8263755042433856911,990864,1490737594
-7499238334603603104,990864,1490737633
3400962449769944392,990864,1490737625
471494888948297579,990864,1490737593
1661438956691158069,990864,1490737575
-28426016978823639,990864,1490737616
1363430070204949859,990864,1490737613
1142107448905111947,990864,1490737624
2863842766565179472,987894,1490737607
7243674981829296628,990439,1490737590
1197915073417890908,990274,1490737585
1197915073417890908,990649,1490737585
-1847133764100999335,990649,1490737628
4951703012947800736,990921,1490737630
8880945498561972566,990250,1490737578
7666277598030960204,991086,1490737623
-55787494180156136,991086,1490737588
4951703012947800736,990929,1490737608
888258308312641664,990929,1490737614
-3445040780681552219,991124,1490737628
-7524623862198468051,991124,1490737613
-68669519992070750,991124,1490737587
-8399278832769636420,991124,1490737611
-6275350946727218998,991124,1490737610
4422954274114809724,991124,1490737624
-6577049371904345876,991124,1490737578
-460154492882063577,991124,1490737595
-475002808054634227,991124,1490737628
-9032270462970844589,991124,1490737591
-3823978539391054933,991124,1490737599
6866426536604276874,991124,1490737615
-5336209834908520751,991124,1490737596
149632260116178110,991124,1490737594
6733702185090179031,991124,1490737620
-1228375084115245260,991124,1490737599
-3163089528115991116,991124,1490737595
-8407856849997873018,991124,1490737626
5940955359152941356,990243,1490737620
5502336691106005541,991071,1490737599
2773820863797179538,991071,1490737620
3096134699753103050,958374,1490737591
-273876375210475011,990754,1490737589
-3641710477783450947,990754,1490737597
8746173665787425420,988315,1490737575
-7832535074700135901,989992,1490737602
-6785291532725196104,990901,1490737602
-8340813917225614338,990901,1490737581
840030329815942804,990901,1490737629
-3867068630369032966,938401,1490737583
-4498527792615524972,990772,1490737621
9104387932266253034,972031,1490737614
1197915073417890908,990224,1490737585
7257335858479184301,991088,1490737588
-2654426831323542346,991088,1490737616
2762547170867230024,991088,1490737599
-3815504947756265576,991088,1490737632
1197915073417890908,990724,1490737585
902885418049605770,990724,1490737627
-2606643556939201345,990724,1490737625
-1662999230714331671,990716,1490737627
7165679335400998503,988818,1490737629
2800824338278443228,988818,1490737632
-1095503226349709811,991045,1490737609
-8504876090535052121,991045,1490737576
369684904500948180,991045,1490737616
-5358316355243287652,991045,1490737605
8991459765485612126,991045,1490737597
5302674896462494879,991045,1490737620
-1629261732807955322,991045,1490737594
1197915073417890908,990706,1490737585
1197915073417890908,988165,1490737585
-6580069603797320284,989231,1490737600
1197915073417890908,989231,1490737585
7243674981829296628,990471,1490737578
4750310506364068244,991078,1490737597
-7513654739987453870,991078,1490737609
-7201309008903849743,991078,1490737627
-6493258389576601689,991038,1490737607
1249870764685995025,991038,1490737583
-1415611531680906393,991038,1490737594
-830661245446702716,991038,1490737627
4819425483096066239,939167,1490737609
7532167168291288019,939167,1490737598
-425078649727298215,991106,1490737613
6750707098453092586,991106,1490737604
-3081289170972327925,991106,1490737621
-1936582777086978329,991106,1490737577
-8497449960211061999,991106,1490737599
-4513059510657988550,991106,1490737582
-2054323373973052396,991106,1490737628
1501573605504884475,991106,1490737620
-1819478197393789276,991106,1490737582
-9133909359968229191,991106,1490737613
-5471053809549388570,990935,1490737624
-5968244035364813331,990935,1490737582
1197915073417890908,990289,1490737585
3682575486858591658,157218,1490737585
-3959545905813795926,974441,1490737584
8014623768485643380,974441,1490737625
-4493912206746342832,990805,1490737621
700372431395536960,953848,1490737624
-7233988559057595093,990679,1490737590
2021774030085218938,414267,1490737630
-5264285021188256355,967456,1490737584
-7158313000252835177,990781,1490737603
1197915073417890908,990777,1490737585
8248345061704171715,990777,1490737612
-382237065017011223,990777,1490737611
-2788099513732947288,990777,1490737595
8892094486775608968,990640,1490737609
-2884031284125511009,991061,1490737631
-950135188174719463,991061,1490737601
-2530876981483750606,991061,1490737609
5959950465376010040,959327,1490737592
1252564130384117319,959327,1490737590
-491326647564081831,945295,1490737617
-2603605707615393144,990907,1490737628
-7942684180362094552,991130,1490737630
-7168524716301495913,991130,1490737602
-7232032212471560220,991130,1490737589
6898916526216019860,991130,1490737584
8868943172208511783,991130,1490737613
-6061503698610111236,991130,1490737622
-3292098409317035603,991130,1490737627
1283927204564793141,990647,1490737624
840030329815942804,990700,1490737629
-6785291532725196104,990700,1490737584
-1819478197393789276,991109,1490737582
-8497449960211061999,991109,1490737589
-7811371979006933574,991109,1490737599
-2054323373973052396,991109,1490737628
-3081289170972327925,991109,1490737598
1501573605504884475,991109,1490737620
5438633469595510186,991109,1490737600
659559495756667274,991109,1490737632
4972946676375442190,950961,1490737580
-1986461603253260779,990630,1490737604
1142107448905111947,991050,1490737601
6320077331871695224,991050,1490737594
3326801689179033193,991050,1490737579
-2804980718605439363,991050,1490737596
-3960538161487957503,426931,1490737596
-1986461603253260779,990628,1490737607
5389010807610257300,988817,1490737624
-3462033344105266845,990787,1490737579
1520495970332253928,990787,1490737590
1263539347967267770,990787,1490737603
-1079035221361833822,990787,1490737610
5585502846517313281,990787,1490737603
-5116308528390285218,990787,1490737612
-8705690091672431610,991064,1490737594
1975505731369858430,991064,1490737629
-3666411504292115537,990878,1490737614
-6136221350009356368,990878,1490737618
-1001781990832996267,990878,1490737600
997026280213270946,990878,1490737596
6558934563998189259,991136,1490737588
-7815668250148968400,991136,1490737632
8740392408569043851,991136,1490737613
-1629261732807955322,991046,1490737608
-4893072559680699670,880877,1490737602
1197915073417890908,988158,1490737585
-2509468562732019875,990751,1490737612
471494888948297579,990445,1490737593
-2440857944257710124,990033,1490737622
8206920658223625477,990741,1490737632
8476483226118337337,990741,1490737628
1197915073417890908,989643,1490737585
-7991573838524788929,925169,1490737627
6596250235434562086,990922,1490737610
-3480751535954837284,990922,1490737582
7597700139166917568,990922,1490737615
-4506470366038549150,990922,1490737600
7054727487934161916,990850,1490737614
-6267162506751660622,990850,1490737600
1464974416449645357,990850,1490737578
-6434825953250426321,427009,1490737612
1197915073417890908,990483,1490737585
-3155884222148781322,990483,1490737634
1197915073417890908,973009,1490737585
1975953697612200438,990957,1490737577
-6482244124687442220,991000,1490737592
549036164566408322,990748,1490737616
7590779088627503308,990748,1490737608
2165091660952198613,990748,1490737583
-6219971835803797315,990748,1490737581
1197915073417890908,990383,1490737585
-7907914040176875605,990383,1490737597
-4005424529750444270,990383,1490737591
5993662471811319516,990383,1490737582
-4276058257394772241,990383,1490737598
-8516262593797371356,990383,1490737579
2035251145713427674,990383,1490737578
7975131932151425358,990383,1490737598
-7805156244310996595,990383,1490737615
-758392735598445710,990383,1490737620
-7773064172784102819,990383,1490737582
2195302814607699529,990852,1490737598
2653405313003391931,990852,1490737632
-334429916908540514,990785,1490737617
-1717380871849838209,990785,1490737591
8252646542424385256,990785,1490737623
-4974112280398599049,990785,1490737613
-8446985412049333068,990820,1490737576
-2261785043886026540,991001,1490737577
5825298424805831961,991001,1490737577
-5177781367765747623,990889,1490737628
-2603605707615393144,990889,1490737633
1197915073417890908,987208,1490737585
3319907862578373825,988636,1490737613
-4959084883634558333,990605,1490737622
5707429080647983885,990605,1490737588
832751680026566945,990605,1490737579
-3213774712744635918,990605,1490737611
-8446985412049333068,990605,1490737630
-3924899713272608938,990605,1490737633
3779572339058670119,990605,1490737606
2392829657426883397,990605,1490737630
1197915073417890908,977005,1490737585
7434107756805524097,991135,1490737580
9147260351476186837,991135,1490737576
-3606264150131207313,991135,1490737593
-3163089528115991116,991135,1490737595
-475002808054634227,991135,1490737605
-7942684180362094552,991135,1490737630
7441827532217779579,991135,1490737610
-2825519505629303792,991135,1490737589
-8503826675492207461,991135,1490737594
-6721895254053791360,991135,1490737634
-6587081912853669246,990766,1490737612
1197915073417890908,990092,1490737585
4671490724903587896,990981,1490737585
-6366280172383628919,990715,1490737628
9217636376161871720,990715,1490737631
-1051098537867537780,986916,1490737602
-8710306821142946721,978394,1490737574
-805155311324237670,990997,1490737595
-3588145015916220453,958986,1490737629
-1629261732807955322,991058,1490737592
1533832518991991889,163258,1490737578
7188851166165199976,990875,1490737620
8880945498561972566,990875,1490737617
840030329815942804,990881,1490737584
-7715086500863994864,991108,1490737620
-3879308907993710768,991108,1490737607
-5118913312052253430,991108,1490737589
5821604089209256923,991108,1490737595
-6753798981382301499,991108,1490737601
-8004801370447674611,991108,1490737634
-9086691789078890600,991108,1490737635
7097573220387524463,991108,1490737612
1613422065637962898,966378,1490737578
-830361786684545064,987599,1490737603
5821604089209256923,991076,1490737586
3589718024866422616,991076,1490737635
3318676046744773684,991076,1490737593
-4542574549507188235,991076,1490737612
4441166172148924495,991076,1490737579
840030329815942804,990831,1490737614
840030329815942804,990792,1490737591
1197915073417890908,990653,1490737585
5390973689522752429,990653,1490737623
5215041831429590897,989184,1490737628
2008909705577185390,989184,1490737621
656278785558564858,989184,1490737619
-8903368727976190644,989184,1490737609
-6735557212726156846,989184,1490737598
-826954255015816295,989292,1490737580
-8907772960833599370,990299,1490737590
-2765533934456141887,341598,1490737625
-3213774712744635918,990342,1490737625
5707429080647983885,990342,1490737588
-4959084883634558333,990342,1490737622
7054727487934161916,990945,1490737608
-6267162506751660622,990945,1490737594
1464974416449645357,990945,1490737578
2234287072902880651,990814,1490737598
1197915073417890908,990888,1490737585
-6785291532725196104,990888,1490737623
-2603605707615393144,990888,1490737633
8991459765485612126,990894,1490737633
-6785291532725196104,990894,1490737606
-8340813917225614338,990894,1490737581
-5177781367765747623,990966,1490737587
-7790701659288124815,990966,1490737618
-5524958445236018054,962214,1490737632
343514545671829725,985536,1490737598
1249870764685995025,990951,1490737616
-1415611531680906393,990951,1490737603
-830661245446702716,990951,1490737635
-6493258389576601689,990951,1490737607
2800824338278443228,988823,1490737622
6750085583523965855,988823,1490737601
-2129087019601799730,988823,1490737614
6750085583523965855,989539,1490737631
-4177088144052086598,990404,1490737591
-1986461603253260779,990633,1490737574
-8176889690844703829,989447,1490737600
-1181656907449757648,342840,1490737603
6403421651112177500,990879,1490737599
-6267162506751660622,990879,1490737581
7764712793092491042,990879,1490737634
-2282215564324018118,990879,1490737593
6045880895542914142,990879,1490737604
1464974416449645357,990879,1490737595
4842621698726899005,990879,1490737633
2080489937809536022,990879,1490737588
1419806489117850438,990879,1490737587
-3815504947756265576,990879,1490737579
-3155884222148781322,990694,1490737597
-2709899755202665767,990737,1490737627
4819425483096066239,990738,1490737609
7532167168291288019,990738,1490737598
-2255975317940138048,990738,1490737622
5960545170690588469,990738,1490737632
8683357724086473230,990738,1490737625
8880945498561972566,990738,1490737627
-7418975234459092860,990703,1490737631
-3213774712744635918,990703,1490737596
1766840726467200072,990703,1490737631
8851688960494919479,990703,1490737629
-7421872827262218700,990662,1490737611
4722742609625143469,987650,1490737619
4586071371640265763,990461,1490737632
-830661245446702716,991042,1490737605
2572002275477821906,967404,1490737579
1197915073417890908,989181,1490737585
-3641710477783450947,990750,1490737628
-1615083961244281441,989734,1490737581
-8710306821142946721,978385,1490737607
8028046818786916513,991083,1490737622
-5034757587800892820,991083,1490737578
8149960332416112252,991083,1490737621
8605808032751010209,991083,1490737619
-55787494180156136,991083,1490737585
1744180013158873844,991083,1490737597
7827054555754934390,991083,1490737632
-5741534370221648119,991083,1490737621
200879494181300208,991083,1490737611
8130370918660528248,991083,1490737587
-1291842741287787444,990806,1490737615
4224831932255493088,990806,1490737576
-7421872827262218700,990806,1490737595
9008454134819206523,963752,1490737584
-4552775074818123056,991134,1490737613
-7871559090451345338,991134,1490737628
-5808344783763997021,991134,1490737594
409556472889394920,991134,1490737629
3377457083790157595,991134,1490737609
5148988708025049502,991134,1490737624
-6390993392923894298,991134,1490737597
-3663463057750295920,991134,1490737589
-7755266563883609883,991134,1490737600
8272962150366971728,991134,1490737601
215528581391630000,991134,1490737629
-4997017846822680616,991134,1490737635
8705642970081836704,991134,1490737597
6258893264855426746,991134,1490737591
8019660407098774435,991134,1490737597
-5965673996376292999,991134,1490737589
7157177319462441446,991134,1490737618
-1060799426640077974,991134,1490737623
-7319522390465020652,991134,1490737634
8729229260296368631,991134,1490737623
-2000780748812172602,991134,1490737614
-9035121060454499521,991134,1490737608
-5671487037059843354,991134,1490737629
5044704420550065837,991134,1490737634
-5617330507862366858,991134,1490737632
5031495875607893935,991134,1490737578
6669090547005713614,991134,1490737623
8892094486775608968,990644,1490737583
-7507346491792032898,343872,1490737630
-2777716309185531154,990774,1490737605
1464974416449645357,990774,1490737580
-333359939418126929,990541,1490737578
6462504961322988873,990541,1490737586
-1402012368498772956,990919,1490737624
-3480751535954837284,990919,1490737630
3814597774820733516,990919,1490737582
6596250235434562086,990919,1490737610
1197915073417890908,990742,1490737585
-4493912206746342832,990962,1490737607
-5917721015633939874,990962,1490737628
-3292280102477596048,990962,1490737618
-5713666518216082447,990962,1490737630
8746173665787425420,988310,1490737632
-3641710477783450947,990752,1490737609
-273876375210475011,990752,1490737589
8746173665787425420,987993,1490737579
-6548098018561780946,987543,1490737605
-5885849470519747065,152280,1490737613
-4075155195950807430,991128,1490737592
1295635027226496769,991128,1490737603
-5808344783763997021,991128,1490737610
-7970576143468611740,991128,1490737601
3377457083790157595,991128,1490737620
-2984565893400743192,991128,1490737625
942195096731392899,991128,1490737579
-7945904443014328791,991128,1490737625
6987253398382218032,991128,1490737604
-1339128167389326768,991128,1490737617
-7871559090451345338,991128,1490737634
2454578224044377772,991128,1490737585
-8386001757469304244,991128,1490737633
-4552775074818123056,991128,1490737617
2136269978089179782,991128,1490737595
9042123940975010863,991128,1490737635
7070896692736817124,991128,1490737595
6866426536604276874,991128,1490737609
409556472889394920,991128,1490737629
7190022310350561089,991128,1490737626
-1360691700625805466,991128,1490737605
7675766986919668470,991128,1490737616
-6256124700326766759,991128,1490737623
1197915073417890908,990568,1490737585
-2233269260545993502,990568,1490737578
-836974331879944084,991026,1490737583
2058415544628478812,991026,1490737624
8186740900052623863,991026,1490737583
-4211364353520002036,991026,1490737635
-950135188174719463,991026,1490737623
5361615159731512454,991026,1490737593
7396365730305976250,991096,1490737596
5597309408837223883,991096,1490737582
-5750803462020385385,991096,1490737587
-2438290198395017035,991096,1490737581
-4513059510657988550,991096,1490737588
5201481011258099231,991096,1490737612
-2300303374975217889,991096,1490737624
7741357238634204715,991096,1490737618
5660780070816315853,991096,1490737633
-2603605707615393144,990914,1490737631
-8360359295369998955,986208,1490737613
1197915073417890908,990175,1490737585
2121511708096206568,902834,1490737609
-8580717508624344678,902834,1490737617
5723135497708010764,958274,1490737619
1197915073417890908,990067,1490737585
1197915073417890908,990822,1490737585
9217636376161871720,990822,1490737631
-856717277153949494,990822,1490737607
-8861118843094628336,990822,1490737584
9142760881602471144,990822,1490737608
-4893072559680699670,344719,1490737603
1197915073417890908,990358,1490737585
-1051098537867537780,986056,1490737605
-3462033344105266845,991102,1490737611
4019513580707068175,991102,1490737618
-7039968305583577429,991102,1490737596
7741357238634204715,991102,1490737609
5660780070816315853,991102,1490737630
-1936582777086978329,991102,1490737627
5201481011258099231,991102,1490737598
-8497449960211061999,991102,1490737634
-5523753167896796777,991102,1490737591
6750707098453092586,991102,1490737614
-4513059510657988550,991102,1490737587
-7715086500863994864,991102,1490737623
-2054323373973052396,991102,1490737634
1221362713835680651,991102,1490737619
-425078649727298215,991102,1490737613
-7468318831975469538,991102,1490737627
-3879308907993710768,991102,1490737607
723055399953220549,991102,1490737612
-8785028778889766769,991102,1490737614
5522139108356465981,991102,1490737616
-709478355801702673,991102,1490737631
-3081289170972327925,991102,1490737621
1197915073417890908,990509,1490737585
3749217795660312182,410317,1490737578
-2571764619289351020,939391,1490737582
1197915073417890908,988588,1490737585
-6807698367618584867,989618,1490737575
1197915073417890908,965095,1490737585
-6895352187419988779,990683,1490737608
2807121908835319244,990802,1490737579
-7416308470068754067,990802,1490737636
2498171446685261756,988179,1490737616
2234287072902880651,990813,1490737598
-1986461603253260779,990626,1490737618
-8710306821142946721,978391,1490737577
-5909908011537958697,415366,1490737601
1197915073417890908,987285,1490737585
1606908663949872870,990669,1490737626
3458302727823872219,990980,1490737599
3400736566405957641,990980,1490737596
-1415674810231544734,990980,1490737628
7653508344869860158,990980,1490737584
2661632597705758128,990980,1490737593
8063448025285955214,990980,1490737591
-998886638765377610,990980,1490737616
-5868043051640988792,990980,1490737596
-6758806183043088445,990980,1490737605
-8712467580079665084,990980,1490737589
-1200416090127308950,990980,1490737589
5302674896462494879,990980,1490737590
-3202065517869742892,915887,1490737574
-3877446174703758407,990695,1490737603
-2261785043886026540,991009,1490737623
5825298424805831961,991009,1490737585
-5392826387493593053,990856,1490737594
-2509468562732019875,990856,1490737604
-8710306821142946721,990856,1490737611
310215815219215537,990856,1490737623
-3847889610000534624,990856,1490737633
-3465893589562023418,79481,1490737594
-2006454575267851935,342222,1490737628
-191296536413786721,989854,1490737616
-511934390069183821,991069,1490737576
4750310506364068244,991069,1490737609
-7688541851652650571,991069,1490737625
-5693776562593552397,991069,1490737581
-622951122165813093,991069,1490737629
-3798085200416520878,991069,1490737628
7240167204853463380,991069,1490737602
-8922614728593954344,975858,1490737579
5597309408837223883,975858,1490737612
8024436299275376378,975858,1490737579
8151558015649694597,975858,1490737589
-2438290198395017035,975858,1490737597
-5750803462020385385,975858,1490737600
7396365730305976250,975858,1490737603
-2886452311284467851,991092,1490737616
1197915073417890908,990920,1490737585
-688636958427784750,990920,1490737602
6711178317439872839,990920,1490737629
-5403579790842056069,990920,1490737590
4155640393013936276,990920,1490737588
-9131657330882450959,990920,1490737592
-5587258969339348665,990920,1490737578
5094324147253426840,990920,1490737617
5258595395810711842,990920,1490737614
-8926416482780608117,990920,1490737589
4549409234073648639,990920,1490737610
-1415674810231544734,990920,1490737628
3028553582359057842,990920,1490737610
3458302727823872219,990920,1490737599
-6248541879718704197,990920,1490737623
-3815504947756265576,990920,1490737613
5133619827357510505,990920,1490737622
-163997934083167413,990833,1490737606
8484103479669238736,990991,1490737593
1805507598590290106,990991,1490737634
-9131657330882450959,990991,1490737615
-688636958427784750,990991,1490737609
-2818961546846182548,990991,1490737587
9026141364925844099,990991,1490737609
2645030545625791601,988107,1490737574
-1662999230714331671,990714,1490737627
6825436438077257864,990714,1490737615
4594392539642755496,990714,1490737577
-3479077373283346441,990871,1490737601
-2980506307058127428,990871,1490737582
8991459765485612126,990871,1490737636
-6912813627084367263,990871,1490737589
-7349452323745939404,98276,1490737602
-4107017322106409143,991111,1490737587
-5763573733550795450,991111,1490737636
-68669519992070750,991111,1490737618
6609527047114749765,991111,1490737618
-460154492882063577,991111,1490737623
1501573605504884475,991111,1490737585
-2980881719219529108,991111,1490737625
-5838012624559935982,991111,1490737630
1197915073417890908,990614,1490737585
-7413052930079985767,990520,1490737594
2250321735110155932,990971,1490737596
-3375291899587444113,990827,1490737611
8602958657113216568,990827,1490737634
6049645677368595707,959897,1490737595
6353544135738738422,978998,1490737606
2777547058374515694,978998,1490737627
-7158138634805924698,990677,1490737631
6401105059749974403,990677,1490737614
441581936853364706,990765,1490737589
1197915073417890908,990765,1490737585
5365439877377944678,990765,1490737628
6510602156313668871,990765,1490737615
-4995646329732850822,990765,1490737593
-8095598825805439709,990765,1490737577
1197915073417890908,990620,1490737585
-758392735598445710,990426,1490737609
-2752260058102299191,991125,1490737601
-3823978539391054933,991125,1490737592
6866426536604276874,991125,1490737612
2454578224044377772,991125,1490737613
5499796896748591575,984941,1490737594
-6124995162560397609,991079,1490737619
6463242428976702044,991079,1490737592
-6645821940580613154,991079,1490737635
8916538876804202622,991079,1490737635
6301310176638557882,991079,1490737587
1014748223660855842,991079,1490737577
-306047336095517391,991079,1490737590
8165949836497152614,953136,1490737582
2800824338278443228,989370,1490737632
1104930505488463059,988303,1490737611
4357457747325297984,990861,1490737630
-4271819645240903855,990861,1490737577
7386801933508586006,990604,1490737583
-8176889690844703829,989748,1490737619
-3588145015916220453,958988,1490737629
1197915073417890908,990455,1490737585
4586071371640265763,990455,1490737618
-8896890239243439199,990967,1490737590
2131792662409954620,989565,1490737630
-6234900049044424141,989565,1490737601
6558934563998189259,989565,1490737595
-1022910840768036698,989664,1490737616
1722116338739909391,989664,1490737614
3857844928795786832,991129,1490737622
-2752260058102299191,991129,1490737590
-2303740999312528016,991129,1490737616
1399110898973927860,991129,1490737591
2454578224044377772,991129,1490737613
-3823978539391054933,991129,1490737585
-7970576143468611740,991129,1490737621
6866426536604276874,991129,1490737611
942195096731392899,991129,1490737596
7070896692736817124,991129,1490737612
-4300680633975839015,991129,1490737599
-708444502376564059,991129,1490737583
-7664851889028248623,990998,1490737581
-836974331879944084,990998,1490737625
-2814051755876460188,990998,1490737616
-2664040570976459018,990998,1490737627
-2446137347051914977,990998,1490737608
7676687530542493021,990998,1490737588
-2254579925398229638,990998,1490737634
8036062424148238889,985107,1490737580
-5471053809549388570,990943,1490737612
838191679144398993,990943,1490737620
4455215322666537353,990943,1490737594
1345617095528148228,990943,1490737578
5230005669480037068,990943,1490737602
1725670749531737839,990943,1490737597
-1925646846058855520,990943,1490737622
2370095386046616753,990943,1490737600
-770512261033460002,990407,1490737614
4313816273850632319,990407,1490737591
4324360323763794777,990407,1490737635
-3924899713272608938,990407,1490737601
2807121908835319244,990407,1490737590
363366497531063559,990407,1490737622
-2709899755202665767,990722,1490737627
-2654426831323542346,991075,1490737605
4647133497508759672,991075,1490737589
1292358568114852201,991075,1490737588
1197915073417890908,986986,1490737585
4722742609625143469,986986,1490737619
-2184587558312385723,988250,1490737623
9185702764240274491,990807,1490737626
-8117160638088231154,991018,1490737596
6401105059749974403,990693,1490737606
-7158138634805924698,990693,1490737612
6476719608320360872,990693,1490737626
-6334350232571531453,990693,1490737624
-7370925962919752115,990693,1490737594
-1247520570670515178,990693,1490737604
777940132683499649,990693,1490737619
4357457747325297984,990693,1490737630
8248345061704171715,990693,1490737612
5512930039433359729,990693,1490737595
-2756751541791095821,988454,1490737609
1197915073417890908,988454,1490737585
-4276058257394772241,988454,1490737593
394746273284305526,988454,1490737599
-708656484917373374,988454,1490737580
5586088734317092713,988454,1490737621
1805507598590290106,988454,1490737594
777940132683499649,988454,1490737582
-3137992894554354684,988454,1490737585
280129782190468229,988454,1490737632
7467563847705986107,988454,1490737627
2934166994245998387,988454,1490737599
1810579615918504494,988454,1490737592
6043486712309566589,988454,1490737579
6147488130103104604,988454,1490737581
-1831383691734908682,988454,1490737635
-1560461788687977935,988454,1490737587
6433686923311045180,988454,1490737635
858613467643335931,988454,1490737618
7342952196858186786,988454,1490737589
7529377002013793917,988454,1490737630
3088515402265191444,988454,1490737617
-5716994930126581185,988454,1490737624
1512152264074704922,988454,1490737592
8154542645695278778,988454,1490737582
-3492127614891977381,988454,1490737633
2066205334163863118,988454,1490737621
6822677260294687302,988454,1490737636
3028553582359057842,988454,1490737618
2721085916464579033,988454,1490737613
-5676166187339589885,988454,1490737610
-4516246215947755480,988454,1490737617
-6248541879718704197,988454,1490737626
3323342475671934810,988454,1490737589
-8277981775646395115,988454,1490737589
-1901121970993436755,988454,1490737611
-5181245341628668864,988454,1490737606
6571746292946891958,988454,1490737606
5505344750739957422,988454,1490737600
