542841646705970684,990082,1490574476
3180047821674766294,989831,1490574450
4863937161633356910,949233,1490574431
-3043224138511681525,989808,1490574489
-6405479513316311740,989808,1490574446
1323692238052727896,990093,1490574431
-6508356648419214660,990093,1490574488
-8571748503181944488,990093,1490574441
5487442129627235150,984310,1490574454
5749512172732059090,986916,1490574488
-977903478557385604,989813,1490574460
-5570317180486984424,95605,1490574482
7352771982576281750,988710,1490574452
-1170356696727808995,989942,1490574435
-4881413597729036698,990045,1490574483
3696712681609190546,990160,1490574480
-6100129118841184926,990160,1490574484
-389490818840479452,990050,1490574463
-6121779361454419635,990050,1490574465
4940774125366581230,990090,1490574432
-3760667892271062105,990090,1490574469
6121020376865140821,990090,1490574464
7315067544601192591,990090,1490574431
-4025325247440827003,990090,1490574440
-3056396000096992927,990090,1490574461
-6396719231055731371,989772,1490574449
-7219361571015508543,908190,1490574483
3615876510042316071,990119,1490574476
-9104645210677943315,990119,1490574488
-6273352982789607598,990119,1490574437
6322943603667995602,989981,1490574473
3069576310390194233,989981,1490574487
-539471150639278599,989981,1490574445
2577689884651340435,343024,1490574485
2027561812089638029,988476,1490574439
6626587283749848347,988476,1490574480
3596995778312932334,988476,1490574469
5552724630767974864,987882,1490574473
-7236138981256568771,987882,1490574479
4797495997933363825,987882,1490574462
-1335638482601358702,990078,1490574474
-1719548219349384400,990078,1490574464
6279516432878229072,990067,1490574457
4402473098783073880,988588,1490574473
8903916202217654777,988588,1490574487
8899251842800588588,988588,1490574444
2727716369514850886,988588,1490574482
-5124417189023137871,988588,1490574478
5426044219127310378,988113,1490574462
-1089617182286880536,988113,1490574437
-2952896005349010828,988113,1490574486
-4950752861652430950,989799,1490574437
-6156611611563351083,989799,1490574470
-1426813800708414127,990034,1490574451
2861918907070370619,989181,1490574448
-5241181343438341893,990140,1490574438
9085078917231075663,990140,1490574479
6626587283749848347,990140,1490574478
-4962581845991543720,990140,1490574480
-7679842407380242881,990137,1490574461
3328184923034786719,990137,1490574475
4895182893357904619,990137,1490574453
-6495755067216180346,990137,1490574443
5599928325031161227,990137,1490574455
3016650972923467126,990137,1490574479
-8266431646627320806,990137,1490574457
-8055639875624917688,989548,1490574475
6322943603667995602,990020,1490574473
-9187577368652116666,985873,1490574437
-5281919683959795143,911536,1490574446
8907198550358962392,2888,1490574475
6068494491846364278,987571,1490574471
-2955108512458795637,986687,1490574484
-575114682080311362,986687,1490574463
-8876080964403922197,986687,1490574457
7315067544601192591,986687,1490574448
4652449822042974606,986687,1490574457
-5124417189023137871,986687,1490574455
9046403631635357772,990112,1490574441
-6273352982789607598,990112,1490574470
255342937262623163,990112,1490574442
-4896134135917045675,989844,1490574468
5599928325031161227,990134,1490574478
4895182893357904619,990134,1490574465
-7679842407380242881,990134,1490574473
-6495755067216180346,990134,1490574456
8956413182558683038,989753,1490574461
-6273352982789607598,990113,1490574461
255342937262623163,990113,1490574441
3615876510042316071,990113,1490574486
3892807088913075206,990161,1490574479
-5582289862783513845,990161,1490574476
-5433219782902922533,990161,1490574458
4256062135915304607,990161,1490574465
7850090901680055471,990161,1490574461
5328504272136090684,990161,1490574478
-6204539317906573596,990161,1490574433
1224165323614383223,990161,1490574466
8505184601967132873,990161,1490574459
-4180851203299708776,990161,1490574435
-6963235353564310451,990161,1490574483
-2810044675701289890,990161,1490574438
-5613681048594636139,990161,1490574469
-8974687778480051071,990161,1490574461
-3014730559990494667,990161,1490574446
-8496215693780687063,142126,1490574464
-6114444588675769644,986967,1490574462
5646203915817984122,987933,1490574453
608482048686271970,990014,1490574446
-544743506295365281,990014,1490574445
-1335638482601358702,990014,1490574439
3490200000404747709,989108,1490574481
5382440538667264218,989511,1490574443
-3609281105248045712,987168,1490574436
499333653508256759,987168,1490574469
-497221995739626225,987168,1490574439
-8031163097760619135,985005,1490574489
7666929838342546643,990116,1490574456
847702604193361619,990116,1490574484
255342937262623163,990116,1490574437
3615876510042316071,990116,1490574486
-6273352982789607598,990116,1490574445
-9104645210677943315,990116,1490574488
5382440538667264218,989425,1490574476
6698222241790095321,989975,1490574474
-544743506295365281,990013,1490574478
-389490818840479452,990108,1490574462
-6121779361454419635,990108,1490574465
2929668000775024943,990108,1490574481
-4158378227823362612,990108,1490574462
-2757981067001021188,990108,1490574443
-7365781735268534310,990108,1490574434
-6278808121642672906,990157,1490574440
3090546309636261456,990157,1490574487
-1227236294055344919,990157,1490574433
5744673977738433009,990157,1490574475
765349141105795546,990157,1490574453
-921777620100809289,990157,1490574446
5411803036224899146,990157,1490574433
1191846882629288996,990157,1490574436
-938880035213300072,990157,1490574441
5407170085439472250,990157,1490574473
2503258842995633505,989985,1490574448
-5863411706286285813,989985,1490574461
-4669925188407938,989985,1490574440
3435364512836247560,989985,1490574465
-7679842407380242881,990126,1490574488
-3348790508259451400,990126,1490574483
2873101358406260812,988517,1490574489
620604956263765173,988517,1490574476
-7657599429266873651,989624,1490574465
4097619636536928914,974441,1490574468
-2667576540052113713,974441,1490574489
3653044016372796979,974441,1490574446
-7173291179919016455,989145,1490574477
5640128178072004251,989145,1490574485
-764495859436429201,988973,1490574456
-1424985264358885140,988973,1490574451
-8681654969807200054,989562,1490574450
6404849713041324446,989562,1490574434
5487442129627235150,990048,1490574437
1621108359552973999,990048,1490574457
-3461922484122429747,990048,1490574483
-2961962030962109919,990048,1490574432
-5089664024537592411,990048,1490574462
7775608441253822396,990048,1490574468
-6057943748379411074,990102,1490574459
-1799523407858756106,990102,1490574460
-4728735827566477725,990102,1490574478
3095573505704898418,990102,1490574448
-6117974795559610717,990102,1490574462
5420792551478313850,990102,1490574466
-3116181217867807963,990102,1490574487
7775442107615990686,990102,1490574470
-7396488697225045288,990102,1490574465
-4068719894797814478,990102,1490574442
2527980037393137844,990102,1490574479
-4933088211039208960,990102,1490574482
-5805254307539731105,990102,1490574470
2644476262673601056,990102,1490574475
8415498272146371648,990102,1490574430
7535021158273101059,990102,1490574488
6772429213115399664,990102,1490574463
-867325063705719931,990102,1490574463
-298074064142349729,990102,1490574473
-6740456032204859341,990102,1490574449
-1089617182286880536,990102,1490574442
449141342484399890,990102,1490574432
-2006802106960928459,990102,1490574462
-2753044717813942455,990102,1490574475
1815886105449403631,990102,1490574472
2539295622325503220,990102,1490574471
6121604703253669863,990102,1490574433
-1530047008146672564,990102,1490574429
-8789213769005342916,990102,1490574463
3180047821674766294,990102,1490574473
-3193067409490759447,990102,1490574483
589776962255504380,990099,1490574431
-4137702100522177874,990099,1490574464
-7011950949895692097,990099,1490574475
-3292431170510677500,987758,1490574440
2770246487324218178,987758,1490574458
1482433665015719511,987758,1490574448
-3235794719175864049,989997,1490574480
-7387354265151205973,989969,1490574437
8956413182558683038,989751,1490574473
-8319936049530699244,990150,1490574450
-6197898415804228023,990150,1490574466
-5637133026804084009,990150,1490574483
3747531769574336623,990150,1490574478
311576962952374074,990150,1490574482
1817392808390300960,990150,1490574487
-8229557960157819550,990150,1490574477
7004443991775912839,990150,1490574484
-2593368078197306012,990150,1490574436
-1227236294055344919,990150,1490574471
-8576946837288156488,990150,1490574436
-5311333283677897099,990150,1490574462
-1364227990824755363,975304,1490574440
-8180931498641586940,980459,1490574482
904879371887086694,989807,1490574479
505441747048814133,990058,1490574487
6668322904417777681,990058,1490574447
4402589406146717317,990058,1490574485
-544743506295365281,990015,1490574478
-5401536022816956309,988484,1490574443
-2609126866463207780,988484,1490574469
6553059307273969776,988484,1490574440
-9055602496756992863,986185,1490574452
-5023402852843101843,986185,1490574467
-157831643789758305,989575,1490574471
-6665553139048943573,989964,1490574430
2676974664645403798,990098,1490574450
589776962255504380,990098,1490574431
-4137702100522177874,990098,1490574464
-6056737098201546436,989823,1490574470
-3359802695137912097,989823,1490574439
-3825294985870802858,990075,1490574462
6753935134558170737,988880,1490574475
-1406998990971545497,986756,1490574478
-8180931498641586940,980179,1490574482
-9104645210677943315,990115,1490574439
2503258842995633505,990115,1490574483
-2536455801164472476,953427,1490574431
-7146137574096591825,990054,1490574478
-4415633705913654717,989818,1490574482
-2127737723890009550,988394,1490574471
-6250127210891923274,989865,1490574489
-7880254425065997083,989865,1490574435
-4776325497090285349,989865,1490574480
-2757981067001021188,990110,1490574443
2929668000775024943,990110,1490574464
9200404121283565221,990110,1490574451
-5560549366268327759,990110,1490574471
-6121779361454419635,990110,1490574432
1481646674437366028,990110,1490574448
6245702368869456621,990110,1490574472
-7994046256488362699,990110,1490574485
2908485564484964882,990110,1490574478
9046403631635357772,990110,1490574475
8896648779941472894,990110,1490574467
7435143963916226585,990110,1490574463
5715461559167881606,990110,1490574468
-6273352982789607598,990110,1490574471
2220039179810315189,990110,1490574456
-4068719894797814478,989590,1490574451
7808812240083193016,989590,1490574441
-73563918503042507,989590,1490574471
-5582289862783513845,989590,1490574477
-2952896005349010828,989590,1490574435
8191370106588703155,988357,1490574437
7535021158273101059,988357,1490574470
2770246487324218178,989432,1490574454
-6114444588675769644,989432,1490574463
8956413182558683038,989758,1490574460
4702419259734917028,989588,1490574454
-7387354265151205973,988542,1490574481
982643128940260395,989739,1490574479
-977903478557385604,989787,1490574481
-6665553139048943573,989787,1490574449
5326709194086225862,989934,1490574429
6509636535592578788,990088,1490574457
3580092653742720109,990088,1490574470
6121020376865140821,990088,1490574431
9124938599219661389,990088,1490574435
1323692238052727896,990092,1490574463
-3277156046702189586,990092,1490574467
-5560549366268327759,990092,1490574466
-4239305017784798321,990092,1490574448
3175220901424358349,990092,1490574488
3713665742573554619,990092,1490574467
-157831643789758305,989879,1490574454
9128278279142341016,989908,1490574439
937502700991721395,990008,1490574489
-623211286911712093,990008,1490574450
-1193741651298505459,990008,1490574465
4143286793935447480,990008,1490574470
5880725207016637666,990008,1490574461
4830487337918073774,990008,1490574483
-4896134135917045675,989832,1490574468
6112422511729723786,427130,1490574464
9046403631635357772,990109,1490574475
-6273352982789607598,990109,1490574471
255342937262623163,990109,1490574444
3457630138068198402,979484,1490574459
4929589796212135358,988955,1490574452
-7146137574096591825,990052,1490574478
-1227236294055344919,990154,1490574456
311576962952374074,990154,1490574438
5599928325031161227,990132,1490574465
-6495755067216180346,990132,1490574453
-7679842407380242881,990132,1490574467
4895182893357904619,990132,1490574458
3328184923034786719,990132,1490574475
-7011950949895692097,990100,1490574433
-4158378227823362612,990100,1490574475
1489413795753681791,170265,1490574468
3171722713957420226,912039,1490574475
4593751318758769560,987682,1490574469
-297614271846770571,987682,1490574433
7450798626932453893,990041,1490574435
-6086643177729602820,990041,1490574436
1621108359552973999,990041,1490574488
3376214367353613530,990155,1490574456
-1227236294055344919,990155,1490574441
3090546309636261456,990155,1490574487
-6278808121642672906,990155,1490574440
-5023402852843101843,987714,1490574453
-2549261492793054734,986690,1490574487
7315067544601192591,986056,1490574430
5382440538667264218,989506,1490574489
7535021158273101059,989111,1490574477
8726395968122709327,347291,1490574453
-3648595420048634927,990145,1490574449
-8031163097760619135,984724,1490574489
-7355725341224679926,972031,1490574479
-563220711010767712,972031,1490574453
-3568851710630013948,972031,1490574430
-8229557960157819550,990153,1490574462
311576962952374074,990153,1490574460
-7384649996272778773,990153,1490574462
-5637133026804084009,990153,1490574431
-1227236294055344919,990153,1490574462
-4166937855183316734,990153,1490574436
4027217695655064646,990089,1490574435
-3056396000096992927,990089,1490574461
-4025325247440827003,990089,1490574440
6121020376865140821,990089,1490574440
3580092653742720109,990089,1490574470
6509636535592578788,990089,1490574457
-5016411721954943925,987036,1490574460
-3054580183392258319,913514,1490574434
7270370590608250519,990046,1490574474
-3461922484122429747,990046,1490574475
7775608441253822396,990046,1490574468
-3887668523706133159,990046,1490574469
-6780471372922965961,990046,1490574478
-8219611390364928481,990046,1490574478
-596609924418772847,990046,1490574458
-831602932632716786,990046,1490574455
-66809239849425177,990123,1490574440
6926170704181688302,990096,1490574453
-5016411721954943925,990096,1490574475
-6508356648419214660,990096,1490574461
2676974664645403798,990096,1490574469
-1951103360794765802,990096,1490574436
-987179102078432943,990096,1490574482
-1847431452822859880,990096,1490574478
-3251430318475091364,990096,1490574488
8480122317979923820,990096,1490574485
7000806494958710684,990096,1490574473
8829900855779885260,990096,1490574439
2555226462434677557,990096,1490574432
-1932611932816285120,990096,1490574467
5382440538667264218,989492,1490574487
-8496215693780687063,142117,1490574464
840043918217971952,974488,1490574472
-1051883708720381291,989732,1490574457
-3043224138511681525,989732,1490574435
-7980066250831203986,989362,1490574462
-3348790508259451400,990131,1490574483
-7679842407380242881,990131,1490574488
4895182893357904619,990131,1490574485
6322943603667995602,989978,1490574473
3069576310390194233,989978,1490574475
-8565286350025845309,990086,1490574456
542841646705970684,990086,1490574459
-2525591867673116023,990086,1490574451
6121020376865140821,990086,1490574472
5461842154652989569,990086,1490574445
-4288338644205480486,898755,1490574472
-6043834620015212743,990069,1490574441
6279516432878229072,990069,1490574439
4480892811005294341,990069,1490574487
-4144719496374036139,924609,1490574445
-1773412049624303713,989519,1490574485
6279516432878229072,990066,1490574457
1489413795753681791,170256,1490574468
-1193741651298505459,990024,1490574477
-623211286911712093,990024,1490574451
-7606348737648556247,988807,1490574464
-297614271846770571,989993,1490574460
4823494748822774089,92412,1490574472
6976041829956532236,989924,1490574446
-7587509964708370728,940837,1490574457
-7011950949895692097,990101,1490574475
-4137702100522177874,990101,1490574453
-5560549366268327759,990101,1490574465
9124938599219661389,990087,1490574434
3580092653742720109,990087,1490574434
1323692238052727896,990087,1490574475
8703098772876547167,989925,1490574482
-297614271846770571,989925,1490574454
-8055639875624917688,989567,1490574465
652558765157640502,986165,1490574465
-449618031499752356,986165,1490574460
-4068719894797814478,988158,1490574459
838216098636473867,895553,1490574457
7588656261535563718,990011,1490574476
2503258842995633505,989357,1490574453
-4308716579377568225,988650,1490574429
2288709116382722723,988179,1490574467
6068494491846364278,988179,1490574470
-8358793517315547515,988179,1490574449
-8724623521191493339,990081,1490574449
6121020376865140821,990081,1490574472
3203560512024161445,990081,1490574436
4940774125366581230,990081,1490574432
-3760667892271062105,990081,1490574469
-3235794719175864049,990081,1490574463
1022023612164575838,982680,1490574454
-1941543217578566028,989011,1490574479
-1335638482601358702,985714,1490574439
-497221995739626225,985714,1490574435
-9055602496756992863,985714,1490574485
8448958778127741880,985714,1490574460
-4373055743778912149,988823,1490574481
-6539187340912870942,988823,1490574475
-2674334703524692981,988823,1490574443
-1300445366504980357,953166,1490574483
967806272397782939,923716,1490574485
1323692238052727896,990091,1490574473
4535253715495962387,990037,1490574451
-4321092186507840853,989338,1490574470
7397210505577813038,908547,1490574469
6417458818567333218,946910,1490574474
8956413182558683038,989713,1490574452
2776574506384821498,973627,1490574447
-4415633705913654717,990040,1490574474
7450798626932453893,990040,1490574435
542841646705970684,990083,1490574476
-2525591867673116023,990083,1490574460
3818121058769883451,988165,1490574445
982643128940260395,989196,1490574479
4535253715495962387,990036,1490574459
-8464124663589913390,990036,1490574486
-6361831674995175861,947882,1490574470
-9055602496756992863,986986,1490574484
7808812240083193016,990158,1490574441
-6812431204273565738,990158,1490574449
8956413182558683038,989752,1490574463
-3283287041886415678,990057,1490574434
-3581087212472940249,990144,1490574435
5168976651422090043,346101,1490574448
-5137004628167066031,987706,1490574458
-5613907447540767292,951235,1490574483
7352771982576281750,988717,1490574452
3328184923034786719,990136,1490574458
-8266431646627320806,990136,1490574457
-6495755067216180346,990136,1490574430
5599928325031161227,990136,1490574445
4895182893357904619,990136,1490574437
692215986094761990,941682,1490574438
214986579290276839,990033,1490574436
6748673149892153927,990033,1490574448
4535253715495962387,990031,1490574459
6068494491846364278,989696,1490574430
-8229557960157819550,990152,1490574473
-7384649996272778773,990152,1490574470
-1227236294055344919,990152,1490574471
-5637133026804084009,990152,1490574439
311576962952374074,990152,1490574466
-6414094365286894330,990152,1490574433
8967209504390822441,990141,1490574489
1950042523880746468,990141,1490574444
9085078917231075663,990141,1490574457
1124581467292252202,990141,1490574461
-2531559045994632811,990141,1490574486
6626587283749848347,990141,1490574456
-9114597650219633168,990141,1490574430
2921187505048860551,990141,1490574472
-8740270408846365327,990141,1490574467
-2876314174285825379,990141,1490574434
992407284325625358,990141,1490574474
-5837713071409600877,990141,1490574485
-8798074748312684885,990141,1490574468
3031835281452491430,990141,1490574460
643856074109642789,990141,1490574453
-714120931116690018,990141,1490574460
5781501028970704338,990141,1490574458
4430956715879343040,990141,1490574465
-1912996461764956442,990141,1490574468
-514813713132509335,972937,1490574440
6603568855455904217,972937,1490574461
4958203621377975742,972937,1490574481
-7146137574096591825,990055,1490574476
7484323315414333085,990055,1490574463
505441747048814133,990055,1490574487
-7219479817534232405,919765,1490574453
-2873587371689588581,981970,1490574438
-4416129038651568647,990139,1490574477
-6629250176150645269,990139,1490574475
4895182893357904619,990138,1490574432
5599928325031161227,990138,1490574433
9085078917231075663,990138,1490574479
-5241181343438341893,990138,1490574438
-7929586559267476437,990065,1490574489
-8619687190337315383,990000,1490574469
-3283287041886415678,990000,1490574449
-2064424268391975825,904686,1490574463
6753935134558170737,988831,1490574475
-7549425191077101875,901506,1490574437
6550265799270264485,982199,1490574440
-7587793584912806831,990084,1490574463
-1863858821058004989,990084,1490574470
-327373276495066745,91962,1490574461
-3085074531218913186,91962,1490574437
-3348790508259451400,990128,1490574437
4895182893357904619,990128,1490574485
-7679842407380242881,990128,1490574482
-6495755067216180346,990128,1490574456
5599928325031161227,990128,1490574478
7793264620098120454,988303,1490574486
-8571748503181944488,990097,1490574441
-6508356648419214660,990097,1490574488
6926170704181688302,990097,1490574453
2676974664645403798,990097,1490574469
-1886943042829413054,990147,1490574488
7237800951113278186,990147,1490574463
-8229557960157819550,990147,1490574478
-6197898415804228023,990147,1490574466
-7291357173002853917,990147,1490574433
