-9033259511614833191,990091,1490570905
5646608802492183549,990091,1490570908
-3873357436358339487,990091,1490570910
-2108270283064023031,990091,1490570945
3044836506536890306,990099,1490570913
-6784919117189721085,986165,1490570906
-1565134670924077444,986165,1490570926
-6823298936885463586,989975,1490570895
-8830869599931180954,989975,1490570930
-4060058521361959237,986800,1490570924
-7634918786494834150,990008,1490570948
-6388904120683874716,990008,1490570937
7957446770215326391,990008,1490570947
1545403572577878158,990046,1490570920
6850817448202100908,990046,1490570900
-4977455222936000790,990046,1490570915
5049623065584464579,990046,1490570928
-5568536210910860616,989890,1490570905
2742146036549825972,990064,1490570925
3164844593224965929,972031,1490570906
338229781621371067,972031,1490570936
-3713925340583711835,972031,1490570890
-7787698401094927603,989789,1490570948
6552214208400286479,423014,1490570924
6987079728838714180,989146,1490570947
886491278820491338,941045,1490570946
2720663188839758667,989925,1490570897
-8830869599931180954,989925,1490570930
616774560877167121,930313,1490570904
4309214319795964052,987650,1490570906
5262819598838943066,989832,1490570935
2082129387836109060,988817,1490570947
5195337972495890189,989907,1490570921
7333132096642138292,989831,1490570941
2326380406583241312,990040,1490570920
7086946524734204781,990040,1490570936
-1880440045395716396,990040,1490570920
4144607119173090750,990040,1490570908
1261035443345288169,989145,1490570927
4383353653030771473,989853,1490570931
7157817207246256037,984735,1490570914
8472606810947833285,881759,1490570925
343573081922957094,989519,1490570936
3341166021893848257,989519,1490570900
2415301731315468179,989519,1490570944
2877418387660533875,989519,1490570920
3612474864807975923,989519,1490570892
-5006945889989867868,989865,1490570929
-5976460688038028535,990090,1490570934
-7026780922051592398,990090,1490570906
5646608802492183549,990090,1490570927
-9033259511614833191,990090,1490570945
61421420898387361,990090,1490570920
2088523093427381405,420072,1490570903
-450611306924910689,989985,1490570935
-4933769413293854373,989985,1490570900
-7479903029663597193,989985,1490570944
-7083890092275731412,987706,1490570943
5849296241095938544,989983,1490570930
1018869667646816722,990093,1490570912
-3873357436358339487,990093,1490570897
-8564287630833460036,990093,1490570913
1895179239662497836,990093,1490570896
-3651821619660861245,990123,1490570918
1222948204349336608,989524,1490570891
5941676482905188267,985944,1490570914
-3702961421028419415,986956,1490570908
-7081470340044793859,990140,1490570940
1425802538159719672,990140,1490570893
2158791602586465616,990140,1490570896
-5237229721706380892,990140,1490570932
-9104198518110753629,990140,1490570947
7297841482609216424,990140,1490570899
-1596438123233202457,990140,1490570928
-4690250214711783,990140,1490570902
2705975373573796307,990140,1490570900
5805341573383105876,990140,1490570896
-6593296550240054206,990140,1490570892
5375196006309869743,990140,1490570893
-5207837458144299780,990140,1490570893
7841667243585716659,990140,1490570909
-2527510101231955931,990140,1490570919
7629030628435736000,990140,1490570920
-5974438952214253375,990140,1490570897
8982689278711853889,990140,1490570930
-1064571212106589690,990140,1490570901
-6910992161482105153,990140,1490570920
-4953957675432559232,990140,1490570934
9039741267967563672,990140,1490570898
602416770155246359,990140,1490570896
-7193859537095496949,990140,1490570935
-3101004128465395764,990140,1490570949
6511104707729225529,990140,1490570925
939224033363628096,990140,1490570935
5112361896030135209,990140,1490570905
-3986612159946279222,990140,1490570940
-6365889146917421976,990140,1490570931
7727458491598552796,990140,1490570926
4864158180844863864,990140,1490570929
-4289690157995488630,990140,1490570914
-324508523474797293,990140,1490570925
-6182595321222297697,990140,1490570936
7475412644202522031,990140,1490570908
1134549671381300219,990140,1490570944
-2834428307874827687,990140,1490570950
-9035210589750291658,990140,1490570892
3653706338291278196,990140,1490570931
-3919909572953586751,990140,1490570912
950361020786306655,990140,1490570932
4572696931810182029,990140,1490570933
7957446770215326391,990028,1490570947
-9203032646577630750,982680,1490570906
3768374333036236539,339981,1490570932
107717542766537585,896676,1490570911
6237849681269255685,888313,1490570948
-6250731244028683380,949404,1490570939
4146925825846523820,989606,1490570924
4307472312287251205,903003,1490570947
-3706372002638163405,989538,1490570924
-6341850196158682377,989965,1490570905
3917040611979708596,989965,1490570919
4933935539869037493,990106,1490570941
-6238394492077676270,990106,1490570941
7508731623114267914,990106,1490570942
-4940568634963464705,988313,1490570924
2720663188839758667,989970,1490570932
3800090713453014447,989899,1490570934
-450611306924910689,990081,1490570896
4004399936616201882,990081,1490570898
-5976460688038028535,990081,1490570948
-7139055764492178164,986916,1490570921
902061532147472698,986916,1490570947
-335671775262821346,969173,1490570926
-8832384090329475207,988568,1490570913
7086946524734204781,990037,1490570938
2929952317238054286,988949,1490570917
4162971114229943159,990152,1490570919
7033159604709726729,990152,1490570945
6532974288638907200,990152,1490570924
2624861336750466541,990152,1490570948
-500841905167422942,990152,1490570916
-2244631406747234329,990152,1490570942
-8632638347124269275,990152,1490570944
-535996438917555619,990152,1490570950
-2836302475919209803,903675,1490570895
4664481769021458586,988179,1490570945
-7348514616594138283,988179,1490570935
-6707160465626583367,984280,1490570899
4250440416992971353,989548,1490570930
-1296636136046154238,990100,1490570908
4933935539869037493,990100,1490570941
-2834205318494914182,990055,1490570907
1526889536946510719,990055,1490570944
-3090002589762103506,990055,1490570936
-8604876820103624693,990055,1490570946
-7503940054725947890,990055,1490570897
1120702761870551383,990055,1490570922
8968923635101352052,989958,1490570943
-6238394492077676270,990107,1490570941
7508731623114267914,990107,1490570942
4933935539869037493,990107,1490570936
-9033259511614833191,990087,1490570918
-3873357436358339487,990087,1490570915
5646608802492183549,990087,1490570912
-8457391119720409932,989407,1490570948
2742146036549825972,975858,1490570901
2754692555389093036,975858,1490570910
-5582527051821871743,975858,1490570947
-6238394492077676270,990108,1490570927
7508731623114267914,990108,1490570929
6107286489953994531,990108,1490570896
4933935539869037493,990108,1490570922
1800496132257527547,990108,1490570933
3300643660741814148,990108,1490570950
1476535208629308058,990108,1490570918
2685002866016918468,990089,1490570912
-9033259511614833191,990089,1490570945
5646608802492183549,990089,1490570926
902061532147472698,988588,1490570947
-7139055764492178164,988588,1490570914
1759279813998693690,988588,1490570919
-1608650739403053892,988588,1490570920
-1932567810193077662,989696,1490570894
1758399467283039820,986821,1490570904
-7139055764492178164,986821,1490570893
-426731926284240015,989713,1490570925
297660749636970430,990119,1490570947
-5823905231533218075,990119,1490570928
7075690424637676420,990119,1490570893
-770560445848563981,990119,1490570917
-6752016702808661955,990119,1490570930
3472042691202428248,990119,1490570900
197001593124500325,990119,1490570937
2497257939724433482,990119,1490570947
-4394080476725220861,989814,1490570902
6528476464061532931,902834,1490570908
8827780641624787075,990144,1490570931
-4449718483114723572,990144,1490570904
3454954917609454794,990144,1490570929
301248705833656915,990144,1490570922
1347931531800626788,990038,1490570910
-7235458467441306937,339368,1490570899
3044836506536890306,990098,1490570913
1635150221260444128,990096,1490570924
5539804662601266028,990096,1490570900
-8564287630833460036,990096,1490570895
4954929116277186263,990096,1490570938
6612162303289756402,990096,1490570943
2475717011970893261,990096,1490570908
2091212328133671069,990096,1490570892
-5338443805115329961,990096,1490570928
-1270209945012228007,990096,1490570938
-5465511930362363067,990096,1490570921
1192063721175334267,990096,1490570895
4914624055454182727,990096,1490570946
-5915251816303563633,990096,1490570935
6373079229939805070,990096,1490570903
-35215044552417572,987334,1490570935
-1954214540357014174,990052,1490570915
1347931531800626788,990052,1490570893
5735406851770902996,987168,1490570949
-6238394492077676270,990050,1490570937
7508731623114267914,990050,1490570937
4933935539869037493,990050,1490570932
6107286489953994531,990050,1490570896
-3853571589611679885,903190,1490570932
3472042691202428248,990109,1490570926
2369979062751203661,989186,1490570916
-2131424630359981377,990044,1490570910
7086946524734204781,990044,1490570916
-7734732170431932343,990044,1490570940
-8310381079962520031,990044,1490570908
1679901134269854529,990044,1490570931
5735406851770902996,986185,1490570945
-5631752146912322680,987882,1490570921
-4238420708463305568,987882,1490570895
-8932059475224042594,987882,1490570894
8548346922011475638,987882,1490570914
4317678512000085336,65402,1490570949
2879645612859089068,65402,1490570935
-6951964734384124886,65402,1490570924
8360652053717215219,344953,1490570907
-248431818332008328,989033,1490570906
5671170374884583188,987285,1490570908
-6817373042062271003,965754,1490570929
-3997646407192225909,986972,1490570944
-476186376874103210,986972,1490570926
-6341850196158682377,989959,1490570916
230078655201102360,990134,1490570935
6996701936810131885,990134,1490570930
8819708001959181021,990134,1490570927
-5953765478965483807,990134,1490570894
318142490345756532,989661,1490570911
5839928789693308322,931293,1490570937
3491892236643234769,990086,1490570931
-5488533589165464204,990086,1490570906
-5582527051821871743,990086,1490570891
4004399936616201882,990086,1490570931
-4494263161785509742,990086,1490570919
-4073075830514898346,990086,1490570911
-8310381079962520031,990043,1490570943
-2131424630359981377,990043,1490570921
7086946524734204781,990043,1490570923
-7734732170431932343,990043,1490570940
2182969503700888515,990015,1490570892
-1800447579742611396,987714,1490570950
-1559109300879638511,987714,1490570911
4564714320089070950,990122,1490570934
5386633962339305108,990122,1490570948
-3651821619660861245,990122,1490570939
297660749636970430,990122,1490570916
-6822219723918381157,990122,1490570944
-7734732170431932343,990045,1490570938
3522353588818137008,990045,1490570915
-2131424630359981377,990045,1490570900
-8310381079962520031,990045,1490570907
1679901134269854529,990045,1490570931
7086946524734204781,990045,1490570914
6762884942651391033,988973,1490570918
4254285181068824250,988973,1490570908
8362334194933303135,988973,1490570934
-3873357436358339487,990092,1490570900
-3338010727005998439,990092,1490570950
-5675847949706632703,990092,1490570925
-4295218059111400535,990092,1490570906
1018869667646816722,990092,1490570912
2742146036549825972,990060,1490570925
2754692555389093036,990060,1490570946
4502527401035556709,990060,1490570940
9159053827129720151,990033,1490570921
-7817247084852889892,990033,1490570933
3876899579931315008,990033,1490570945
6109774109663904304,989181,1490570930
4146925825846523820,989601,1490570924
7957446770215326391,990030,1490570938
-5890074517721428685,990145,1490570896
5519322301099191053,990137,1490570929
5131539611366667468,990137,1490570948
3910622566095598356,990137,1490570938
-670309729864857887,990137,1490570946
6996701936810131885,990137,1490570914
-7157218056737397363,990137,1490570921
-5974438952214253375,990137,1490570924
8819708001959181021,990137,1490570917
7883590286662070497,990137,1490570946
-5207837458144299780,990137,1490570915
-7017338657823292035,990137,1490570910
-1064571212106589690,990137,1490570951
-4254343133676906162,989810,1490570949
5107234329412558065,990138,1490570910
3054377744240162681,990138,1490570938
-5343451917160241676,990138,1490570908
-6593296550240054206,990138,1490570901
-5974438952214253375,990138,1490570906
5375196006309869743,990138,1490570900
-1064571212106589690,990138,1490570909
7841667243585716659,990138,1490570918
-4690250214711783,990138,1490570909
-5207837458144299780,990138,1490570900
-5237229721706380892,990138,1490570932
5805341573383105876,990138,1490570896
-1596438123233202457,990138,1490570928
939224033363628096,990138,1490570935
3135605346023091848,968383,1490570923
890816794549458620,990017,1490570915
5671170374884583188,986756,1490570908
-7083890092275731412,988357,1490570893
1758399467283039820,988221,1490570914
-8103006142864811584,989646,1490570922
-7882826293065398417,989767,1490570934
4331888452873238264,989924,1490570921
-5582527051821871743,990075,1490570947
2754692555389093036,990075,1490570898
-7831202252302515464,990075,1490570928
-4073075830514898346,990075,1490570928
-2136841043163072836,990116,1490570923
1497431184777241971,990116,1490570925
-5702521184328941191,990116,1490570903
-5823905231533218075,990116,1490570943
3472042691202428248,990116,1490570908
-770560445848563981,990116,1490570925
7075690424637676420,990116,1490570893
197001593124500325,990116,1490570937
297660749636970430,990116,1490570947
3034496771790964897,988606,1490570898
-7862478111762215052,988606,1490570928
1996857219373007347,989028,1490570903
2245352217399089852,887388,1490570942
-4238950965437333315,920985,1490570945
-4892807857617925791,989051,1490570926
1526778849620685038,990084,1490570902
6284058556037680042,990084,1490570941
-5702521184328941191,990113,1490570945
-2136841043163072836,990113,1490570933
-770560445848563981,990113,1490570927
3472042691202428248,990113,1490570910
1497431184777241971,990113,1490570925
-7676588094966411629,989942,1490570905
2754692555389093036,990071,1490570915
2742146036549825972,990071,1490570903
-7712858406415932591,990027,1490570926
4773704678779926014,990027,1490570944
-7990089927340923255,990027,1490570939
-8604876820103624693,990058,1490570946
-143349529097279036,990058,1490570947
5082742798309595711,990058,1490570912
4862131565141270023,990153,1490570951
6532974288638907200,990153,1490570915
-1429081657696584870,990153,1490570924
5200147154372520052,990153,1490570908
-2662830663821169647,990153,1490570931
-1247046657928740538,989921,1490570915
-5006945889989867868,989546,1490570940
1679901134269854529,990048,1490570928
-7734732170431932343,990048,1490570929
7086946524734204781,990048,1490570912
-1393567663028514059,990048,1490570942
3522353588818137008,990048,1490570908
1545403572577878158,990048,1490570951
-2131424630359981377,990048,1490570894
-8310381079962520031,990048,1490570904
-7039636201856335591,990048,1490570928
-6737855812157145770,990048,1490570950
-9107917411344206098,990048,1490570931
7879143685519304301,990048,1490570928
6850817448202100908,990048,1490570901
1401103293017689944,989430,1490570893
2489001635803714706,989540,1490570905
-6817373042062271003,969147,1490570940
6519098844511965495,989823,1490570949
-3702961421028419415,986789,1490570890
6446025016498016278,341345,1490570942
297660749636970430,990126,1490570906
230078655201102360,990126,1490570945
4975707508824176534,990126,1490570919
-8304458165709847899,989096,1490570914
5969078589850189774,904256,1490570939
-5941984560281498971,989108,1490570944
-3465131244298222327,990102,1490570898
4664481769021458586,990102,1490570950
-5709904114021101879,990102,1490570915
-8397113720232977246,990102,1490570920
807256732775560192,990102,1490570893
1102784978281183993,990102,1490570901
5485685503469436567,990102,1490570904
-9029023232850477733,990102,1490570927
-831815509561022448,990102,1490570939
-6504892774007213871,990102,1490570942
1141270101025916574,990102,1490570910
-4056315728572198391,990102,1490570911
4307472312287251205,990102,1490570937
4978317042354064097,990102,1490570902
-2700399924181174348,990102,1490570949
-3565670082829351895,990102,1490570922
-6718900188307243511,990102,1490570932
7141846009672303248,990102,1490570899
5060019048002073334,990102,1490570946
-7963236429131410628,990102,1490570948
4724716676320405012,990102,1490570924
2181785790735437246,990102,1490570931
-4688231292060159729,990102,1490570949
-4099218235541913314,990102,1490570936
-4155554623600572575,990102,1490570937
1102942365574989373,990102,1490570932
-1093263799291223189,990102,1490570893
-2417086835432830775,990102,1490570899
-2926017208648342475,990102,1490570922
-285305835777907555,990102,1490570904
-8563625599739543717,990102,1490570913
5101383538653177699,990102,1490570941
-593926145106099671,990102,1490570925
-2496572316088360542,990102,1490570909
-5019779054005597559,990102,1490570921
-5222318564014078623,990102,1490570942
-6951964734384124886,990102,1490570943
-3614116973815234355,990102,1490570922
2486951575273350558,990102,1490570917
-7856757842050993053,990102,1490570948
-5915251816303563633,990102,1490570915
3471245772833251142,990102,1490570921
3169539840420422235,990102,1490570916
2182969503700888515,990012,1490570923
3472042691202428248,990112,1490570920
-2136841043163072836,990112,1490570933
-5702521184328941191,990112,1490570945
4975707508824176534,990131,1490570919
297660749636970430,990131,1490570895
6996701936810131885,990131,1490570946
230078655201102360,990131,1490570940
-6606256978286983266,990131,1490570929
1394706140325922004,990131,1490570915
-9033259511614833191,990088,1490570933
5646608802492183549,990088,1490570919
-3873357436358339487,990088,1490570918
-7676588094966411629,989939,1490570905
1476535208629308058,990110,1490570918
1759279813998693690,990110,1490570899
3300643660741814148,990110,1490570950
7831025590655648604,990110,1490570919
3472042691202428248,990110,1490570926
1895179239662497836,990097,1490570896
-8564287630833460036,990097,1490570913
1635150221260444128,990097,1490570924
-527196688607953472,990150,1490570902
8761228616351476527,990150,1490570925
-8916801194041961190,990150,1490570899
2154883029947122497,990150,1490570916
6532974288638907200,990150,1490570924
-3982255965105105590,990150,1490570939
-2432833061426607441,990150,1490570929
4162971114229943159,990150,1490570919
-535996438917555619,990150,1490570945
-6707160465626583367,984273,1490570899
727385803815892191,341303,1490570909
-3654185050949777150,932921,1490570902
2501791942322330823,940858,1490570893
2182969503700888515,990013,1490570909
9163988879178595300,985935,1490570907
6987079728838714180,989148,1490570946
7118518267223241001,989148,1490570934
-711462444596741185,989960,1490570921
8968923635101352052,989960,1490570943
-6817373042062271003,966496,1490570930
3135605346023091848,987209,1490570914
-31158691808691031,988823,1490570936
6418011196463469006,988823,1490570927
-1671840294482080143,988542,1490570903
890816794549458620,990020,1490570915
5523392486369863103,990020,1490570951
6365971104631312204,990020,1490570942
4291106745115868736,974441,1490570933
-374061487331516811,974441,1490570912
-3358437403914797138,974441,1490570950
8178275631592161633,889477,1490570943
8324047032466337295,989588,1490570934
175942594303556130,905344,1490570914
5865145711162898221,989993,1490570899
1394706140325922004,990128,1490570914
-6606256978286983266,990128,1490570929
-5854722572114574669,990128,1490570908
6996701936810131885,990128,1490570937
-5953765478965483807,990128,1490570900
8819708001959181021,990128,1490570927
6711528115409863575,990128,1490570914
-3853571589611679885,903193,1490570895
-7470367539658849829,987933,1490570899
727385803815892191,340168,1490570909
4502527401035556709,990067,1490570940
5966504688945442982,990067,1490570943
2754692555389093036,990067,1490570946
2742146036549825972,990067,1490570914
2182969503700888515,990004,1490570941
-2612985839711262181,989362,1490570927
-1193825701587597721,951001,1490570929
-4060058521361959237,989338,1490570913
7086946524734204781,990039,1490570938
1347931531800626788,990051,1490570910
1922876835932285608,989493,1490570923
2286475722675001206,989493,1490570948
7354587428181348875,989493,1490570907
-7966323973069058224,989346,1490570905
6009343921060236112,987853,1490570948
3454954917609454794,990149,1490570929
7033159604709726729,990149,1490570911
6487474648959056548,990149,1490570923
1194670430036186207,990149,1490570922
876511755272884292,990149,1490570951
-476186376874103210,988158,1490570925
4452092672055614181,988158,1490570932
5026903348830444262,900597,1490570920
-9120094934769421039,986056,1490570916
2182969503700888515,990011,1490570941
9161056653392399979,988476,1490570908
3800090713453014447,988476,1490570944
-6192606739842428165,988476,1490570919
-698249971036016180,989828,1490570942
8456218980468554030,989799,1490570944
7774860529425232191,989644,1490570905
-7348514616594138283,989432,1490570919
8627901450312642784,989432,1490570896
5526167067671988200,989432,1490570925
4595432156031337867,990148,1490570930
-5366114114338343557,990148,1490570921
-493765474522417175,990148,1490570894
4144607119173090750,990041,1490570908
2326380406583241312,990041,1490570899
-1880440045395716396,990041,1490570920
5738520631873667689,990041,1490570925
7086946524734204781,990041,1490570931
4867931809226608903,990041,1490570952
-8310381079962520031,990041,1490570943
-8381487247558615901,990041,1490570950
-6822219723918381157,990124,1490570944
4564714320089070950,990124,1490570896
5386633962339305108,990124,1490570910
297660749636970430,990124,1490570911
7957446770215326391,990032,1490570897
-8612785291781086250,990136,1490570939
-7017338657823292035,990136,1490570910
-1064571212106589690,990136,1490570951
8819708001959181021,990136,1490570911
-5207837458144299780,990136,1490570915
-5974438952214253375,990136,1490570917
-5343451917160241676,990136,1490570908
939224033363628096,990136,1490570952
-7831202252302515464,990082,1490570923
-5582527051821871743,990082,1490570909
-4073075830514898346,990082,1490570924
4004399936616201882,990082,1490570950
-5488533589165464204,990082,1490570917
-7787698401094927603,989787,1490570896
-493765474522417175,989787,1490570928
4518944021734732025,989732,1490570907
-6054753160842459726,990078,1490570913
1758399467283039820,990078,1490570952
-5582527051821871743,990078,1490570940
2754692555389093036,990078,1490570895
-7831202252302515464,990078,1490570928
-4073075830514898346,990078,1490570928
4004399936616201882,990078,1490570950
-4172523006111213382,990035,1490570922
-5911296142259280646,990035,1490570893
-7324789467505153681,990035,1490570944
-9107917411344206098,986687,1490570931
-7211158081567163782,986687,1490570941
716604606185336227,986687,1490570940
1194670430036186207,990147,1490570922
876511755272884292,990147,1490570950
8761228616351476527,990147,1490570952
-5641777585371315266,990147,1490570918
301248705833656915,990147,1490570922
6487474648959056548,990147,1490570917
7033159604709726729,990147,1490570896
-4817767012255071959,990147,1490570946
6532974288638907200,990147,1490570952
8130371194571402786,990147,1490570934
2742146036549825972,990069,1490570906
2754692555389093036,990069,1490570918
642510340177862136,990069,1490570931
197001593124500325,990115,1490570921
-770560445848563981,990115,1490570899
297660749636970430,990115,1490570918
4564714320089070950,990115,1490570934
-3651821619660861245,990115,1490570939
5386633962339305108,990115,1490570948
-35215044552417572,989532,1490570925
2489001635803714706,989501,1490570945
-7157218056737397363,990132,1490570938
6996701936810131885,990132,1490570921
-670309729864857887,990132,1490570953
8819708001959181021,990132,1490570922
-5974438952214253375,990132,1490570928
5519322301099191053,990132,1490570930
-6277143112248328529,990132,1490570932
3910622566095598356,990132,1490570938
-2612985839711262181,988191,1490570947
4241218050495667259,988191,1490570921
7127466166087617701,990141,1490570947
-631649354165274588,990141,1490570953
119360386253493181,990141,1490570929
939224033363628096,990141,1490570930
-2458209835380577510,990141,1490570944
6892596489180670802,990141,1490570914
-7354416189852370797,990141,1490570921
-3919909572953586751,990141,1490570912
3653706338291278196,990141,1490570931
6511104707729225529,990141,1490570918
-7923254853788242405,990141,1490570913
-1015003225690216766,990141,1490570939
-6910992161482105153,990141,1490570905
7617528568727694862,990141,1490570931
-4323461112518479269,990141,1490570936
-4157159325490735591,990141,1490570949
1161274122232243890,990141,1490570909
-4996815109572599617,990141,1490570908
7711677071107840171,990141,1490570915
-3818853846613639597,990141,1490570895
-8962557106732783249,990141,1490570895
6659456753304042686,990141,1490570927
-739986855584216078,990141,1490570919
3984516852947992163,990141,1490570938
2337519176927265348,990141,1490570936
-4449718483114723572,990141,1490570904
5794812318843079232,990141,1490570950
8827780641624787075,990141,1490570931
4036222342522986272,990141,1490570953
-5979871365521022807,990141,1490570944
7840952859448335523,990141,1490570952
-3613871514144596718,990141,1490570919
-654906784583340606,990141,1490570909
-543180081293730919,990141,1490570910
-2753603372935284722,990141,1490570913
4350365985505974413,990141,1490570897
-7809810294873364607,990141,1490570951
1425802538159719672,990141,1490570896
2879645612859089068,65404,1490570935
4317678512000085336,65404,1490570945
-10276416246362493,65404,1490570937
-5941984560281498971,989107,1490570944
6762884942651391033,988974,1490570928
-2421806664964989372,985714,1490570935
4358279523708717735,989813,1490570931
-6126373843376455261,989813,1490570911
937986252074331608,990121,1490570934
-4933769413293854373,989357,1490570900
-7831202252302515464,990083,1490570905
-5488533589165464204,990083,1490570917
4004399936616201882,990083,1490570940
-5582527051821871743,990083,1490570896
-4073075830514898346,990083,1490570914
-7083890092275731412,987891,1490570925
-1297588749314252274,972937,1490570911
2076553157694611847,972937,1490570953
-2575730691879084222,972937,1490570933
-7235458467441306937,339367,1490570899
9082034197177321923,883524,1490570917
-4155554623600572575,989447,1490570914
2489001635803714706,989468,1490570945
-7083890092275731412,989557,1490570943
-5941984560281498971,989117,1490570900
-6740792919420387020,968434,1490570894
-2421806664964989372,986986,1490570934
716604606185336227,986986,1490570927
-1800293108242039235,986986,1490570901
4502527401035556709,990066,1490570913
2754692555389093036,990066,1490570930
2742146036549825972,990066,1490570910
-7653498093952366242,990034,1490570897
