8996137806360852924,994591,1491437693
-4090354906868482566,994591,1491437692
6086630945552919968,994591,1491437675
6285167714269228649,994591,1491437712
-4270155792243216736,994591,1491437713
-2553311293124806071,994591,1491437694
4830688897594076008,994591,1491437693
-7956594427956842364,994591,1491437685
2988873404415960705,994519,1491437696
8964401969032258412,993889,1491437715
-7441518692147370487,994543,1491437669
-8876458782760315654,992857,1491437709
3231905570986416024,992857,1491437683
-6239062228330781991,992857,1491437715
-8391984225493039745,992857,1491437658
3709035979736730708,344596,1491437681
5483893841435660147,994426,1491437694
4610169247585182634,994426,1491437683
4666306303794703339,994426,1491437710
719814036973018778,993969,1491437703
1557703332408293163,994471,1491437674
-4994125355825747382,420388,1491437677
-8416483817945008767,994520,1491437714
5273356003826049455,994520,1491437693
8513137148398216399,993786,1491437680
-7870402877286358412,993786,1491437687
8075107541283157123,994276,1491437674
2776204492529624795,988086,1491437693
-2104779658896838024,994638,1491437704
-423708318633506773,994638,1491437657
3542711254461464829,994638,1491437708
-1328932723874687746,994638,1491437683
4892248159799797943,994638,1491437672
-1272053868136774318,994638,1491437710
3242217537339223495,994638,1491437658
4929401463511024265,994638,1491437716
-427042099895015365,994638,1491437684
-6545105654129659688,933626,1491437682
4405621140091601085,994507,1491437695
-1060478586161502921,994507,1491437715
3361587023475676140,994092,1491437688
5087125039861376288,994092,1491437682
6615063531112637469,994512,1491437661
-5158274561078819043,994512,1491437699
-4304070225500627609,989067,1491437675
-2051845627017357190,994365,1491437693
689850724338541783,994513,1491437710
-5875475020168441007,993931,1491437677
-382110799812263066,993931,1491437673
-7836474641470994988,994602,1491437705
-3780177899584229856,994602,1491437715
-5617782565305242972,994602,1491437697
-6374047759914935506,994454,1491437707
-8881074698913750447,994454,1491437671
-2264275677486565147,994454,1491437700
2633520868476985393,994454,1491437702
9048322818031705955,994454,1491437662
2928822832101471379,994454,1491437706
6981116592411930763,994454,1491437709
5591649556136186592,994454,1491437671
2182461470050019975,994454,1491437709
6064532385980461729,994454,1491437668
-7899696240074417711,994454,1491437690
-2656356656048493872,994547,1491437700
4606168806339715006,994547,1491437671
-5661536633542465833,894016,1491437693
-591121087309178101,993896,1491437687
-5158274561078819043,994517,1491437699
-3266119189188180715,994517,1491437689
-7063883542377411165,994548,1491437707
4675041324921555934,994548,1491437709
-7069230876569460462,994072,1491437675
493738234135750197,974173,1491437668
6615063531112637469,994515,1491437689
-1430433678963494051,994343,1491437661
3683239618013979846,990433,1491437686
4675041324921555934,994578,1491437657
-1324454737475092310,994578,1491437692
6373346398171698147,994578,1491437678
-3780177899584229856,994606,1491437715
8788535979139774607,994493,1491437668
-5878981163679479360,984054,1491437657
6195376293196616005,994473,1491437671
-6575028899421587766,994473,1491437669
-1701914127389487760,951827,1491437696
-2648565889996973608,994294,1491437699
-1430433678963494051,994294,1491437701
-5088012298751298979,993230,1491437675
-7251074546079803257,993230,1491437672
-3174525305072465079,993677,1491437683
6653432781624372783,994424,1491437663
5483893841435660147,994424,1491437694
2430487941440714307,994622,1491437701
-6201063679972926876,994622,1491437714
-681400430596021810,994622,1491437689
-7978221704857642076,994622,1491437710
3812432659603238086,946381,1491437674
-3740541146054008963,994273,1491437679
-3039023385667764323,994216,1491437706
-2264275677486565147,993619,1491437716
-5228839056053592135,993619,1491437693
2633520868476985393,993619,1491437715
-6374047759914935506,993619,1491437676
-3667768566347733988,945942,1491437708
-8499968274140507619,994492,1491437694
2718931709770696800,994492,1491437681
-4173526673853919557,994492,1491437714
-5235922533604941139,910335,1491437668
8821680762569719141,994096,1491437674
329308707224709152,945440,1491437707
4623793674999365768,923936,1491437687
-7189359553045986064,994354,1491437669
4610169247585182634,994354,1491437670
-1339386254010288955,992988,1491437664
-6413578310126402216,994635,1491437706
8600753473122370495,994635,1491437675
4030184612436674025,994635,1491437693
-7025417552620348083,994635,1491437666
-1132638589571052201,994635,1491437656
-1328932723874687746,994635,1491437691
4892248159799797943,994635,1491437680
-423708318633506773,994635,1491437664
-427042099895015365,994635,1491437715
-2325691156568029859,994635,1491437677
3542711254461464829,994635,1491437708
-8322147982517001664,994635,1491437699
-2104779658896838024,994635,1491437704
178687539871697173,993731,1491437705
-8139199178911283592,994410,1491437691
7593561464114496032,890386,1491437662
-3073526184495927325,986638,1491437689
-3819596669308423148,988965,1491437676
-4304070225500627609,989054,1491437675
4203526649681283035,994392,1491437695
3705211335346756339,992099,1491437715
-5088012298751298979,992960,1491437678
84545045103093363,994570,1491437714
-3705246333539118808,994536,1491437675
-6716004512977002975,994536,1491437689
7674906915281701208,994536,1491437699
-5117335301878423067,994536,1491437690
2566270492534765893,994536,1491437716
7980584245053635982,994536,1491437689
-1052912504415317735,994536,1491437694
4420100057510679181,994598,1491437696
-2081408289397931777,994598,1491437713
-8377635901167068182,994598,1491437695
-6710706280819345294,994598,1491437712
4335139163044450666,994598,1491437706
-6971500461292510354,994598,1491437685
5618026313110700803,993825,1491437671
-4014611991231571923,991783,1491437684
-7296306875295680828,991783,1491437690
3231905570986416024,994499,1491437683
-565035110428738246,994499,1491437662
-6239062228330781991,994499,1491437693
-9196962355964514798,994499,1491437710
8831962858897135553,994499,1491437694
-8578600124740151629,994499,1491437711
-5572145011161803716,994499,1491437665
112658347936100300,994499,1491437698
-7441518692147370487,994559,1491437669
6207286973198048608,994559,1491437675
2627689274323549640,994559,1491437662
8251490591480823618,994559,1491437661
1483372141577463547,994440,1491437683
-3819596669308423148,988958,1491437663
4675041324921555934,994564,1491437697
-7945280066347911144,994362,1491437697
6240198202031904389,993962,1491437692
-7069230876569460462,994068,1491437692
-1546669184438594783,994583,1491437712
-1419833624701984583,994583,1491437683
4056828372643129697,994583,1491437711
-6139486937194691093,994583,1491437692
-286157762638925350,994250,1491437695
-1423193947392060920,994119,1491437668
-2167011581282614916,994596,1491437658
928660374607283331,994596,1491437713
7606035011762649357,994596,1491437685
4335139163044450666,994596,1491437669
-6971500461292510354,994596,1491437671
4391818856839629830,994596,1491437691
-8377635901167068182,994596,1491437660
-6710706280819345294,994596,1491437698
1422549986428385004,994596,1491437712
7368427718159518062,994596,1491437715
2039074004418409543,994596,1491437702
9217887365037750981,994596,1491437712
-2024048747703130138,889783,1491437715
7487008917495123823,194955,1491437716
7241367166379641670,194955,1491437709
-5875475020168441007,993919,1491437679
-3094790102514748286,994441,1491437712
-6575028899421587766,994441,1491437704
6195376293196616005,994441,1491437671
3972529227258226246,993908,1491437694
-7373096369428502787,994108,1491437669
-7956594427956842364,994581,1491437685
8996137806360852924,994581,1491437684
6285167714269228649,994581,1491437712
4830688897594076008,994581,1491437692
5948299583743465765,994581,1491437666
-4270155792243216736,994581,1491437713
5948180276402531568,994581,1491437680
-2553311293124806071,994581,1491437694
6086630945552919968,994581,1491437669
-4090354906868482566,994581,1491437686
8274875242344632072,994581,1491437661
-8377635901167068182,994581,1491437707
-6679973843704471542,994581,1491437714
3586548640296503551,994581,1491437707
-2653308591770184427,994581,1491437701
-755186670227135957,994581,1491437712
-4066368322205889610,987688,1491437656
-667448520597921067,958978,1491437656
-4173526673853919557,994483,1491437714
2718931709770696800,994483,1491437681
-2798012511587645942,993453,1491437671
-6282026115448227120,993252,1491437665
-6201063679972926876,994624,1491437682
5094592537490228038,994624,1491437709
-2328914559437340990,994624,1491437697
5152718592761741215,994624,1491437674
-8087678823351811018,994378,1491437715
719814036973018778,993998,1491437708
-5926360421280781689,992871,1491437715
1817824014936615672,994344,1491437708
671364476758478788,994374,1491437688
6918960725564889946,994374,1491437709
-6684549495019188419,994462,1491437701
-2328914559437340990,994626,1491437712
5240294288867575743,994626,1491437674
3578223838898611289,994618,1491437664
-681400430596021810,994618,1491437713
4412229798349487632,994618,1491437712
-8499968274140507619,994476,1491437696
-2024048747703130138,889606,1491437715
-7727710172402385643,994405,1491437676
1124131767613615482,992421,1491437678
-4052602833247961947,992421,1491437679
5282771468805826096,992421,1491437661
-6154379320156265383,993668,1491437663
-4579373225642251705,993668,1491437670
-2737557560333797561,993668,1491437715
2013454109418234880,987872,1491437692
-4066368322205889610,987596,1491437656
8906660871949335765,994460,1491437657
3857555041718833767,994460,1491437682
513240570156919450,994460,1491437692
2309597580550420969,994460,1491437674
-2798012511587645942,994099,1491437666
-4168156428542388453,994099,1491437669
-4175072810540446110,994099,1491437674
-1249064704412328941,994099,1491437710
-4546953603923910904,994099,1491437694
5148779852956583430,994099,1491437660
5848382402415426520,152961,1491437714
-5534992195962485054,973670,1491437704
3812432659603238086,946357,1491437674
4405621140091601085,994508,1491437680
-1060478586161502921,994508,1491437713
83222021898064774,424304,1491437702
7674906915281701208,994459,1491437706
-8416483817945008767,994459,1491437701
-4267335393756720253,994459,1491437665
-6716004512977002975,994459,1491437689
-259536739202382988,187233,1491437671
3617665185870424858,994263,1491437696
4698788964877933468,994610,1491437662
-3225428691750073420,991760,1491437665
-6444002878983073876,991760,1491437698
-3053620806473027761,991760,1491437704
3254868354221676038,991760,1491437716
6861567107230404091,991760,1491437687
2148126105318884194,994078,1491437704
-1339386254010288955,988990,1491437659
8821680762569719141,994098,1491437714
-4171417707521243717,993801,1491437670
8200320203039721308,994385,1491437713
-3119378762680466141,994222,1491437672
-5709998545338073323,994222,1491437712
6307497949575745001,994222,1491437678
-1449645037894109333,994222,1491437690
-424515951657776533,994222,1491437670
-6840879711902788686,994222,1491437709
2989947400799151867,994222,1491437669
3077779762888216455,994222,1491437665
6135222872062407048,994222,1491437697
-8396034342600673344,994222,1491437693
-7911769653147160902,994222,1491437695
7709463293857145449,994222,1491437674
-8999326482848060704,994222,1491437666
-8466639754641615495,994222,1491437673
-1230664411858489411,994619,1491437666
6238470612171384211,994619,1491437689
-1360315839076782699,994619,1491437696
3578223838898611289,994619,1491437696
-1047483368568133111,994619,1491437670
6774885491390280170,994619,1491437698
-4637494843307771628,994619,1491437703
-681400430596021810,994619,1491437713
5618026313110700803,994057,1491437671
6161395606652732032,994590,1491437691
-6516653995743675573,994590,1491437672
6086630945552919968,994590,1491437682
8996137806360852924,994590,1491437694
-4090354906868482566,994590,1491437692
-2374208242636397666,151863,1491437688
3667605477583647871,994298,1491437715
8075107541283157123,994298,1491437674
1146786195745372808,994467,1491437688
-7725054059792774568,994467,1491437662
-4141150585362919262,994467,1491437675
-6108701043640416885,994464,1491437697
-3807089589326704904,986702,1491437697
6175494964848686244,897422,1491437704
719814036973018778,993997,1491437696
4580799321450035138,993382,1491437661
-7407405169697488459,994350,1491437673
-3140794593565559320,426975,1491437714
2013454109418234880,981696,1491437693
7291185316460628852,994270,1491437703
-6154379320156265383,993666,1491437695
8270718644030911564,927382,1491437709
4698788964877933468,994612,1491437662
2774139291274467474,994419,1491437694
-2004809926403543870,994114,1491437701
445991448719682680,991901,1491437679
-8643398432490725042,994017,1491437686
4298614240703079834,994017,1491437678
-4278400772289518826,887269,1491437659
-7069230876569460462,994070,1491437692
-6516653995743675573,994585,1491437716
-3880387495073771716,994585,1491437671
-5907265592575533258,994585,1491437665
-8998154246532203167,994585,1491437696
6161395606652732032,994585,1491437691
6086630945552919968,994585,1491437682
4919261194525152948,994585,1491437679
4610169247585182634,994585,1491437705
-1060478586161502921,994533,1491437682
-5821271951322296140,994533,1491437701
-6942320258317669942,994533,1491437661
-1047483368568133111,994533,1491437691
6062818976080549253,994533,1491437704
3613118840297145637,994247,1491437677
-4267335393756720253,994247,1491437665
-8416483817945008767,994247,1491437697
-7725054059792774568,994247,1491437657
-7639332320823488537,994247,1491437668
-1398737560032556432,994247,1491437696
4606168806339715006,994538,1491437671
-2656356656048493872,994538,1491437685
8605237721937629199,994538,1491437701
-4173526673853919557,994501,1491437679
7749274421478384636,981128,1491437698
3617665185870424858,994266,1491437696
9207334661758502041,994266,1491437677
2442080862541817112,994266,1491437664
3705500166483598472,994266,1491437662
-6427637897843412848,994266,1491437665
-1226359445315227030,994415,1491437693
-5108625553544376373,994415,1491437683
-4173526673853919557,994497,1491437689
-7076381079741424295,994050,1491437685
6529305513717975019,994580,1491437699
-4719525193317071104,994580,1491437672
-5537503688217363789,994580,1491437696
4056828372643129697,994580,1491437711
-4207175150243662672,994595,1491437706
-7547613886496949119,994595,1491437684
-8377635901167068182,994595,1491437700
-6710706280819345294,994595,1491437712
-2081408289397931777,994595,1491437714
84545045103093363,994576,1491437714
4016662324986805592,994576,1491437663
-4719525193317071104,994576,1491437712
6529305513717975019,994576,1491437706
4258645987925479956,994281,1491437693
8821680762569719141,994100,1491437708
5685605873527526605,982391,1491437659
4407313861487004093,991785,1491437673
6653432781624372783,991785,1491437693
8523252922919559241,991785,1491437688
1557703332408293163,994465,1491437673
178687539871697173,994411,1491437710
-3094790102514748286,994411,1491437683
4666306303794703339,994411,1491437710
6064532385980461729,994411,1491437664
2319633845876345867,994411,1491437707
6775516061257315584,994411,1491437692
3644689278577570553,994318,1491437659
7718058692181607393,994420,1491437685
4610169247585182634,994420,1491437666
-3053620806473027761,994420,1491437686
333032748159781124,994420,1491437662
4420100057510679181,994420,1491437701
6506904577711808089,994420,1491437686
-51235617903785182,994420,1491437715
-5557469541799843154,994420,1491437659
-1077704424637926499,994420,1491437714
-519991132909747240,994420,1491437689
-8076259258002576056,994420,1491437658
-7745145908438357288,994420,1491437695
2774139291274467474,994420,1491437698
5903704859556309711,990873,1491437710
671364476758478788,994390,1491437675
671364476758478788,994367,1491437687
6320539578582660125,994219,1491437678
2584454969287137589,994639,1491437678
-2737557560333797561,994639,1491437688
2475385846145478979,994639,1491437683
9138014314081564132,994639,1491437699
-7945280066347911144,994421,1491437690
-6108701043640416885,994421,1491437697
-8087678823351811018,994379,1491437685
-8438559842616787309,994366,1491437660
-1230664411858489411,994510,1491437706
-3780177899584229856,994607,1491437669
-8138587053358236338,993553,1491437676
-1339386254010288955,993553,1491437706
-7265137547513071534,990374,1491437657
-5821271951322296140,994534,1491437701
7992099190048553830,994534,1491437702
6209170746791708773,994534,1491437678
5781643443599549435,994558,1491437668
4675041324921555934,994558,1491437709
-4719525193317071104,994315,1491437667
-4210851413636986427,994315,1491437690
6529305513717975019,994315,1491437694
-8416483817945008767,994525,1491437714
8200320203039721308,991801,1491437713
-1230664411858489411,994059,1491437684
-6127627411106692357,994059,1491437670
-3154392583440434542,993930,1491437657
-9073802711738003444,936427,1491437686
5094592537490228038,994623,1491437683
5152718592761741215,994623,1491437674
4258645987925479956,994323,1491437690
-51235617903785182,994337,1491437657
-7407405169697488459,994331,1491437687
-4173526673853919557,994484,1491437704
4405621140091601085,994484,1491437705
-1060478586161502921,994484,1491437715
5483893841435660147,994431,1491437685
-2656356656048493872,994545,1491437700
179694344741400995,994434,1491437678
1229121573848488851,994434,1491437704
2233185667506194466,994434,1491437671
4997902429624688274,982199,1491437696
-1060478586161502921,994523,1491437709
-7945280066347911144,994382,1491437697
-859892328302092629,994414,1491437706
9104399517727767789,994414,1491437672
8574842022183497738,994414,1491437714
5685605873527526605,994414,1491437660
-3487268470517990740,994502,1491437714
719814036973018778,994005,1491437662
-2551871702042660008,993591,1491437672
8513137148398216399,993591,1491437680
-8373861746173598648,994062,1491437684
-4709156732395725637,994645,1491437711
-3094790102514748286,994399,1491437714
-7663227928348287474,994637,1491437680
4030184612436674025,994637,1491437715
-1328932723874687746,994637,1491437707
8600753473122370495,994637,1491437682
-2328914559437340990,994637,1491437677
-6413578310126402216,994637,1491437706
-8322147982517001664,994637,1491437707
9138014314081564132,994644,1491437699
2475385846145478979,994644,1491437682
-2737557560333797561,994644,1491437686
-2328914559437340990,994644,1491437661
-3422510845350670634,994644,1491437675
-1132638589571052201,994644,1491437697
9136265876007627484,994644,1491437713
6996030181652739215,994644,1491437715
-9135993062262858753,994644,1491437715
-6575028899421587766,994324,1491437684
2774139291274467474,994404,1491437698
6328874265649472017,993640,1491437682
2988873404415960705,994506,1491437710
-7533500417256249146,994506,1491437681
6112260098611210771,994506,1491437686
-6575028899421587766,994408,1491437700
2309597580550420969,994408,1491437674
7700658853454758863,994408,1491437686
-1780598153089884307,994485,1491437676
-4173526673853919557,994485,1491437670
-7639332320823488537,994532,1491437668
4909775792579333652,994532,1491437689
7584978887482462915,994532,1491437693
3242217537339223495,994636,1491437658
-1328932723874687746,994636,1491437673
-3021379507365011271,994636,1491437660
-2012489389059024692,994636,1491437658
4929401463511024265,994636,1491437716
4892248159799797943,994636,1491437667
9015694656022990418,994636,1491437657
8756046593196468889,994636,1491437712
6881243155750281386,994636,1491437707
2454595336695342685,994636,1491437705
2562086802000397674,994636,1491437709
4616214087361688693,994636,1491437656
2584454969287137589,994636,1491437715
-171749075841237933,994636,1491437698
6813119090213423159,994636,1491437704
2851672239761244920,994636,1491437669
-1659655399257106138,994628,1491437704
-8322147982517001664,994584,1491437684
-6521322879664104498,994103,1491437660
-2286124021197084312,994221,1491437695
735207449410278994,994453,1491437707
-6374047759914935506,891293,1491437707
493738234135750197,974188,1491437668
-7771825588615487798,994053,1491437687
5781643443599549435,994546,1491437673
-4312038126970471899,993488,1491437711
-2103309751608459013,993255,1491437715
-4299058064094997421,993255,1491437703
1699527322305565069,993255,1491437666
7946265319652612686,993255,1491437686
8831962858897135553,994646,1491437687
-8306731614033439985,994646,1491437661
5177128009253582100,994646,1491437711
-3823611226680215426,994646,1491437705
-5572145011161803716,994646,1491437665
-4331311124971081760,994642,1491437706
6996030181652739215,994642,1491437715
-5948511393711564590,994642,1491437695
9136265876007627484,994642,1491437713
-1710164571144421429,994642,1491437688
-9135993062262858753,994642,1491437715
9015604176909686314,994642,1491437668
-7150738167338966087,994642,1491437658
-2737557560333797561,994642,1491437682
3404749324523589976,994642,1491437680
-1376474096091146471,994642,1491437701
3143145869996378341,994642,1491437714
6951711174680482045,994642,1491437704
-5572145011161803716,994642,1491437662
3086930854499637158,994642,1491437716
-5010104857648586092,994011,1491437693
-7757936555329063555,993455,1491437669
7368427718159518062,994600,1491437715
3915631693098467026,994600,1491437661
2039074004418409543,994600,1491437702
-677186225602460998,994600,1491437708
7985757685547664880,994600,1491437709
4287694310031693725,994600,1491437712
5002277668237578637,994600,1491437695
4391818856839629830,994600,1491437675
5522300305495062684,994600,1491437690
-1101076842765047405,994600,1491437693
6972056281949920034,994600,1491437670
5237827804629025026,994600,1491437665
-6710706280819345294,994600,1491437686
8230168172693612455,994600,1491437710
9217887365037750981,994600,1491437711
4610169247585182634,994600,1491437702
891523129743912863,994600,1491437699
-5604035268459143793,994600,1491437690
6451210557996818428,994600,1491437694
3013946920138130894,994600,1491437684
8412369404581241942,994600,1491437670
1649935900847396758,994600,1491437708
7373629426925360256,994600,1491437708
-5381093247920525907,994600,1491437663
585173646985300058,994600,1491437714
-5903921831911303838,994600,1491437697
258697657037234960,994600,1491437706
-714406158378672291,994600,1491437704
1158705129946108752,994600,1491437678
5765847975236848629,994600,1491437705
3570129860271710226,994600,1491437700
2717739066854770019,994600,1491437677
-7092804805431022274,994600,1491437687
-4589133172606759379,994600,1491437689
4492229922973250658,994600,1491437668
-6890080347627238314,994600,1491437704
6164395885675866770,994600,1491437710
5280524265697119479,994600,1491437674
1495424218492623018,994600,1491437714
-8164933137665606911,994600,1491437665
6206138617281048102,994600,1491437686
2148806259038391475,994600,1491437696
4543971807280791161,994600,1491437672
2927445745171665472,994600,1491437690
-633413188249149511,994600,1491437678
-1853231287442569248,994600,1491437699
-554508659200101697,994643,1491437695
223425879706732901,994643,1491437675
-2155322874046808787,994643,1491437680
9015694656022990418,994643,1491437657
-1424154656506414163,994643,1491437681
-8091602282768820156,994643,1491437690
6813119090213423159,994643,1491437704
-171749075841237933,994643,1491437698
2562086802000397674,994643,1491437709
2851672239761244920,994643,1491437669
1026938830620225961,994643,1491437695
-5356200807390761490,994643,1491437715
5863958058055260810,994643,1491437680
8849589122673973246,994643,1491437699
9040215555241643643,994643,1491437702
7326211552030134669,994643,1491437697
2454595336695342685,994643,1491437705
2584454969287137589,994643,1491437714
7791008850377216948,994643,1491437669
-3581852800937044779,994643,1491437681
-6879103106603937489,994643,1491437658
697427991584691190,994643,1491437673
4929401463511024265,994643,1491437707
7570038033809002290,994643,1491437682
8756046593196468889,994643,1491437712
8315595320847256136,994643,1491437660
-2737557560333797561,994643,1491437713
6881243155750281386,994643,1491437707
4892248159799797943,994643,1491437660
-6762840972490541630,994643,1491437689
8208547460302063721,994643,1491437713
-8263149084205216254,994643,1491437708
-7951234034929698968,994643,1491437671
-59382907286985553,994643,1491437706
-7383500693646753080,994643,1491437700
-382110799812263066,994643,1491437675
-2987792749006398587,994643,1491437658
-1656941266871462483,994643,1491437681
-5436879166196517182,994643,1491437710
8338291631027801310,994643,1491437695
-2499227654373185566,994643,1491437711
2630073579474574135,994643,1491437705
-3888373366404375679,994643,1491437704
8558365947679699667,994643,1491437678
-5878969445237896946,994643,1491437680
-7626443840054867176,994643,1491437678
-2160753470425337795,994643,1491437682
-3699440238735036554,994643,1491437706
4849658578680963834,994643,1491437705
-3944081007505252580,994643,1491437664
8536506795377610981,994643,1491437689
-1200559617110298369,994643,1491437705
-6250854990726465314,994643,1491437694
-8968763641021343842,994643,1491437673
5550464694365277272,994643,1491437682
-7070860278156701549,994643,1491437709
5819482622809503735,994643,1491437677
5585860342078066428,994643,1491437707
8410811771949427274,994643,1491437683
-1786401594045435999,994643,1491437685
-1016915232281434125,994643,1491437703
-4379386039149187236,994643,1491437670
2602718722762764,994643,1491437662
-2494356216116695613,994643,1491437679
7268475383669447083,994643,1491437688
3197231703413316860,994643,1491437690
-7102797231748400567,994477,1491437677
735207449410278994,994477,1491437704
-5180265021396113348,994477,1491437704
2472681588958185091,994477,1491437700
3690464854195903166,994477,1491437705
-1158237351808711616,994477,1491437689
1188768524850354471,994477,1491437662
2996471941751547444,994477,1491437691
3699440894225103743,994477,1491437673
-8248583234112465563,994477,1491437678
2980895490295460150,994477,1491437710
-672094728947390207,994477,1491437670
3578223838898611289,994614,1491437698
-5875475020168441007,993904,1491437679
-7757936555329063555,993128,1491437696
-1709557690989743751,969881,1491437660
278421426749829338,994601,1491437682
4335139163044450666,994601,1491437680
-8377635901167068182,994601,1491437670
-6971500461292510354,994601,1491437675
-6710706280819345294,994601,1491437702
928660374607283331,994601,1491437713
-2139301202375933530,994601,1491437705
4412229798349487632,994621,1491437705
-681400430596021810,994621,1491437704
-2110414725409689007,994621,1491437712
-6201063679972926876,994621,1491437714
-9183453097504065351,993816,1491437675
-2156679219398103847,992465,1491437665
-3819596669308423148,988916,1491437673
-8243156995948401809,994319,1491437711
-7360021332648462126,994319,1491437692
803260630688272515,994319,1491437701
8942667637869104105,994319,1491437685
-4745578417207126545,994319,1491437716
8964401969032258412,993855,1491437715
-6022261766427058972,974441,1491437700
-3086428091718438343,974441,1491437670
7291185316460628852,994346,1491437667
4610169247585182634,994346,1491437679
4673455558350396127,994430,1491437664
-3350025277012673860,994430,1491437659
-3094790102514748286,994430,1491437714
-8589297897097281390,994430,1491437660
-5010104857648586092,994035,1491437663
2208837448924221201,994503,1491437715
6615063531112637469,994503,1491437689
7291185316460628852,994342,1491437703
9104399517727767789,994352,1491437695
2208837448924221201,994451,1491437691
2309597580550420969,994451,1491437704
7700658853454758863,994451,1491437686
4366489621693616175,994451,1491437706
-7095433876624984941,994451,1491437657
4405621140091601085,994451,1491437705
-4168156428542388453,994073,1491437676
-3819596669308423148,988952,1491437676
-2004809926403543870,994291,1491437694
2341380019099072248,972937,1491437689
5109264198283778413,972937,1491437658
-7978221704857642076,994428,1491437710
2430487941440714307,994428,1491437678
-681400430596021810,994428,1491437680
-6201063679972926876,994428,1491437704
5094592537490228038,994428,1491437709
-2081408289397931777,994599,1491437669
4335139163044450666,994599,1491437706
-6971500461292510354,994599,1491437682
-8377635901167068182,994599,1491437676
-6710706280819345294,994599,1491437704
278421426749829338,994599,1491437682
-4719525193317071104,994577,1491437712
6529305513717975019,994577,1491437706
8075107541283157123,994317,1491437671
3667605477583647871,994317,1491437711
179694344741400995,994317,1491437685
-1430433678963494051,994317,1491437675
-484698990522047897,994317,1491437673
-2084696332735652541,994317,1491437681
-4709156732395725637,988480,1491437704
3400312335228474344,937422,1491437667
-2156679219398103847,994452,1491437665
415263051359156907,994452,1491437672
5087125039861376288,994095,1491437682
3361587023475676140,994095,1491437687
6801968082306650993,994095,1491437694
2013454109418234880,982958,1491437679
1873913373972687548,994338,1491437657
8667411522750164178,993513,1491437701
2776204492529624795,993513,1491437675
-4745578417207126545,993513,1491437713
-7407405169697488459,993513,1491437660
-601141408421250680,993513,1491437688
-8362204799970915024,993513,1491437706
-755186670227135957,994386,1491437712
6086630945552919968,994386,1491437662
-4090354906868482566,994386,1491437679
-2553311293124806071,994386,1491437670
8274875242344632072,994386,1491437661
-8377635901167068182,994386,1491437707
-4207175150243662672,994386,1491437708
-7547613886496949119,994386,1491437684
4477672437842445647,994013,1491437693
-3073526184495927325,986628,1491437679
-7380013991746318635,993784,1491437692
-4168156428542388453,994069,1491437676
-1902469291501081781,187248,1491437677
-7757936555329063555,993329,1491437696
-2328914559437340990,994632,1491437688
-7663227928348287474,994632,1491437680
4156219012578289786,994632,1491437704
-1328932723874687746,994632,1491437707
4030184612436674025,994632,1491437715
-1423193947392060920,994164,1491437668
-1430433678963494051,994335,1491437701
513240570156919450,994478,1491437692
-3945366156930030402,994478,1491437695
735207449410278994,994478,1491437659
-5035439339981887446,994478,1491437693
3815252485271369435,994478,1491437665
-3543698240700354373,994647,1491437714
-1376474096091146471,994647,1491437701
6951711174680482045,994647,1491437704
-5436879166196517182,994647,1491437668
3146388122742474606,994647,1491437682
4875291643157999615,994647,1491437687
1863845751973856987,994647,1491437701
-1710164571144421429,994647,1491437681
3404749324523589976,994647,1491437677
3101363962333549853,994647,1491437698
173589240207815912,994647,1491437705
3086930854499637158,994647,1491437716
9136265876007627484,994647,1491437700
-5948511393711564590,994647,1491437682
3143145869996378341,994647,1491437714
-9135993062262858753,994647,1491437708
6996030181652739215,994647,1491437689
1561305949534171790,994647,1491437684
1864268073544696254,994647,1491437676
3034893496674022435,994647,1491437661
-2737557560333797561,994647,1491437679
1579114715045055495,994647,1491437688
-2773302288087945896,994647,1491437678
-8322147982517001664,994647,1491437670
9015604176909686314,994647,1491437663
311653505035046670,994647,1491437703
8121434266047565116,994647,1491437684
-3383104766899567166,994647,1491437696
7383853417131232285,994647,1491437689
1663395629136832921,994647,1491437701
8308114826805832479,994647,1491437690
7222900974267356000,994647,1491437671
-3865406026436903141,994647,1491437715
-1656941266871462483,994647,1491437705
-954778026989913305,994647,1491437681
6675529274994668489,994647,1491437691
-969823038731310626,994647,1491437683
-4111372424205255099,994647,1491437709
3098313194225218194,994647,1491437705
-159848365438774537,994647,1491437680
-1445124460072489715,994647,1491437711
2630112817593511665,994647,1491437684
-1611903694094808838,994647,1491437677
-8351583234068235717,994647,1491437713
-5228587893873412446,994647,1491437703
4401440861357619755,994647,1491437701
7140095307395296920,994647,1491437698
-3804304140842422383,994647,1491437684
-3395063877198307049,994647,1491437663
-4548172006485666947,994647,1491437675
30048478842656439,994647,1491437716
-2568084517731067277,994647,1491437694
2243268571933178828,994647,1491437657
6389075518874264139,994647,1491437715
-4879502776268853615,994647,1491437684
-7608952074600934965,994647,1491437714
-5486906467276000451,994647,1491437683
-3154392583440434542,993894,1491437707
3081787220786961987,993894,1491437670
-271940790872911030,994569,1491437714
-4210851413636986427,994569,1491437679
6529305513717975019,994569,1491437687
-7713238095404899604,994569,1491437682
764336878203623806,994569,1491437709
-5734226329688667468,994569,1491437693
817157082516530038,994569,1491437660
-4095771048991939511,994377,1491437714
-7189359553045986064,994377,1491437669
689850724338541783,994561,1491437710
-1324454737475092310,994561,1491437712
