-5196736117365479367,995863,1491711397
-8099664182707699459,984735,1491711408
2916847514717126358,995776,1491711414
3661343153120855792,995776,1491711397
844167049852576567,995776,1491711430
4802075487207948808,995776,1491711427
-8278328468975005761,994409,1491711418
-8329847707234867260,993455,1491711400
-8100082067817204343,995858,1491711389
4194627111034562909,995858,1491711379
-2860110188968750221,995858,1491711428
6658525221626976401,995858,1491711384
2697073881006282245,995858,1491711428
-6708658281016057570,995858,1491711427
8478310286058524643,995858,1491711429
1268926461824470256,995858,1491711405
2896364583340122517,995823,1491711426
-9133891497035365885,995794,1491711411
643175881640053913,995794,1491711434
-6276586319873846132,995794,1491711399
-6971650492719267309,995794,1491711380
4120308373623337039,995794,1491711401
7115200341057891940,995794,1491711436
1476803067018739522,995794,1491711405
4066838083423210040,995794,1491711432
2989111801228925901,995794,1491711381
-1674849077579193817,995794,1491711419
-6480224444292900882,995794,1491711408
-3005649382330791137,995794,1491711417
-8100082067817204343,995860,1491711429
-4646856734860175727,995860,1491711403
-6708658281016057570,995860,1491711437
2132461928418239373,995860,1491711380
2601270158017049955,995860,1491711403
4168251139108711537,995860,1491711384
8106239903243411492,995860,1491711397
418805456560927277,995304,1491711434
4136620236004142008,994616,1491711402
-7578618340161902025,995527,1491711429
3050405814320285926,995527,1491711425
-5190882145340094759,995527,1491711416
6067383766804824562,995527,1491711410
-8726482062099554780,995527,1491711387
6325008894332426019,993135,1491711423
-2105726672404668258,995070,1491711435
5139315920933220004,995358,1491711424
3228003052925471829,995358,1491711410
1767480561649991047,995358,1491711436
-7835812731279901706,994454,1491711420
3556940159567537440,994454,1491711392
2863257334236153771,994454,1491711390
8037058219850815129,994454,1491711428
-5623122406669932650,994454,1491711425
788249760264468091,995523,1491711385
8900025876576427282,995523,1491711434
-295136966969527896,995897,1491711388
5197266157183714014,995897,1491711397
4573304262977145493,995897,1491711418
-2597635486826404295,995897,1491711385
-988189810035000924,995897,1491711409
5185053722537759209,995897,1491711428
-3851643806088473325,995897,1491711381
-8010288925741425980,995897,1491711423
3206899522438753272,995897,1491711391
1787953013877378678,995897,1491711426
-6379045030410948794,995897,1491711401
2056351611113742093,995897,1491711428
-9110780308501472590,995897,1491711426
-517564667151116207,995897,1491711420
-5763178442875298695,995897,1491711395
-3237322085789220250,995897,1491711433
4947089526073841241,995897,1491711390
6374572138815133655,995897,1491711437
-5963851629445432157,995897,1491711423
-7262359433165081608,995897,1491711432
2232179772887933837,995897,1491711406
4087151375789249227,995897,1491711390
-115879623729462632,995897,1491711435
7333997154816330248,995897,1491711388
1752471365694902604,995897,1491711436
5670623284540127902,995897,1491711435
-4005886402060632856,995897,1491711412
7954172268603609613,995897,1491711386
-6209630644136696945,995897,1491711401
-6212106406107500378,995897,1491711422
-2613210690806700133,995897,1491711379
3269647852819485888,995897,1491711409
-3885949444131094547,995897,1491711423
504178287795280035,995897,1491711397
6203601391992277144,995897,1491711396
82278500165875886,995897,1491711428
-2956623297952746338,995897,1491711431
-1905142024328717552,995897,1491711413
-4528715528872821689,995897,1491711406
-633236086308495266,995897,1491711420
-7412350441170458436,995897,1491711431
-1971607695601826659,995897,1491711431
-5556560790256394219,995897,1491711420
7719885580403693211,995897,1491711399
8166929092753654544,995897,1491711438
-3689381794120161232,995897,1491711417
7490947939241041418,995897,1491711405
966619386494014889,995897,1491711433
1868818488278814850,995897,1491711434
2191834719175971332,995897,1491711419
5122691183676041041,995897,1491711415
-7425165490442608665,995897,1491711415
4360541843883682451,995897,1491711430
-1389203685974621980,995549,1491711419
-8838300035256123909,995676,1491711417
7544776674727885484,420542,1491711415
-6453615379380669722,420542,1491711421
679850200454038672,995879,1491711392
-325544357037645187,995879,1491711413
-6063496671467800769,995879,1491711416
5488035476857480898,995879,1491711412
1538123867907816488,995879,1491711381
2230949437920326099,995879,1491711411
-6112972934250773492,995879,1491711395
6077332245729034713,995879,1491711395
-2513939352325656150,995879,1491711408
-8062837833048828922,995879,1491711404
5251309733827471445,995879,1491711434
-2060123731335287588,995879,1491711437
395966309910440119,995879,1491711420
-2520753328676553256,995880,1491711410
2835611097443879608,995880,1491711404
-8167043997366146531,995880,1491711411
-3174729002191358063,995880,1491711417
-5549506811850925738,995880,1491711424
-2851464954917599534,995880,1491711414
1745049129674966369,995125,1491711411
6082648632276676579,995125,1491711384
4091201511286606120,995125,1491711436
5111440793624016010,995125,1491711428
4232065298118489127,995125,1491711417
2604071908412703050,995810,1491711438
-3822106900946063819,995810,1491711426
-2348494690544375900,995810,1491711407
7820300430212591123,995810,1491711416
-2603085407387848403,993337,1491711390
-7178208756130958478,995765,1491711432
9218660071848216974,995765,1491711419
6261369131113122504,995765,1491711401
2829625754047368488,995765,1491711428
3657050058964307149,995765,1491711424
1770073568541686191,995765,1491711383
-4739442372100215808,161116,1491711436
-266819615998609676,161116,1491711380
4077490403355569148,161116,1491711435
-9190703675753055327,995819,1491711411
1723127918620140149,995869,1491711380
-2047730238552531091,995869,1491711398
-4938281393860288956,995869,1491711383
-7027826855889440755,995869,1491711405
1916489159103533738,995869,1491711429
4459685523686342101,995869,1491711431
4783467777884798141,995869,1491711437
7471731676649284180,995869,1491711404
5114964878843510218,995869,1491711397
5729524722972361851,995869,1491711397
-2255178374254932072,995869,1491711387
-8256864424596683063,995869,1491711403
-1467570996476270402,995869,1491711438
-4965484017172755363,995869,1491711386
6124798800693003693,995869,1491711395
7060691625072576282,995869,1491711432
2594934355183958441,995869,1491711401
-3963843666582354842,995869,1491711404
-8656051432800196247,995869,1491711407
6723519979140643938,995869,1491711380
-8026432186461274267,995869,1491711402
750063717194902488,995869,1491711422
2419145611365098815,995869,1491711401
4232065298118489127,995869,1491711412
-4944798056388565157,995869,1491711428
-6588672721308682394,995869,1491711385
-3458087955420300532,995869,1491711432
1776837585011836816,995869,1491711404
5548429666386979151,995869,1491711427
685300461164787437,995869,1491711423
-5368676684009780529,995869,1491711387
6864712406715164999,995869,1491711429
-5375400434529417910,995869,1491711398
-1834421090625119781,995869,1491711394
6097146690990220586,995869,1491711431
2273733097565102561,995869,1491711379
2671422599250710975,995869,1491711406
-7196131523800747921,995869,1491711379
3367205417360241596,995869,1491711419
-15506016354292590,995869,1491711392
1207090261023776270,995869,1491711422
-1298838646867551344,995869,1491711409
-3396676158815539437,995869,1491711429
-8800949932630049251,995869,1491711435
-4389138004687090634,995869,1491711433
1902996892599212607,995869,1491711385
-6031292401700898561,995869,1491711429
-8568698769887440270,995869,1491711438
-7464198940106050699,995869,1491711399
4335350247377912736,995869,1491711418
2340692817582224085,995869,1491711399
3072490126593322688,995869,1491711431
-8689651370138097483,995869,1491711401
7610087239829896193,995869,1491711419
2730450806096181079,995869,1491711427
-3676730557941813600,995869,1491711412
-5672401779428241510,995869,1491711420
2456163209672179267,995869,1491711415
-5067729519439043868,995869,1491711399
1035798129917300945,995869,1491711427
-6709173543578172772,995869,1491711432
-9193592981612041137,995869,1491711432
7016289838882257574,995869,1491711432
-325794272634573603,995869,1491711421
1989900083254249950,995869,1491711411
-1502181499948574041,995869,1491711406
851386317663318868,995869,1491711428
706226046178459651,995869,1491711402
5856593547801293013,995869,1491711425
-7809058498977759589,995869,1491711393
8360825953445603860,995869,1491711404
-4898976658522546728,995869,1491711399
1183182584161761649,995869,1491711437
4552952626931426937,995869,1491711430
2863265660174388942,995869,1491711413
-7191649478702264482,995690,1491711432
-7849846550003117102,995690,1491711386
-7528647375187393485,995690,1491711411
8069024838218430008,995690,1491711438
-1947709893995989426,995690,1491711401
7058032063817187360,995690,1491711395
-9197659776667143610,995763,1491711403
6214995278799356139,995763,1491711390
-7606002664893010240,995763,1491711393
9136450920728300493,995763,1491711410
-9073058267101955067,995763,1491711421
-8029817117833433198,995763,1491711388
2916847514717126358,995763,1491711438
6261369131113122504,995763,1491711414
-2737569196784172479,995763,1491711418
8482405025715772212,995763,1491711380
5826888955115190833,995730,1491711390
-7849846550003117102,995707,1491711381
7058032063817187360,995707,1491711395
8069024838218430008,995707,1491711437
-7528647375187393485,995707,1491711406
-7191649478702264482,995707,1491711401
-1947709893995989426,995707,1491711401
3191835733796603740,995707,1491711415
-5428671466757459909,995707,1491711416
6201733598956426857,995707,1491711411
-1006246961693957786,995707,1491711399
-4078590138415566833,995886,1491711430
6324104942350814146,995886,1491711435
-2851464954917599534,995886,1491711401
6054002619823368285,995886,1491711438
-5919498115741472975,995886,1491711430
1561858346164270899,995886,1491711397
-4570610738751490839,995886,1491711431
-2239694780247035849,995886,1491711415
-8252435979697497307,995886,1491711435
-6414313382622275576,995886,1491711417
5161355620619478751,995886,1491711435
6783872688718591435,995847,1491711381
-5342451009787307677,995679,1491711380
-4644835061405712282,995679,1491711397
-3194902462921210922,995679,1491711387
-7076884659569147427,995699,1491711409
-1770657167583290137,995906,1491711420
-179582497642304468,995906,1491711397
-2956976587848755556,995906,1491711405
-2590224854953908032,995906,1491711423
3271359977600581211,995906,1491711427
3672084308851657632,995906,1491711422
-3746281906035857570,995906,1491711431
3269647852819485888,995906,1491711402
9103756695249280608,995906,1491711425
1922616467387469915,995906,1491711397
-5710260555734300520,995906,1491711399
-584830978652085532,995906,1491711405
-9149413045968889826,995906,1491711430
903238636393398178,985194,1491711405
-2090520714852057882,995831,1491711402
-4330754327837959700,995831,1491711435
-6443425593722486935,995831,1491711430
-1039431938997954212,995799,1491711434
-125846812432145030,995799,1491711430
-4171775811809712821,995548,1491711438
74097468214724847,992144,1491711401
6457499212698090491,995822,1491711384
85161029379510514,995822,1491711424
-2654279568887015303,995822,1491711397
-6414614157984186890,995822,1491711416
1760752006616375768,995822,1491711407
7984837018305699262,995822,1491711404
2292528008359784113,995718,1491711435
-7035673372727325462,995718,1491711404
2779149354939055414,995718,1491711428
4858708460629091827,995718,1491711380
-4029338027434929057,994877,1491711424
2868142718114646617,995787,1491711381
-1542986545613922338,995787,1491711428
8548371709493774743,995787,1491711382
-4312351258995334317,995787,1491711401
85161029379510514,995828,1491711384
-1379934401512343549,995828,1491711433
-388457330497928265,995828,1491711438
2289886796955492122,995610,1491711421
5645191489132730262,985650,1491711403
2067328680509020347,345225,1491711431
6391519765183144544,974441,1491711422
-3480986572992229825,974441,1491711400
-7487353933418809708,885566,1491711393
2604071908412703050,995814,1491711438
-3567634706879390057,995796,1491711422
-6929535289014377357,995796,1491711400
2232611183049805208,995796,1491711414
8838597216108027248,995796,1491711434
-3908833456810101931,995796,1491711409
-8938822839671465176,995796,1491711427
-1039431938997954212,995796,1491711434
3228003052925471829,995328,1491711435
-8803539328959162881,995506,1491711384
-6437012394476102763,995506,1491711428
5111440793624016010,995160,1491711417
6718506834925914164,995739,1491711413
-6058179555217900141,995739,1491711396
2779149354939055414,995739,1491711400
-5577977598058912965,995739,1491711407
-5435707736123934242,995739,1491711387
8304335340729418712,995739,1491711384
1693947352174800480,995739,1491711412
-5322855037883906460,995739,1491711426
-3125808365140159723,995056,1491711431
3583697110408428650,995056,1491711432
-5305634549389373298,995639,1491711438
5418780827499771305,995639,1491711401
-4311952431582468951,995665,1491711434
5883260316415239012,995665,1491711426
8595094352881523752,995665,1491711427
-4183532057985728259,995665,1491711401
-2176912033663861883,995732,1491711438
4136620236004142008,994940,1491711388
6658525221626976401,995849,1491711399
-71309392976186933,994139,1491711404
-9057878633065355319,961577,1491711414
5080977076472854339,995883,1491711380
7344220607015274969,995883,1491711386
8026941641510473357,995883,1491711428
-9037774350005441415,995883,1491711401
2705880940152025451,995883,1491711423
-1043306561902405336,995883,1491711420
-3321104664966420033,995883,1491711383
-1117438917604635381,995883,1491711423
849712009036430026,995883,1491711404
-9179209390866217627,995378,1491711427
-8873657037609288864,995378,1491711429
-5693908499821271618,995657,1491711398
9157499963589715263,995657,1491711383
-8838300035256123909,995675,1491711417
-2569996250841349981,995675,1491711433
-1383173918547903751,995675,1491711393
7841425673669833485,995675,1491711432
2546881609139268085,173200,1491711423
-7912806367783833567,995041,1491711404
-9117614768974870801,995887,1491711417
9183539998060416422,995887,1491711397
-4199057596023498740,994041,1491711402
-3043098802094048145,995606,1491711400
5923506297807305779,995606,1491711417
7067878407935861137,994131,1491711402
-5209549436800846029,994678,1491711383
150049167719547465,939801,1491711438
-4171775811809712821,995545,1491711438
4675565229017812008,995545,1491711379
-879952671984607454,995613,1491711390
2289886796955492122,995613,1491711398
-923964795659883052,995685,1491711393
8484800165461325608,995895,1491711396
-9109420002456216163,995895,1491711429
2232179772887933837,995895,1491711425
-6855101951272224253,995895,1491711406
3269647852819485888,995895,1491711425
7954172268603609613,995895,1491711418
-4005886402060632856,995895,1491711418
2568886763851481804,995895,1491711424
5986905018122650301,995369,1491711430
4771152009293807457,995565,1491711403
-6837612505354989781,995501,1491711428
-5860487308908561634,993560,1491711386
4254559417180410411,902921,1491711396
-2545704257508581620,995881,1491711411
-2513939352325656150,995881,1491711402
5251309733827471445,995881,1491711410
395966309910440119,995881,1491711388
-7620469836449586825,995881,1491711432
2775943182813171700,995881,1491711420
-8167043997366146531,995881,1491711421
6899952330999405761,995881,1491711429
5484434837983948823,995881,1491711399
5501364648088575765,995881,1491711419
-8421841077576218650,995881,1491711400
-2329464817094882911,995881,1491711436
-2520753328676553256,995881,1491711410
2835611097443879608,995881,1491711404
-7230453262482845624,994436,1491711402
3616843918828488538,994436,1491711388
1682654346421998995,994436,1491711422
-5329877250712746339,994436,1491711432
-3451226958751888971,994436,1491711404
-1848746852174160672,994436,1491711421
-1091932458158788685,994436,1491711432
8352912007375470652,994436,1491711402
4137341788101035701,994436,1491711433
4120244206502843578,994436,1491711398
-2683109409640309184,994436,1491711405
-553554155226996849,994436,1491711387
-931062297101871268,994436,1491711383
893744933571326604,995778,1491711435
-7191283136657426443,345257,1491711391
-5642346506401768070,995389,1491711420
7893917317352139726,995855,1491711437
-6706127727483614700,995855,1491711414
8504625215788533859,995855,1491711406
-46311273470481347,995855,1491711431
4671196456929181578,995855,1491711385
-3993171464656098243,995855,1491711436
2407519951513888213,995855,1491711424
-2569996250841349981,995682,1491711416
-4081113932027478562,995848,1491711428
-46311273470481347,995848,1491711389
8508568347976436364,995848,1491711422
-593695595088748125,995848,1491711381
7646297420647761616,995848,1491711419
5398266767724195027,995848,1491711424
-6499447491138718354,995848,1491711423
-4280063379920604208,995848,1491711410
2429538860623849770,995848,1491711388
6395086917797241875,995848,1491711396
8721934415238644196,995848,1491711398
8500361776806717844,995848,1491711421
-4230649958669283080,995848,1491711400
3462450933053999081,995848,1491711405
-1708810080593569969,995848,1491711395
-6207426766624685922,995848,1491711400
7107610203935163115,995848,1491711432
9125868146438638322,995848,1491711407
-2141498606607001212,995848,1491711389
4264757961220524275,995848,1491711416
-9051681692879973044,995848,1491711386
6083796860010074268,995848,1491711426
5603299182038593449,995848,1491711425
-6846255950166405318,995848,1491711432
347942232387294430,995848,1491711396
3658241859706124029,995654,1491711392
-4357245860517368712,995654,1491711404
-1022608717248702201,995654,1491711381
7884359260365715267,995758,1491711417
4840830460180779688,995815,1491711401
-3822106900946063819,995815,1491711424
-5974512274381224525,995815,1491711400
5388621772266912877,995815,1491711392
-8650064246464896790,995815,1491711382
1613252920198021525,995815,1491711425
-8471413410381728580,995815,1491711402
-4434495506495714497,995815,1491711433
-3261054090360422606,995815,1491711438
-3983961622941869164,995815,1491711420
7661751595194003138,995815,1491711402
-7606002664893010240,995760,1491711417
-266819615998609676,161130,1491711409
-4739442372100215808,161130,1491711436
4077490403355569148,161130,1491711435
4696728951713583677,995339,1491711414
4147602412525631484,992877,1491711424
1408777475222368316,993466,1491711420
2481385588723326796,993466,1491711427
5096267219945086378,417227,1491711437
4254559417180410411,901014,1491711421
4802075487207948808,995773,1491711427
4091201511286606120,974615,1491711407
-5164111654221115926,974615,1491711430
-6599468473224059218,974615,1491711421
1882981460583597924,974615,1491711427
-5179268037433034897,974615,1491711423
-4691180911614423502,974615,1491711381
7115200341057891940,995801,1491711436
-958513322100417559,995801,1491711437
643175881640053913,995801,1491711434
1610601432208169146,995891,1491711429
-9154978157000306131,995891,1491711431
-5560752731141643358,995891,1491711385
-9039920844248599213,995891,1491711385
7954172268603609613,995891,1491711420
-8139314637154242826,995891,1491711436
2232179772887933837,995891,1491711429
-9109420002456216163,995891,1491711431
3269647852819485888,995891,1491711429
-7465927812091932596,995891,1491711437
-405692652628372055,995751,1491711423
1415804839131802989,345163,1491711382
6292022566636380183,993192,1491711400
-461078650772178349,995734,1491711419
-7035673372727325462,995734,1491711404
-6058179555217900141,995734,1491711429
2779149354939055414,995734,1491711428
4858708460629091827,995734,1491711380
6718506834925914164,995734,1491711413
8319933676877347296,995145,1491711399
-6929535289014377357,995791,1491711437
-7680262914902371670,992883,1491711382
-3500597128607186705,992883,1491711391
851450793033869079,995898,1491711431
1833612174525461702,995898,1491711417
-4357159975261064801,995898,1491711405
-6212106406107500378,995898,1491711417
-2956623297952746338,995898,1491711431
398483554606544672,995898,1491711398
-115879623729462632,995898,1491711427
3912663229732751632,995898,1491711430
-3689381794120161232,995898,1491711417
7719885580403693211,995898,1491711399
-7262359433165081608,995898,1491711422
1890927352380714537,995898,1491711405
5122691183676041041,995898,1491711415
1265043988764751986,995898,1491711424
-517564667151116207,995898,1491711402
-4528715528872821689,995898,1491711406
4947089526073841241,995898,1491711380
650748051224263569,995898,1491711401
-5584553649850987722,995898,1491711421
7954172268603609613,995898,1491711381
7333997154816330248,995898,1491711380
-4005886402060632856,995898,1491711405
-4857189839962819722,995898,1491711394
2232179772887933837,995898,1491711397
6936402963460853185,995898,1491711410
3269647852819485888,995898,1491711406
2469276665056987188,995898,1491711413
-4603073464577649533,995898,1491711405
5776005814239777026,995898,1491711415
-9169335674274435856,995898,1491711398
1089761453041900246,995898,1491711385
7526699746252008215,995898,1491711390
-6748450944784800482,995898,1491711428
-2853776333980380948,995898,1491711427
-13073399177264548,995898,1491711410
-34684949145756689,995898,1491711393
-8664939548057740619,995898,1491711415
1736883024726157357,995898,1491711431
3361146193917168929,995898,1491711398
-2551837824608253840,995898,1491711389
-3520214037873847981,995898,1491711433
8503981231618786999,995898,1491711427
-3552215645314539847,995898,1491711419
1950044945852172741,995898,1491711388
5099958590031771807,995898,1491711424
1907717909295416096,995898,1491711396
2982724846930154971,995898,1491711418
4677295501970567541,995898,1491711432
-7225369529414730895,995898,1491711436
1571002500086898402,995898,1491711434
2600156976065187698,995898,1491711432
2484656618490774493,995898,1491711417
-4082397912124521416,995898,1491711436
-2604672069238225956,995898,1491711429
-3746281906035857570,995898,1491711431
-5906136418716875489,995898,1491711410
-3002574219596754898,995898,1491711415
-2798920457248385046,995715,1491711421
2006268483954755291,995473,1491711436
6904248054691558394,995473,1491711427
-5509309147273030761,995473,1491711439
2701876323385083971,995473,1491711413
-9057878633065355319,958282,1491711432
-740696885781929418,995624,1491711431
5484434837983948823,995146,1491711408
-2112755191447212180,994794,1491711405
5426404351806283761,977201,1491711429
6148842426362016838,995873,1491711429
-6560174923634639931,995873,1491711404
-3862877584029237808,995873,1491711424
4122164500584933420,995873,1491711404
-7837899652810857657,995873,1491711396
2896364583340122517,995826,1491711416
-4919630259969750484,995826,1491711420
-5023434025462609361,995826,1491711420
243304364355478509,994717,1491711430
-3211010756815895618,995832,1491711433
-101317753210591060,995681,1491711430
-3001940379365858075,995681,1491711389
-2569996250841349981,995681,1491711384
-266819615998609676,161144,1491711409
-6767708087746085260,994721,1491711406
893744933571326604,995783,1491711394
2294302286673457198,995783,1491711397
1886747678943390831,995783,1491711400
4319376816446430648,995783,1491711425
620887674156054788,995783,1491711380
8012813069930478832,995783,1491711406
6067855422766237364,995783,1491711432
-4642044290827198904,995904,1491711380
5100164440353706410,995904,1491711418
-7225369529414730895,995904,1491711430
7096680749644441569,995904,1491711403
4997187245709278649,995904,1491711438
-697430548437268678,995904,1491711395
2661509727013262667,995904,1491711433
-4481465683782007627,995904,1491711433
-7593398232259852396,995904,1491711428
-527640274561970126,993262,1491711432
-209591800001953283,148349,1491711415
-7351260269260625117,909177,1491711413
-2559770090611804429,995899,1491711385
-1355383915530098505,995899,1491711428
2568886763851481804,995899,1491711409
7896137244063897121,995899,1491711423
8373786186686288323,995899,1491711435
-2604672069238225956,995899,1491711429
-2853776333980380948,995899,1491711427
-3552215645314539847,995899,1491711419
-6061847253193675292,995899,1491711397
1950044945852172741,995899,1491711388
8918513189155435401,995899,1491711401
5776005814239777026,995899,1491711415
-8664939548057740619,995899,1491711415
-9169335674274435856,995899,1491711398
6598237261021524858,995899,1491711432
4677295501970567541,995899,1491711432
-8520808851168149788,995899,1491711393
5929642240448537498,995899,1491711397
3977998604490409550,995899,1491711395
-97250091345616272,995899,1491711395
-1372309496812848559,995899,1491711430
3019522277412072462,995899,1491711387
-442491195491213313,995899,1491711421
4151427994107248422,995899,1491711414
-1310124654715241099,995899,1491711411
7580539289300307903,995899,1491711405
7745163563322005328,995899,1491711401
-7181886110832880679,995899,1491711418
-7991538481669646795,995899,1491711437
695536330318056488,995899,1491711411
5748066218746308677,995899,1491711379
2381572405794776833,995899,1491711392
8066381776929051132,995899,1491711395
7526699746252008215,995899,1491711390
-4603073464577649533,995899,1491711405
5099958590031771807,995899,1491711424
3045620000221705123,995899,1491711417
1089761453041900246,995899,1491711385
1907717909295416096,995899,1491711396
1696305542346577798,995899,1491711412
2982724846930154971,995899,1491711418
-4005886402060632856,995899,1491711388
-5948957827330032292,995899,1491711399
-7725339613522542467,995899,1491711421
-13073399177264548,995899,1491711410
8132893265971823653,995899,1491711383
2232179772887933837,995899,1491711390
1571002500086898402,995899,1491711434
1675680179818811477,995899,1491711433
-7266012773465197529,995899,1491711436
-1418629703976526401,995899,1491711417
1250496110830055032,995899,1491711381
-2551837824608253840,995899,1491711389
8371257728747620734,995899,1491711403
-7546159296285926150,995899,1491711428
811470071699460371,995899,1491711417
7754096381650163965,995899,1491711380
-7651395355698944538,995899,1491711383
-2136480248982901157,995899,1491711396
3361146193917168929,995899,1491711398
-3520214037873847981,995899,1491711433
6936402963460853185,995899,1491711405
326782419528162422,995899,1491711431
4524665307493628552,995899,1491711381
592418715693674705,995899,1491711423
4969205497388923966,995899,1491711421
6564264186123613519,995899,1491711426
1265043988764751986,995899,1491711387
-6479087450548437630,995899,1491711394
2600156976065187698,995899,1491711430
7876046466143082925,995899,1491711388
1171458125312045386,995899,1491711394
-3002574219596754898,995899,1491711415
8503981231618786999,995899,1491711427
-7500780048759215413,995899,1491711417
8898448506620894771,995899,1491711383
-5584553649850987722,995899,1491711391
-34684949145756689,995899,1491711392
-4082397912124521416,995899,1491711435
1736883024726157357,995899,1491711431
-1150348501932092306,995899,1491711387
-21652803286791379,995899,1491711418
7096680749644441569,995899,1491711411
-4642044290827198904,995899,1491711386
-3264432122707275767,995899,1491711424
6110603354603908869,995899,1491711420
-1320195187646009742,995899,1491711418
-7225369529414730895,995899,1491711436
-1408331248556670438,995899,1491711389
-6108294529424132096,995899,1491711426
2469276665056987188,995899,1491711412
6285771784959863462,995899,1491711428
-926884381572845471,995899,1491711391
-5274304420885858991,995899,1491711428
-266114786828835786,995899,1491711432
-6101722151329081716,995899,1491711431
-8795579117182249657,995899,1491711416
-1307501504491301226,995899,1491711408
2569016664810008105,995899,1491711404
-7767545122246523600,995899,1491711419
-6788333490079436895,995899,1491711408
8494447165323532531,995899,1491711412
7242236835938837473,995899,1491711401
246867710603341313,995899,1491711430
-1381032735475967270,995899,1491711436
7455513421629709119,995899,1491711429
3105192996699378545,995899,1491711403
-8501183579592822576,995899,1491711426
-3152864347270496602,995899,1491711421
3108542391709439827,995899,1491711432
-7204405594694810402,995899,1491711405
-8197642641485754343,995899,1491711414
6536985517165139741,995899,1491711437
220224020906326790,995899,1491711436
3771351288834707534,995899,1491711415
-1150744086972998369,995899,1491711408
3668692769752583281,995899,1491711405
2785778015697401297,995899,1491711397
-4163650262880729559,995899,1491711403
-7733964492198527974,995899,1491711434
5100164440353706410,995899,1491711418
-5827298676631088899,995899,1491711437
-363571308417039543,995899,1491711438
4219981557075878952,995899,1491711400
2659309966232476012,995899,1491711395
7383174485690095010,995899,1491711398
3926913956835308625,995899,1491711398
-9119939885378959575,995899,1491711401
-1622851904822575270,995899,1491711434
7722554861097231398,995899,1491711380
3701701228655715868,995899,1491711404
-3658099985207262272,995899,1491711430
2351039270800154622,995899,1491711433
3242339073336656208,995899,1491711385
5575546488585795049,995899,1491711390
-5567196677842550382,995899,1491711437
2897277004259614124,995899,1491711430
-2878385439535349168,995899,1491711431
6416362226030276446,995899,1491711437
-6445813332193955074,995899,1491711437
2101939801951498458,995899,1491711402
882315623344775826,995899,1491711436
490908695502518441,995899,1491711417
7046718349424755165,995899,1491711406
-7225181301420454553,995899,1491711396
3668878874061565144,995899,1491711393
7704615961389013795,995899,1491711392
782655025362169125,995899,1491711431
286950885332522418,995899,1491711433
1784100925649256297,995899,1491711436
2275387585262678587,995899,1491711400
5182458533450742105,995899,1491711411
4601966452461946137,995899,1491711424
-1928571725967371163,995899,1491711428
6374136553744396654,995899,1491711403
4997187245709278649,995899,1491711438
-4555586359141179337,995899,1491711398
-3087770354893729214,995899,1491711438
-4327505051167917106,995899,1491711406
-3123272067068537883,995899,1491711397
6190614408265316422,995899,1491711427
8130800344435328610,995899,1491711433
-7876666373941096519,995899,1491711417
4990162174680967832,995899,1491711434
4741046503435169506,995899,1491711408
8354567627084431795,995899,1491711395
-1532230084412135561,995899,1491711403
-7465927812091932596,995899,1491711407
-938236395531239571,995899,1491711397
-3786480212018855000,995899,1491711418
1611202433436810794,995899,1491711386
332190326984212591,995899,1491711424
6160093808151726481,995899,1491711397
91021102402286623,995899,1491711421
7403101282321427008,995899,1491711424
5936519850248877096,995533,1491711417
-8574366525363406585,995644,1491711383
-5170224476054470373,995644,1491711387
610897969262178806,995644,1491711427
7841425673669833485,995644,1491711434
-803956384419693388,995884,1491711411
-4384299627495747645,995884,1491711403
-4606977842605803574,995884,1491711399
2409722550392371446,995884,1491711428
3810170876069836385,995884,1491711421
-8268950913907060813,995884,1491711379
6273193551066766210,995884,1491711427
-2851464954917599534,995884,1491711411
-7861668999343243380,995884,1491711381
7952892226270071114,995884,1491711426
6054002619823368285,995884,1491711438
-4715958143761856261,995884,1491711436
6796546294305830815,995884,1491711416
-6373395097297934798,995884,1491711401
7301814503328827288,995884,1491711417
7546827986750951110,995884,1491711419
-3329714358154124432,995884,1491711406
-5919498115741472975,995884,1491711435
7177367145870275242,995884,1491711380
-3417094748736052466,995884,1491711407
2873148079329385602,995884,1491711413
-3381477268880407780,995884,1491711400
3634237993327762776,995775,1491711427
-4054039790955324690,995775,1491711431
-5170224476054470373,995646,1491711401
8614089981838877140,992128,1491711436
3228003052925471829,992128,1491711434
-2818458845597433717,992128,1491711398
-8876458782760315654,992128,1491711438
-4703701384560828726,985674,1491711419
5422131914045854921,884949,1491711432
418805456560927277,995366,1491711434
-1913762219873449838,995366,1491711388
-275851895318948596,995366,1491711398
1211528364694488428,995893,1491711395
5986905018122650301,995392,1491711382
-4755345654761772440,995392,1491711391
-6676684218690587570,993841,1491711430
-4481465683782007627,995907,1491711424
6933397963136702850,995907,1491711406
-6001611131034648103,995907,1491711433
-6865872702255453118,995907,1491711401
-8860544880691618901,899561,1491711431
6935096612468041282,995541,1491711418
-5817157008477485137,995582,1491711421
-2005773891892845210,991851,1491711401
8259178698332212886,993329,1491711416
-2105726672404668258,994924,1491711416
860689573215290779,995482,1491711417
-6676684218690587570,993759,1491711430
6332619387939922354,995609,1491711403
6705813862252903356,995609,1491711413
-8704513127435766785,994528,1491711387
-902491584276317719,995866,1491711423
-5006538008440625397,995866,1491711420
-5736887632093057386,995866,1491711401
-2910766242993885121,995866,1491711423
3841780756370818775,995866,1491711395
5501364648088575765,995866,1491711403
4824257782059101526,995866,1491711388
8314919015798326728,995866,1491711410
6980317856724276721,995866,1491711399
1089058395997360829,995866,1491711408
8478310286058524643,995866,1491711386
6207378162602988888,995866,1491711403
4588886373192269909,995866,1491711437
-6708658281016057570,995866,1491711415
-7399323799362745733,995866,1491711386
4029870410824354015,995866,1491711422
-8058534775700135406,995866,1491711410
-2020883195262900406,995866,1491711411
-7500354629915497235,995866,1491711433
-5731718262325611936,995866,1491711435
-7763921264490471971,995866,1491711397
2006921690550718526,995866,1491711413
5205321526361570175,995866,1491711426
2088408028362139984,994990,1491711400
-7680262914902371670,994990,1491711401
-7821310325914552747,994990,1491711399
8708593196983743682,995859,1491711398
-4256026184897547862,995859,1491711411
7376867973852065556,995859,1491711395
-3212351440904530361,995859,1491711438
-3260397873922306641,995859,1491711384
563588690066156120,995859,1491711423
3590985828794938824,995859,1491711395
-5112722994576103211,995859,1491711384
1031370743872357032,995859,1491711396
6273193551066766210,995859,1491711404
-4292071346449369338,995859,1491711437
6633045744604502171,995859,1491711418
-8773125549034332448,995859,1491711398
4999590396668711478,995859,1491711403
-7618271877905970215,995859,1491711390
418423567269273549,995859,1491711406
-3947110544943434016,995859,1491711388
3220783139860281448,995859,1491711386
6195779966939757025,995859,1491711394
-7987972624022988586,995859,1491711436
-2606683922228362623,995859,1491711383
-4375352546944778623,995859,1491711430
-8919037967323032155,995859,1491711392
-1379934401512343549,995859,1491711406
-7181436942991902110,995859,1491711407
4739659983099446692,995859,1491711417
4365141801636425838,995859,1491711437
4325760785864767916,995859,1491711411
-2449401187062833553,995859,1491711410
-4671043984828171515,995859,1491711397
-9036309601477650619,995859,1491711405
-2022967395001741873,995859,1491711408
969031507600675415,995859,1491711409
-1270335610231777285,995859,1491711420
-3489694260885204822,995859,1491711418
2617483432728948758,995859,1491711417
-5622080636320126837,995859,1491711383
-6216445248565753309,995859,1491711434
-9151098733719587207,995859,1491711420
-6074649867132377468,995859,1491711420
-3488467700099719262,995859,1491711405
1715335473312190649,995859,1491711414
2818968961599527134,995859,1491711405
-4496904401435105218,995859,1491711400
-2539590043501321276,995859,1491711381
4754164094005657258,995859,1491711431
189163125539045708,995859,1491711381
1764530445491243912,995859,1491711428
4547656812031615185,995859,1491711414
72593634915640546,995859,1491711434
-6668588132765026555,995859,1491711405
8789635394447453195,995859,1491711407
2288241745048610091,995859,1491711407
-614566564807703712,995859,1491711435
4552952626931426937,995859,1491711403
5922796058786242350,995859,1491711399
4771152009293807457,995568,1491711402
3810801065743332290,986789,1491711390
-7369775883260484057,995123,1491711394
-6948452442775867199,344584,1491711406
-5642346506401768070,995367,1491711424
-7647702736850541097,991428,1491711421
-3810879166420056234,995805,1491711379
5352649813537011234,995805,1491711382
2217340943758979417,995805,1491711384
2938545916422890013,995805,1491711403
-6681189625080293012,995805,1491711430
-1914262821589677307,995805,1491711411
96323109680717533,995805,1491711397
-458399292130629414,995805,1491711430
-2001164401905417683,995805,1491711408
-5577977598058912965,995761,1491711395
1693947352174800480,995761,1491711411
-3361690328370672151,995761,1491711385
-5322855037883906460,995761,1491711426
2779149354939055414,995761,1491711386
6718506834925914164,995761,1491711390
8304335340729418712,995761,1491711379
1650243502038577674,995761,1491711386
-8029817117833433198,995761,1491711392
2916847514717126358,995761,1491711438
5108822829369611601,995761,1491711421
-9197659776667143610,995761,1491711404
9136450920728300493,995761,1491711410
-7445120701331881004,995697,1491711408
-4020497867442429142,995697,1491711412
3512337579305723644,995697,1491711417
-8591979939484374042,995697,1491711432
-5128429790766262459,995697,1491711434
-1605905109186757360,995697,1491711411
4865762594303708716,995697,1491711402
6526967057806115330,995697,1491711386
2273615705833415690,995697,1491711379
-4641785952892566356,995697,1491711390
3845977150255984606,995697,1491711428
7623537701776128629,995697,1491711429
-118274101491546860,995697,1491711399
-4902346675425836142,995697,1491711407
5860136914907944650,995697,1491711404
8397002152948279593,995697,1491711429
-5193375008406240471,995697,1491711420
7573909086405930989,995697,1491711428
3841487131614139243,995697,1491711414
-5177344602078350831,995697,1491711386
9157499963589715263,995659,1491711383
-959836514675918968,995659,1491711424
-7528647375187393485,995659,1491711438
8511800603236183927,995659,1491711397
3084789880261580749,995659,1491711396
-8803539328959162881,995465,1491711384
-5218986692238103471,988454,1491711413
-5190882145340094759,988454,1491711414
-8939225794117102033,988454,1491711409
-4512989936095431025,988454,1491711384
-9059764793234706907,988454,1491711401
6933319394234787185,988454,1491711379
-7110031306219055103,992404,1491711422
4678147409423639142,995201,1491711396
7389389452376655285,991794,1491711379
557174907922848505,995445,1491711427
-8726482062099554780,995605,1491711387
-1600383171833180847,995605,1491711418
5921527717459328000,995871,1491711437
-4330754327837959700,995871,1491711398
-8236154664616569562,995871,1491711406
-2976089239854471287,995871,1491711417
3762807910499270178,995871,1491711430
6374572138815133655,995871,1491711409
-946648406314641564,995871,1491711387
-3522302890835045729,995871,1491711394
6295945288944271730,995871,1491711435
501903382335495302,995871,1491711404
-856520853319794395,995871,1491711402
7326039032248992057,995871,1491711415
-3708448997517909581,995871,1491711422
5221973361542782574,995871,1491711381
7990518064283117054,995871,1491711396
-5103008140803001169,995871,1491711410
9020832227892799697,995871,1491711415
3550768264699326790,995871,1491711415
1205551729317993495,995871,1491711431
-8300276993610968579,995871,1491711412
-7648041349353199164,995871,1491711392
4120446112588494468,995871,1491711398
-3660160474500129488,995871,1491711422
-1075759841810416572,995871,1491711391
-1545801575327606323,995871,1491711400
1871533172931710514,995871,1491711388
339653303640604253,995871,1491711422
5910662858943029022,995871,1491711417
3629397868880001523,995871,1491711386
4429634419533192739,995871,1491711409
1538123867907816488,995871,1491711416
6816707801991005924,995871,1491711380
1908389868917967880,995871,1491711412
-2924715343544370122,995871,1491711422
-6834631633380217135,995871,1491711408
-6045709713734904693,995871,1491711437
-2206686840273714263,995871,1491711397
-934990844966751791,995871,1491711397
1676481905133889755,995871,1491711419
-5856530098219461988,995871,1491711417
1519614808833445446,995871,1491711410
6736591013423551869,995871,1491711422
-307580627375719029,995871,1491711413
2683246288254509136,995871,1491711396
6960879009558405278,995871,1491711401
-1474802140936387778,995871,1491711434
-6830558677094545257,995871,1491711396
-8699083627137717664,995871,1491711382
5635645927613891265,995871,1491711421
2744800030912845536,995871,1491711380
3513258125798085198,995871,1491711406
3362958432876894257,995871,1491711395
-7033250016725453644,995871,1491711382
-1641553704116741521,995871,1491711397
-2545704257508581620,995871,1491711437
-1516271567246631824,995871,1491711423
-423798723995404751,995871,1491711424
2705888329388720730,995871,1491711398
-7835812731279901706,995729,1491711428
-1354972127820634671,995729,1491711439
-2850283085554899918,995729,1491711398
-4029338027434929057,995729,1491711397
2908413994918550266,995729,1491711434
-8574366525363406585,995729,1491711427
-5623122406669932650,995729,1491711402
-4029338027434929057,995701,1491711412
656871685926501859,995701,1491711416
-1354972127820634671,995701,1491711439
-2090520714852057882,995830,1491711402
-6443425593722486935,995830,1491711429
860689573215290779,995486,1491711416
-2438946547790196472,992548,1491711395
-4598873274993740941,995652,1491711399
4802075487207948808,995774,1491711380
6886882591136957888,995774,1491711431
-6543525065720352543,995357,1491711386
4695064914618216364,994789,1491711384
-8696641366837868548,995422,1491711430
-677151077840089747,995422,1491711395
-6268446762936026060,995422,1491711385
-6515457847864771893,972937,1491711435
-3848976479948436430,972937,1491711408
5875653993841971990,995050,1491711387
2161531708889980878,995050,1491711381
-2105726672404668258,995050,1491711438
-388457330497928265,995837,1491711438
-1379934401512343549,995837,1491711433
1202836370579920632,995837,1491711421
8851272299803909738,995837,1491711428
8748907711952995136,995837,1491711420
-7107927061741585774,995781,1491711430
-4352586073907025041,995781,1491711382
6886882591136957888,995781,1491711431
5030519086743817511,995781,1491711436
2407519951513888213,995853,1491711424
-2901756480145019321,995853,1491711427
8504625215788533859,995853,1491711406
-46311273470481347,995853,1491711430
7146133580537852306,995853,1491711392
-6706127727483614700,995853,1491711407
4671196456929181578,995853,1491711385
-5768659350206895404,995853,1491711393
-4028839395917274348,995853,1491711402
5398266767724195027,995853,1491711424
-3522302890835045729,995853,1491711433
-8062837833048828922,995878,1491711404
-6387341484832449083,995878,1491711417
395966309910440119,995878,1491711420
2230949437920326099,995878,1491711389
6077332245729034713,995878,1491711380
-7500354629915497235,995878,1491711409
5251309733827471445,995878,1491711434
-5459767388329756037,995878,1491711393
-2060123731335287588,995878,1491711437
-2513939352325656150,995878,1491711408
4449076779333615859,995878,1491711380
6249279468213228219,995878,1491711398
5975239488895977403,995878,1491711404
3180304561416944167,995878,1491711435
-288506747811666346,995878,1491711421
-8167043997366146531,995878,1491711421
5936519850248877096,995543,1491711417
-5906136418716875489,995903,1491711410
7815367561762004068,995903,1491711436
-2280697006153289493,995903,1491711424
9021160517411186351,995903,1491711430
-5452172623377274629,995903,1491711394
5100164440353706410,995903,1491711389
-4016307523137959210,995903,1491711382
-3442731446753310239,995903,1491711409
-1239305449542737178,995903,1491711430
-6578610179670072661,995903,1491711379
-6640143613363996057,995903,1491711420
-2276370329096243454,995903,1491711426
2661509727013262667,995903,1491711422
1972829877587770032,995903,1491711420
-2559770090611804429,995903,1491711418
3869976953501146348,995903,1491711380
-4481465683782007627,995903,1491711431
-3490392702612335181,995903,1491711432
-5591542794902945443,995903,1491711416
-7706418215385179307,995903,1491711401
-4059841587229130674,995903,1491711422
5086549886362633986,995903,1491711432
8140196437428163361,995903,1491711395
-8792317364782350278,995903,1491711421
-5772124353492746207,995903,1491711437
9123311597752617499,995903,1491711421
-6043173119672222614,995903,1491711395
8557751111111919295,995903,1491711415
6793652855826314688,995903,1491711438
3502199517901906256,995903,1491711427
8059358016972506329,995903,1491711435
2958714070672630058,994222,1491711406
-4230649958669283080,995857,1491711400
2132461928418239373,995857,1491711405
7693395295104916171,995857,1491711434
5636914412798779874,995857,1491711397
-4646856734860175727,995857,1491711404
-6708658281016057570,995857,1491711437
-284167466230539201,995454,1491711411
-6240039043635841311,994571,1491711416
4960081017899117287,995846,1491711408
-4344524829147017694,995846,1491711408
8290616351323141056,995804,1491711403
2597894092034032955,995804,1491711399
-1615719264954419649,995804,1491711409
-1009832760247435385,995804,1491711424
503092934426365631,995804,1491711421
-2366445132914081050,995804,1491711397
-6843210053400432367,995804,1491711410
-7908109332258318616,995804,1491711417
7314277085463587480,995804,1491711427
4984499117469022862,995804,1491711391
6696156546111060512,995804,1491711387
-1837353519073405714,995804,1491711403
-1898286454015929453,995804,1491711407
4630816117784611629,995804,1491711406
3774021461455675642,995804,1491711400
-4094859954551676379,995804,1491711438
2938545916422890013,995804,1491711403
6825750566272079076,995804,1491711421
-3778056472104411449,995804,1491711386
-4919630259969750484,995804,1491711420
4658655093485527126,995804,1491711438
-2575615258717117205,995804,1491711434
-64599563110869540,995804,1491711429
-5950534707523022990,994765,1491711415
6704651112238273201,995816,1491711402
4639413666145494899,995816,1491711433
-1597347906745557547,995816,1491711429
194074110292598303,995816,1491711421
-198163457173710696,995816,1491711413
278174846211281641,995816,1491711423
-3721166903532177769,995816,1491711430
-262314358671982518,995816,1491711422
5370735238414540946,995816,1491711410
5636914412798779874,995816,1491711419
2648220900681149682,995816,1491711405
7694695683337960887,995816,1491711413
-8635872193214678679,995816,1491711415
4270653518222015366,995816,1491711424
-9077358779930556362,995816,1491711436
-5320084336967674472,995816,1491711400
7414960156227273670,995651,1491711378
-5693908499821271618,995651,1491711430
6261369131113122504,995769,1491711414
8269131489778839386,995769,1491711423
-181025908569380548,995769,1491711435
6904331025414249832,965598,1491711395
-6074649867132377468,994951,1491711402
656871685926501859,995687,1491711416
3191835733796603740,995687,1491711424
-1605905109186757360,994767,1491711420
3512337579305723644,994767,1491711417
-7496603290012273696,988680,1491711405
-2812381436344157583,995170,1491711421
-2818458845597433717,995476,1491711398
3228003052925471829,995476,1491711429
8021898623034393171,995476,1491711435
3434144349944881401,995844,1491711425
4960081017899117287,995844,1491711421
750727945872989261,995844,1491711388
-4344524829147017694,995844,1491711408
-878102773381787586,994012,1491711426
8207215821670990745,992295,1491711417
8761082957882857518,995660,1491711410
64588151403065905,995660,1491711411
5426404351806283761,977179,1491711406
4763544860713439209,942484,1491711395
-6950233663338411057,992909,1491711419
4406791758864459228,995574,1491711418
-4844454452508327220,25285,1491711410
4140755629238926300,25285,1491711425
-2020883195262900406,995867,1491711411
2963196208322883871,995867,1491711397
-5731718262325611936,995867,1491711435
-6708658281016057570,995867,1491711398
4575889424051884786,995867,1491711435
-8058534775700135406,995867,1491711407
5939005743337680118,995867,1491711381
5205321526361570175,995867,1491711426
4965800890938296085,995867,1491711380
4029870410824354015,995867,1491711418
6914495259015150553,995867,1491711406
-5269133515891164095,995867,1491711409
854041745884816722,995867,1491711412
3107202978674390484,995867,1491711380
-2569996250841349981,995684,1491711409
-7651413031539434633,995684,1491711434
5159052983043087398,995684,1491711401
-8689651370138097483,995248,1491711395
6792950751712678484,952787,1491711398
-670250550518413294,964991,1491711390
-1102673768838633654,964991,1491711388
-6704089190854435761,994457,1491711419
3816377717275053499,994457,1491711421
1002463633958425387,994457,1491711424
456645712050501513,994457,1491711403
3228003052925471829,994457,1491711382
8012317739688338159,994457,1491711412
-5056090234730800278,995882,1491711414
9160379904041766925,995882,1491711411
-8167043997366146531,995882,1491711399
-5549506811850925738,995882,1491711424
-3174729002191358063,995882,1491711417
-4384299627495747645,995882,1491711408
6273193551066766210,995882,1491711430
-2851464954917599534,995882,1491711414
-7861668999343243380,995882,1491711383
-3856335739247947357,995882,1491711421
2409722550392371446,995882,1491711428
-5031898071331481716,995892,1491711403
-9154978157000306131,995892,1491711384
-9039920844248599213,995892,1491711379
2232179772887933837,995892,1491711429
3269647852819485888,995892,1491711429
7954172268603609613,995892,1491711420
-9109420002456216163,995892,1491711430
-6855101951272224253,995892,1491711406
3556940159567537440,993419,1491711430
-2748520613507438891,995833,1491711433
-944689494983811299,995833,1491711379
-3947373197349434508,995833,1491711436
-4962023178171263029,995833,1491711403
-6443425593722486935,995833,1491711418
6716088380174083019,995833,1491711393
3641643360405658826,995833,1491711411
1375683844018093893,995833,1491711398
-1760559578971821954,995833,1491711387
-3506684033353744254,995833,1491711384
7146133580537852306,995833,1491711432
-209591800001953283,995833,1491711415
8830232374212872908,995833,1491711403
-3924276091967937562,995833,1491711384
-7644417333592642608,995833,1491711407
1531975984266577144,995833,1491711438
-4330754327837959700,995833,1491711427
-2654279568887015303,995833,1491711397
3817319342679284952,995833,1491711438
85161029379510514,995833,1491711424
-6031514221213806783,995833,1491711406
2115978609784546940,995833,1491711400
7660212356244273085,995833,1491711414
-158382353718348410,995833,1491711402
6124294295235526296,995833,1491711410
-7988082464481818212,995833,1491711430
140582955242178081,995833,1491711396
7661751595194003138,995833,1491711380
8900025876576427282,995833,1491711394
-8213286572765175039,995833,1491711385
-1148666724564067700,995894,1491711403
117027063970803179,995894,1491711400
3206899522438753272,995894,1491711434
-2809861619332842026,995894,1491711391
4307835748843958537,995894,1491711425
-6855101951272224253,995894,1491711395
7954172268603609613,995894,1491711413
-71309392976186933,995894,1491711395
-5465645263263516335,995894,1491711426
4954992981196896234,995894,1491711395
-5165027336112862983,995894,1491711432
-3885949444131094547,995894,1491711433
-9109420002456216163,995894,1491711416
2232179772887933837,995894,1491711414
3269647852819485888,995894,1491711416
-4005886402060632856,995894,1491711418
-6212106406107500378,995894,1491711427
4236574609314341103,995894,1491711417
-3851643806088473325,995894,1491711381
-7262359433165081608,995894,1491711432
5670623284540127902,995894,1491711435
-8010288925741425980,995894,1491711423
-295136966969527896,995894,1491711388
3068518614631501181,995894,1491711427
-988189810035000924,995894,1491711409
6257878398926713226,144382,1491711385
-7692205358357947796,995280,1491711431
4194627111034562909,995861,1491711412
-4646856734860175727,995861,1491711387
-8100082067817204343,995861,1491711406
-6708658281016057570,995861,1491711429
2697073881006282245,995861,1491711428
5474644124716734623,994887,1491711436
-8405016305582117726,994887,1491711415
6792950751712678484,952889,1491711398
-5320084336967674472,995818,1491711399
2896364583340122517,995818,1491711426
-2316530925972667954,995840,1491711435
-2569996250841349981,995671,1491711421
-2812381436344157583,995157,1491711422
3228003052925471829,994963,1491711422
7939256754398124745,994963,1491711396
6914495259015150553,994963,1491711436
-3231339677632938200,994963,1491711434
-1022608717248702201,958888,1491711415
-6282832068157697620,994897,1491711400
-6441001038038228027,934965,1491711431
4954487628941725914,981019,1491711407
5418244465330399658,995889,1491711388
-5841404238374847298,995889,1491711438
1519614808833445446,995889,1491711404
8307951825028041703,995889,1491711435
-6172274483996755892,995889,1491711418
-8912396604286758496,995889,1491711414
-2060123731335287588,995889,1491711414
-7171921290150041902,995889,1491711421
-3162262447762567785,995889,1491711396
6024272233957739795,995889,1491711438
4658110177601939551,995889,1491711426
-2967600716443091772,995889,1491711409
-2551180719313338646,995889,1491711427
-3761575786385487453,995889,1491711411
6054002619823368285,995889,1491711424
-4299063122500939369,995889,1491711434
-3300189430622343144,995889,1491711416
-6265731945319294673,995889,1491711428
-2239694780247035849,995889,1491711390
-760571273811606423,995889,1491711384
-9160664118328157886,995889,1491711401
5326837911344447836,995889,1491711389
-139714637724117723,995889,1491711432
5823953229526713235,995889,1491711407
3230249315072774629,995889,1491711407
-5295884017435364537,995889,1491711402
3118463785507772860,995889,1491711381
7156716544448725347,995889,1491711412
691039516397660010,995889,1491711403
8129842353937359578,995889,1491711380
-1799584673562725027,995889,1491711429
3702156327115066380,995889,1491711431
593245356792799776,995889,1491711410
-7451337949042799099,995889,1491711423
-2971849852580749215,995889,1491711399
-4030151305522473963,995889,1491711403
-5731604844280802451,995889,1491711439
-4883361298587731887,995889,1491711425
329121207347075012,995889,1491711404
-6548256114688722247,995889,1491711406
-6598679379892440219,995889,1491711430
1889935922744324479,995889,1491711398
7809734146762025278,995889,1491711405
-391789199253026932,995889,1491711382
-4062195840492616307,995889,1491711413
5237216781339833999,995889,1491711401
-5268634122685160944,995889,1491711380
-1374119489264210144,995889,1491711422
-2513677347988143130,995889,1491711396
-9141816805996131807,995889,1491711426
-8093111064092573195,995889,1491711406
-6483902035573322214,995889,1491711438
1246799606604038234,995889,1491711411
1217456016906633464,995889,1491711435
9183539998060416422,995889,1491711415
-7323759002933121956,995889,1491711428
3534620406049521370,995889,1491711398
1128420190549792848,995889,1491711410
6083796860010074268,995889,1491711399
9155721995323869861,995889,1491711398
-8261758791193691715,995889,1491711420
6550160857438757393,995889,1491711432
3871021599893831229,995889,1491711403
-1441361549104923132,995889,1491711411
5977350183936255384,995889,1491711408
-7236460206304010526,995889,1491711428
-1063588636013228715,995889,1491711420
8907516640910654066,995889,1491711403
8453891413340659060,995889,1491711397
-7494253226658664147,995889,1491711430
-2486879508050456984,995889,1491711415
-4783927919158486821,995889,1491711399
333575230045713467,994499,1491711379
4894416948171769982,994002,1491711380
2557901122158746967,994002,1491711403
-2176912033663861883,994002,1491711424
6108194108696342392,994002,1491711425
8184628120731412280,995845,1491711403
-4199057596023498740,995026,1491711437
-486912257664037324,194951,1491711410
3107202978674390484,995868,1491711380
-5731718262325611936,995868,1491711422
-2020883195262900406,995868,1491711395
-3430625373287914137,995868,1491711417
8541918432103468812,995868,1491711418
-6708658281016057570,995868,1491711387
2963196208322883871,995868,1491711384
6914495259015150553,995868,1491711404
854041745884816722,995868,1491711412
-2282809599939869530,995868,1491711414
-2185366679479263100,995868,1491711389
5205321526361570175,995868,1491711421
-8058534775700135406,995868,1491711401
5041643920594537358,995868,1491711436
4575889424051884786,995868,1491711423
6310389617971487631,995868,1491711427
4029870410824354015,995868,1491711415
-5269133515891164095,995868,1491711409
7990518064283117054,995868,1491711434
-4206531537170256310,995868,1491711415
-5843277466110086430,995868,1491711414
-7541421437733206384,995868,1491711435
456645712050501513,995868,1491711419
-9140317891901757707,995868,1491711423
-1808893175060449321,995868,1491711421
-5069395195577497836,995868,1491711407
-2493842287288901436,995868,1491711393
3550768264699326790,995868,1491711437
-1792275350603061048,995868,1491711396
1146692448003528350,995868,1491711411
-1226535835553329910,995868,1491711436
-268554173654969082,995868,1491711434
-8875983622746182991,995868,1491711434
6009892415683420039,995868,1491711424
4290179937843013733,995868,1491711429
-7648041349353199164,995868,1491711415
3648851633536394819,995868,1491711436
3639861585949528973,995868,1491711422
-5229283413385174251,995868,1491711425
6530877379877510780,995868,1491711396
5984282644119156492,995868,1491711409
1526379235617464495,995868,1491711421
-2976089239854471287,995868,1491711432
6716088380174083019,995868,1491711419
-5531873183321308329,995868,1491711397
1420358016223189594,995868,1491711402
9137644938630705956,995868,1491711403
-1056447576367573702,995868,1491711432
339653303640604253,995868,1491711426
7756781756594779458,995865,1491711427
2697073881006282245,995865,1491711389
1268926461824470256,995865,1491711379
8478310286058524643,995865,1491711409
4029870410824354015,995865,1491711432
-6708658281016057570,995865,1491711422
6980317856724276721,995865,1491711427
1089058395997360829,995865,1491711434
3213010510473486301,995865,1491711439
4824257782059101526,995865,1491711423
-1121784882181964233,994967,1491711406
3228003052925471829,994967,1491711396
1002463633958425387,994967,1491711425
626168996039483465,995193,1491711425
7809743627522546576,995193,1491711390
6935096612468041282,995193,1491711389
-6592328406157683300,995193,1491711435
-6512591228380782396,995193,1491711430
5936780736161626686,988482,1491711392
2284796935713314895,988482,1491711397
-8248072702630191299,988482,1491711393
-7988295617400580054,988482,1491711423
-2178049591099878707,988482,1491711427
8294686147149028443,988482,1491711409
-527640274561970126,994017,1491711381
-3329612244648140484,995571,1491711423
6858470111989748192,995705,1491711397
-333252396996433322,995705,1491711414
-8508352835448842897,995705,1491711390
3191835733796603740,995705,1491711390
-118099722187664183,995705,1491711408
-5428671466757459909,995705,1491711426
-4511268391344472207,995705,1491711430
6459906325658525568,995705,1491711397
5748066218746308677,995705,1491711380
-8613679505898660249,995705,1491711405
-2244900296319252532,995705,1491711390
-1632329614025604012,995705,1491711414
-8336411910197191520,995705,1491711394
-1353189326855427581,995705,1491711413
-1202883801613162535,995705,1491711416
-8450830059374914400,995705,1491711435
-8973987769245733357,995705,1491711437
-4706150661919566824,995705,1491711437
-3778416479911375857,995425,1491711398
-2569996250841349981,995672,1491711424
503092934426365631,995825,1491711391
-2575615258717117205,995825,1491711434
-1009832760247435385,995825,1491711386
4658655093485527126,995825,1491711438
-64599563110869540,995825,1491711429
-8982246371188726170,995825,1491711437
4630816117784611629,995825,1491711406
7314277085463587480,995825,1491711411
-7908109332258318616,995825,1491711393
6825750566272079076,995825,1491711421
-6843210053400432367,995825,1491711384
-3778056472104411449,995825,1491711386
-4624434562664978947,995825,1491711425
4835132536211581020,995825,1491711399
8796043992673962160,995825,1491711436
-1731035399432423447,995825,1491711435
-4094859954551676379,995825,1491711438
-1120821341044311993,995825,1491711380
5544980202561202278,995825,1491711390
-5620415910127243226,995825,1491711401
-1837353519073405714,995825,1491711395
-656951695395961808,995825,1491711428
-6398474439270079292,995825,1491711417
-4720445615129233000,995825,1491711417
-944689494983811299,995825,1491711379
6178814781492095185,995825,1491711435
-1898286454015929453,995825,1491711383
-8079154505246130470,995825,1491711406
-7333551050917493226,995825,1491711382
-3716008500275748025,995825,1491711431
5028864760836202819,995825,1491711405
-7861668999343243380,995825,1491711400
4371348411638905939,995825,1491711420
-7644417333592642608,995825,1491711414
8851607772371467016,995825,1491711404
7087062475833085529,995825,1491711413
3149747821267262539,995825,1491711396
-8893054243664463689,995825,1491711436
5701642278972528353,995825,1491711402
7520290374735204054,995825,1491711422
-8671023175036768053,995825,1491711430
-351662927150824874,995825,1491711399
6754505258231131507,995825,1491711400
-470586812826273117,995825,1491711432
-2583863969824145648,995825,1491711399
2021060250848763543,995825,1491711437
4406442890495300934,995825,1491711408
5326175918542888135,995825,1491711419
-5439495863754415422,995825,1491711416
3023030596886007328,995825,1491711386
9149036183721063396,995825,1491711409
-8096497934444528144,995825,1491711404
7061868750459682038,995825,1491711397
-4123371652842811483,995825,1491711420
-657155361230240378,995825,1491711431
-7623758071992230916,995825,1491711429
124179251220824146,995825,1491711398
-5531873183321308329,995825,1491711398
-2748520613507438891,995825,1491711433
-7636464292832168769,995825,1491711408
-5101800936519162045,995825,1491711435
-8847739534636541574,995825,1491711407
8900025876576427282,995825,1491711396
7751398127114277324,995825,1491711432
2283379728606601223,995825,1491711430
-5952177065624332697,995825,1491711422
3191835733796603740,995711,1491711424
4248543087624905785,995790,1491711438
-2850188130921045688,995790,1491711421
-6929535289014377357,995790,1491711437
5352649813537011234,995790,1491711382
-3810879166420056234,995790,1491711380
-1022608717248702201,995668,1491711395
3658241859706124029,995668,1491711392
-9187843796532920696,995746,1491711403
-2176912033663861883,995746,1491711401
-5501999377389398649,995746,1491711428
-5663580984123559555,995746,1491711435
2723118891668426062,995746,1491711380
4935774482134689847,995746,1491711427
6108194108696342392,995746,1491711412
-4229532252939394416,995746,1491711403
-3341708364928777380,995746,1491711437
-4028811171105745458,995746,1491711403
-1353651929827525165,995746,1491711415
-5326265259679956256,995746,1491711437
-840547319414485871,995746,1491711402
309423303244451089,995746,1491711419
2630172924646605845,995746,1491711412
8560678425297458100,995746,1491711409
8880272451293592438,995746,1491711415
-121655899171008106,995746,1491711414
4901354488473629746,995746,1491711427
-7671994187901710457,995746,1491711404
-1410729457753927306,995746,1491711407
-3185828440287998610,995746,1491711427
3750266567367474636,995746,1491711419
-8046397079554974430,995746,1491711417
-1379934401512343549,995834,1491711394
-7239076620535230843,995834,1491711390
750727945872989261,995834,1491711397
-6977827827955074244,895951,1491711414
-6001611131034648103,995298,1491711395
4406791758864459228,995597,1491711418
2289886796955492122,995597,1491711421
-5693908499821271618,995653,1491711430
1892954986423185468,995653,1491711394
4696728951713583677,995311,1491711414
2701876323385083971,995311,1491711412
-628873081926470372,995311,1491711408
-3204344923000011037,995311,1491711417
5169023363298484255,995311,1491711425
-6935730590658227761,972031,1491711409
1967827609810943573,995661,1491711412
4319376816446430648,995661,1491711393
-5952345191048773516,995661,1491711437
7769191713467112099,995661,1491711402
-3724186092708689234,995661,1491711387
-7172839455068833453,995661,1491711406
-8134448696675136692,995661,1491711398
2491281642691262511,994958,1491711438
-5593687738709750147,994958,1491711399
1723127918620140149,994958,1491711394
-2122304097710055428,994958,1491711397
7505326318863204354,994958,1491711423
-4783927919158486821,995888,1491711399
9183539998060416422,995888,1491711415
-5130722055071596570,995888,1491711418
-9117614768974870801,995888,1491711417
1333613873977602973,991407,1491711421
-7980562765279202142,991407,1491711405
2775943182813171700,991407,1491711436
-4194465865603912945,993269,1491711420
-284167466230539201,995411,1491711411
5077950910482720930,994237,1491711397
5966774750160632230,994237,1491711382
610897969262178806,995724,1491711393
-2176912033663861883,995724,1491711438
2557901122158746967,995724,1491711403
4894416948171769982,995724,1491711380
830400148868407307,994592,1491711410
-7606002664893010240,993813,1491711417
706226046178459651,993822,1491711380
-3960869414710658465,993822,1491711425
-2600858836242634878,993822,1491711393
7990518064283117054,995870,1491711430
-5269133515891164095,995870,1491711400
-7648041349353199164,995870,1491711415
3550768264699326790,995870,1491711437
7316447638122230474,995870,1491711398
4575889424051884786,995870,1491711386
-2976089239854471287,995870,1491711431
-3708448997517909581,995870,1491711434
-3522302890835045729,995870,1491711404
-856520853319794395,995870,1491711412
7330360795448163961,995870,1491711380
5205321526361570175,995870,1491711381
4120446112588494468,995870,1491711402
339653303640604253,995870,1491711426
-946648406314641564,995870,1491711389
-6039588062765205654,995870,1491711433
6295945288944271730,995870,1491711433
-9196195043463613827,995870,1491711381
4037654211463941674,995870,1491711422
9020832227892799697,995870,1491711415
5371921389072215296,995870,1491711429
8223638808565764472,994577,1491711432
8533180645293451533,990487,1491711384
-740696885781929418,995631,1491711431
6201733598956426857,995716,1491711411
8069024838218430008,995716,1491711389
2292528008359784113,995716,1491711435
-8329847707234867260,993518,1491711400
-5642346506401768070,995261,1491711434
4439973282887875211,982862,1491711417
-4171775811809712821,995552,1491711404
4675565229017812008,995552,1491711379
5683722500089098904,966565,1491711437
-527640274561970126,993779,1491711430
-5305634549389373298,995636,1491711438
3996184177942836030,989653,1491711379
-6112972934250773492,989653,1491711435
8838597216108027248,989653,1491711402
-527640274561970126,994249,1491711398
893744933571326604,995782,1491711435
-8656614499419309283,342746,1491711400
-7496603290012273696,992039,1491711395
-2349235769767959571,968405,1491711433
-6240039043635841311,992934,1491711416
8614089981838877140,994059,1491711436
3213010510473486301,995864,1491711439
4824257782059101526,995864,1491711423
6980317856724276721,995864,1491711427
1089058395997360829,995864,1491711434
-5272098701069427857,995864,1491711393
8478310286058524643,995864,1491711402
8378304659987105767,995864,1491711384
6458578498687979029,995864,1491711437
4029870410824354015,995864,1491711430
-6708658281016057570,995864,1491711420
-7688083786192680389,995864,1491711420
-902491584276317719,995864,1491711423
5565714414815229066,995864,1491711426
8356521675449270820,995864,1491711404
7917765880224131627,995864,1491711426
-2366967659042744549,995864,1491711399
-5006538008440625397,995864,1491711420
-2005114749365669441,995864,1491711424
4588886373192269909,995864,1491711437
7939741907643083610,995864,1491711411
-2851464954917599534,995876,1491711386
-2239694780247035849,995876,1491711415
-2060123731335287588,995876,1491711425
6054002619823368285,995876,1491711431
-5841404238374847298,995876,1491711438
-8912396604286758496,995876,1491711414
-2551180719313338646,995876,1491711428
-6013491941147232281,995876,1491711438
-1179601946358710772,995876,1491711393
4658110177601939551,995876,1491711426
-3162262447762567785,995876,1491711396
6024272233957739795,995876,1491711438
-7171921290150041902,995876,1491711421
5418244465330399658,995876,1491711388
9069453198132861551,995876,1491711411
2125561167234687287,995874,1491711432
1538123867907816488,995874,1491711402
5488035476857480898,995874,1491711432
339653303640604253,995874,1491711387
2230949437920326099,995874,1491711411
-2349884575745509752,995874,1491711388
-6063496671467800769,995874,1491711416
3805350308386820023,995874,1491711395
679850200454038672,995874,1491711392
-325544357037645187,995874,1491711413
8223638808565764472,994531,1491711433
-90511078048205826,161147,1491711424
2570510982854079084,161147,1491711409
2519614541129321585,161147,1491711427
4077490403355569148,161147,1491711425
9013397689270783026,161147,1491711399
-2571076620367008464,161147,1491711412
6305425387646090853,161147,1491711404
4712939662861184635,161147,1491711385
2574138575844279282,161147,1491711432
-4319201892683720583,161147,1491711412
4893439994435028957,161147,1491711398
5030763679815273593,161147,1491711386
2528534316046420436,161147,1491711439
-2902440018210724230,161147,1491711427
775125483269585140,161147,1491711403
-7241226279957133413,161147,1491711402
-1281897094332505395,995785,1491711437
8962272236660199673,995785,1491711438
553148034840204797,995785,1491711434
3953986568971074544,995785,1491711406
844167049852576567,995785,1491711380
2597894092034032955,995785,1491711429
-2366445132914081050,995785,1491711424
-3750708022944343516,995785,1491711392
-908392703994769135,995785,1491711392
6696156546111060512,995785,1491711397
-1837353519073405714,995785,1491711413
503092934426365631,995785,1491711431
7314277085463587480,995785,1491711435
-6843210053400432367,995785,1491711418
-1615719264954419649,995785,1491711409
-1009832760247435385,995785,1491711424
-1542986545613922338,995785,1491711429
-7908109332258318616,995785,1491711417
8290616351323141056,995785,1491711403
-5817157008477485137,995583,1491711422
-2105726672404668258,995104,1491711425
-5305634549389373298,995634,1491711430
7414960156227273670,995637,1491711379
1865932282150784897,993778,1491711412
-6681189625080293012,995811,1491711428
1166925245448826488,995811,1491711438
4008878350578141594,995811,1491711423
1916495718957470790,340129,1491711394
3634237993327762776,995780,1491711427
-4054039790955324690,995780,1491711431
-2868627757312330162,995780,1491711411
-8352293116258855284,995780,1491711419
5986905018122650301,995390,1491711430
64588151403065905,995692,1491711412
-7191649478702264482,995692,1491711432
339653303640604253,995872,1491711414
1538123867907816488,995872,1491711416
5488035476857480898,995872,1491711432
2125561167234687287,995872,1491711432
-2438946547790196472,992559,1491711395
-4554805109633610696,944705,1491711409
2155769747117935154,995266,1491711407
6904331025414249832,965608,1491711399
-5642346506401768070,995312,1491711434
-4029338027434929057,994566,1491711424
-3448742677664120825,995696,1491711392
-290133943156787840,995696,1491711433
-5046615234211698667,995696,1491711439
-2798920457248385046,995696,1491711436
-2155772642786842513,995696,1491711402
-3841739461122739034,995696,1491711399
-5978223417865298522,995696,1491711426
1865932282150784897,993807,1491711412
-1707781694029718568,989498,1491711401
-8247459979364546504,995662,1491711379
4319376816446430648,995662,1491711393
1967827609810943573,995662,1491711412
-2569996250841349981,995662,1491711433
-5952345191048773516,995662,1491711437
-4054039790955324690,995779,1491711426
-8584474049049539580,995779,1491711427
844167049852576567,995779,1491711430
3661343153120855792,995779,1491711388
2916847514717126358,995779,1491711398
8269131489778839386,995779,1491711385
7314277085463587480,995779,1491711435
-1837353519073405714,995779,1491711413
503092934426365631,995779,1491711431
3953986568971074544,995779,1491711406
8962272236660199673,995779,1491711438
553148034840204797,995779,1491711434
-6843210053400432367,995779,1491711418
-2366445132914081050,995779,1491711424
2597894092034032955,995779,1491711429
-679492157201837641,995779,1491711414
5887615769723619118,995779,1491711413
6696156546111060512,995779,1491711397
-6382365466385828506,964125,1491711394
-4854166957254329580,986776,1491711404
2697073881006282245,995862,1491711421
1268926461824470256,995862,1491711405
8478310286058524643,995862,1491711429
-2860110188968750221,995862,1491711417
-6708658281016057570,995862,1491711426
-2854333174393036073,995862,1491711398
4029870410824354015,995862,1491711432
-7127944299792583669,995862,1491711419
4586952060341838122,995731,1491711396
-1990629359605522104,995176,1491711428
-2682477960771250130,995176,1491711407
4025937450575954535,995176,1491711395
8090338875093718561,995176,1491711434
-683547917680214310,995176,1491711402
-3058162339249275275,995176,1491711414
7990122096709285588,995176,1491711422
62427374616808334,995176,1491711398
-955002799355247556,995176,1491711430
-7520616474629908040,995176,1491711414
2859491984974573409,995176,1491711383
-8213286572765175039,995838,1491711385
-7988082464481818212,995838,1491711406
-1379934401512343549,995838,1491711429
-4330754327837959700,995838,1491711417
-2679543622495109906,993462,1491711379
-3329612244648140484,995622,1491711423
-6592328406157683300,995622,1491711430
-5305634549389373298,995622,1491711403
-3841739461122739034,995622,1491711381
-5170224476054470373,995622,1491711424
-461078650772178349,995622,1491711420
-9073058267101955067,995622,1491711433
-1340336456786276445,995622,1491711384
6552657388415856020,995622,1491711438
5454393514342512083,995622,1491711434
-7731499712649977726,995622,1491711423
397707876629255361,995622,1491711397
-448333954298653253,995622,1491711406
-2368805256139018276,995622,1491711437
3911522185128164467,995622,1491711437
-2105726672404668258,995205,1491711382
-6393748997467653047,986277,1491711411
8223638808565764472,992857,1491711423
-4476479877816418187,995336,1491711423
3556940159567537440,993619,1491711425
-5170224476054470373,995647,1491711410
4275946457522354734,994313,1491711419
1926531633835960772,995905,1491711423
-7225369529414730895,995905,1491711420
7470617631769624698,995905,1491711428
4997187245709278649,995905,1491711437
-2866497539721687589,995905,1491711420
7403101282321427008,995905,1491711423
2999526483163684353,995905,1491711387
-7593398232259852396,995905,1491711427
5100164440353706410,995905,1491711406
3914669116918724806,995905,1491711380
5490171285139773784,995905,1491711413
2661509727013262667,995905,1491711433
-2280697006153289493,995905,1491711429
7096680749644441569,995905,1491711400
-4481465683782007627,995905,1491711433
7144953493876629187,995905,1491711407
8807676186589816676,995905,1491711436
3963804949167051202,995905,1491711416
620540530039743316,995905,1491711432
-4765044041487590401,995905,1491711398
-7416908699204972226,995905,1491711399
-1424831504742157930,995905,1491711436
209081456311262185,995905,1491711438
-2276370329096243454,995905,1491711426
-7379911498983066477,995905,1491711403
-6634151361683067123,995905,1491711428
-634937299585439372,995905,1491711438
3575838364785286867,995905,1491711410
5907559638334951702,995905,1491711404
-8620689831527305140,995905,1491711425
-2019903666535262829,995905,1491711422
-7809808636864016840,995905,1491711409
6172908060526902919,995905,1491711395
9021160517411186351,995905,1491711430
-7639207592782250181,994411,1491711429
-3913721087767567863,994411,1491711397
-1990629359605522104,979231,1491711428
-4710406948791407212,995753,1491711428
2529850964263268534,995753,1491711402
7425990394450081636,995753,1491711381
9082386252480592939,995753,1491711434
7984931404524967251,995753,1491711409
-1113392815804357691,995753,1491711427
5605153512338849400,995753,1491711436
-527640274561970126,994062,1491711414
-1699407569487986244,995890,1491711383
-6688672379108170035,995890,1491711438
-6658186935025278377,995890,1491711396
9183539998060416422,995890,1491711384
-8164485639977653583,995890,1491711426
6327851028136621549,995890,1491711398
5217368441377024296,995890,1491711410
-9154978157000306131,995890,1491711431
5328661091457029382,995890,1491711385
3269647852819485888,995890,1491711439
-7226500943991239566,995890,1491711416
-8266400567562792906,995670,1491711393
5936780736161626686,993230,1491711420
-7988295617400580054,993230,1491711432
-8198239665596110720,995743,1491711422
-2176912033663861883,995743,1491711417
6108194108696342392,995743,1491711425
-4229532252939394416,995743,1491711404
-4028811171105745458,995743,1491711404
-5663580984123559555,995743,1491711433
-5501999377389398649,995743,1491711428
-3341708364928777380,995743,1491711437
