-2393832105448209651,993106,1491354308
8912822859812444809,994166,1491354272
-7899463374794535575,994166,1491354272
5620671019045640642,994166,1491354259
-6503434472704024489,994166,1491354299
2844449682962982030,994166,1491354303
4270385036240404929,994166,1491354270
-7345233107227605567,994166,1491354266
-5377402441500551301,994166,1491354307
7778232856598853529,994166,1491354309
-4433659818358136087,994166,1491354313
-2678625134492523098,994166,1491354279
-946169093840202952,994166,1491354312
3678724504605385480,994137,1491354306
-4704364420323084544,994137,1491354301
-3541315622182005083,993619,1491354295
8946026638273292622,993354,1491354296
4664181642060708844,993371,1491354315
6655801095197051910,898764,1491354315
-2175512555223012795,993979,1491354313
-4536744525444975830,972937,1491354305
6303701832646307201,972937,1491354274
-7673127076508717986,994142,1491354288
4058684852011931185,993594,1491354286
-6056730286507878138,993715,1491354299
56450704338317527,994063,1491354309
-7673127076508717986,994143,1491354309
3910559115248800943,994143,1491354299
6043590622141369273,994103,1491354311
5087308246778481496,994103,1491354256
6914715312438733715,994103,1491354298
3463343859685283940,994103,1491354284
7275522794091524715,994103,1491354301
-9151076100365559201,994103,1491354276
-3665456234623729664,994103,1491354285
-2999923127136656565,994103,1491354272
8096514507018327477,994103,1491354300
159259510934245550,994103,1491354313
824984692541359354,994103,1491354306
8393478854554330312,994103,1491354266
-7946070616931625540,994103,1491354315
7493543006616895907,994103,1491354298
-2662165538366583774,994103,1491354297
5303278080105166991,994103,1491354312
-2534538012493342626,994103,1491354301
1876307347604521002,994103,1491354265
-6643186419101966537,993924,1491354305
328170981745440001,993924,1491354284
-3928090613583160791,993924,1491354269
-8462307159251441793,993924,1491354297
-2669359826475524379,993924,1491354309
-4162086107212139809,993924,1491354260
3115925777852096326,993252,1491354301
-3960741918915226399,993252,1491354304
9184254866612153272,993252,1491354295
-8780212504517361473,993693,1491354305
-998484704258747983,994075,1491354260
75000584855734381,994075,1491354312
-5816906421799271160,994075,1491354280
8796409110076375580,993843,1491354266
-5667287008652816632,993809,1491354286
-8778631830427905163,993809,1491354311
4743443842254929476,993930,1491354268
-1974445045630727521,993930,1491354313
9079551558897891280,993930,1491354275
-1769396530808149126,993930,1491354312
-64303328009940795,992689,1491354309
-6587498549978815410,993530,1491354311
-64303328009940795,993453,1491354274
-3143395427008718470,993784,1491354268
-6234900049044424141,994178,1491354271
-2013827170873938233,994040,1491354310
-7725592110390414482,994040,1491354284
5136765388927554896,993302,1491354309
-1013693069644933910,993302,1491354259
3281676225483814160,993302,1491354256
-3181803148397241717,993302,1491354302
7731935675916436648,993302,1491354286
1705225928906470439,993302,1491354272
-7496103400966600561,993302,1491354268
-7544886130484960296,993302,1491354268
1941293454441003704,994123,1491354313
-3386988146604295591,994123,1491354277
4664181642060708844,993663,1491354263
-8780212504517361473,993719,1491354295
7155174569857242671,993719,1491354311
-1860324348898538688,993982,1491354302
5532579464231365238,993982,1491354260
4664181642060708844,993664,1491354263
5534600379432248970,993977,1491354307
-1993313371370196266,993977,1491354270
-8095382273070420221,993977,1491354306
-1860324348898538688,993977,1491354303
5203165986786405894,993977,1491354312
-7152934621057925244,993977,1491354270
-6702922381868070649,993977,1491354287
-7310361222649666321,993818,1491354268
1733198835837180843,426434,1491354283
1386081097034815311,993891,1491354312
2480617156919673288,993962,1491354290
8946026638273292622,993356,1491354280
-4121158040665323547,994139,1491354297
3678724504605385480,994139,1491354304
5254705380031281094,994139,1491354291
983194702826419820,994139,1491354292
-7252550955317759524,994139,1491354278
6959305923833822506,994139,1491354286
201560853047844887,993867,1491354305
7243191572450336022,994027,1491354286
9050324057416490447,994027,1491354279
-7692130151986126150,994027,1491354300
3919482987505361309,994027,1491354302
8946026638273292622,993353,1491354311
4800533995083243066,991000,1491354299
-8778631830427905163,993810,1491354308
-2197385757699203153,993810,1491354267
56450704338317527,994047,1491354309
-5830821498768751998,994047,1491354279
3281676225483814160,993260,1491354310
-6702922381868070649,994138,1491354265
-4535683713474710313,993913,1491354265
-3963625283721476637,993913,1491354299
260994145649998333,993913,1491354281
-5830821498768751998,993913,1491354307
6417277357351627957,993913,1491354314
-6773982380703208873,993913,1491354265
-156237026787805484,993913,1491354282
-1882046936444861314,994064,1491354297
-8386347838788276098,991315,1491354314
4425670798161515394,967830,1491354268
-612669748777953996,994076,1491354290
-5816906421799271160,994076,1491354280
-1882046936444861314,994076,1491354297
75000584855734381,994076,1491354275
4664181642060708844,994076,1491354294
-3644705172056527257,994076,1491354307
-7252062772423351556,989630,1491354278
8946026638273292622,993360,1491354258
4664181642060708844,993394,1491354308
-3386988146604295591,994116,1491354311
-3475432441346142778,994057,1491354274
12316948692203924,994057,1491354288
-1599389846226228993,994057,1491354304
1933774906867215738,993768,1491354314
-3346252683776674612,993768,1491354296
-7872747031991475718,993768,1491354309
-1739862121612951062,992524,1491354300
-7176543471187434184,992619,1491354262
1825247754288821702,992619,1491354303
4428573494852730713,989661,1491354270
8796409110076375580,993852,1491354259
957640904106240898,992957,1491354283
-7725592110390414482,993758,1491354290
-2013827170873938233,993758,1491354310
-614330839025815477,993640,1491354266
3281676225483814160,993269,1491354291
2905607478016465601,994029,1491354283
8454261748084372026,993204,1491354293
-3972436077997523282,993265,1491354283
-8238736124565665689,993265,1491354264
3237026201583545839,994098,1491354285
-2335759826801460774,994098,1491354277
2290712902525928095,994098,1491354266
955909610773858172,994098,1491354305
2517363528920367624,994098,1491354307
-5667287008652816632,993757,1491354294
7686412413111115840,994097,1491354262
-227065141383459685,994097,1491354277
3126998495732730956,994048,1491354281
-7966108095743959059,994048,1491354282
7678680288694946609,994048,1491354314
8278148614170707522,994048,1491354285
-5830821498768751998,994048,1491354285
-4605043179389424895,993864,1491354304
5845465821954326278,993466,1491354273
-5999297132355582468,993466,1491354300
-7459581587938581562,993085,1491354283
3919482987505361309,993996,1491354296
-2085945385757838027,994077,1491354303
-998484704258747983,994077,1491354311
-5071403492440150379,993701,1491354288
-59072805071755177,993701,1491354266
-7478343923552061802,993701,1491354295
1055745251486572109,993701,1491354259
-5667287008652816632,993836,1491354274
-1937758860258815848,994177,1491354276
-6456304180975411730,994177,1491354315
838294228052615121,994177,1491354274
8574054360762634181,994177,1491354292
387403158281685147,994177,1491354257
5978097115081272085,994177,1491354259
-2294289728143802215,994177,1491354280
2017216006221885050,994177,1491354310
5931977399336702805,994177,1491354290
-3620481049854673619,994177,1491354261
7281935262410132072,994177,1491354297
-4893527733609192689,994177,1491354313
5451282543542055551,994177,1491354298
6186416664251618014,994177,1491354300
-4694008265876563997,994177,1491354301
-8956533124848478445,994177,1491354290
7514958452504964703,994177,1491354310
285840586770175969,994177,1491354304
-6119578108363953533,994177,1491354294
9208317421016202487,994177,1491354302
1411567788119849202,994177,1491354306
5692046248256294815,994177,1491354288
-2287432347199469868,994073,1491354262
3193620776809072441,993736,1491354311
3678724504605385480,994121,1491354306
-7092605045692094808,993994,1491354274
3910559115248800943,994136,1491354299
-7673127076508717986,994136,1491354299
-7940863840957978826,993262,1491354287
6549041925958462771,993262,1491354294
-6722577292780229796,993841,1491354288
-7872747031991475718,993841,1491354279
559727067960631491,994062,1491354305
869411473919233492,994062,1491354298
6519655998258607176,994062,1491354314
-5149231535370929269,994062,1491354270
-8462307159251441793,994062,1491354273
5358321690304537828,994062,1491354305
-7544886130484960296,994062,1491354290
1354488402134485690,994062,1491354269
8726684403536402148,994062,1491354279
-3656495746393000341,994062,1491354262
-4514436960307214388,994062,1491354269
5792187798039157725,994062,1491354278
-1415107345398608534,994062,1491354287
2282327516684964478,994062,1491354304
-9019245839641525380,990407,1491354293
-1066944903154148420,990407,1491354260
-7404893077717992838,993801,1491354280
4664181642060708844,993487,1491354302
7741686111057998366,993629,1491354296
-6056730286507878138,994082,1491354264
-7532503331461985975,993122,1491354286
-3818251853922215112,993980,1491354300
-1993313371370196266,993980,1491354270
7720769298824860001,144155,1491354269
-7532503331461985975,992011,1491354286
159259510934245550,994107,1491354313
-6795873623647276768,994068,1491354289
4647589665832119627,994068,1491354276
3672863556717219068,994068,1491354303
4182942591796013270,994068,1491354313
-3317703702420335670,994068,1491354309
-6797702769031888781,994068,1491354297
-2441181456592531719,994068,1491354264
-2940668103686643914,993995,1491354309
-1769396530808149126,993929,1491354286
1221132970401578700,994033,1491354292
2808125258469436014,994033,1491354314
231147983950484640,994033,1491354288
-8095382273070420221,994033,1491354269
-7252062772423351556,992462,1491354293
-4535084969085592810,951219,1491354290
2360512672913660032,342329,1491354288
-3142910057180315450,401584,1491354283
358600064900766564,993712,1491354295
2162947253450754479,993731,1491354271
9165912437411395393,993731,1491354305
-2962930083489319178,989546,1491354264
4664181642060708844,993494,1491354304
-6856462945046794541,993786,1491354270
-74279542624091022,993786,1491354273
232592650844395468,993786,1491354266
-5667287008652816632,993782,1491354299
4664181642060708844,993582,1491354297
-7459581587938581562,993082,1491354309
9114204021137219286,972031,1491354276
-4968662445051240522,345188,1491354258
-7345233107227605567,994154,1491354282
-5257921113779144740,994154,1491354288
-4282330932896999279,994154,1491354300
8796409110076375580,993857,1491354266
-3397850843728718433,994086,1491354303
-2335759826801460774,994086,1491354309
-5667287008652816632,993749,1491354299
201560853047844887,993885,1491354256
-3924795308068641232,994132,1491354276
-2010629487186374745,994132,1491354303
5628995826145321765,994132,1491354303
-7107208299078269078,994179,1491354311
-3892683466843465364,993655,1491354267
-696127967377509029,957061,1491354271
-2763794606562517390,993963,1491354315
373191224533382860,993963,1491354303
5033974799674141048,993963,1491354295
3126998495732730956,993963,1491354315
-7525745075695760738,993963,1491354279
-8095382273070420221,993963,1491354292
5723124832630132980,993963,1491354268
1168992289776374170,993963,1491354272
-6457162113227918900,993963,1491354265
-6966794564389705403,993963,1491354294
4469255079825734982,993890,1491354312
-8780212504517361473,993708,1491354305
8946026638273292622,993359,1491354271
8213581979876236565,994004,1491354287
-5654933761312288303,994004,1491354314
9198233042746165184,994004,1491354278
-75327817852933059,994004,1491354276
7678680288694946609,994004,1491354314
-3727832083411420304,986789,1491354267
1211973631987769638,986789,1491354283
1900258426647250550,993759,1491354264
2480617156919673288,993973,1491354290
4664181642060708844,993495,1491354305
4670268245275657695,993827,1491354305
-7138546656487302975,993827,1491354288
-7532503331461985975,993270,1491354263
-4535084969085592810,948428,1491354288
5280550858025456202,993981,1491354293
-7107208299078269078,993981,1491354299
-98383082863981497,993981,1491354312
4939217446594922247,993981,1491354264
-5924240860656926686,993981,1491354296
-4543860339527622269,993981,1491354260
-2639424593689302813,993981,1491354299
-1775184606983466750,993981,1491354297
539791616477166820,993981,1491354292
7333472369515345530,993981,1491354258
-1290064328044864454,993981,1491354275
1900258426647250550,992460,1491354291
-1529177672249450437,993806,1491354309
-2393832105448209651,993135,1491354308
-4704364420323084544,994126,1491354314
-3924795308068641232,994126,1491354279
4545575657702851767,994163,1491354264
-7252062772423351556,989568,1491354256
-789261784109415860,993565,1491354297
-6428497937452476587,163194,1491354268
-4747688862328047630,939568,1491354261
-8238736124565665689,993294,1491354273
2122543532359042427,992829,1491354310
159259510934245550,994111,1491354288
-227065141383459685,994111,1491354266
1871897067822106947,994111,1491354294
8946026638273292622,993352,1491354311
6647086968552457574,994051,1491354266
2282327516684964478,994051,1491354303
5792187798039157725,994051,1491354278
-7544886130484960296,994051,1491354283
-1296315198293328193,994051,1491354262
5611759779882921844,994051,1491354299
8605143515016696302,994051,1491354306
-8095382273070420221,994051,1491354259
4841268657597096436,994051,1491354289
4470777549955443818,994051,1491354290
1971284343393551955,994051,1491354279
-7092605045692094808,993970,1491354260
4664181642060708844,993537,1491354300
7680332769196554712,992120,1491354302
1871897067822106947,994113,1491354294
-3386988146604295591,994113,1491354311
-7899463374794535575,994148,1491354312
3058211431673076623,993604,1491354289
-8839766405629740978,994146,1491354267
1251990399338157712,994146,1491354314
2448436230579355699,994146,1491354267
-1238553628804126265,994146,1491354267
-2988481949782845063,994146,1491354304
-309707977176816556,994146,1491354294
7011134981056403501,994146,1491354283
-8194547400030194481,994146,1491354310
3034038479434694146,994146,1491354269
5563130552700831273,994146,1491354290
2606171742202954778,994146,1491354313
-4535683713474710313,993479,1491354277
-3397850843728718433,994085,1491354303
9198233042746165184,994038,1491354305
231147983950484640,994038,1491354269
-8828443545806203998,994038,1491354257
5358321690304537828,994038,1491354309
-7544886130484960296,994038,1491354312
-5149231535370929269,994038,1491354299
690617784536569316,994153,1491354307
-3115390550201320015,994153,1491354299
-5377402441500551301,994153,1491354286
-45207688046942802,994153,1491354290
-946169093840202952,994153,1491354283
-8839766405629740978,994153,1491354312
-1567444943637450905,994153,1491354299
4545575657702851767,994153,1491354264
-7547766014336906702,994153,1491354313
-6797702769031888781,994072,1491354297
2146000043315594246,994072,1491354287
3672863556717219068,994072,1491354284
-3317703702420335670,994072,1491354303
1892074975916345922,994072,1491354273
3578617107479517416,993941,1491354291
-8845796095017316473,993941,1491354278
-5667287008652816632,993829,1491354283
3058211431673076623,993618,1491354300
6647086968552457574,994007,1491354271
1945950557185090982,994007,1491354258
-9189550994380535607,986781,1491354313
-8320712258066745718,993919,1491354259
8454261748084372026,993202,1491354297
-3386988146604295591,994118,1491354285
1941293454441003704,994118,1491354313
-802683278199148904,993101,1491354257
-4445688521828922627,993908,1491354287
4535030825628264296,993908,1491354284
-7176543471187434184,993908,1491354266
3115925777852096326,993908,1491354301
1221132970401578700,993969,1491354256
4646540549530961628,993969,1491354289
-5830821498768751998,993969,1491354261
76071381689180103,993969,1491354293
-8983090010078510402,993969,1491354302
-74279542624091022,993870,1491354266
-3325482240213531740,994078,1491354309
-1410208519522746996,994078,1491354258
1123030271505968966,994078,1491354310
-3317703702420335670,994078,1491354299
-6264579729240177260,994078,1491354279
-6797702769031888781,994078,1491354265
-1599389846226228993,994078,1491354304
2146000043315594246,994078,1491354274
-337031131830841473,994078,1491354289
-510656772315673285,994078,1491354259
5029139633983767065,994078,1491354268
1892074975916345922,994078,1491354273
3672863556717219068,994078,1491354274
-1847959728517203749,994078,1491354286
7686412413111115840,994078,1491354262
-227065141383459685,994078,1491354277
755677646689221228,994078,1491354298
660769121415988056,994078,1491354311
427793219931044626,994078,1491354304
-3539502072819167739,994078,1491354261
8210097115727986556,994078,1491354288
1980903227461824922,994078,1491354300
-53413896794196549,991030,1491354283
-7252062772423351556,992424,1491354293
-2798181821414627833,993914,1491354277
-5883171557347119808,993914,1491354257
2200133410058993583,993914,1491354279
260994145649998333,993914,1491354281
-7673127076508717986,994149,1491354282
6048346575496103234,994149,1491354282
-2795675656784146179,994175,1491354271
7987419845720742930,994175,1491354291
-6234900049044424141,994175,1491354283
220184008592650853,994175,1491354303
-7374567272876221741,994175,1491354274
-6003098791090100297,994175,1491354300
5172000753746364697,992116,1491354275
-1179909861196892906,993769,1491354287
4985876279677969090,993769,1491354292
1386081097034815311,993769,1491354312
-2798181821414627833,993769,1491354277
-8462307159251441793,993769,1491354304
-6450044137205535119,993769,1491354305
-5337703876546275435,993769,1491354299
6728989536090964157,993197,1491354298
-5186459801502426425,988990,1491354314
-5837698912731546041,988990,1491354274
5523142731324310437,993560,1491354305
-7086579806630694638,994030,1491354256
5935103572949255657,994030,1491354311
5767527927795300669,993831,1491354259
3321726419749463772,994053,1491354299
7741686111057998366,993630,1491354269
6686193277508674908,993161,1491354272
7683263835812876309,993816,1491354286
-8194547400030194481,994174,1491354310
2606171742202954778,994174,1491354313
8978079169604537605,994174,1491354311
2102522007491759878,994174,1491354262
-45207688046942802,994174,1491354271
5702900608177090969,994174,1491354290
-5879875206766012160,994174,1491354275
-7547766014336906702,994174,1491354313
-899648228130216715,994174,1491354260
-946169093840202952,994174,1491354267
690617784536569316,994174,1491354257
-4748103033625350740,994174,1491354271
5539274515482237564,994174,1491354270
7333513870412806355,994174,1491354278
9184254866612153272,994174,1491354311
3751900249462259074,994174,1491354272
-1374639789356444570,994174,1491354274
3836478025278141284,994174,1491354313
-8860286185936457229,994174,1491354264
-7397685519855164483,994174,1491354257
8574054360762634181,994174,1491354292
387403158281685147,994174,1491354257
-7640493862854201,994174,1491354290
838294228052615121,994174,1491354274
-4893527733609192689,994174,1491354313
-3268759091249291489,994174,1491354259
-3620481049854673619,994174,1491354261
-1731893073726214845,994174,1491354297
-4190781892134120217,994174,1491354265
2047357060385502616,994174,1491354269
5655303372809263439,994174,1491354279
-5356799311439537215,994174,1491354268
7281935262410132072,994174,1491354297
-7459581587938581562,993092,1491354278
-6056730286507878138,994084,1491354299
8359675559471902718,994084,1491354263
1941293454441003704,994125,1491354291
3805857695805186231,994125,1491354306
-3386988146604295591,994125,1491354260
6649826554893027510,994125,1491354313
-3924795308068641232,994125,1491354280
-4704364420323084544,994125,1491354314
-7411545074670055739,994125,1491354297
-305546168066231953,990533,1491354276
-5931345129852943105,994019,1491354283
5033974799674141048,994019,1491354288
5723124832630132980,994019,1491354268
7243191572450336022,994019,1491354286
9050324057416490447,994019,1491354279
-4510128967972528195,993779,1491354293
-7094881820523407560,993779,1491354280
-2175512555223012795,993779,1491354313
8393816873898387755,993779,1491354304
7387332182116874752,993779,1491354295
9144522093185875322,993787,1491354314
-4704364420323084544,994144,1491354290
1569085123349984709,993863,1491354294
7741686111057998366,993628,1491354281
1874652745054685998,994119,1491354301
6581346206655020954,994119,1491354285
-4282330932896999279,994119,1491354300
-8922237417561667249,994119,1491354257
-270715983287329185,994119,1491354312
2413390690413573128,994119,1491354265
1112372422559241642,994119,1491354280
2680615023277135514,994119,1491354273
6225683035879347173,994119,1491354265
-3119225687833739476,994119,1491354299
7955835726253749791,994119,1491354259
3678724504605385480,994119,1491354294
-7345233107227605567,994119,1491354280
4270385036240404929,994119,1491354285
-1521970421210624440,994119,1491354308
552384360557605297,994119,1491354264
6038774701651051245,994119,1491354289
3866592168865160653,994119,1491354262
-4790948649406437108,994119,1491354311
2073487867462378318,994119,1491354267
-8670220398669364028,994119,1491354306
2819062506790112877,993591,1491354309
-2287432347199469868,994083,1491354262
-1734596530333040272,994083,1491354260
4356239519497609930,994083,1491354257
-6856462945046794541,994083,1491354284
6372075318752472857,994083,1491354301
-3397850843728718433,994080,1491354278
-2335759826801460774,994080,1491354302
3237026201583545839,994080,1491354285
2290712902525928095,994080,1491354266
7322786786255880347,988454,1491354271
4094620739951454661,988454,1491354305
-3363278987593052517,125561,1491354303
-7725592110390414482,993882,1491354314
2457214748115495704,993991,1491354293
8490091344318726815,993991,1491354282
-7123223508458711580,993991,1491354261
-3008012118421030814,993956,1491354307
9184254866612153272,993956,1491354291
-5106274481926808363,993956,1491354296
2849618562333541313,993956,1491354273
8169256569525182836,993956,1491354289
5827475771822275475,993956,1491354285
3082109677572704335,993956,1491354265
9010467927042780889,115569,1491354283
-6587498549978815410,993846,1491354311
6272186027752749735,943136,1491354306
-7092605045692094808,993998,1491354264
-7897676853778108539,993893,1491354290
-4802806059822748354,993893,1491354302
5935103572949255657,993893,1491354303
8866213856188100939,993893,1491354308
-7138546656487302975,993893,1491354281
-789579078473928105,993893,1491354300
8915225769918733727,993893,1491354283
2663746775137812166,993893,1491354261
-2198369632218571888,993893,1491354278
3128684781010158326,993893,1491354256
3242710193542238859,993893,1491354303
-5434290522598476546,993893,1491354309
-1114962541936031921,974441,1491354284
9033666657865428575,994018,1491354265
-5605635447170580021,993188,1491354277
4469255079825734982,993909,1491354312
2200133410058993583,993909,1491354307
12316948692203924,994081,1491354284
4356239519497609930,994081,1491354256
-2010629487186374745,994081,1491354305
4425670798161515394,968814,1491354268
6686193277508674908,991547,1491354270
9144522093185875322,993795,1491354314
-4535683713474710313,993598,1491354281
2200133410058993583,993907,1491354307
-3972436077997523282,993251,1491354283
4664181642060708844,993568,1491354299
6561111810641773901,984878,1491354266
1053665232798826212,993725,1491354310
6561111810641773901,986916,1491354256
-7692130151986126150,993078,1491354300
-2678625134492523098,953243,1491354299
5159499115963368824,993620,1491354256
-7092605045692094808,993976,1491354289
-6042699244438002198,993312,1491354269
1110724234995881638,993493,1491354277
2316282716873622795,993493,1491354295
-1678016622668124569,993298,1491354258
2200133410058993583,993901,1491354277
955909610773858172,994092,1491354266
-2335759826801460774,994092,1491354260
-6943206499919830798,994092,1491354273
4084298239388961762,994092,1491354283
6752041549928317269,994092,1491354295
-7804357548598851623,994092,1491354311
-7997018583114129798,994092,1491354298
231147983950484640,994011,1491354313
-8828443545806203998,994011,1491354305
2961652904550255865,994055,1491354258
7678680288694946609,994055,1491354284
-5445457207047221041,994055,1491354286
139846226727742488,994055,1491354274
6425458248985633648,994055,1491354311
4963708299789534247,994055,1491354281
-5549164750336206692,994055,1491354312
236548335529081189,994055,1491354265
8991085943499908172,994055,1491354302
-4743980615509250326,993741,1491354307
9165912437411395393,993741,1491354305
2162947253450754479,993741,1491354271
-3216196982921973848,993741,1491354264
3193620776809072441,993741,1491354311
-3025455166903961427,994106,1491354289
1876307347604521002,994106,1491354265
-6810133058425460269,994106,1491354280
5303278080105166991,994106,1491354312
7493543006616895907,994106,1491354298
-7101809831923054633,994106,1491354304
9195968749325449943,994106,1491354304
2563351836476071614,994106,1491354301
-9189550994380535607,994106,1491354309
1646559901532165295,994106,1491354258
6288248182657517857,994106,1491354311
8989227225798382456,994106,1491354286
-6749987662060040844,994106,1491354313
865028833093873626,994106,1491354296
-5132841734339399609,994106,1491354289
-8350611078517485001,994106,1491354296
4023916944771469809,994106,1491354267
-8310222024594668491,994106,1491354266
-1084907679304056579,994106,1491354303
8240379284055609820,994106,1491354298
-803322284986083164,994106,1491354262
-1386919849948827591,994106,1491354283
-5360925965444525074,994106,1491354280
1054566541997151568,910939,1491354279
4646540549530961628,993997,1491354289
76071381689180103,993997,1491354293
-8755621626530570315,993997,1491354280
-8095382273070420221,993997,1491354299
1945950557185090982,993997,1491354293
6647086968552457574,993997,1491354266
-8386347838788276098,990326,1491354281
2379417297704935179,993988,1491354308
47019640443802438,993337,1491354296
5558722853221920407,993904,1491354277
-5830821498768751998,993904,1491354267
-921589784872179104,993904,1491354289
5673786185972297662,993904,1491354313
-8320712258066745718,993904,1491354259
5767527927795300669,993833,1491354262
-5667287008652816632,993833,1491354276
5159499115963368824,993623,1491354256
-400369450015906434,982255,1491354265
-8845796095017316473,993900,1491354265
1154934997321162796,993900,1491354310
-4535683713474710313,993635,1491354274
-8105569768074584794,989148,1491354306
-4770926315636157138,728306,1491354259
-3025534644931372412,993462,1491354260
-1974729137843887562,993462,1491354297
7778232856598853529,994169,1491354309
4270385036240404929,994169,1491354260
-2678625134492523098,994169,1491354278
-7345233107227605567,994169,1491354264
-3924795308068641232,993922,1491354309
656630045306629211,991012,1491354276
7680332769196554712,991012,1491354302
1115523843242281020,991682,1491354307
-8975687872837421744,993421,1491354284
-981346504507555257,993828,1491354273
358600064900766564,993709,1491354305
-7345233107227605567,994170,1491354260
-3115390550201320015,994170,1491354314
-7539082777109141614,951665,1491354257
-7252062772423351556,992397,1491354274
8454261748084372026,993193,1491354302
4670268245275657695,993750,1491354305
-981346504507555257,994120,1491354288
6549041925958462771,994120,1491354294
-4749500453767051119,994120,1491354307
-8670220398669364028,994120,1491354269
-1141729886596104133,994120,1491354260
-5110544675779245755,994120,1491354306
-4185065443025393045,994120,1491354274
-1495800009705139385,994120,1491354312
6796799677845251448,994120,1491354305
656630045306629211,993151,1491354270
-7310361222649666321,993151,1491354273
-8506076755143606516,994050,1491354302
231147983950484640,994050,1491354265
-5149231535370929269,994050,1491354299
-7544886130484960296,994050,1491354312
7678680288694946609,994050,1491354293
5358321690304537828,994050,1491354309
-8095382273070420221,994050,1491354265
559727067960631491,994050,1491354305
869411473919233492,994050,1491354298
-5445457207047221041,994050,1491354286
159259510934245550,994110,1491354302
6682629846722211713,993710,1491354306
357680364107119971,993710,1491354291
-7459581587938581562,993084,1491354309
4549641810672163750,994140,1491354265
983194702826419820,994140,1491354292
-7252550955317759524,994140,1491354278
5254705380031281094,994140,1491354291
3678724504605385480,994140,1491354300
-2113919238353766204,994140,1491354290
-7673127076508717986,994140,1491354309
-5667287008652816632,993838,1491354259
-2013827170873938233,994043,1491354267
2808125258469436014,994043,1491354286
-7725592110390414482,994043,1491354259
9198233042746165184,994043,1491354305
-218568457354732068,994095,1491354283
-7804357548598851623,994095,1491354311
-6943206499919830798,994095,1491354273
-7997018583114129798,994095,1491354298
4084298239388961762,994095,1491354274
-2335759826801460774,994095,1491354256
-3665456234623729664,994095,1491354286
6043590622141369273,994095,1491354311
-9151076100365559201,994095,1491354276
3463343859685283940,994095,1491354284
201560853047844887,993878,1491354300
-1521970421210624440,994164,1491354308
3866592168865160653,994164,1491354262
-4790948649406437108,994164,1491354310
7731935675916436648,994164,1491354283
552384360557605297,994164,1491354264
-8670220398669364028,994164,1491354306
-3119225687833739476,994164,1491354295
4270385036240404929,994164,1491354285
3678724504605385480,994164,1491354292
-7345233107227605567,994164,1491354279
5620671019045640642,994164,1491354277
5550590143305332505,994164,1491354294
-7742215793430093827,994164,1491354302
-8147488413764507724,994164,1491354301
4529931977561037951,994164,1491354283
-5777004286691557429,994164,1491354266
-7378033065789494809,994164,1491354308
-7921493227827322991,994164,1491354283
-6304988396355958618,994164,1491354303
-6047046040192010513,994164,1491354264
5620671019045640642,994165,1491354277
5550590143305332505,994165,1491354283
-7345233107227605567,994165,1491354277
4270385036240404929,994165,1491354273
8912822859812444809,994165,1491354272
-2523931911032421266,994165,1491354297
-7673127076508717986,994145,1491354266
-3614495984608799879,994145,1491354261
8483928199412951898,994145,1491354286
-3360753303791768140,993931,1491354277
4743443842254929476,993931,1491354268
8954444694023696992,993931,1491354270
4185401070205513453,993921,1491354308
6417277357351627957,993921,1491354314
-156237026787805484,993921,1491354282
-2224366946386972553,993921,1491354297
-5830821498768751998,993921,1491354301
944737316266079637,993921,1491354287
1115523843242281020,990230,1491354297
5254705380031281094,994152,1491354265
1510562676948302591,994152,1491354294
7955835726253749791,994152,1491354311
3229028871962685222,994152,1491354286
2413390690413573128,994152,1491354308
3184508671304922967,994152,1491354275
-7899463374794535575,994152,1491354306
-3405457845233507717,994152,1491354270
3678724504605385480,994152,1491354296
1112372422559241642,994152,1491354280
-270715983287329185,994152,1491354312
6225683035879347173,994152,1491354265
1874652745054685998,994152,1491354301
-8922237417561667249,994152,1491354257
-7092605045692094808,993990,1491354289
-7692130151986126150,994020,1491354292
3919482987505361309,994020,1491354302
-4616899961292821694,994020,1491354268
2474294297768935814,994020,1491354273
-5654933761312288303,994009,1491354314
8213581979876236565,994009,1491354288
-36854239736667853,992386,1491354287
-7673127076508717986,994147,1491354259
-9019245839641525380,990376,1491354293
4562787314208682226,994172,1491354302
-8839766405629740978,994172,1491354299
1251990399338157712,994172,1491354314
5998864744851080217,994172,1491354261
-8901111549326472411,994172,1491354307
-2335759826801460774,993902,1491354311
5337926726261962688,993387,1491354271
5861130292321851931,993293,1491354270
-6042699244438002198,993293,1491354281
-3782016663022214175,994069,1491354288
7844780913890647858,994069,1491354275
-9212969907379957832,994069,1491354260
-7092605045692094808,993993,1491354283
-5486829860841420068,993593,1491354278
-2085945385757838027,994071,1491354303
-998484704258747983,994071,1491354311
-2198369632218571888,994071,1491354277
75000584855734381,994071,1491354312
1860503920154065318,994071,1491354312
4841268657597096436,994026,1491354289
1679139114422130448,994016,1491354260
8732030085433003453,994016,1491354295
-2013827170873938233,994001,1491354278
-7725592110390414482,994001,1491354264
6621984803012767214,994005,1491354277
1945950557185090982,994005,1491354293
358600064900766564,993626,1491354312
4664181642060708844,993626,1491354296
-2763794606562517390,992200,1491354315
4339704799895351467,993959,1491354284
-7352693929735700536,993959,1491354294
-7658249746880941324,994039,1491354272
8943804032829447175,994039,1491354290
6647086968552457574,994035,1491354270
231147983950484640,994035,1491354309
-8828443545806203998,994035,1491354301
1221132970401578700,994035,1491354293
2808125258469436014,994035,1491354314
9048319456826624439,994173,1491354256
-3115390550201320015,994173,1491354314
-8839766405629740978,994173,1491354312
6740955112112862750,993789,1491354311
1200126888499235554,993789,1491354315
7741686111057998366,993627,1491354303
-4605043179389424895,993861,1491354304
-3405457845233507717,994150,1491354306
-2113919238353766204,994150,1491354290
5254705380031281094,994150,1491354274
-7899463374794535575,994150,1491354312
983194702826419820,994150,1491354259
-7252550955317759524,994150,1491354259
3678724504605385480,994150,1491354299
-7345233107227605567,994150,1491354283
1510562676948302591,994150,1491354294
3184508671304922967,994150,1491354275
7955835726253749791,994150,1491354311
-3985843629164128915,994150,1491354315
2413390690413573128,994150,1491354313
3229028871962685222,994150,1491354286
4670268245275657695,993897,1491354269
-7138546656487302975,993897,1491354287
-4802806059822748354,993897,1491354302
-7897676853778108539,993897,1491354290
-6643602796856830153,990398,1491354298
4664181642060708844,993069,1491354315
-5667287008652816632,993837,1491354267
-7252062772423351556,989749,1491354264
6492138585843707642,993254,1491354301
3281676225483814160,993259,1491354306
-714960934206146729,993500,1491354285
5543246781070730595,993500,1491354289
-3142910057180315450,401387,1491354292
8946026638273292622,993346,1491354306
5132348576496836001,992483,1491354288
-7459581587938581562,992546,1491354290
-4982970065556422838,994096,1491354300
1123663693860758297,994096,1491354283
955909610773858172,994096,1491354302
2517363528920367624,994096,1491354282
-5200818864136387829,994096,1491354278
-2335759826801460774,994096,1491354263
2517363528920367624,994100,1491354307
8359675559471902718,994100,1491354257
3237026201583545839,994100,1491354278
2290712902525928095,994100,1491354262
-2335759826801460774,994100,1491354273
955909610773858172,994100,1491354304
-5200818864136387829,994100,1491354278
1123663693860758297,994100,1491354283
-4982970065556422838,994100,1491354300
5652917344597805181,891984,1491354286
-7252330635547721503,992192,1491354262
-8594616135227962908,992192,1491354300
-2324499931832541542,992192,1491354289
-3580975362800392571,992192,1491354278
-1769396530808149126,993943,1491354311
2844449682962982030,994171,1491354293
-7645737107318737558,994171,1491354290
-6503434472704024489,994171,1491354283
-946169093840202952,994171,1491354312
-5377402441500551301,994171,1491354307
690617784536569316,994171,1491354307
-2488913125045393193,886003,1491354270
5935103572949255657,994028,1491354311
5262973313084886048,994070,1491354272
4470777549955443818,994070,1491354291
1971284343393551955,994070,1491354279
-7544886130484960296,994070,1491354271
3672863556717219068,994070,1491354303
-7478343923552061802,994070,1491354307
4647589665832119627,994070,1491354276
-6795873623647276768,994070,1491354289
-2530204190962813070,994070,1491354271
5029139633983767065,994070,1491354293
-5926763180636820958,342279,1491354268
-3469679644185903433,993584,1491354289
-3475432441346142778,993825,1491354281
5299463468454228688,993975,1491354313
