-1920867243514485449,995779,1491796274
5817294452257532069,995915,1491796240
-6330390527778540013,995915,1491796279
4049852989443229826,995915,1491796238
-3446225945905393969,943021,1491796233
5179039415442643326,995884,1491796264
4049852989443229826,995884,1491796272
3512337579305723644,995884,1491796224
-1700399297968788123,995785,1491796264
133711460855868830,995568,1491796265
-1278966281429317999,995926,1491796234
9068613149737122751,994313,1491796243
6891708907553179126,996115,1491796276
479762931791575186,996115,1491796255
3149033476556329197,402386,1491796252
6767426501255403833,996096,1491796226
-5946272603680968503,996096,1491796274
-4240322186788897451,996096,1491796270
-3377839123362382888,996096,1491796223
-7020225391843580368,996096,1491796240
5720369202626023829,996096,1491796259
3717216410947597624,996096,1491796245
-6772078185414627624,996096,1491796264
-5341699007826910232,996096,1491796276
-236428801687130216,996096,1491796260
-4305935257313613027,996096,1491796228
-4942461551179436345,996130,1491796242
-6602460270320860310,996130,1491796242
8793664450788373490,996130,1491796223
-226576522422586323,996130,1491796275
2184114872567474445,996130,1491796273
3972808781632817792,994332,1491796253
5350464526625292404,994332,1491796219
-7804951987860854559,994332,1491796274
3397776477584178523,994332,1491796261
-6131844487971789556,994332,1491796240
-1028770977371633673,994332,1491796248
5438291290149013833,994332,1491796262
-6118282201926241231,994332,1491796278
6863529871463225671,994332,1491796273
2248326363160844572,994332,1491796263
7917375992546716592,994332,1491796275
-3018901395307373816,994332,1491796265
4655446787468892309,994332,1491796279
-6480558840103937186,996117,1491796239
-7955260894244812943,995669,1491796248
-7655154096814415208,995669,1491796257
-3286629789708615677,994897,1491796220
-948159483289174049,410085,1491796269
217341246198304073,993139,1491796269
7984269998184688747,991834,1491796271
-3804351204312172281,995937,1491796275
3725310673966669818,995937,1491796244
8708175995580264164,995937,1491796255
-5212731717008353477,995937,1491796262
2257436123232981793,995954,1491796265
6379793893284077370,995954,1491796277
9032797001952670291,995893,1491796271
-6426321553505872237,995609,1491796263
-2313712850831480588,995609,1491796252
-3952507118463484853,995978,1491796260
2582004325133939500,995978,1491796268
562943649478292641,995978,1491796263
-7638424662215177358,996071,1491796232
-5369026046539101579,996071,1491796259
6757498137138317224,996071,1491796263
4704622650950754694,996071,1491796276
-8391322645389504255,996071,1491796259
-7662949015603065015,996071,1491796224
7562291338835037330,996071,1491796230
-101243494230910402,996071,1491796226
-1612064414984553865,996071,1491796250
6479274264918405286,996071,1491796250
1037847010459721134,996071,1491796266
9100321161929669081,996071,1491796256
948590015439905250,996071,1491796257
-8927267968730229744,996071,1491796263
-3913061211125246367,996071,1491796264
-427001008108669722,996071,1491796268
3137727425094912637,996071,1491796262
-4736329774570290477,996071,1491796271
-8197948256996917420,996071,1491796251
-2901727917225667256,996071,1491796234
5102050221117722630,996071,1491796221
-5552411873046034111,996071,1491796262
-7538451708401494204,996071,1491796268
-9065644547877475076,996071,1491796264
-8079709373788329513,996071,1491796257
3495180829326178433,996043,1491796237
-4780226419182216458,929201,1491796236
8733330622801228322,995705,1491796245
-2054081457608318536,995705,1491796262
568899904236925208,996055,1491796267
1257247299565570465,996063,1491796220
-9077076072981927883,996063,1491796236
4932419640960728551,996063,1491796239
-6870335561985227859,996063,1491796234
8215810248993453136,996063,1491796238
-722775091869602871,996063,1491796268
-4307537416001764074,996063,1491796272
-2511250173118936985,981437,1491796232
9152995672768032436,993981,1491796235
-8924240953794504569,937998,1491796252
8428966981840149147,995989,1491796220
2509547889832033433,995989,1491796262
4875877059822095515,992482,1491796273
-3374448054328880935,992482,1491796237
-8294882738657647305,992482,1491796256
7496917889429469278,992482,1491796273
4262366630758752031,992482,1491796223
-1333586622321979751,992482,1491796278
4697380186129991652,995474,1491796268
-79157471407767591,991909,1491796220
-5813509233570196149,996047,1491796228
3098474213952264086,996047,1491796269
-3609923659629204617,996148,1491796270
-5870996594279652732,996148,1491796223
-6286780999356895185,996148,1491796254
5964076521505863048,996148,1491796277
-6300585273591482361,996148,1491796227
-2945224236342801673,996148,1491796225
8220701598463078499,995622,1491796277
6658097110993047435,994304,1491796273
5781429527781659382,996040,1491796266
8477509512187157543,996040,1491796256
-5450191004576871828,996040,1491796269
6895488112247633094,995041,1491796246
4769028035709935863,995041,1491796226
7982805672083485520,995859,1491796220
4415161810267163729,995859,1491796232
8878475224332744614,996024,1491796233
9113793747379079443,996024,1491796270
2453438997884830954,996024,1491796272
5686724700032913007,992429,1491796246
2592271216129263496,992429,1491796263
-7955260894244812943,992429,1491796245
4983175475489978563,977763,1491796258
-3557302410353201724,977763,1491796249
-2631404589746282721,977763,1491796228
-305726938690491606,977763,1491796227
-7796158811725537627,996015,1491796235
-5603583343981914959,996015,1491796259
2098062911885994227,996015,1491796254
-2249290888197078828,996015,1491796252
1863430251393883608,996015,1491796232
7291067286858098173,996015,1491796272
-7050618986495206316,996118,1491796222
479762931791575186,996118,1491796228
-7659539838044441040,996118,1491796234
7900915031009845223,996118,1491796255
-4622601662684026210,996118,1491796262
-3392721822500439346,996118,1491796243
-923010568445187930,996118,1491796259
-1097187350483898937,996118,1491796226
-6372743411375142995,996118,1491796222
1301038353246397447,996118,1491796275
-2953368774540507758,996118,1491796268
-6621266470312650639,996118,1491796274
5697540347245773825,996118,1491796268
6517370029047032951,996118,1491796259
6000094744907324588,996118,1491796229
-7722483716716929387,995296,1491796257
3334908499624527254,996013,1491796263
2453438997884830954,996013,1491796252
1172402348227026137,995996,1491796276
-6604193634761283309,995996,1491796269
5817294452257532069,995815,1491796268
-6330390527778540013,995815,1491796279
-7675162204212809437,995733,1491796271
-1200108538627986142,995733,1491796240
-6448157505952606545,996162,1491796279
7726652842109892823,996162,1491796246
-6291436385900578819,996162,1491796243
131355648726210675,996162,1491796246
-4499299933532461568,996091,1491796268
-350826538780705018,996091,1491796278
-7821959153014151512,996091,1491796221
-7624211492380837155,996091,1491796230
3813259193700061017,996091,1491796268
-7231175071433895829,996091,1491796254
4733158465632525351,996091,1491796245
-2943040636868358548,985436,1491796267
4890171508871434921,996112,1491796252
8784675430293567795,996112,1491796257
-6258131535113477320,996112,1491796235
-1430325715766219862,996112,1491796247
-8286257365977280791,996112,1491796270
-2784245970756158810,996112,1491796235
-8056662390501314722,996112,1491796220
6891708907553179126,996112,1491796236
-1237065885377124648,996112,1491796244
3362712441912378853,996112,1491796255
-7050618986495206316,996112,1491796265
1691343574917600249,996112,1491796236
-6058179555217900141,996112,1491796278
-923010568445187930,996112,1491796278
-8398187345902832856,996112,1491796264
479762931791575186,996112,1491796243
-4622601662684026210,996112,1491796267
7900915031009845223,996112,1491796255
8008238469107319590,996112,1491796254
-1028770977371633673,996112,1491796257
-7659539838044441040,996112,1491796234
5725396400333129165,996112,1491796233
875243772453755738,996112,1491796228
-1935063075202771879,996112,1491796267
-4239481895127554054,996112,1491796236
4996387658738288985,996112,1491796269
-8775406565259500357,996112,1491796259
217902092203850506,996112,1491796246
5730878175792582119,996112,1491796233
-5556258739173481466,996112,1491796268
-1688307994316849484,996112,1491796229
-59024070910914652,996112,1491796226
413845005860756216,996112,1491796276
-1369523578381407570,996112,1491796238
1172402348227026137,996002,1491796248
6329416820283588074,996131,1491796237
-7675162204212809437,995743,1491796249
-5212731717008353477,995955,1491796244
-1700399297968788123,995782,1491796278
-4837350679812148145,995831,1491796251
811473611290622905,996095,1491796232
-2893689806203777643,996095,1491796243
2974755824382991975,996095,1491796259
51546913331304197,996095,1491796267
4840830460180779688,996095,1491796262
-1000083339200692971,994887,1491796270
-5402675790756976252,972937,1491796228
3318368865358733089,972937,1491796262
-3878489206725331713,897451,1491796275
-3723721639305611850,995871,1491796248
6767426501255403833,996099,1491796278
-4240322186788897451,996099,1491796277
-6772078185414627624,996099,1491796271
3717216410947597624,996099,1491796250
-5946272603680968503,996099,1491796274
-9111619119853914929,994717,1491796276
3680567497194552342,996019,1491796240
-6194771847313993219,996017,1491796269
7633352280045827669,996017,1491796226
-1324729686384424251,996017,1491796231
-4997941649563906069,996136,1491796260
-7575384763207289618,996136,1491796229
-226576522422586323,996136,1491796246
-8816632431758180740,996136,1491796245
2506034611715118868,996136,1491796251
-2765084060763840168,996136,1491796263
-6446703691500945104,996136,1491796240
-8458612229365531110,996136,1491796271
7249729227494130479,975013,1491796243
-3952507118463484853,995977,1491796255
-1366299188755619182,995977,1491796267
562943649478292641,995977,1491796261
5250258821671209523,995977,1491796264
2582004325133939500,995977,1491796265
-1393848634426468918,995977,1491796268
-4093225857920181482,995977,1491796220
-2771037181342879278,995977,1491796257
-2865852833843501309,995977,1491796278
985520079485285123,995977,1491796259
-7349542016653359992,995977,1491796249
-4694662529690319073,995977,1491796230
6618096660914032094,995977,1491796230
-6976694763892244435,995977,1491796278
3113402452508623798,995977,1491796255
2161521766014579986,995977,1491796238
7783641608777816815,901038,1491796251
-3906596637988302101,996074,1491796226
-7126650452671751060,996074,1491796258
1532537452698966837,996074,1491796247
-851292201251052043,996074,1491796223
1225565463276219474,996074,1491796240
-2901727917225667256,996074,1491796247
-427001008108669722,996074,1491796273
4704622650950754694,996074,1491796276
1843880668973865768,996074,1491796272
-8391322645389504255,996074,1491796259
-101243494230910402,996074,1491796226
6479274264918405286,996074,1491796250
-1612064414984553865,996074,1491796252
9100321161929669081,996074,1491796256
-4736329774570290477,996074,1491796271
-5369026046539101579,996074,1491796259
948590015439905250,996074,1491796257
7633352280045827669,996009,1491796274
1172402348227026137,996009,1491796231
-1324729686384424251,996009,1491796249
1549215957552553999,996009,1491796274
-93661019386351549,922072,1491796220
8075642871513862784,995934,1491796274
4690478633061385432,995879,1491796272
-7812544430542866472,995927,1491796234
2820738332488081479,995927,1491796243
-1561793196598537123,995172,1491796276
6164064975667987749,995172,1491796240
-7447575837151018413,995923,1491796220
4494785229203660883,995899,1491796254
-4068271532607391004,994054,1491796254
582547710921767435,994054,1491796278
-2139685992160536965,994054,1491796270
966476416904195164,994054,1491796223
-8072039624950654099,994054,1491796247
4189055802351101765,994054,1491796220
-7734546483204076094,994054,1491796259
-1543100418967656704,994054,1491796277
-1887961869706795883,994054,1491796278
-3700404737973595839,994054,1491796239
4006689592278506848,994054,1491796260
3455590397912198006,994054,1491796246
-7808000110084252709,994054,1491796251
8080128219362317956,994054,1491796246
8540066865882750774,994054,1491796271
8596202179380548377,994054,1491796221
4085539319430607267,994054,1491796237
-1700399297968788123,995784,1491796229
5821541729660342698,986776,1491796271
-1200108538627986142,995734,1491796240
-8245654104718430716,995734,1491796250
3098474213952264086,996038,1491796269
-5813509233570196149,996038,1491796228
7171599213503939723,995950,1491796226
396621274856867147,995620,1491796258
-6647375749629731873,994710,1491796255
-2054081457608318536,995499,1491796252
-3789710869668687460,996065,1491796270
3030919119155023115,996065,1491796231
-6679715335255722531,996065,1491796235
-4263236595150562086,996065,1491796222
-2761018127726256079,996065,1491796279
-7287547721488802861,996065,1491796253
-9212984087061485748,996065,1491796220
-8868544212131332816,996065,1491796271
4651588383200575386,996065,1491796269
3152748359533328786,996065,1491796277
-3126682747796180873,996065,1491796267
8950366459028728074,996065,1491796252
-7443122585077932906,996065,1491796274
4697380186129991652,995470,1491796270
4697380186129991652,995460,1491796270
4364634366239030650,995336,1491796246
2491180792942062904,994615,1491796222
3003636160517344355,994615,1491796224
6648429595768984577,994436,1491796241
-3778647535543800749,994436,1491796233
5040516269590245584,994436,1491796268
5186297351026776565,994436,1491796275
-7463277267406135721,994436,1491796255
3644405573518938727,994739,1491796251
6257521401550488475,995661,1491796276
3218959657015335214,995661,1491796279
-7322019323808760831,995661,1491796257
3490090613486647473,995661,1491796247
-7320407709433116958,995865,1491796269
6187974212667922473,995967,1491796252
2453438997884830954,996029,1491796260
-8800140983056577543,996070,1491796220
-9065644547877475076,996070,1491796264
-8079709373788329513,996070,1491796257
-3913061211125246367,996070,1491796248
5102050221117722630,996070,1491796221
-3433217330083705429,996070,1491796266
-7517220544367597552,996070,1491796244
-4736329774570290477,996070,1491796268
9100321161929669081,996070,1491796234
-8927267968730229744,996070,1491796246
-7538451708401494204,996070,1491796268
-6017559508672472841,996070,1491796270
-5552411873046034111,996070,1491796262
-427001008108669722,996070,1491796256
-4188055434902391748,996070,1491796275
948590015439905250,996070,1491796236
3137727425094912637,996070,1491796255
-8197948256996917420,996070,1491796247
3876793485519552145,996070,1491796250
-942029984881677193,996070,1491796242
-2901727917225667256,996070,1491796232
8386409032127813234,996070,1491796261
2946236559020866183,996070,1491796256
-3667249849669781544,996070,1491796257
1963956966899293282,996070,1491796262
-1926052212378397049,996070,1491796262
-7944187060540451803,996070,1491796262
-5826661786796108645,996070,1491796272
-4060081186351693973,996070,1491796241
6446276210755583144,996070,1491796241
-7945599520709864524,996070,1491796274
-2203012913806317517,996070,1491796252
4802326233042737480,996070,1491796274
3619529583468843063,996070,1491796235
-3912653485846086236,996070,1491796231
-6947955595024654160,996070,1491796269
-6557523892356825239,996070,1491796275
1025404396555094613,996070,1491796274
-5340947078812753868,996070,1491796264
-1210213408962645256,996070,1491796276
-3576253839109108762,996070,1491796230
-5421442372525505640,996070,1491796246
6532058291365651203,996070,1491796258
5488789091749009044,996070,1491796261
611967223506644432,996070,1491796269
-7202263525375448535,996070,1491796261
-418072768510860127,995567,1491796260
4893903384078836065,77672,1491796239
-7287547721488802861,996052,1491796237
7056114288181417656,996052,1491796268
568899904236925208,996052,1491796255
7415957506778309498,996052,1491796269
-3789710869668687460,996052,1491796235
-3126682747796180873,996052,1491796249
-8868544212131332816,996052,1491796227
-2761018127726256079,996052,1491796257
4651588383200575386,996052,1491796246
8524217026156279213,996052,1491796266
3810635303336025770,996052,1491796231
3152748359533328786,996052,1491796267
-5373235812228864431,996052,1491796224
120381854697491562,996052,1491796274
8722026968662190506,996052,1491796221
2441034000711107624,996052,1491796248
5454802131179633217,996052,1491796271
7534361917844654776,996052,1491796221
-1114476047465725670,996052,1491796271
3281801112356692166,996052,1491796238
7451623281244095166,996052,1491796265
898837057051958996,996061,1491796270
-1561793196598537123,995244,1491796277
4347925449495674540,995523,1491796263
-7242181939601171740,995523,1491796227
9114182874160581528,996022,1491796243
-998602180510341287,996022,1491796230
2453438997884830954,996022,1491796263
3027105988288810450,995312,1491796246
-2754591594437828623,996164,1491796254
-8792617296708956992,996164,1491796271
-5861108731193702968,996164,1491796249
-8870374334022375857,996164,1491796226
5373536131290599325,996164,1491796276
-2726007667803497386,996164,1491796233
5695679627906169370,996164,1491796262
2527893532162406265,996164,1491796226
-6556441354724765139,996164,1491796246
-7885017583424491091,996164,1491796255
-3454159178563548272,996164,1491796240
9047508840103232186,996164,1491796247
950631189825146917,996164,1491796261
4973358467618035705,996164,1491796254
-8633488785363948932,996164,1491796231
-7415476638885269480,996164,1491796230
-7696862248682040900,996164,1491796245
2337751482304985341,996164,1491796249
2292469033361978494,996164,1491796250
-462854910681947474,996164,1491796279
-8126852681003980001,996164,1491796246
76618059686055316,996164,1491796220
1118700324532517611,996164,1491796240
-2332443144535368755,996164,1491796232
2761337436466163551,996164,1491796237
3948152565949305607,996164,1491796258
-1647795776758852898,996164,1491796246
-2399098700515959229,996164,1491796255
-1856477490089274599,996164,1491796221
2436317088640729428,996164,1491796268
-4909569497008581627,996164,1491796259
-314449461209564527,996164,1491796265
9145243140073511175,996164,1491796256
-3217946786407515233,996164,1491796226
-8688396185782218431,996164,1491796268
-7052526084851851843,996164,1491796246
2183055483980272871,996164,1491796271
1580212919182094912,996164,1491796246
4504827362389778322,996164,1491796228
4080848176112370312,996164,1491796239
8242910163329127643,996164,1491796240
-5929646551922904644,996164,1491796223
-6616689905462312172,996164,1491796234
-2159445767951962018,996164,1491796251
-1476388201135318227,996164,1491796258
-8554400748219772731,996164,1491796244
8182959159584910665,996164,1491796227
-3830914149005962967,996164,1491796230
8290759558996601873,996164,1491796254
7162605155151981008,996164,1491796267
-626410804100399474,996164,1491796235
-6236479118214889033,996164,1491796270
42192405257007358,996164,1491796260
-7646147988259814459,996164,1491796278
8022083161084512809,996164,1491796278
2687064422099896840,995653,1491796223
3615291545692125774,993553,1491796229
-7645787634425549367,995176,1491796242
-332873606821197960,995176,1491796275
4794867930106718646,995176,1491796234
-1526659034752767978,995176,1491796255
4353194560399924138,995176,1491796278
-977939613393807359,996119,1491796267
-7019062222130461469,996119,1491796247
-2784245970756158810,996119,1491796278
1372302949453152213,996119,1491796277
-3645079098957280135,996119,1491796236
38879569584515554,996119,1491796253
-9133444559761862893,996119,1491796241
-1935063075202771879,996119,1491796261
-5015062230294127238,996119,1491796232
4627589678978626406,996119,1491796268
4704415668322689350,996119,1491796238
-4881221205299215344,996119,1491796230
6291399190022213815,996119,1491796262
8202480759242662940,996119,1491796272
-1452966392497119743,996119,1491796223
-5931216515936425286,996119,1491796265
-7396434622779980733,996119,1491796243
-2485580445143762776,996119,1491796227
-7358477692742998689,996119,1491796271
-4685319638424653366,996119,1491796255
1581748706962249828,996119,1491796240
-8924171907166118602,996119,1491796239
-1028770977371633673,996119,1491796252
7890486718131469624,996119,1491796224
-1533824708472626757,996119,1491796274
-6480558840103937186,996119,1491796278
-8777586106160578293,996119,1491796259
-4227807806034804963,996119,1491796256
-5084754545985155338,996119,1491796273
4813677861052485550,996119,1491796278
4226157602358729897,996119,1491796268
670182336462132240,996119,1491796234
875243772453755738,996119,1491796220
4389106680624707926,996119,1491796226
-7790184687288618570,996119,1491796235
-410346582735283601,996119,1491796259
-5556258739173481466,996119,1491796263
9045471703783920203,996119,1491796246
7261457732893176815,996119,1491796277
-1565738499758072604,996119,1491796241
3321020375308463237,996119,1491796243
1549215957552553999,996011,1491796274
3940186047519255538,996011,1491796248
-4674337059164863818,996011,1491796256
6219131809168129462,996011,1491796245
-656571776028749569,996011,1491796246
2629833672719961136,996011,1491796275
-2992866484644661136,994537,1491796230
-4817001270757869259,994537,1491796227
-5186610914180743009,994537,1491796257
2681639721681041882,994537,1491796265
-621105136140416423,994537,1491796254
6684938117600046719,994537,1491796259
4840830460180779688,994537,1491796258
2661767197997877440,974441,1491796232
5467555957942050096,974441,1491796262
-7655321237470638803,920978,1491796246
-6782050062705934025,996031,1491796221
4098378944631342959,996031,1491796250
-3351779650208022209,996031,1491796240
4976589413187031124,996031,1491796237
-113391628433150182,995679,1491796232
7951306413566509669,996014,1491796222
-129066601555042093,996014,1491796243
-5263848046270683534,996014,1491796271
8156830371003774695,996014,1491796266
6513284162958944409,996014,1491796222
-3830525837152460484,996014,1491796249
-2478885611724055758,995947,1491796233
-5212731717008353477,995947,1491796253
-8129501358777473871,995947,1491796225
1338861181806713157,995947,1491796278
-7710841871622813319,995947,1491796247
-5620948460766621043,995947,1491796251
246543686976067148,996054,1491796220
898837057051958996,996054,1491796270
-2718289734890249697,996054,1491796238
-7287547721488802861,996054,1491796277
-418072768510860127,995560,1491796277
5245273573368173151,993951,1491796232
3338437758536701670,993951,1491796227
-6512784294981193282,993951,1491796238
4676290621587916304,995960,1491796229
-4758574194380527691,995960,1491796245
8435387396577781885,995960,1491796221
-307987649233374619,995659,1491796268
5514381070829156019,995659,1491796273
-8284426035079656411,995659,1491796239
-4801148847640976499,995659,1491796235
-8274783890226586807,995659,1491796249
1457349297676493680,995659,1491796236
-4190769179497063392,995889,1491796267
-8075027095243275299,995889,1491796248
-975002759552568342,994058,1491796278
-8260044001808696083,995936,1491796241
1272123668874287135,995936,1491796239
-6905593835526230942,995936,1491796220
-6945037994925683686,995936,1491796274
4075321033250941578,995936,1491796275
-7709824955167580507,995936,1491796231
-3187435630029200282,995936,1491796220
-3298586619092509609,995936,1491796257
-6262662136081647876,995936,1491796275
6586334242702447905,995454,1491796269
5133007814714114771,936715,1491796267
1518453515027341664,995827,1491796272
-1362984314533041507,995584,1491796246
4561702215083344584,996146,1491796266
7082582315420042193,996146,1491796269
1133094273717523,996146,1491796225
-2218023549297945154,996146,1491796238
875569508931943861,996146,1491796254
5398422283426107162,996146,1491796268
-565630013455878896,996146,1491796257
-534760791368931901,996146,1491796265
-1848408714750687292,996146,1491796241
-9067363410145067465,996146,1491796223
7360623804863244240,996146,1491796243
1688702078057120836,996146,1491796245
-226576522422586323,996146,1491796220
-6300585273591482361,996146,1491796242
5136905515206496785,996146,1491796261
-3473730898001022634,996146,1491796276
3579905005703329913,996146,1491796261
6810922845117129333,996146,1491796227
-5076429676913085257,996146,1491796274
-9004920189093472179,996146,1491796252
-1903266406651861061,996146,1491796261
5291794405588676367,996146,1491796232
3568657333388254582,996146,1491796236
-1579304114868309758,996146,1491796270
52373599734235307,996146,1491796267
5261983426032116881,914925,1491796249
7171599213503939723,995951,1491796226
-3683647929019780815,995951,1491796223
1363478936935844859,411038,1491796270
6379793893284077370,996050,1491796276
5588382796302912057,996050,1491796272
-2185466200957106907,996050,1491796276
-7812544430542866472,995939,1491796237
2592271216129263496,995939,1491796246
7329561491360429820,995939,1491796239
8907449125387433305,995939,1491796238
-4810293212867486532,995939,1491796254
-7682822557548738220,995992,1491796276
-1483128210900087114,996080,1491796234
-1905639885406293919,996080,1491796231
-7624211492380837155,996080,1491796256
871730463907677986,996080,1491796220
8060460630531320595,996080,1491796225
3416113295537694976,996080,1491796277
4840830460180779688,996080,1491796274
5234299989901692960,992298,1491796239
-4638416314572170877,996143,1491796273
-8110614350634825125,996143,1491796256
5164174235934676127,996143,1491796222
-8458612229365531110,996143,1491796244
1133094273717523,996143,1491796248
1940977985910949448,996143,1491796259
3274627898000671193,996143,1491796251
-2218023549297945154,996143,1491796245
-9067363410145067465,996143,1491796228
-226576522422586323,996143,1491796221
7360623804863244240,996143,1491796243
6817734125694678866,996143,1491796267
-120146737022980694,996143,1491796249
4561702215083344584,996143,1491796266
7082582315420042193,996143,1491796270
-79157471407767591,991346,1491796263
1116248853950373252,902834,1491796254
396621274856867147,995639,1491796258
2687064422099896840,995651,1491796226
-6240485818482040816,994311,1491796253
2542996555141198065,907553,1491796235
-3469666460879913058,990250,1491796267
-8206112848810482525,996145,1491796264
-2218023549297945154,996145,1491796265
-8222676562007617982,996145,1491796231
5164174235934676127,996145,1491796234
-9067363410145067465,996145,1491796235
3274627898000671193,996145,1491796257
-6573721740717006456,996145,1491796262
-8458612229365531110,996145,1491796248
-4638416314572170877,996145,1491796278
-226576522422586323,996145,1491796224
532849041936820961,996145,1491796245
-8110614350634825125,996145,1491796256
2768990469846342501,996145,1491796267
5440049978569525822,996145,1491796232
-6602460270320860310,996127,1491796276
-2328760126272854197,968717,1491796249
2555499624969268884,940538,1491796232
5817294452257532069,995805,1491796277
3003636160517344355,995988,1491796225
-5171395145643772831,995988,1491796249
7984269998184688747,991825,1491796238
-3356411079458900824,995867,1491796274
-1920867243514485449,995776,1491796274
7984269998184688747,991983,1491796257
7633352280045827669,995999,1491796263
-1324729686384424251,995999,1491796241
1172402348227026137,995999,1491796222
5179039415442643326,995999,1491796227
8250755354615983694,993822,1491796223
-8366092217379927866,993822,1491796258
-7790552673710350872,995186,1491796276
8218045035502613029,996168,1491796275
-2706921017279318774,996168,1491796231
-3365519081402994169,996168,1491796272
-7180004289018002125,996168,1491796229
-6957635085684204445,996168,1491796236
3594869452780157494,996168,1491796271
8159250126646602793,996168,1491796270
555059266403123016,996168,1491796233
-7237718627293857740,996168,1491796231
-1522491119882352894,996168,1491796278
-137172396107991690,996168,1491796237
-7713772200462624269,996168,1491796251
6495672022967788386,996168,1491796255
-8088419171888816247,996168,1491796232
8684197773992671502,996168,1491796229
-4020213986234337385,996168,1491796241
7352054531190205214,996168,1491796273
2347542809697647233,996168,1491796266
-1905639885406293919,996076,1491796248
1025404396555094613,996076,1491796228
-3322284701729230597,994801,1491796233
6658097110993047435,994415,1491796223
6613120180125542277,996132,1491796237
4281610634022004838,996132,1491796268
6094226821178006670,996132,1491796258
-1384240251646516621,996132,1491796271
-1659459590394402129,996132,1491796265
-8816632431758180740,996132,1491796279
-226576522422586323,996132,1491796266
-6602460270320860310,996132,1491796221
6467329612246414366,996132,1491796268
-456398247058938391,995966,1491796273
1867053741471400857,995966,1491796249
-7320407709433116958,995866,1491796246
1322979785035180884,995205,1491796265
-4934456311736594113,155914,1491796273
396621274856867147,995646,1491796232
-1917103686285541809,943447,1491796253
6648429595768984577,995922,1491796232
8236889739809053440,995922,1491796224
-2395888153403796601,995922,1491796275
-1334514454176294605,996103,1491796241
-3008297201870610701,996103,1491796255
4656864214066518481,996103,1491796242
2727532813562078867,996103,1491796269
-5341699007826910232,996103,1491796250
-6772078185414627624,996103,1491796243
-3551827955447051390,996103,1491796257
-5575781557089454595,996103,1491796252
-3981798801541976174,996103,1491796240
-1055744537982023102,996103,1491796271
-6845099332772993911,996103,1491796268
3688803239290354660,996103,1491796224
-4332570755636900273,996103,1491796256
-5826650676683768511,996103,1491796249
-1933402394927261406,996103,1491796253
2422111772924562102,996103,1491796275
-3408739299440139993,996103,1491796260
4062246312265371699,996103,1491796270
4813677861052485550,996123,1491796278
-4227807806034804963,996123,1491796256
-7358477692742998689,996123,1491796269
736776640872754384,996123,1491796263
-2835922806774955662,995434,1491796220
-5364256648480601930,995434,1491796253
-421964604185650767,994506,1491796239
-8241282981606816291,995298,1491796253
-7320407709433116958,995864,1491796269
7050845227359529969,993758,1491796262
9154090768041382368,995816,1491796264
-3322284701729230597,994837,1491796232
-3903233988418550686,995833,1491796237
4262366630758752031,995000,1491796275
8580595041116846489,977318,1491796264
-8245654104718430716,995718,1491796250
-406141716491837659,995718,1491796276
6257521401550488475,995662,1491796278
3218959657015335214,995662,1491796279
-4700299648721733578,996007,1491796258
8386626153593526293,996007,1491796243
1172402348227026137,996007,1491796241
-1324729686384424251,996007,1491796255
-3075367323445687160,996007,1491796269
-4520896176117686231,995330,1491796271
6586334242702447905,995475,1491796238
4690478633061385432,995878,1491796238
4173348428151527453,995878,1491796246
-697401361754204175,994327,1491796277
4733158465632525351,996088,1491796245
3813259193700061017,996088,1491796262
-7231175071433895829,996088,1491796254
-350826538780705018,996088,1491796262
-7624211492380837155,996088,1491796222
1541518321983456756,994243,1491796241
4583664739100905490,994243,1491796239
-4799328540879227964,994243,1491796232
2681639721681041882,994243,1491796268
-5788887605574317798,995353,1491796261
2146823760208868991,996107,1491796266
-4126792126169204812,996107,1491796261
4062246312265371699,996107,1491796224
4099055624289398180,996107,1491796260
394124388367172331,996107,1491796229
-4356765663395191286,996107,1491796237
-1372212088525533761,996107,1491796224
-2450154058058314945,996107,1491796248
-5891650449270805354,996107,1491796265
-3408739299440139993,996107,1491796238
8459321796806682038,996107,1491796275
-5252390867468931595,996107,1491796225
8626469073669254460,996107,1491796277
4012666762596965810,996107,1491796270
-2144628852769867190,996107,1491796238
-1191694891103578039,996107,1491796243
-6601030632101451562,996107,1491796271
5867712503652152959,996107,1491796273
-4611418702118717328,996107,1491796279
-3762555212536580263,996107,1491796223
3957662524275994303,996107,1491796257
-1159934004055339782,996107,1491796268
5991742783961567982,996107,1491796267
3616284013789778821,996107,1491796265
5133007814714114771,939411,1491796244
8580595041116846489,939411,1491796271
1728277804180865693,994530,1491796257
-1700399297968788123,995791,1491796226
2768990469846342501,996122,1491796267
5440049978569525822,996122,1491796232
-6573721740717006456,996122,1491796256
302584752811618337,996122,1491796243
-8206112848810482525,996122,1491796238
2906507592187924445,996122,1491796221
-6693184432292075231,996122,1491796258
-4830003591384087502,996122,1491796277
8710833769476591627,996122,1491796237
4081292564927560620,996122,1491796244
-2285234561906090929,996122,1491796222
4353855610032975904,996122,1491796248
8118956079089192450,996122,1491796259
8016621330676246747,996122,1491796256
8296990997671299890,996122,1491796270
3001396105602857631,996122,1491796237
4315993247623415452,996122,1491796242
6586334242702447905,995491,1491796224
-7212228995837442515,986277,1491796239
6914681791311878381,995980,1491796260
-218805065652724100,995804,1491796250
1270192896624824598,973903,1491796260
-5013187888070367833,973903,1491796230
-3557302410353201724,973903,1491796266
4983175475489978563,973903,1491796258
1172402348227026137,995984,1491796268
190514827901482530,995984,1491796278
-1062545076592328023,996155,1491796242
-450078491498996974,996155,1491796259
-3210981990955111076,996155,1491796271
-5969883423043853786,996155,1491796271
4154693317301580022,996155,1491796274
5964076521505863048,996155,1491796246
5254589429130053364,996155,1491796243
460278167830334369,996155,1491796233
-7526109896071931063,996155,1491796270
-7026465607381352154,996155,1491796235
-8270176526454933181,996155,1491796276
8622620040753390926,996155,1491796232
-5646692477492910796,996155,1491796273
2506034611715118868,996140,1491796251
-2765084060763840168,996140,1491796263
-4997941649563906069,996140,1491796239
-8816632431758180740,996140,1491796239
-8458612229365531110,996140,1491796271
-226576522422586323,996140,1491796235
8852248940153418763,996039,1491796257
4976589413187031124,996039,1491796226
-3351779650208022209,996039,1491796225
-406141716491837659,995746,1491796264
-981749490461704722,995746,1491796244
9113793747379079443,995489,1491796254
2592271216129263496,995489,1491796222
4826032965034195477,995489,1491796238
8182553568091377118,996111,1491796266
4594060724441516162,996111,1491796249
8968868511401414654,996111,1491796228
5058950070635551648,996111,1491796260
343009844411895536,996111,1491796252
-4146212102926827329,996111,1491796244
1373118685159240169,996111,1491796232
-660531530075732875,996111,1491796233
-289257849230704903,996111,1491796240
-7970399525391993652,996111,1491796272
-6028477018803471873,996111,1491796244
7099125415913224652,996111,1491796267
-5076429676913085257,996111,1491796245
-4611418702118717328,996111,1491796238
-4163552039823164693,996111,1491796267
-5782464259458630270,996111,1491796261
-5891650449270805354,996111,1491796253
7878771924793195762,996111,1491796228
818767820281233079,996111,1491796258
-7017827813167825087,996111,1491796257
6511823132136869595,996111,1491796263
-5241399676217572453,996111,1491796232
6891708907553179126,996111,1491796276
-5850442489242502695,996111,1491796255
3312323841407731979,996111,1491796254
-5258356959929827275,996111,1491796258
8902235179399343402,996111,1491796236
-993133095094595128,996111,1491796252
4702009295627681265,996111,1491796224
-660327152920212651,996111,1491796237
-6465090977400955211,995386,1491796259
-383821812525393040,995386,1491796259
-6085420702505845481,995386,1491796257
-8072039624950654099,995386,1491796276
-4634987717726158972,995386,1491796248
1360717265978694834,995386,1491796239
-3286629789708615677,994967,1491796227
8378605168466491425,995948,1491796243
638285431575665010,995948,1491796219
-6116217281337686911,995948,1491796270
9152995672768032436,994034,1491796235
4098378944631342959,996034,1491796247
-3351779650208022209,996034,1491796240
4976589413187031124,996034,1491796237
2742453900912310586,996034,1491796242
1595757001917845784,996098,1491796279
-7015289161681387967,996098,1491796265
7213703513473585359,996098,1491796254
-1733299067043359362,996098,1491796247
-7438036823301297913,996098,1491796237
8650872850161589714,996098,1491796233
9008605173573923376,996098,1491796268
7136911055688913432,996098,1491796253
-45324698313578716,996098,1491796236
7729432173906453701,996098,1491796225
5932693608726550312,996098,1491796233
-5997916674486325948,996098,1491796272
1172402348227026137,996003,1491796236
-1324729686384424251,996003,1491796251
7003047448191044016,996003,1491796231
7633352280045827669,996003,1491796274
8428966981840149147,995993,1491796220
2509547889832033433,995993,1491796262
4697380186129991652,995432,1491796257
8784675430293567795,994688,1491796232
6684938117600046719,994688,1491796259
-1499893561601878995,994688,1491796249
-3351779650208022209,996037,1491796222
4976589413187031124,996037,1491796223
3052687409604500704,996037,1491796265
6024852329494020693,996037,1491796233
1777119395338086618,996037,1491796263
-681131013040474749,996037,1491796241
-603323368398916516,995897,1491796230
8842345737614667774,994222,1491796262
1322979785035180884,995260,1491796265
-4945378106889346315,996081,1491796228
-2185466200957106907,996081,1491796259
-5184535899369150855,996081,1491796278
3579905005703329913,996147,1491796236
5291794405588676367,996147,1491796225
-6300585273591482361,996147,1491796233
-6286780999356895185,996147,1491796254
-3609923659629204617,996147,1491796270
-2945224236342801673,996147,1491796225
6368778794676045600,996142,1491796220
3568657333388254582,996142,1491796236
52373599734235307,996142,1491796267
-9004920189093472179,996142,1491796251
1688702078057120836,996142,1491796227
3579905005703329913,996142,1491796261
-9026803949043606620,996142,1491796230
5291794405588676367,996142,1491796232
9017453867081546258,996142,1491796269
-6300585273591482361,996142,1491796240
1762897672943958441,995982,1491796253
6658097110993047435,994418,1491796245
-2761018127726256079,996069,1491796240
-1169964272708078477,996069,1491796265
-8348917233961224285,996069,1491796235
5454802131179633217,996069,1491796259
3152748359533328786,996069,1491796252
7451623281244095166,996069,1491796252
8524217026156279213,996069,1491796243
7415957506778309498,996069,1491796223
1532537452698966837,996069,1491796278
1548661389956456549,996069,1491796271
-923010568445187930,996116,1491796252
-4622601662684026210,996116,1491796236
-6372743411375142995,996116,1491796222
-3392721822500439346,996116,1491796226
-9133444559761862893,996116,1491796258
-2282345246165388080,996116,1491796264
1990520933954970375,996116,1491796256
38879569584515554,996116,1491796262
-2718289734890249697,996062,1491796238
-8461107549760871194,996062,1491796273
898837057051958996,996062,1491796261
-7287547721488802861,996062,1491796277
7210774072860400071,996062,1491796262
-9077076072981927883,996062,1491796236
-3160909689359030287,996139,1491796239
-1499893561601878995,996139,1491796278
-7575384763207289618,996139,1491796275
-5222916252442027173,996139,1491796256
976255240353860833,996139,1491796237
-5648177939361822887,996139,1491796256
-7053555171823388834,996139,1491796222
-3822803241718574060,996139,1491796275
-8816632431758180740,996139,1491796249
-226576522422586323,996139,1491796248
-8006349397768624576,996139,1491796275
5509371701255295759,996139,1491796228
8427314983393243390,996139,1491796276
4589355934501260428,996139,1491796254
24391396074894637,996139,1491796271
-4997941649563906069,996139,1491796260
6995418822825315113,995973,1491796225
2582004325133939500,995973,1491796272
-6512784294981193282,994990,1491796264
3027105988288810450,995367,1491796246
6784539825713850635,995367,1491796231
4767929035664303135,996156,1491796274
-6318427266957801324,996156,1491796240
-2941839146450286453,996156,1491796223
3587272965424025058,996156,1491796242
3422202265087911580,996156,1491796275
1796364544324711205,996156,1491796242
-7783787557315152058,996156,1491796238
-8474274672964339020,996156,1491796262
452791255495928670,996156,1491796239
-2956402615416314285,996156,1491796228
4358127759671017949,996156,1491796279
-4048932635223173003,996156,1491796251
7611451530049918855,996156,1491796266
6521907980388576952,996156,1491796226
8387539446951510785,996156,1491796264
239455392461614559,996156,1491796278
-3378465056080302656,996156,1491796244
-3892365382861344114,996156,1491796263
2673542044671899370,996156,1491796232
-4159296112249831691,996156,1491796231
-440524450951804790,996020,1491796259
-6447705707736167502,996020,1491796278
1762897672943958441,996106,1491796268
4365422241941824218,996106,1491796242
-6772078185414627624,996102,1491796258
3717216410947597624,996102,1491796237
-5341699007826910232,996102,1491796276
-3981798801541976174,996102,1491796270
-5575781557089454595,996102,1491796276
-3502411296800080125,996102,1491796266
3688803239290354660,996102,1491796256
-5238664210685806439,992414,1491796277
2453438997884830954,996027,1491796238
-6782050062705934025,996023,1491796261
5803757197013434278,995931,1491796239
7262499832115848335,996159,1491796249
9076562363021034928,996159,1491796244
3473786016444087924,996159,1491796248
4767929035664303135,996159,1491796274
1136499328519782325,996159,1491796221
-3500775082976702993,996159,1491796236
9086023959072873097,996159,1491796271
7075394790694582052,996159,1491796256
-8974387851175939114,996159,1491796266
239455392461614559,996159,1491796254
-7333328901788783056,996159,1491796275
-6638975604454890068,996159,1491796232
-2784501796350207471,996159,1491796259
-2921129396057754502,996159,1491796244
6302207439673372105,996159,1491796268
-8474274672964339020,996159,1491796240
-1831384112556976338,996159,1491796258
-356503463876380702,996159,1491796226
-2539080277642524279,996159,1491796277
284241057528715224,996159,1491796268
-4159296112249831691,996159,1491796224
4358127759671017949,996159,1491796269
452791255495928670,996159,1491796221
5903011947720838458,996159,1491796244
-6804857271330529977,996159,1491796249
-7763896751596876289,996159,1491796241
-8665921368365270347,996159,1491796250
1588892400172030461,996159,1491796265
7315783229265163761,996159,1491796264
-2779632404737247292,996159,1491796246
2685591507972564160,996159,1491796251
-4048932635223173003,996159,1491796238
-730828331341092417,996159,1491796222
-6699194278596932766,996159,1491796252
1476728804729214335,996159,1491796259
8363522374240381746,996159,1491796258
-8901953204375073050,996159,1491796238
-3573460584882579231,996159,1491796235
-4875627803786379719,996159,1491796238
-3892365382861344114,996159,1491796258
-7105305962479141478,996159,1491796222
-6854153331984350907,996159,1491796269
976944245075603602,996159,1491796224
2673542044671899370,996159,1491796226
4862747746168311117,996159,1491796234
8387539446951510785,996159,1491796261
-3931912482907288088,996159,1491796276
-8626891009362854954,996159,1491796250
-8379820918637841816,996159,1491796248
3422202265087911580,996159,1491796253
6011621859209021340,996159,1491796269
7728047431594413226,996159,1491796227
77264447682764601,996159,1491796262
-7214206222175126045,996159,1491796252
-8946007452602327627,996159,1491796276
-3034706025626377974,996159,1491796255
7367716834379195542,996159,1491796272
2036436760897737719,996159,1491796272
1796364544324711205,996159,1491796224
1431935339242751013,996159,1491796236
-1319903370259011578,996159,1491796277
-7388096268197291503,996159,1491796262
-2876971413132939529,996159,1491796266
-6556441354724765139,996159,1491796276
5527100399842628766,996159,1491796270
-7783787557315152058,996159,1491796221
-6795114356052375039,996159,1491796277
-1837353519073405714,996159,1491796229
5410296919262535706,996159,1491796224
9005816125035667268,996159,1491796221
6982610163385644677,996159,1491796247
-1568318155714683312,996159,1491796228
-7765751520858030449,996159,1491796259
-4552482907285685593,996159,1491796257
-6244308748346732638,996159,1491796256
2093656524555171902,996159,1491796255
5511753162758940458,996159,1491796225
8144897085166271243,996159,1491796242
-4170922690799390925,996159,1491796264
-4323778258631677513,996159,1491796253
7756999344698861655,996159,1491796241
3245367222223745293,996159,1491796253
-1609073501329355005,996159,1491796244
7033145989130367616,996159,1491796274
3139362125646710764,996159,1491796254
-6299837036902216417,996159,1491796236
-395796739200907735,996159,1491796238
-5688380555637906398,996159,1491796276
-2464586281553480371,996159,1491796271
-5759265111268266441,996159,1491796278
-3212394691428474586,996159,1491796252
7962262383433952837,996159,1491796260
287063178268750886,996159,1491796266
8303614927792063830,996159,1491796250
-4872814368972980405,996159,1491796274
-5373235812228864431,996159,1491796238
-1020143071453231398,996159,1491796267
8017529389809209997,996159,1491796272
-3477676065436838935,996159,1491796279
3324348124771693946,996159,1491796259
-9111839112681417326,996159,1491796230
4720745898496041989,996159,1491796221
4279612223000584060,996159,1491796260
-3937433590489763824,996159,1491796245
1606490319633710633,996159,1491796227
2094086430823752587,996159,1491796252
598184397426993695,996159,1491796237
-5737713750447158644,996159,1491796274
-3608358667870290276,996159,1491796269
6921432305182802548,996159,1491796239
4884133124976912190,996159,1491796235
4923768521378950296,996159,1491796258
1236471769025516767,996159,1491796237
5586184224393120941,996159,1491796251
-935639408481207453,996159,1491796257
7300521457309448573,996159,1491796259
6612091533629393337,996159,1491796252
-8079153028031498070,996159,1491796271
2909718531924218062,996159,1491796266
-1453834682439476910,996159,1491796227
-7184598333773113039,996159,1491796223
-5728149783145279148,996159,1491796248
5804836768109074410,996159,1491796265
2037251022801547615,996159,1491796236
7937214743452985791,996125,1491796232
-6602460270320860310,996125,1491796279
-2036144484661732039,996125,1491796252
-797318217535438618,996125,1491796254
4959314094975721398,996125,1491796273
-3288008028821656212,996125,1491796232
1548661389956456549,996044,1491796271
1532537452698966837,996044,1491796273
3362083230004102711,996044,1491796225
3200455380102534444,996044,1491796224
-5700882889426946255,996044,1491796279
7239326749886106738,973400,1491796254
6379793893284077370,996046,1491796242
6817734125694678866,996160,1491796222
3317205464057521668,996160,1491796244
-7214206222175126045,996160,1491796233
-4076883713790165638,996160,1491796240
-3916464731987429057,996160,1491796226
-4449954585455077045,996160,1491796232
-6556441354724765139,996160,1491796271
1606490319633710633,996160,1491796227
-8126852681003980001,996160,1491796259
-5861108731193702968,996160,1491796273
890788066807839012,996160,1491796242
-8870374334022375857,996160,1491796226
-7912037499619076732,996160,1491796234
7377779341321971502,996160,1491796226
-1446271089526161258,996160,1491796278
-5212731717008353477,995953,1491796262
-2478885611724055758,995953,1491796236
-7681982805229952675,995274,1491796223
2592271216129263496,995274,1491796267
1524611191783754219,995274,1491796247
2144193320842638684,995274,1491796275
-697401361754204175,993230,1491796275
-1700399297968788123,995787,1491796260
-5450191004576871828,996041,1491796269
8477509512187157543,996041,1491796247
-7550277980285626446,996041,1491796265
-9212984087061485748,996041,1491796275
-4385935705255156959,992209,1491796223
-4666771855698801454,992209,1491796254
-7709611564202636054,992209,1491796260
4870959201084996958,992209,1491796258
826021901653278774,992209,1491796263
4124934000252361100,992209,1491796265
1152705446237844047,992209,1491796224
-235400545835768231,992209,1491796269
-6308668402171518500,992209,1491796276
4189055802351101765,992209,1491796220
8596202179380548377,992209,1491796247
6658097110993047435,994403,1491796273
-7388902048647652703,995284,1491796255
4651588383200575386,996066,1491796235
-1114476047465725670,996066,1491796271
3810635303336025770,996066,1491796224
5364934467470073317,996066,1491796279
-5373235812228864431,996066,1491796221
2441034000711107624,996066,1491796248
120381854697491562,996066,1491796274
-3126682747796180873,996066,1491796226
8524217026156279213,996066,1491796257
7451623281244095166,996066,1491796265
5454802131179633217,996066,1491796271
3152748359533328786,996066,1491796262
7415957506778309498,996066,1491796229
-2761018127726256079,996066,1491796243
1532537452698966837,996066,1491796278
-6359608706793843741,996066,1491796259
-1169964272708078477,996066,1491796265
-679185405004844716,996066,1491796276
-4295062715235049808,996066,1491796244
-8348917233961224285,996066,1491796235
-7364403351744289499,995715,1491796254
-7645787634425549367,979231,1491796242
-8327398756319688890,995492,1491796276
7298796365663377430,995453,1491796225
-3286849167283575021,995453,1491796259
-8101643536636599250,995453,1491796221
-5332111838630616683,996109,1491796232
-3949546592552376893,996109,1491796224
5371800618125392256,996109,1491796271
3957662524275994303,996109,1491796246
3394289236255367218,996109,1491796234
-5736887632093057386,996109,1491796278
4012666762596965810,996109,1491796251
5867712503652152959,996109,1491796266
-6601030632101451562,996109,1491796256
4367500078995294823,996109,1491796278
-2450154058058314945,996109,1491796221
8459321796806682038,996109,1491796263
6570048135908496790,996109,1491796242
3793835100554702815,996109,1491796277
150989393955321476,996109,1491796232
3856241434081708023,996109,1491796232
-4160707418386166016,996109,1491796221
7637018978819532156,996109,1491796243
6774854673023078862,996109,1491796225
-3612131721832435310,996109,1491796251
7878771924793195762,996109,1491796278
339794943749815814,996109,1491796242
-8898509818366938882,996109,1491796276
-9026803949043606620,996109,1491796278
8626469073669254460,996109,1491796261
-7653507169420583664,996109,1491796231
3616284013789778821,996109,1491796252
-6990617049171398413,996109,1491796239
-1159934004055339782,996109,1491796261
5292546661580022952,996109,1491796264
-1311110752629169378,996109,1491796227
-4611418702118717328,996109,1491796270
1623339137833446830,996109,1491796240
4594060724441516162,996109,1491796276
4736090643630792566,996109,1491796260
2032288350973231554,996109,1491796225
-7970399525391993652,996109,1491796278
-5891650449270805354,996109,1491796257
-5618379906828105775,996109,1491796238
2234998306382663253,996109,1491796256
420726172459719199,996109,1491796269
4073525309034993728,996109,1491796262
-6833689779439292536,996109,1491796251
8968868511401414654,996109,1491796228
8745618626273681815,996109,1491796239
7672067245072338925,996109,1491796251
7981562579664145080,996109,1491796253
5671461529296427369,996109,1491796276
1877617033899689389,996109,1491796268
-660531530075732875,996109,1491796233
218349485398790324,996109,1491796247
-289257849230704903,996109,1491796240
323469525255808150,996109,1491796261
-414838278991898349,996109,1491796277
-9027176776892901896,996109,1491796276
-710463534840949371,996109,1491796278
2756442126931753055,996109,1491796220
-7120707487246149935,996109,1491796242
1564826369407814126,996109,1491796232
-3977301819879611451,996109,1491796234
1373118685159240169,996109,1491796232
-2327938755923162427,996109,1491796263
5432804544897439795,996109,1491796247
-1475564514696569638,996109,1491796278
5058950070635551648,996109,1491796260
-3455958203908860015,996109,1491796261
828500006151144927,996109,1491796261
-6589865338827472139,996109,1491796275
2036412033094273873,996109,1491796258
-8877980314398928234,996109,1491796221
-8414937391890253799,996109,1491796228
-3191071137526049117,996109,1491796277
-4703986207797677690,996109,1491796272
4768333623586340375,996109,1491796230
4503652776302019873,996109,1491796240
-4011882636415958775,996109,1491796222
7919117428970356711,996109,1491796248
3539694493306134707,996109,1491796230
-1442139767583611281,996109,1491796259
1638627161665454625,996109,1491796250
-4697920033774922667,996109,1491796253
1376679809664154107,996109,1491796237
-8037613850778340738,996109,1491796224
568899904236925208,996048,1491796267
-3486808962096574908,994891,1491796242
4363691072496793296,994891,1491796262
-1700399297968788123,995790,1491796224
7249729227494130479,975016,1491796244
-5890414481470461357,993151,1491796254
-573516476380780908,843209,1491796274
-2943040636868358548,985458,1491796267
2453438997884830954,996033,1491796226
-8461107549760871194,996033,1491796277
-6782050062705934025,996033,1491796261
-7363640979986648898,921603,1491796235
-2665276718928598664,996004,1491796268
1172402348227026137,996004,1491796251
-8022412096106970181,996004,1491796230
7555265408247641372,996004,1491796235
-4092131270879809305,996004,1491796271
3639083825738738978,996004,1491796234
4385743343043373166,996004,1491796253
-3072590779494887427,996004,1491796225
5911156007757248687,996004,1491796276
7201223429244947104,994457,1491796277
-7812544430542866472,994457,1491796242
-3469666460879913058,994457,1491796233
8327485875334896677,896586,1491796231
7210774072860400071,996060,1491796242
-3372727339527288501,996060,1491796238
898837057051958996,996060,1491796248
-6679715335255722531,996060,1491796272
-7287547721488802861,996060,1491796271
-4263236595150562086,996060,1491796239
-9212984087061485748,996060,1491796228
-2761018127726256079,996060,1491796279
-3789710869668687460,996060,1491796270
3030919119155023115,996060,1491796231
-4052177092507049392,918615,1491796242
5803757197013434278,995935,1491796239
2269038587816353950,994587,1491796243
337613837913910448,994587,1491796221
-5952527370016439736,994587,1491796223
3135086967122474018,994587,1491796278
-7433865503901119371,994587,1491796257
-5603583343981914959,994587,1491796248
-8488843354192936735,994587,1491796273
8236889739809053440,994587,1491796226
-6331342569580027281,994587,1491796220
8378605168466491425,994587,1491796274
-2255380988675251985,994587,1491796259
-3111722346537939515,994587,1491796264
-1335256285569185858,994587,1491796257
4735008067099778478,994587,1491796254
-1392668419134146897,994587,1491796250
-6883218655395165851,994587,1491796220
-4921076190525654343,995160,1491796256
-4303093298272533774,995160,1491796276
9120084157559422168,996163,1491796257
-5861108731193702968,996163,1491796273
2337751482304985341,996163,1491796254
2527893532162406265,996163,1491796229
-6556441354724765139,996163,1491796249
-8126852681003980001,996163,1491796248
-3365519081402994169,996163,1491796272
-6448157505952606545,996163,1491796279
-7415476638885269480,996163,1491796230
5695679627906169370,996163,1491796263
-2706921017279318774,996163,1491796231
-3454159178563548272,996163,1491796240
5373536131290599325,996163,1491796277
8058967896400218947,996163,1491796250
1728277804180865693,995375,1491796272
-7231175071433895829,996093,1491796245
-2185466200957106907,996093,1491796242
-2893689806203777643,996093,1491796279
3813259193700061017,996093,1491796248
-350826538780705018,996093,1491796253
4739659983099446692,996093,1491796225
4792241654064296596,996093,1491796268
-2338266032371485233,996151,1491796254
-4774668598532641110,996151,1491796240
-3210981990955111076,996151,1491796236
7561013549975549542,996151,1491796244
9017453867081546258,996151,1491796229
-7026465607381352154,996151,1491796230
-7526109896071931063,996151,1491796261
5254589429130053364,996151,1491796231
-5646692477492910796,996151,1491796273
6334168885208069634,996151,1491796228
-6380625291542728981,996151,1491796257
7722886130662946724,996151,1491796224
-4453066108698834067,996151,1491796268
4154693317301580022,996151,1491796254
2519890068460976429,996151,1491796253
1564658471635366139,996151,1491796261
759693771446793960,996151,1491796248
8622620040753390926,996151,1491796231
-8270176526454933181,996151,1491796274
-5473979879098270263,996151,1491796234
-5969883423043853786,996151,1491796250
460278167830334369,996151,1491796223
-2796726375207613899,996151,1491796255
-7783787557315152058,996151,1491796246
5964076521505863048,996151,1491796227
-6001245719673700786,996151,1491796243
6383072176611459913,996151,1491796251
6528592487465519829,996151,1491796279
2146729263698245296,996151,1491796228
6265580141039483586,996151,1491796249
-3314735106960588236,996151,1491796252
6595329257275647870,996151,1491796257
4277329783713250384,996151,1491796275
6097448868460291820,996151,1491796272
6446276210755583144,996151,1491796263
1383489599297942475,996151,1491796230
-8732225025085446953,996151,1491796276
-8609640951609451932,996151,1491796251
-249646516026497992,996151,1491796274
2328404820674689144,996151,1491796231
-5583342649466358074,996151,1491796254
3526144119574261444,996151,1491796230
250095629341858107,996151,1491796223
6246590241552623222,996151,1491796254
7945488773645200390,996151,1491796274
-384399935247906556,996151,1491796271
-5350685318644616908,996151,1491796223
-2784188084645754537,996151,1491796262
-2956402615416314285,996151,1491796252
8550923692960901936,996151,1491796230
-5992348743481331851,996151,1491796249
-746609871276083445,996151,1491796270
8848264227946845203,996151,1491796234
4754431828957561919,996151,1491796222
-6300110079246165207,996151,1491796236
-3500775082976702993,996151,1491796238
7972370249496750589,996151,1491796234
-7896419949639643320,996151,1491796247
-108833421199999138,996151,1491796252
-6318427266957801324,996151,1491796260
-5274679228384099796,996151,1491796260
2035938825423543725,996151,1491796241
7984269998184688747,991932,1491796248
-1622211709735395804,996077,1491796226
1025404396555094613,996077,1491796224
-1905639885406293919,996077,1491796237
-9017951318330520136,996077,1491796228
-7624211492380837155,996077,1491796256
-1483128210900087114,996077,1491796234
-4559612775347419260,939823,1491796229
4156677211049922539,995728,1491796238
-4014337077038302844,996134,1491796272
5399730096466346990,996134,1491796235
-8327398756319688890,995548,1491796276
-603323368398916516,995970,1491796244
6187974212667922473,995970,1491796251
6995418822825315113,995970,1491796225
2582004325133939500,995970,1491796272
-2185466200957106907,996057,1491796275
6379793893284077370,996057,1491796255
-2120850127383132865,996057,1491796267
5313476326831180205,901048,1491796249
7929082412788535880,996035,1491796269
7810920568232528166,946879,1491796247
-9110985552298249986,992246,1491796276
-7490095623139408997,994414,1491796267
5586516476192381130,996128,1491796243
7229766121460385331,996128,1491796259
-4942461551179436345,996128,1491796271
-1095056946320156155,996128,1491796241
-6602460270320860310,996128,1491796254
9098063132532683752,991233,1491796222
7213703513473585359,991233,1491796254
-7015289161681387967,991233,1491796265
-7388902048647652703,995287,1491796254
6886359880428280092,995869,1491796239
-3118240330348447510,995869,1491796274
-5008902290082319219,995869,1491796224
8141662624893701291,995869,1491796261
-2249290888197078828,995869,1491796246
-3133649998494460679,995869,1491796232
4937823712700709080,995869,1491796262
-2338266032371485233,995403,1491796269
-6682081937760762639,995403,1491796264
-3374448054328880935,995403,1491796265
4875877059822095515,995403,1491796273
2936874564850752357,995403,1491796237
6586334242702447905,995435,1491796274
2509547889832033433,995994,1491796246
-7682822557548738220,995994,1491796276
-7675162204212809437,995729,1491796271
9023970325545756317,995729,1491796240
6197762903002793461,343507,1491796254
-7825297911212965500,996110,1491796220
-5252390867468931595,996110,1491796220
7937214743452985791,996110,1491796244
-2144628852769867190,996110,1491796238
-2450154058058314945,996110,1491796241
-1191694891103578039,996110,1491796242
5991742783961567982,996110,1491796267
-8870004841264433141,996110,1491796246
4012666762596965810,996110,1491796270
709129085760218371,996110,1491796251
-581936128714002712,996110,1491796270
-3408739299440139993,996110,1491796232
5208218931808502284,996110,1491796265
-3762555212536580263,996110,1491796223
-4356765663395191286,996110,1491796224
8626469073669254460,996110,1491796277
6069809485438923920,996110,1491796236
-1187117415804306167,996110,1491796253
-6601030632101451562,996110,1491796271
-6058179555217900141,996110,1491796245
-7438031202059090652,996110,1491796239
3616284013789778821,996110,1491796264
339794943749815814,996110,1491796251
3957662524275994303,996110,1491796257
-4611418702118717328,996110,1491796279
-7053555171823388834,996110,1491796254
-3323054626290004165,996110,1491796227
5867712503652152959,996110,1491796273
8459321796806682038,996110,1491796270
-6738488041455627106,996110,1491796227
-731920271710305309,996110,1491796269
-1159934004055339782,996110,1491796268
4099055624289398180,996110,1491796220
-5891650449270805354,996110,1491796258
8008238469107319590,996110,1491796232
5818589739048194420,996110,1491796254
-1231066909922365818,996110,1491796258
6064310810500089096,996110,1491796251
-6990617049171398413,996110,1491796239
-6131844487971789556,996110,1491796256
-5736887632093057386,996110,1491796278
3394289236255367218,996110,1491796234
4936895413736444569,996110,1491796255
-7709611564202636054,996110,1491796264
4736090643630792566,996110,1491796260
6774854673023078862,996110,1491796225
150989393955321476,996110,1491796232
-4160707418386166016,996110,1491796221
3793835100554702815,996110,1491796277
-8011668153228368765,996110,1491796275
-8898509818366938882,996110,1491796276
8057563891911678830,996110,1491796266
-1499893561601878995,996110,1491796239
-9026803949043606620,996110,1491796278
7878771924793195762,996110,1491796278
3717216410947597624,996101,1491796230
3688803239290354660,996101,1491796256
-3981798801541976174,996101,1491796267
-5575781557089454595,996101,1491796276
-5341699007826910232,996101,1491796272
-6772078185414627624,996101,1491796248
-6845099332772993911,996101,1491796268
-1055744537982023102,996101,1491796271
4656864214066518481,996101,1491796243
4585183709298984796,996101,1491796279
-1334514454176294605,996101,1491796241
-3008297201870610701,996101,1491796255
-4332570755636900273,996101,1491796256
-1685821615316840644,995920,1491796242
-2124819206832218004,995920,1491796273
-4155073319288042471,995920,1491796258
7130064477357424343,995920,1491796243
-6543725528840674961,995920,1491796274
4938499076178166175,995920,1491796234
4494785229203660883,995904,1491796239
9032797001952670291,995885,1491796272
2742453900912310586,996036,1491796242
-2528122206486505116,996036,1491796278
4098378944631342959,996036,1491796232
4976589413187031124,996036,1491796236
8033139597954424655,996036,1491796261
-3351779650208022209,996036,1491796231
5674694502299272532,996036,1491796232
-2903283311116061801,996036,1491796223
-6938151240767424182,996036,1491796265
5234299989901692960,992160,1491796226
-5212731717008353477,995958,1491796232
-3785574022008296983,996121,1491796228
4365422241941824218,996121,1491796242
8080128219362317956,995184,1491796236
4450815520158469870,995184,1491796249
-927443342859225393,991697,1491796246
-5353205262440479658,996084,1491796231
8018879228226769272,996084,1491796269
1404421784531460472,996084,1491796267
3793778055523551742,996084,1491796251
-6494860765852099795,996084,1491796268
-4799328540879227964,996084,1491796276
-7624211492380837155,996084,1491796246
-7821959153014151512,996084,1491796235
-4565839401474231607,996084,1491796253
-1028770977371633673,996084,1491796271
8337838681680535865,996084,1491796247
1688111099421505984,996084,1491796263
4873839876444895941,996084,1491796221
3813259193700061017,996084,1491796274
-7202263525375448535,996072,1491796261
-5911805087133075053,996072,1491796271
8478279584518772865,996072,1491796262
-7399744750435318919,996072,1491796262
7911717736368929715,996072,1491796258
-6557523892356825239,996072,1491796274
611967223506644432,996072,1491796269
-6312497102140445850,996072,1491796273
-5421442372525505640,996072,1491796246
-7945599520709864524,996072,1491796274
3354406525416125742,996072,1491796276
3512094803078410318,996072,1491796255
-8197948256996917420,996072,1491796229
3137727425094912637,996072,1491796234
3912424041799370517,996072,1491796268
-29449410625933934,996072,1491796260
-7422956522968110632,996072,1491796252
-7764712111083127714,996072,1491796267
1963956966899293282,996072,1491796262
6532058291365651203,996072,1491796258
-23500320236840,996072,1491796252
3876793485519552145,996072,1491796233
5515966984017940691,996072,1491796230
8386409032127813234,996072,1491796261
6618096660914032094,996072,1491796226
-7004035937683311239,996072,1491796238
6540988845202870427,996072,1491796227
-5826661786796108645,996072,1491796272
-374826305130591261,996072,1491796255
2946236559020866183,996072,1491796256
5488789091749009044,996072,1491796260
-2752679082918066176,996072,1491796237
-287937687329220337,996072,1491796262
-8852035068767988302,996072,1491796259
-8655353509737452285,996072,1491796277
-3912653485846086236,996072,1491796229
2303064212008327876,996072,1491796277
2842412873294783035,996072,1491796245
-6947955595024654160,996072,1491796269
-1210213408962645256,996072,1491796276
-2901727917225667256,996072,1491796231
634446348043379537,996072,1491796260
6446276210755583144,996072,1491796241
1432444458352582329,996072,1491796240
8229262962164493811,996072,1491796237
1025404396555094613,996072,1491796274
-3667249849669781544,996072,1491796257
7496917889429469278,996072,1491796252
-4188055434902391748,996072,1491796244
-5552411873046034111,996072,1491796223
-6017559508672472841,996072,1491796229
-1926052212378397049,996072,1491796262
-3301353876052518320,996072,1491796241
-942029984881677193,996072,1491796235
6254957546051038358,996072,1491796266
-5340947078812753868,996072,1491796264
-7944187060540451803,996072,1491796261
1986335359777615242,996072,1491796251
9025739288769719464,996072,1491796271
-8946355011910273182,996072,1491796222
-6521523306948160820,996072,1491796255
-2203012913806317517,996072,1491796251
-7860183989340848695,996072,1491796245
-8685700693498999605,996072,1491796240
6580616144337190314,996072,1491796249
-26008113433816995,996072,1491796239
-780824409143838647,996072,1491796238
5053973900040754861,996072,1491796266
2599662043661944851,996072,1491796261
-4183432508373729736,996072,1491796245
-8992245327593434625,996072,1491796262
6064310810500089096,996072,1491796279
8570542068048056584,996072,1491796265
-5755378106983867066,996072,1491796235
-2215693425247587923,996072,1491796223
7278685125991729527,996072,1491796247
461941625935770375,996072,1491796271
4130068973457434743,996072,1491796270
7820858872476638763,996072,1491796244
9103680472429671496,996072,1491796233
-5399844986348409500,996072,1491796273
-7140766488219522981,996072,1491796270
5152208085409750717,996072,1491796254
5573192536955932803,996072,1491796228
5019796351668784224,996072,1491796223
6332666708206487793,996072,1491796254
-8427956534001846314,996072,1491796259
2479325093642114093,996072,1491796271
-1711249966936627529,996072,1491796267
7156616303422889012,996072,1491796272
-2795526867135274942,996072,1491796221
3205576132166397695,996072,1491796256
2569329402455531982,996072,1491796252
6866902133436193594,996072,1491796278
3608563781283282093,996072,1491796266
875243772453755738,996072,1491796258
1821085487384287781,996072,1491796259
-4966567643926043380,996072,1491796263
4337397501148802226,996072,1491796260
4764857155521560025,996072,1491796251
1614272552076931265,996072,1491796263
5884775972583395679,996072,1491796264
-5778990141412707325,996072,1491796247
-2132512218262452637,996072,1491796247
2378245494379336321,996072,1491796259
6552333548121561817,996072,1491796232
-3093382282116288457,996072,1491796264
1460748871793337216,996072,1491796258
8364619952826772922,996072,1491796234
55780317480306854,996072,1491796227
-2351038143280044430,996072,1491796276
-7681982805229952675,996072,1491796250
2385479037552906849,996072,1491796222
-2412692787942018144,996072,1491796276
-3317349684162219636,996072,1491796249
-6449832091004167728,996072,1491796271
2952135809294853217,996072,1491796255
-2854236430042361784,996072,1491796224
-4851957265051469870,996072,1491796222
-3821742362574119070,996072,1491796264
-3563757941148639531,996072,1491796225
-6953767942264245586,996072,1491796278
4469459498229423735,996072,1491796243
-7324730761258339578,996072,1491796270
6853064555630393517,996072,1491796260
-2763556961164309917,996072,1491796259
-5581501416244241925,996072,1491796241
9041859965389798246,996072,1491796240
-2298332607715262848,996072,1491796240
-7214130591131211251,996072,1491796275
-1905639885406293919,996072,1491796248
8854057580222944129,996072,1491796258
7561013549975549542,996072,1491796268
-4830554709786214548,996072,1491796228
6166880434782517232,996072,1491796253
5185958995054466802,996072,1491796263
-7821959153014151512,996089,1491796230
3813259193700061017,996089,1491796274
-7624211492380837155,996089,1491796235
-350826538780705018,996089,1491796220
-4499299933532461568,996089,1491796268
4901142810785242511,935614,1491796274
5817294452257532069,995811,1491796277
-8416676297550669583,995360,1491796264
6716927665897066333,995360,1491796242
2782837418732892462,995360,1491796222
-3639202684468949416,995360,1491796276
-3543756551717428776,995360,1491796267
7047555017795493703,995360,1491796230
-300776245690582898,995360,1491796261
-3700404737973595839,995360,1491796262
1999278324751294996,995360,1491796270
-4636053901395394104,995360,1491796245
-4559612775347419260,939816,1491796229
4938491284424430507,953549,1491796273
-6602460270320860310,996129,1491796230
-226576522422586323,996129,1491796273
-1659459590394402129,996129,1491796265
4281610634022004838,996129,1491796268
-1384240251646516621,996129,1491796271
5234299989901692960,992188,1491796277
6658097110993047435,994401,1491796259
-2828069452357291013,993462,1491796244
-79157471407767591,991678,1491796249
-8461107549760871194,996059,1491796222
7210774072860400071,996059,1491796262
898837057051958996,996059,1491796254
-7287547721488802861,996059,1491796274
-6679715335255722531,996059,1491796272
-3372727339527288501,996059,1491796238
-5396232954247729251,995707,1491796276
2915759222264638521,992726,1491796270
-948159483289174049,992054,1491796274
4690478633061385432,995874,1491796272
-4824004109523081960,995874,1491796247
1246748368770895369,995874,1491796252
-3356411079458900824,995868,1491796274
4343699983731452132,995868,1491796267
1723273855294879227,995868,1491796277
675286702726974435,995868,1491796267
489884888789923829,995868,1491796229
-7490095623139408997,994575,1491796230
-5396232954247729251,995358,1491796250
-7188063775954067189,994993,1491796259
717640243067104836,996073,1491796258
-5700882889426946255,996073,1491796279
3362083230004102711,996073,1491796225
1532537452698966837,996073,1491796257
-427001008108669722,996073,1491796277
1225565463276219474,996073,1491796273
5133007814714114771,939813,1491796250
3606966594247763502,995783,1491796244
-1700399297968788123,995783,1491796278
190514827901482530,996001,1491796222
1172402348227026137,996001,1491796254
-1933402394927261406,996104,1491796253
4062246312265371699,996104,1491796270
-1055744537982023102,996104,1491796251
2422111772924562102,996104,1491796275
-5252390867468931595,996104,1491796244
-6845099332772993911,996104,1491796255
-4332570755636900273,996104,1491796247
-5575781557089454595,996104,1491796221
-3408739299440139993,996104,1491796260
-1073324523738802837,996104,1491796255
-1372212088525533761,996104,1491796233
394124388367172331,996104,1491796264
921830446523251977,996104,1491796242
-4126792126169204812,996104,1491796276
-8837365655882928435,996030,1491796263
-7563413771880330330,996030,1491796246
-4617630807658161759,996030,1491796270
7633352280045827669,995521,1491796251
-1324729686384424251,995521,1491796239
1172402348227026137,995521,1491796219
-6194771847313993219,995521,1491796269
-421964604185650767,994493,1491796239
-7790184687288618570,996124,1491796235
-6480558840103937186,996124,1491796278
1774504373625010476,996124,1491796221
3885761467953408996,996124,1491796231
7261457732893176815,996124,1491796277
-8924171907166118602,996124,1491796239
-2644261393525997027,996124,1491796238
8973716803782908712,996124,1491796229
-7396434622779980733,996124,1491796236
7171354649452287089,996124,1491796261
-5084754545985155338,996124,1491796273
5865799220179991978,996124,1491796242
3736175959552296757,996124,1491796251
8520301353467765428,996124,1491796235
-7324730761258339578,996124,1491796240
8202480759242662940,996124,1491796243
6786838032657303864,996124,1491796272
-314274569404591792,996124,1491796233
7565348325841406097,996124,1491796247
-293623582182630464,996124,1491796261
6923984498942845532,996124,1491796277
-2568936678720218051,996124,1491796266
696554131175990917,996124,1491796264
918571248036798444,996124,1491796266
4089778502726356960,996124,1491796261
-3764407471681496286,996124,1491796225
6863529871463225671,996124,1491796258
-4880111798716807914,996124,1491796241
8235196428013934419,996124,1491796248
8659007096452277511,996124,1491796273
6833154460255464798,996124,1491796263
-2270562156080549117,996124,1491796258
7563982777323885349,996124,1491796220
-744110089338483353,996124,1491796276
1877566959728229091,996124,1491796272
7620589531439728063,996120,1491796256
38879569584515554,996120,1491796262
-9133444559761862893,996120,1491796245
1372302949453152213,996120,1491796277
-4881221205299215344,996120,1491796230
-977939613393807359,996120,1491796267
-171671078397622697,996157,1491796257
1609706784444236295,996157,1491796259
-249646516026497992,996157,1491796274
-5583342649466358074,996157,1491796254
-6300110079246165207,996157,1491796237
6246590241552623222,996157,1491796254
-4547557068601676165,996157,1491796270
-170500785706541579,996157,1491796252
-5969883423043853786,996157,1491796223
-2956402615416314285,996157,1491796252
8550923692960901936,996157,1491796230
5964076521505863048,996157,1491796223
6521907980388576952,996157,1491796233
-7783787557315152058,996157,1491796241
3587272965424025058,996157,1491796242
3422202265087911580,996157,1491796275
-8474274672964339020,996157,1491796262
6784323215910019592,996157,1491796269
452791255495928670,996157,1491796239
-2941839146450286453,996157,1491796223
-2366660598109207699,996157,1491796260
7611451530049918855,996157,1491796266
9114182874160581528,995243,1491796247
6024852329494020693,995243,1491796233
4976589413187031124,995243,1491796221
5781429527781659382,995243,1491796266
5024638306856629842,995243,1491796271
-8935346605782640700,921890,1491796230
-5512475328072136746,961282,1491796245
-3590383912275475193,961282,1491796260
4739659983099446692,996086,1491796225
1807371516267847914,996086,1491796260
4792241654064296596,996086,1491796268
-7841802191388111845,996086,1491796225
-350826538780705018,996086,1491796244
1953743484452137793,996086,1491796253
3813259193700061017,996086,1491796238
-2893689806203777643,996086,1491796255
-2146917104856026603,996086,1491796238
-5162325512018666350,996086,1491796222
-6693180989128652580,996086,1491796278
-7258055375523632005,996086,1491796272
-6285436216653580079,996086,1491796237
8112763968792184644,996086,1491796265
499611092745398446,996086,1491796227
-7653507169420583664,996086,1491796237
-7644030871771834035,996086,1491796255
8251229073378080894,996086,1491796260
2756442126931753055,996086,1491796225
5265032740351409760,996086,1491796255
-558840066563938589,996086,1491796258
875578572166993753,996086,1491796266
-5154948333328450753,996086,1491796253
971845396312073197,996086,1491796257
-9073955918098142222,996086,1491796251
3533613764410321051,996086,1491796237
8094389994395791831,996086,1491796263
-2925661646039546994,996086,1491796242
2974755824382991975,996086,1491796259
-8324779646015415191,996086,1491796260
5774874089294714444,996086,1491796244
7989719736701353106,996086,1491796268
2206511846706607013,996086,1491796229
-9196536514327459137,996086,1491796226
4883221558958163534,996086,1491796248
4211710386897909678,996086,1491796229
-1047811026233097034,996086,1491796231
5720369202626023829,996086,1491796273
-2185345783815001796,995361,1491796265
-8294882738657647305,995361,1491796256
-6750562063763931087,995361,1491796263
2782837418732892462,995361,1491796279
-418072768510860127,995562,1491796277
-235753973828152552,988454,1491796231
1762897672943958441,995675,1491796248
-603323368398916516,995987,1491796240
-5364256648480601930,995987,1491796278
-6195931396487347976,995987,1491796234
-3108845475744179209,416846,1491796245
-1561793196598537123,995268,1491796275
1377974764102482560,995311,1491796261
5143487109149216951,995311,1491796231
6586334242702447905,995311,1491796274
-1073324523738802837,996105,1491796255
-4332570755636900273,996105,1491796234
2422111772924562102,996105,1491796254
394124388367172331,996105,1491796264
921830446523251977,996105,1491796242
-1055744537982023102,996105,1491796226
-6845099332772993911,996105,1491796240
4062246312265371699,996105,1491796241
-4126792126169204812,996105,1491796276
-3408739299440139993,996105,1491796253
-1372212088525533761,996105,1491796233
-5252390867468931595,996105,1491796229
-4356765663395191286,996105,1491796240
8626469073669254460,996105,1491796280
2146823760208868991,996105,1491796266
4099055624289398180,996105,1491796260
8459321796806682038,996105,1491796275
-6188073551544879173,995945,1491796279
-5700882889426946255,996075,1491796268
717640243067104836,996075,1491796247
1225565463276219474,996075,1491796273
-4251271562432532362,996075,1491796239
1532537452698966837,996075,1491796255
-427001008108669722,996075,1491796277
-7126650452671751060,996075,1491796258
-3906596637988302101,996075,1491796226
-7443122585077932906,996067,1491796274
-8868544212131332816,996067,1491796271
8950366459028728074,996067,1491796252
4651588383200575386,996067,1491796269
-3126682747796180873,996067,1491796267
3152748359533328786,996067,1491796277
-2761018127726256079,996067,1491796266
-7287547721488802861,996067,1491796244
-3789710869668687460,996067,1491796238
-2465320842293129400,996067,1491796249
-9170002821635383200,996067,1491796230
7056114288181417656,996067,1491796268
8524217026156279213,996067,1491796266
-7963187611001532275,996067,1491796233
-3259493729457622878,996067,1491796222
2210676198270817869,994915,1491796251
8185833949690954982,994915,1491796244
21441060695590459,994915,1491796246
3281801112356692166,994915,1491796235
9074567029251622307,994915,1491796270
638546485770611047,994915,1491796229
-1351517779188950067,994915,1491796272
-3822803241718574060,994915,1491796239
-4636053901395394104,994915,1491796264
-3726032864583921582,994915,1491796267
2908024986157986114,972031,1491796221
-8085777911471892497,972031,1491796265
2184114872567474445,996133,1491796273
-4942461551179436345,996133,1491796229
-6602460270320860310,996133,1491796236
-226576522422586323,996133,1491796275
5399730096466346990,996133,1491796271
-8918286411307561384,996133,1491796248
8576188814330941222,343974,1491796271
1457349297676493680,995848,1491796272
4127138153137587933,995848,1491796278
4435760795088394617,995848,1491796274
-8698208967552134961,994955,1491796245
-6602460270320860310,996126,1491796268
-1095056946320156155,996126,1491796264
5586516476192381130,996126,1491796243
7229766121460385331,996126,1491796259
-4942461551179436345,996126,1491796271
1172402348227026137,996005,1491796245
-1324729686384424251,996005,1491796255
-4700299648721733578,996005,1491796258
-418072768510860127,995565,1491796244
4206338076339220862,995125,1491796277
9042377049094953661,993466,1491796254
-8492429623610201504,993466,1491796275
-3557302410353201724,945712,1491796266
1270192896624824598,945712,1491796260
-5013187888070367833,945712,1491796230
-1501965291972672983,993255,1491796277
-1582581178221999006,990939,1491796260
-7053793487046974384,990939,1491796273
-1878735079496290358,990939,1491796242
301495440848657225,990939,1491796222
-574809998047265900,990939,1491796244
-7919832133616796374,990939,1491796260
6886359880428280092,990939,1491796252
3361890939924507156,990939,1491796224
-2268515003467139727,990939,1491796231
7822149862030598758,990939,1491796222
7216123590853607846,990939,1491796278
-6209670242628578488,995174,1491796236
-5997916674486325948,996097,1491796265
776544920635505372,996097,1491796221
-4464741228220334632,996097,1491796240
-363048987327674700,996097,1491796253
-4617630807658161759,996097,1491796270
-232890157602053966,996097,1491796274
-4889312742359537798,996097,1491796254
-305726938690491606,996097,1491796227
6906856156976064587,996097,1491796237
-7636026166169319935,996097,1491796279
9008605173573923376,996097,1491796255
-3758033586410163023,996097,1491796229
5069782685317903320,996097,1491796273
-7544406914381549218,996097,1491796226
2801440215681702333,996097,1491796279
-622972359984859336,996097,1491796258
-6202212836817948077,996097,1491796278
1797940841661515707,949484,1491796243
-5524419035606648029,988303,1491796242
4165449470486359380,347152,1491796235
239455392461614559,996158,1491796278
6521907980388576952,996158,1491796221
-8474274672964339020,996158,1491796251
452791255495928670,996158,1491796229
3422202265087911580,996158,1491796261
-4048932635223173003,996158,1491796245
2673542044671899370,996158,1491796232
-3892365382861344114,996158,1491796263
-2784501796350207471,996158,1491796264
-1831384112556976338,996158,1491796262
4358127759671017949,996158,1491796274
-7783787557315152058,996158,1491796226
1796364544324711205,996158,1491796228
-4159296112249831691,996158,1491796231
-7763896751596876289,996158,1491796244
8387539446951510785,996158,1491796264
1476728804729214335,996158,1491796261
-2956402615416314285,996158,1491796220
-7333328901788783056,996158,1491796275
-2921129396057754502,996158,1491796244
-6854153331984350907,996158,1491796269
-730828331341092417,996158,1491796223
-7722483716716929387,994319,1491796258
-7188063775954067189,995178,1491796259
714905873436284998,988528,1491796248
-79157471407767591,988528,1491796263
510785703239690412,995416,1491796267
396621274856867147,995655,1491796228
5133007814714114771,938707,1491796259
190514827901482530,996000,1491796277
1172402348227026137,996000,1491796263
-2539078096252277940,996000,1491796264
2623078015573011684,996094,1491796239
2974755824382991975,996094,1491796236
3717216410947597624,996094,1491796250
-6772078185414627624,996094,1491796271
-1499893561601878995,996094,1491796241
4840830460180779688,996094,1491796241
7984269998184688747,991837,1491796264
-1526659034752767978,995193,1491796255
6043274770929984459,995193,1491796223
-2631404589746282721,995193,1491796228
-6512784294981193282,994012,1491796265
-6602453471341581451,992446,1491796267
-3131936963169703357,992446,1491796239
-5171395145643772831,992446,1491796248
3003636160517344355,992446,1491796223
-8719429437071013531,992446,1491796242
4826032965034195477,992446,1491796238
8632036310133687215,992446,1491796261
5611673381849430907,992446,1491796230
3652156864159278251,992446,1491796236
-8056662390501314722,992446,1491796261
2453438997884830954,996021,1491796246
-830508327240712155,906877,1491796260
-406141716491837659,995721,1491796276
8583296626416440987,996018,1491796266
-681131013040474749,996018,1491796265
4910237848675534486,996082,1491796250
-1483128210900087114,996082,1491796225
-5353205262440479658,996082,1491796242
-1905639885406293919,996082,1491796225
-7624211492380837155,996082,1491796251
1404421784531460472,996082,1491796267
-6330390527778540013,995917,1491796270
-5997803710358007937,995917,1491796263
-4155073319288042471,995917,1491796267
-8899789733377831433,995917,1491796220
-2124819206832218004,995917,1491796273
-1685821615316840644,995917,1491796242
-8327398756319688890,995545,1491796245
-3288413154094192103,996016,1491796261
5234299989901692960,992221,1491796277
-3723721639305611850,995872,1491796227
4206338076339220862,974615,1491796247
7298796365663377430,974615,1491796225
2419910322209639922,994953,1491796249
-3803729090650798522,994953,1491796254
-3160909689359030287,994953,1491796279
-756479898985040799,994953,1491796229
7890486718131469624,994953,1491796249
7047555017795493703,994953,1491796229
-3248899413258948657,994953,1491796247
-3639202684468949416,994953,1491796226
-3700404737973595839,994953,1491796254
-6131844487971789556,994953,1491796250
-890455809698297924,994953,1491796276
6278690694639541673,994953,1491796249
8337838681680535865,994953,1491796232
3397776477584178523,994953,1491796261
-5240055556875070750,994953,1491796254
4170490378823075746,994953,1491796246
2596440560901085362,994953,1491796243
6155985186929444330,994953,1491796276
3744255551836063370,994953,1491796278
-158784793485406827,994953,1491796237
3972808781632817792,994953,1491796253
2124571909260592745,994953,1491796263
-4636053901395394104,994953,1491796229
-2532208911497639119,994953,1491796267
6146956577669017874,994953,1491796248
-7438031202059090652,994953,1491796256
-2270960802417043506,994953,1491796245
-2423370402791807946,994953,1491796226
6379793893284077370,996056,1491796236
3119633553644521892,995409,1491796239
-4419351237667136952,150062,1491796245
-862132145204196218,993659,1491796269
460278167830334369,996154,1491796240
5964076521505863048,996154,1491796251
-5969883423043853786,996154,1491796271
212734259585987503,996154,1491796240
4154693317301580022,996154,1491796274
-450078491498996974,996154,1491796259
-3210981990955111076,996154,1491796271
-7026465607381352154,996154,1491796235
-6176832140140812558,994936,1491796271
-927443342859225393,991417,1491796246
2749128988995026946,947784,1491796221
9113793747379079443,996025,1491796267
-3287421195128951403,996025,1491796268
2453438997884830954,996025,1491796272
-7955260894244812943,996025,1491796229
-681131013040474749,996025,1491796257
-4675722714059291013,891592,1491796220
967474004150547112,995455,1491796236
3228761929636606184,996114,1491796278
6891708907553179126,996114,1491796259
-6258131535113477320,996114,1491796257
-7050618986495206316,996114,1491796280
479762931791575186,996114,1491796255
8784675430293567795,996114,1491796260
-2784245970756158810,996114,1491796237
-923010568445187930,996114,1491796278
4890171508871434921,996114,1491796252
-1430325715766219862,996114,1491796247
-4622601662684026210,996114,1491796267
5730878175792582119,996114,1491796279
5234299989901692960,992295,1491796269
-2909767699999173445,996135,1491796251
-2275576595195998523,996135,1491796273
5585996315429657787,996135,1491796255
-8222676562007617982,996135,1491796248
-8816632431758180740,996135,1491796225
-8458612229365531110,996135,1491796262
-226576522422586323,996135,1491796228
-6573721740717006456,996135,1491796262
3793778055523551742,996135,1491796263
-2218023549297945154,996135,1491796265
5164174235934676127,996135,1491796235
-9067363410145067465,996135,1491796235
-1659459590394402129,996137,1491796254
-1384240251646516621,996137,1491796240
4281610634022004838,996137,1491796221
-3909645126005482797,996137,1491796233
-8816632431758180740,996137,1491796266
-226576522422586323,996137,1491796255
-7575384763207289618,996137,1491796275
-5222916252442027173,996137,1491796256
