1312389920734945573,996117,1491786410
-6063093714655531042,996098,1491786411
-1126971835572302687,996098,1491786386
7573058730727668521,996098,1491786382
7012018515191591568,996098,1491786426
7507874657119431143,994495,1491786417
5371660009195074930,172538,1491786404
-7628582960625742355,996034,1491786405
5195554302199880510,994332,1491786422
5151758282343605838,994332,1491786423
7858217117250749366,994332,1491786436
7633007183802967012,994332,1491786415
1019646713960346424,996142,1491786407
-1293981108303967291,996142,1491786381
8720690739851789548,996142,1491786439
-342293702033572778,996142,1491786394
-2448291561214394879,996142,1491786422
-2170220955659332394,996142,1491786390
8286158188853058932,992857,1491786398
-6283991740969831769,995541,1491786405
-2099719859753563212,995541,1491786397
-1049751014860183995,995541,1491786423
2397434349884530713,910571,1491786428
-7962071037338643851,943532,1491786395
-4233045811900530672,995915,1491786433
8814679967394770514,996071,1491786389
198518315153933596,996071,1491786435
-5665290785644279492,996071,1491786419
1323327296127384802,996071,1491786392
-4423642326238366487,996071,1491786409
1937140636600047413,995954,1491786387
8700416895487742021,996063,1491786408
-5622095957973639452,996063,1491786415
1644713004367233957,996063,1491786385
-8762536926280984817,996063,1491786429
-2778732842767946488,996063,1491786426
-7511131734077022223,996063,1491786384
-1378755359810917586,996063,1491786387
4003760839026673729,996063,1491786408
-979745764062728102,996063,1491786439
-425410891906991438,996063,1491786433
4228873620770234594,996063,1491786436
5404795477675427030,996063,1491786404
-259757231785714510,996063,1491786426
4217208830418286618,996063,1491786421
-1656511287782202519,996063,1491786410
-5084082297905151993,996063,1491786436
-1119338357130026184,996063,1491786411
-4078504679135544323,995973,1491786421
-7962071037338643851,943538,1491786418
-7111855370682678592,43845,1491786422
-1319856415439788943,989184,1491786410
-7024599104077162852,996069,1491786411
301334259986795106,996069,1491786409
2322877994031683609,995705,1491786387
849827009295830835,955787,1491786422
-6130378356751363318,994427,1491786407
-3286472043531279234,995574,1491786394
8821155184885195595,996115,1491786402
1575560839182907145,996115,1491786430
3302605704111665377,996115,1491786410
844532617838832392,996130,1491786400
-4244772772119077027,996130,1491786397
2536309266827316318,996130,1491786392
1693835301307428483,996130,1491786429
-9107856132912508682,996096,1491786431
-4213853621619480092,996096,1491786407
-8894625307341792682,996096,1491786406
-722366554826775322,996147,1491786384
-7025222730243315132,996147,1491786423
-7966008484002467192,995989,1491786403
4598527505781555248,996062,1491786387
-7344297928230535668,996062,1491786387
-8532493242014164148,996062,1491786431
-1291322105067652577,996062,1491786430
-7799521907399825129,996062,1491786433
-7962071037338643851,943529,1491786418
3059334889231031428,996116,1491786401
517419713856334327,996116,1491786438
2148005052645543053,994990,1491786412
7785596423437461908,995886,1491786411
4348904751772938584,923267,1491786402
2383850415268991474,996102,1491786390
2106637916709544974,996102,1491786437
4796567736815249173,996102,1491786423
1752920913486102946,996139,1491786421
-6180895633844038926,996139,1491786423
8326306574796971500,996139,1491786417
-8415796244261930892,996139,1491786404
-8233401976143030486,996139,1491786412
2597547883806859880,996139,1491786393
2831070782295662460,996139,1491786399
-8718947401717092074,996139,1491786382
-3331812105323787347,996139,1491786434
5379766154138618710,994923,1491786398
-7122218584285929540,426975,1491786383
1312389920734945573,996125,1491786399
7855986186982534619,996125,1491786413
860554655050813963,996125,1491786404
7423266954243512623,996125,1491786422
944973709010082215,996125,1491786408
844532617838832392,996125,1491786418
8616353411500297952,992482,1491786423
3913083049408951912,992482,1491786409
7025468368798763809,992482,1491786396
-3385919213639973523,992482,1491786382
5190314574380377556,992482,1491786386
841556883891688206,995918,1491786394
2588218121010964858,993302,1491786416
6849894559098675539,996015,1491786381
-4905826940229562877,996015,1491786426
-609623402185638194,996015,1491786386
6444325618692682966,995953,1491786439
-4445700339769382007,977763,1491786381
-3830006889950973731,977763,1491786414
6217011793022665136,977763,1491786426
-3829380600138242549,996046,1491786406
-7146190920455454429,996046,1491786429
-2454860864820208146,992429,1491786411
-7876196894879594194,995588,1491786406
-135090330913521926,995654,1491786389
8228974923094991267,995622,1491786423
-4609582502949367238,995931,1491786389
2802278558828063191,995931,1491786387
1993179880053704506,992414,1491786437
-7966008484002467192,996023,1491786393
2407786265574195519,996012,1491786382
-6130378356751363318,994426,1491786406
-7024599104077162852,996044,1491786401
301334259986795106,996044,1491786402
2303794111251241425,996109,1491786418
1061932229570309494,996109,1491786408
8305869069283780810,996109,1491786429
-3097831240618738581,996109,1491786396
2160883382221677833,996109,1491786381
-7904044035186498498,996109,1491786409
-7555210635252941193,996109,1491786416
8400056740401224174,996109,1491786437
-9184496003435062710,996109,1491786409
1283567360612951527,996109,1491786422
-1138607921669900959,996109,1491786380
-4259929960921061678,996109,1491786390
8464011549510906184,996109,1491786418
-8751254671762228656,996109,1491786380
7016096940114782784,996109,1491786409
-3880000422030760364,996109,1491786390
-486666221180777810,996109,1491786406
-1559998953832610166,996109,1491786421
-7132629601916150044,996109,1491786392
265921366529978919,996109,1491786408
-9002815553904663795,996109,1491786385
-7390207573821396705,996109,1491786437
8538227433923234490,996109,1491786387
1229252632791373096,996109,1491786402
-586235769963161511,996109,1491786399
-5751865945888711105,996112,1491786428
-5158257030829276811,996112,1491786411
1575560839182907145,996112,1491786422
-8136719182423017263,996112,1491786391
-8963398681535160438,996112,1491786384
-3995130122837487147,996112,1491786436
-1001555970141334596,996112,1491786430
2317268713383534112,996112,1491786420
41195683408877787,996112,1491786399
4341039568245117171,248563,1491786387
5379766154138618710,995657,1491786387
3681937494073558471,995481,1491786403
-3139779459785368622,421906,1491786424
-1577953487790515575,995274,1491786416
5747606682850790103,996047,1491786383
5747606682850790103,996040,1491786383
-1276872001202874910,995800,1491786383
-4779573209167434577,996066,1491786420
3082662497719896904,996066,1491786411
-7024599104077162852,996066,1491786417
301334259986795106,996066,1491786414
2493742456986661510,996066,1491786421
3846729111675870770,996091,1491786438
-392052502116464544,996091,1491786427
569817618254342046,996091,1491786417
2072587265578852461,996118,1491786422
9002569546718074445,996118,1491786430
-3995130122837487147,996118,1491786436
8400056740401224174,996118,1491786379
-7564565471035249024,996118,1491786430
3059334889231031428,996118,1491786402
7957488119045832892,996118,1491786414
-8080881429149850565,996118,1491786385
-4951461234696607572,994587,1491786411
1899678722677904945,994587,1491786417
5314446406957982503,994587,1491786389
-7966008484002467192,994587,1491786417
6382256818566050860,995825,1491786382
2717235047423547742,995927,1491786429
632264225844276372,996074,1491786422
-4163559725681304656,996074,1491786424
-5967413031045348177,996074,1491786418
2676036768930620981,996074,1491786386
6877304346357668737,996074,1491786396
8814679967394770514,996074,1491786390
198518315153933596,996074,1491786435
4341039568245117171,248552,1491786430
2160883382221677833,995977,1491786432
-2572032279114590980,995977,1491786390
-5840015399489333813,996004,1491786385
3357823411228964243,996017,1491786406
-7799521907399825129,996060,1491786427
-8532493242014164148,996060,1491786414
-7689034427899233272,996060,1491786434
-1291322105067652577,996060,1491786420
7421540216108366373,996060,1491786385
-7282242812684381215,996002,1491786385
6837342272653087207,987223,1491786391
-5847816116746062166,996095,1491786403
6175957859656397168,996095,1491786418
4675041324921555934,996095,1491786393
7333336654454144416,996095,1491786405
4012728887076992062,996095,1491786417
6088674774886049532,996095,1491786385
5844418970950683301,996095,1491786385
4012728887076992062,996099,1491786384
5020179864286844676,996099,1491786384
-8894625307341792682,996099,1491786414
-4213853621619480092,996099,1491786407
2831070782295662460,996136,1491786393
8387982637235092274,996136,1491786395
-2286741394535782622,972937,1491786394
7674681010145433490,972937,1491786434
-2758890793710933512,972937,1491786415
8812164174639609369,979541,1491786402
-846709650466612779,918615,1491786399
8812164174639609369,979340,1491786402
-7387661189559520578,995923,1491786428
5567070081650139970,995923,1491786417
3846729111675870770,996093,1491786387
-8105903576101737171,996093,1491786433
8447678987851099459,996093,1491786408
-392052502116464544,996093,1491786412
-8379361656513491832,996093,1491786416
2802278558828063191,995935,1491786385
-1761652545554676990,995935,1491786436
-1720942754960909707,995935,1491786434
5536432694386909220,995160,1491786389
-6294517740152268055,995946,1491786403
3433439476143890660,985338,1491786438
7785596423437461908,995876,1491786411
631150753466461046,995880,1491786394
358676413633317146,995403,1491786416
-2410146161390439258,995403,1491786417
-5908155586272793041,995403,1491786423
-1488366143260213522,995403,1491786421
-1791458510006593208,995403,1491786389
4341039568245117171,248555,1491786430
3357823411228964243,996009,1491786428
-3829380600138242549,996057,1491786423
4000903277866549216,958972,1491786418
5276703210674573096,996077,1491786428
-3035774525741053227,995970,1491786393
-8406929028546133154,996134,1491786434
-7689034427899233272,996065,1491786394
7421540216108366373,996065,1491786384
-1291322105067652577,996065,1491786410
-5845714392613758218,995869,1491786405
-4805764218716225167,994751,1491786407
5097602473127803432,996070,1491786425
1323327296127384802,996070,1491786392
-4423642326238366487,996070,1491786409
-3679370762346602345,996070,1491786390
-5665290785644279492,996070,1491786419
8305286594790614855,996070,1491786393
198518315153933596,996070,1491786421
-7637220236959995136,996070,1491786427
-528655653058353584,996070,1491786438
4514959278133970757,996070,1491786385
-2166758591857248830,996070,1491786406
908712775450227719,996070,1491786388
-2704098582289525561,996070,1491786437
6043404544165717481,996070,1491786395
-5874335343128089559,996070,1491786397
8840826417831029801,996070,1491786435
-9184104473884981155,996070,1491786395
8027269319521143492,996070,1491786408
3511405944460533964,346630,1491786393
-4244772772119077027,996128,1491786421
844532617838832392,996128,1491786403
2536309266827316318,996128,1491786392
-8175861875791092230,987581,1491786428
4796567736815249173,996101,1491786423
2106637916709544974,996101,1491786437
6837342272653087207,991233,1491786389
7780003445640453359,995950,1491786407
-4839314459310469463,996110,1491786388
1061932229570309494,996110,1491786429
-7555210635252941193,996110,1491786429
3461836986300563857,996110,1491786389
4263413992359340529,996110,1491786426
-3097831240618738581,996110,1491786396
8305869069283780810,996110,1491786429
-8029915063995393307,996110,1491786426
-7904044035186498498,996110,1491786409
-2577672156920856565,995885,1491786435
631150753466461046,995882,1491786394
763632872883568746,994436,1491786384
-7628582960625742355,996036,1491786402
8573183790684067554,996036,1491786380
-7441174888042444101,996072,1491786423
-528655653058353584,996072,1491786427
-1135234318143895655,996072,1491786426
-7973647590539818163,996072,1491786395
1822119952339959364,996072,1491786402
-7462060395603805340,996072,1491786400
8027269319521143492,996072,1491786408
-9184104473884981155,996072,1491786395
4514959278133970757,996072,1491786380
-2166758591857248830,996072,1491786403
6043404544165717481,996072,1491786395
-808901066845222876,996072,1491786406
8840826417831029801,996072,1491786433
6578179897053198691,996072,1491786379
6746551959553101458,996072,1491786433
3694919517932253286,996072,1491786397
-1839088357677483742,996072,1491786416
-2315049352057571598,996072,1491786407
198518315153933596,996072,1491786399
-2704098582289525561,996072,1491786437
-7416772445308631936,996072,1491786410
5853725024427382149,996072,1491786393
9037172614148900549,996072,1491786413
2959147820566274067,996072,1491786388
-9208346812709895413,996072,1491786412
7351979733874038078,996072,1491786426
7831099089965969971,996072,1491786430
-4620335330099287198,996072,1491786402
1837186846850505488,996072,1491786422
-2555582268184945622,996072,1491786430
7527328949151741535,996072,1491786436
-1430869032365633926,996072,1491786432
-4941161979493490106,996072,1491786420
-556400911044751363,996072,1491786400
2995349644276389026,996072,1491786434
-3188975133652034905,996072,1491786391
3595100159885954096,996072,1491786439
4113509406991380232,996072,1491786413
-5065833617134963663,996072,1491786411
-8360798369990567460,996072,1491786415
-4389516829636926175,996072,1491786396
7380626615614884272,996072,1491786426
7185215972231475198,996072,1491786388
-29605844995993503,996072,1491786388
-7900940211723846530,996072,1491786416
7638746645258973292,996072,1491786409
1174639006877305965,995904,1491786408
2804869516658773071,995587,1491786438
700963888560815225,995920,1491786401
-5220895481059086471,995920,1491786426
5567070081650139970,995920,1491786432
354615263768515579,995920,1491786426
5657120871259460268,995920,1491786417
4230415443207241622,995920,1491786395
-4233045811900530672,996084,1491786387
569817618254342046,996084,1491786438
-392052502116464544,996084,1491786432
-3829380600138242549,996061,1491786386
-7344297928230535668,996061,1491786400
-1291322105067652577,996061,1491786436
-8532493242014164148,996061,1491786439
569817618254342046,996089,1491786423
-392052502116464544,996089,1491786432
3846729111675870770,996089,1491786438
-2665436520562333817,996029,1491786427
8606248260060146498,996052,1491786425
-4779573209167434577,996052,1491786420
6511780721364515722,77422,1491786408
-2921967129790277590,925098,1491786383
-4805764218716225167,995176,1491786380
-7814897724295662157,995176,1491786394
-1761652545554676990,995936,1491786436
-4621021861271984885,995936,1491786434
-399360262301356005,995936,1491786387
2802278558828063191,995936,1491786379
-2677054997280103757,995936,1491786434
-4557430595805332185,995216,1491786389
-7612898341265062548,996022,1491786405
4358791296516718522,995865,1491786423
-7714820987509829672,996119,1491786403
1254099098260196765,996119,1491786392
517419713856334327,996119,1491786417
66777113052845876,996119,1491786423
-9191561089392395287,996119,1491786433
-1001555970141334596,996119,1491786405
-4635967638516254252,996119,1491786418
1312389920734945573,996119,1491786417
756484952116720308,996119,1491786425
7957488119045832892,996119,1491786414
-7111855370682678592,43841,1491786433
-2655104881899352457,994537,1491786429
8024449275071464923,994537,1491786402
1325613853922400938,996129,1491786435
1693835301307428483,996129,1491786421
-4665648591238312635,996129,1491786415
-8233586707248660638,996129,1491786400
8725469137169490449,996129,1491786387
2831070782295662460,996129,1491786427
7588546819648656146,974441,1491786429
2313737386385027782,974441,1491786383
-5746327156006053884,974441,1491786405
-7344297928230535668,996054,1491786397
-8532493242014164148,996054,1491786439
-1291322105067652577,996054,1491786436
4598527505781555248,996054,1491786388
-7799521907399825129,996059,1491786433
-1291322105067652577,996059,1491786425
-8532493242014164148,996059,1491786419
-7689034427899233272,996059,1491786434
6444325618692682966,995947,1491786437
-381196638673596436,995947,1491786398
-7111855370682678592,43836,1491786395
-2179730226937191672,993484,1491786384
-7628582960625742355,996031,1491786405
301334259986795106,996073,1491786387
-4163559725681304656,996073,1491786438
1479888404191745044,996014,1491786426
7785596423437461908,995889,1491786380
5268080909521411313,995889,1491786434
4149743143764622218,995889,1491786392
3889570979333465258,199002,1491786438
-5800087061812195034,199002,1491786407
2383850415268991474,995827,1491786390
2317268713383534112,996146,1491786380
-6180895633844038926,996146,1491786389
3579454586327045948,996146,1491786421
8901231011239810177,996146,1491786428
1240454232003968890,996146,1491786403
1752920913486102946,996146,1491786428
-9061340269622852352,996146,1491786419
1423551401484669197,996146,1491786381
-3126816250154475717,996146,1491786398
5833680447456164116,996146,1491786385
1514222516505906079,996104,1491786403
7061814964381893303,996104,1491786397
2106637916709544974,996104,1491786379
-8777618120025384596,996104,1491786406
-4839314459310469463,996104,1491786419
3237553377821476882,996104,1491786385
3461836986300563857,996104,1491786421
7780003445640453359,995951,1491786407
7109064520192074937,995951,1491786413
-7216675830216702933,968109,1491786396
-7324385770684193683,995783,1491786381
-3286472043531279234,995570,1491786410
4339001464354986950,996080,1491786409
1937140636600047413,996050,1491786387
4630929513753932755,996050,1491786415
-3829380600138242549,996050,1491786423
-6294517740152268055,995939,1491786403
-3445862727737168581,995979,1491786404
2159976287350671193,987934,1491786407
8849401200952162079,996030,1491786418
-6774107265029331704,995361,1491786421
7633007183802967012,995361,1491786431
-4733179998015742523,988454,1491786410
4341734805462239253,988454,1491786427
-4897365095071270706,988454,1491786407
428955614254505817,996086,1491786383
-8105903576101737171,996086,1491786388
2285108713613852332,996086,1491786388
4127570773150092708,996086,1491786420
6088674774886049532,996086,1491786411
-4445393548504974222,996086,1491786404
4675041324921555934,996086,1491786393
-7424069003486387258,996086,1491786393
-3830006889950973731,996086,1491786436
-5603583883418475252,996086,1491786392
8415763587528330902,996086,1491786398
7333336654454144416,996086,1491786405
4012728887076992062,996086,1491786418
-3002236022322925184,996086,1491786383
5276703210674573096,996124,1491786414
756484952116720308,996124,1491786425
7986045620112459579,996124,1491786402
-4078504679135544323,996124,1491786408
-5454304688503644817,996124,1491786422
2928429539423101949,996124,1491786386
-5925759212226876720,996124,1491786426
-8809432864601726417,996124,1491786433
-439665694341205797,996124,1491786423
-1001555970141334596,996124,1491786389
-4635967638516254252,996124,1491786390
1564016681360894298,996124,1491786422
1312389920734945573,996124,1491786416
7347001940028748511,996124,1491786414
-9191561089392395287,996124,1491786394
2504405029282892350,996124,1491786437
-4906811699381673764,996124,1491786390
-5728157209943618512,996124,1491786438
-4894378716655461603,996124,1491786437
928498621603468546,996124,1491786432
-651815093244530260,996124,1491786426
6525036753385891360,996124,1491786418
-8639594742367514292,996124,1491786426
2236916293474795393,193883,1491786428
2204616154441630070,972031,1491786401
7648446075247404857,972031,1491786434
-1291322105067652577,996067,1491786404
8545054671959402244,996067,1491786398
7770389560700987947,996067,1491786406
7061814964381893303,996105,1491786379
3237553377821476882,996105,1491786385
-8777618120025384596,996105,1491786406
3461836986300563857,996105,1491786421
-4839314459310469463,996105,1491786419
862444695349130165,996105,1491786404
66777113052845876,996120,1491786426
517419713856334327,996120,1491786417
-7714820987509829672,996120,1491786402
2275672915552160039,876115,1491786425
-6107824492232036354,996143,1491786432
-908212671554722191,996143,1491786381
-8519580029791956149,996143,1491786382
4918953708390696881,996143,1491786381
-7480991950215636712,996143,1491786423
-7423427809426390728,996143,1491786438
3579454586327045948,996143,1491786421
-8415796244261930892,996143,1491786438
8901231011239810177,996143,1491786428
1240454232003968890,996143,1491786404
-6554115002025365988,996143,1491786424
5827989057057116856,994454,1491786381
3357823411228964243,995521,1491786415
-908212671554722191,996145,1491786410
4837825003597823243,996145,1491786399
-7353758575723420877,994915,1491786380
-6979387084971359957,994915,1491786408
-6746741208955008828,196590,1491786390
-4244772772119077027,996133,1491786381
1693835301307428483,996133,1491786429
-8233586707248660638,996133,1491786403
8725469137169490449,996133,1491786388
1325613853922400938,996133,1491786435
-4665648591238312635,996133,1491786416
-4163559725681304656,996075,1491786437
-5967413031045348177,996075,1491786418
632264225844276372,996075,1491786422
2175956606636922865,895772,1491786394
7423266954243512623,996126,1491786398
-4244772772119077027,996126,1491786432
844532617838832392,996126,1491786411
-7068486626363307067,994017,1491786389
3357823411228964243,995999,1491786423
8849401200952162079,996097,1491786418
6217011793022665136,996097,1491786426
-8609015449209180534,996097,1491786398
-1391040568401721001,996097,1491786426
-3830006889950973731,996097,1491786413
-4953293742787480921,996097,1491786416
4127570773150092708,996097,1491786429
4026062420605036845,996097,1491786430
-4084092187814271601,996097,1491786384
-2156771232183143081,996097,1491786384
-4259929960921061678,996097,1491786400
1286636239845944109,996097,1491786414
-3714490588718988749,996097,1491786397
1562524070593857916,996097,1491786393
-6528573799854453153,996097,1491786379
-7282242812684381215,996005,1491786380
8801303261643261969,996005,1491786426
3393101699846375722,996005,1491786435
7423266954243512623,996127,1491786422
844532617838832392,996127,1491786418
5567070081650139970,995921,1491786432
-3087165920393347083,993466,1491786406
7718049987602889677,995125,1491786390
4341039568245117171,248560,1491786428
-1344584460120597710,933954,1491786389
-4445700339769382007,945712,1491786418
-7358701336063044280,990939,1491786400
3850055870006627259,990939,1491786417
7365321042754030111,990939,1491786410
-7111855370682678592,43847,1491786406
2671535565367346114,995851,1491786424
1325613853922400938,996132,1491786384
-4665648591238312635,996132,1491786389
2831070782295662460,996132,1491786427
-8233586707248660638,996132,1491786384
8939569741922054483,996132,1491786420
-8406929028546133154,996132,1491786435
-4805764218716225167,995550,1491786380
2817599962897143316,992806,1491786435
7686576537966729762,932585,1491786423
-6685916282087043575,996103,1491786428
2106637916709544974,996103,1491786403
7061814964381893303,996103,1491786397
-5908155586272793041,995434,1491786423
7111996109141057098,995862,1491786429
4358791296516718522,995862,1491786423
4122117803466496180,996138,1491786436
8725745143945173872,996123,1491786421
-8879631647454666382,995769,1491786439
-4953293742787480921,995193,1491786426
-8599027337756748753,995833,1491786438
1093713418265777018,996094,1491786436
5844418970950683301,996094,1491786384
5020179864286844676,996094,1491786422
4012728887076992062,996094,1491786407
7333336654454144416,996094,1491786383
-8894625307341792682,996094,1491786414
2148005052645543053,994012,1491786412
4358791296516718522,995864,1491786407
-5271534363458228811,995662,1491786420
569817618254342046,996088,1491786414
3846729111675870770,996088,1491786406
-392052502116464544,996088,1491786424
-8105903576101737171,996088,1491786433
-3286472043531279234,995573,1491786410
3357823411228964243,996016,1491786388
-8788480150269615019,996082,1491786402
8387982637235092274,996082,1491786410
569817618254342046,996082,1491786438
-5289299311544281357,994243,1491786383
-6979387084971359957,994243,1491786392
5567070081650139970,995925,1491786408
700963888560815225,995917,1491786401
-5220895481059086471,995917,1491786426
862444695349130165,996107,1491786404
-8777618120025384596,996107,1491786382
-4839314459310469463,996107,1491786414
3461836986300563857,996107,1491786403
1061932229570309494,996107,1491786429
-7555210635252941193,996107,1491786429
-6180895633844038926,994953,1491786412
-1251748964554046894,994953,1491786420
-4938952554741688888,994953,1491786404
-6224180109935122067,994953,1491786396
-8051704686153908538,994953,1491786411
3357823411228964243,996018,1491786383
8801303261643261969,996007,1491786426
8155810751213079652,996007,1491786396
-1276872001202874910,995741,1491786383
-3829380600138242549,996056,1491786393
4837825003597823243,996122,1491786394
4424762271828001954,996122,1491786429
8252512706363894481,996122,1491786417
-3368287588135358355,996122,1491786421
-272990739368053719,996122,1491786420
-599155762744672879,996122,1491786413
4156048455551751648,996122,1491786404
4215664262371663006,880081,1491786386
1146786195745372808,914620,1491786393
-7876196894879594194,995585,1491786406
8411900506397577959,996135,1491786410
2831070782295662460,996135,1491786382
-3334763326136828054,996135,1491786417
9036809080670616029,996135,1491786397
-908212671554722191,996135,1491786424
4837825003597823243,996135,1491786399
-92573639187989527,996135,1491786396
-6774107265029331704,996135,1491786412
3128585442245492919,996135,1491786403
6945101741003887863,996135,1491786429
5386775015240014796,996135,1491786427
-3372103262633056249,996135,1491786401
2221850711895305187,974615,1491786404
5379766154138618710,995595,1491786393
8939569741922054483,996137,1491786420
-8233401976143030486,996137,1491786415
2831070782295662460,996137,1491786403
-7612898341265062548,996025,1491786423
9209724511041605878,996025,1491786395
3302605704111665377,996114,1491786410
1575560839182907145,996114,1491786430
-5158257030829276811,996114,1491786412
-8136719182423017263,996114,1491786391
5484955304199894981,72028,1491786385
-7111855370682678592,43846,1491786425
755869356679134349,965598,1491786408
-8175861875791092230,987717,1491786428
-2274531319046995208,156581,1491786419
7109064520192074937,995937,1491786412
7780003445640453359,995937,1491786393
6444325618692682966,995937,1491786439
5567070081650139970,995926,1491786381
-1081860940966110139,994074,1491786394
-1135234318143895655,996111,1491786426
2002786300549199170,996111,1491786386
-586235769963161511,996111,1491786398
7016096940114782784,996111,1491786409
4866919379780604754,996111,1491786394
1283567360612951527,996111,1491786404
1524748040398923731,996111,1491786397
3173849600201230687,996111,1491786384
-5818883430426500315,996111,1491786426
8821155184885195595,996111,1491786402
957210471427711882,996111,1491786394
855412274842512360,996111,1491786416
8793080182580452362,995489,1491786410
-4445700339769382007,973903,1491786418
8573183790684067554,996039,1491786380
2287701203402415713,993963,1491786392
2831070782295662460,996140,1491786388
4556325791529725899,996140,1491786388
-908212671554722191,996140,1491786425
1296249397776696396,996140,1491786404
-3334763326136828054,996140,1491786417
3357823411228964243,996003,1491786437
-135090330913521926,995629,1491786389
631150753466461046,995884,1491786380
