-800408366861542262,992074,1491532679
3337918022235202100,994493,1491532654
-1261575099315408340,994902,1491532652
6323393319348243467,994902,1491532640
3220280157754363643,994902,1491532689
-4036798547767592092,994902,1491532659
6456304017214245924,346169,1491532639
-8086878660631410105,995026,1491532686
3631613552742640353,995026,1491532693
6851050878853434671,995026,1491532686
-2329484952973720228,995026,1491532647
-4213882034206747719,995026,1491532683
7663975037801740662,993513,1491532682
-4213882034206747719,994987,1491532655
-714963534671505770,994987,1491532659
8443164622172145428,994338,1491532651
-1699101124384063905,992332,1491532676
-3823611226680215426,995119,1491532652
3914689514805592009,995119,1491532650
-5195915006210978434,994873,1491532646
7672180573550634805,994972,1491532692
961637462661940052,994972,1491532676
-6429845658846804195,994972,1491532657
5697858275450901049,994698,1491532639
-1166008695801514951,995031,1491532650
1059988929250300284,995031,1491532696
8696875225134454594,978928,1491532640
7177461104173948589,972031,1491532637
-1903260983943828746,972031,1491532671
1471191095870393214,972031,1491532696
2215286754489970430,924934,1491532642
4176600230400445859,994721,1491532661
-9029239015138661916,994721,1491532646
-1541197809430423138,995078,1491532661
-8273664285770371977,995078,1491532675
-2082425678420838161,995078,1491532679
1587532266328884764,995078,1491532667
-5923378560397723828,995078,1491532683
-3115619572992711795,995078,1491532692
-2826972865586609873,995078,1491532690
-714963534671505770,995002,1491532644
-3054324454058350104,995002,1491532695
1059988929250300284,995039,1491532676
4397089824984699019,995039,1491532693
-7499446680385844736,995039,1491532649
8253224697730550669,995039,1491532695
-4533732421593256093,995039,1491532665
-7696277719222118204,995039,1491532659
1525206237873688885,994318,1491532683
-8216698076636878706,994671,1491532659
7746021686828398550,991871,1491532642
-3054324454058350104,995003,1491532695
2374158508602523724,994772,1491532656
2648266811637837428,994772,1491532679
-98345711087864741,994263,1491532655
-6622671254629089094,981688,1491532665
3274328729646327791,994664,1491532679
-8306731614033439985,988529,1491532669
-4585540267030136067,994936,1491532689
-4491766683930600839,994936,1491532675
8521396387107767836,994936,1491532661
-7131127662440849328,994936,1491532650
-7220677162749249946,994936,1491532680
3861490258462207436,994936,1491532656
-5875912900180419548,995055,1491532685
7126090423216460653,995055,1491532644
2423460252054037807,995055,1491532638
-2303148822553369050,995055,1491532648
4709334276959091135,995055,1491532659
-1746214990290972548,995055,1491532675
-4903538973292712571,995055,1491532673
-7925611677673468388,995055,1491532686
1587532266328884764,995055,1491532690
8673756022680694701,995055,1491532657
-2486222879814112482,995055,1491532640
-3909927736149770,995055,1491532650
1871578722372585384,994563,1491532645
-4712746510296456545,994999,1491532683
1846817293702261543,994999,1491532665
-3631802790655444410,994999,1491532656
-4156576742985026874,995037,1491532641
533843237061578176,995037,1491532696
4244552292226692457,994907,1491532637
-7696277719222118204,995043,1491532659
-4533732421593256093,995043,1491532665
8253224697730550669,995043,1491532695
4397089824984699019,995043,1491532679
7180562066740867911,993974,1491532657
5563582960410954806,993974,1491532684
2756898851007574741,993974,1491532654
3539344481984679778,993974,1491532679
6787248380304151235,993974,1491532645
5212270128664545926,995104,1491532652
2577605225008665490,995104,1491532667
-4665824473773555390,995104,1491532686
837323915553319060,995104,1491532683
-8789691566920047857,995104,1491532641
6941596955468087787,995104,1491532680
-1039209592814087684,995104,1491532664
-2362392812793155939,995104,1491532667
3209470284978479723,995104,1491532664
1306337178640246131,995104,1491532664
-8137919617295389721,995104,1491532639
-6090330611313504371,995104,1491532659
-8249895984111234347,995104,1491532668
181432223567793048,995104,1491532688
1733499422154345390,995104,1491532666
8497829809573315236,995104,1491532685
-1215832130408364975,995104,1491532681
-3279287627702345111,995104,1491532665
-1799507476513093831,995104,1491532655
5943288873393997471,995104,1491532662
-3243756619494698151,995104,1491532641
-7374960099626923018,995104,1491532673
-7556625130243405123,995104,1491532673
8306968163374940546,995104,1491532662
3263552926048810122,995104,1491532689
2336744603603355232,995104,1491532656
5023135025821734979,995104,1491532682
-4824422388265589087,995104,1491532661
8646294123044938372,995104,1491532692
-283495112964934173,995104,1491532696
2008748424015268105,995104,1491532657
4762640568075693267,995104,1491532663
5372994176296949867,995104,1491532696
-2947691289529925887,995104,1491532679
4212370162976022241,995104,1491532693
-2576075787029615789,995104,1491532641
-6135938723463689872,995104,1491532646
834816270941178540,995104,1491532675
5686927488310061527,995104,1491532654
4344149284204195101,995104,1491532637
5702727463459678443,995104,1491532665
-5079444606031521890,995104,1491532641
5137309463128443530,995104,1491532690
-6320991215791060768,995104,1491532670
-1909477342092362385,995104,1491532675
5514927733982097326,995104,1491532696
-6606248582657278631,995104,1491532676
2707019166831000630,995104,1491532657
-4998956703366370625,995104,1491532653
-3957260681205539037,995104,1491532682
-7250913958291504874,995104,1491532652
-9038599553408523733,995104,1491532676
6928154399239255353,995104,1491532674
276232820505033670,995104,1491532692
-4277931393053070335,995104,1491532638
-4553690690881547130,995104,1491532644
-349659071307978396,995104,1491532668
8374240721475039900,995104,1491532662
5890524195556274738,995104,1491532656
-5715999038278425014,995104,1491532658
8730668225469195442,995104,1491532665
4640963838912288784,995104,1491532650
-5100037318216677484,995104,1491532691
1186799914850061337,995104,1491532694
-1660606910252373966,995104,1491532672
8995641284486848015,995104,1491532694
5851653942338096534,995104,1491532672
3126922108203565992,995104,1491532651
-7299334663264051771,995104,1491532659
6566120226427916107,995104,1491532646
2711803699681551507,995104,1491532642
5753424329813468244,995104,1491532678
7124218517168963058,995104,1491532676
6678205304185151942,995104,1491532667
4182414738029327507,995104,1491532661
-8061423145618263834,995104,1491532645
3286519138264433594,995104,1491532675
-5214453555581646562,995104,1491532648
-9020648988637058740,995104,1491532641
-7093382304318250616,995104,1491532644
-1248078450600335563,995104,1491532684
8785208371746577928,995104,1491532665
-5647577701406645771,995104,1491532690
8071903105385372672,995104,1491532649
-4185859102085887822,995104,1491532645
-7085472419705075376,995104,1491532663
-7335534982434739580,995104,1491532675
961637462661940052,995104,1491532666
-2428962459287812181,995104,1491532689
479109343513037102,995104,1491532691
-8634694511261991549,995104,1491532680
-651462348511313466,995104,1491532691
-4452968662135254911,995104,1491532695
-7798301790808188194,995104,1491532687
6527569595123209167,995104,1491532675
7997261388970002522,995104,1491532687
7322672391512390302,995104,1491532646
4983862547766577746,995104,1491532672
-6815766392443156608,995104,1491532668
6816326549841428626,995104,1491532640
5771317848451481866,995104,1491532686
6437782360886081000,995104,1491532659
1259413077818468188,995104,1491532645
6648731484052455168,995104,1491532647
-5508826655026852658,995104,1491532677
1193139182278120292,995104,1491532645
-7451333006503609261,995104,1491532657
7573034118589413064,995104,1491532650
-6695331641890652943,995104,1491532695
2499538987940717624,995104,1491532644
4212307006093527686,995104,1491532639
8388500376693366048,995104,1491532640
2082028986148045044,995104,1491532686
-5361877698784388225,995104,1491532681
-2998237505788765263,995104,1491532652
3493147567079908307,995104,1491532649
3277753489475092886,995104,1491532662
-2656039081830806002,995104,1491532690
-1857770460663147343,995104,1491532673
8008516974622338968,995104,1491532666
-1655131692919964139,995104,1491532693
-1615719264954419649,995104,1491532683
4413521863295193287,995104,1491532642
-2497784069596485342,995104,1491532667
1944149707594856819,995104,1491532677
-2723863677527919422,995104,1491532678
-1694890727369384634,995104,1491532645
-7578205176729685977,995104,1491532659
2928419027542101796,995104,1491532692
6741834909722255926,995104,1491532679
-8606650372095891032,995104,1491532653
9145649202508345417,995104,1491532638
5077101836923904623,995104,1491532674
-1731880998577217062,995104,1491532674
4868854721412682677,995104,1491532675
-6727034749397259103,995104,1491532671
-4803168080150152606,995104,1491532641
-8146036817018574603,995104,1491532692
-4004552059058795294,995104,1491532649
364924454203603899,995104,1491532665
-2428273928763458613,995104,1491532667
2627942740042112821,995104,1491532650
-1336506201190641656,995104,1491532694
6069522458504340054,995104,1491532650
-5749895864735554472,995104,1491532652
-9076826692806705587,995104,1491532653
5657724722923540928,995104,1491532654
-3411516414037185581,995104,1491532644
2663409222159104216,995104,1491532692
5490272922979656807,995104,1491532647
2103796820445403712,995104,1491532663
3903305840239577530,995104,1491532696
7037861070358580892,995104,1491532693
-5021112408675990215,995104,1491532671
4248729550970394200,995104,1491532660
1694951677740808534,995104,1491532695
-5865267054459159616,995104,1491532667
7233689848791292993,995104,1491532680
6417271290329125177,995104,1491532687
-7552993755423058791,995104,1491532650
3563327645461038268,995104,1491532651
-7125257862366814176,995104,1491532689
-7007146969440094867,995104,1491532655
7806505359456161905,995104,1491532642
-2100086749554208169,995104,1491532667
-2729310923852091805,995104,1491532644
-8717714711835338760,995104,1491532673
7882632394154255720,995104,1491532682
2589205211314834492,995104,1491532672
7872797389624121118,995104,1491532679
5478059504831027229,995104,1491532666
433908613877479131,995104,1491532670
1473491489517329750,995104,1491532651
8488631101941787627,995104,1491532650
8476201168707784316,995104,1491532656
-5559265308133110302,995104,1491532653
-2530157531829092988,995101,1491532667
-581176298609765930,995101,1491532666
-6595297992375577588,995101,1491532677
-166788249063771904,995101,1491532692
5386286466876010426,995101,1491532689
-1805019155502744996,995101,1491532671
-4996282056159867496,995101,1491532658
8042557027795151730,995101,1491532695
6152040018202319049,995101,1491532678
-8594297301932469716,995101,1491532677
-4711764739901021016,995101,1491532656
-1729503526270263937,995101,1491532675
2632326596039873945,995101,1491532662
-8634694511261991549,995101,1491532692
7248427287302956060,995101,1491532673
-3136931704248830304,995101,1491532677
4317405143429642298,995101,1491532696
-5645494275059307737,995101,1491532677
6165042299476450155,995101,1491532674
5444910068532343891,995101,1491532656
-1058459898061705567,995101,1491532697
-652518478101968,995101,1491532691
-8591047113147372570,995101,1491532663
-713165617235121987,995010,1491532639
-5654103889699673215,995010,1491532676
-1028486084994197287,995010,1491532694
-9113791106100101252,995010,1491532651
-5899640907856265240,993963,1491532644
5833303940300952830,993963,1491532645
7036238342776867835,972937,1491532650
46675487376814734,972937,1491532676
964078651826349872,994943,1491532687
-5141828924500476883,994938,1491532656
6291399190022213815,994938,1491532685
-2242264342881120748,403474,1491532659
345749865455416958,985470,1491532679
826181061024555748,993879,1491532670
2374158508602523724,994767,1491532656
3337918022235202100,994485,1491532678
-4801945287410609903,994863,1491532656
4904363077480081927,994863,1491532663
-5242301197166355735,994863,1491532668
5284700793787437945,994863,1491532678
-4591600691045522459,994863,1491532667
-3108469308121144042,994863,1491532691
-3723039193073445663,994592,1491532670
3651802021024707912,994592,1491532665
2441096977862135277,994592,1491532682
-231698387893905152,994937,1491532663
6410884436381133167,994937,1491532672
-6450163462726510694,994937,1491532648
7417020290562746088,994937,1491532642
-6622671254629089094,980425,1491532674
-204385559346778603,988454,1491532694
4846050418038227449,994405,1491532676
-8120859567185802660,994820,1491532676
6064532385980461729,994820,1491532695
-2106210270838374042,994820,1491532690
-3186821928015639235,994833,1491532648
-4095981009932200620,995112,1491532674
-6348945500909767146,995112,1491532683
-7436834919461572197,995112,1491532669
3601156893239370838,995112,1491532679
7961281318815965518,995112,1491532693
5582106829401983645,995112,1491532690
3060613929396559992,995112,1491532648
9077287036241653175,995112,1491532682
-7533531929664674417,995112,1491532694
-2933719773374046253,995112,1491532686
-6043043160893170589,995112,1491532686
8934267427669495830,995112,1491532683
1145242032980298307,995112,1491532653
5692809663682713768,995112,1491532681
-3685703806078091837,995112,1491532663
7435988914344455700,995112,1491532658
-6415503758146178929,995112,1491532647
-3081899021241832427,995112,1491532669
-5809871254947011717,995112,1491532638
829943222596787069,995112,1491532644
-946427682927134284,995112,1491532638
-3563786653125840893,995112,1491532672
-8911683855601584072,995112,1491532657
-3985246420243777011,995112,1491532687
8722848882515345870,995112,1491532675
-7402019177437679807,995112,1491532696
4372710925298154244,995112,1491532660
3353402964865379638,995112,1491532682
-2301556136923523947,995112,1491532674
-4867997965303898496,995112,1491532691
4233080530018371816,995112,1491532696
-7391166437470903639,995112,1491532687
-5027608045348474111,995112,1491532674
-3069613429905666220,995112,1491532661
-8075236039325946210,995112,1491532679
6344531003691891114,995112,1491532652
435285595830549369,995112,1491532658
-678752596170884743,995112,1491532691
4334804961936567066,995112,1491532678
-1894831375305846578,995112,1491532670
-2973232365063438101,995112,1491532662
-779749226467245878,995112,1491532664
-4823770792704517206,995112,1491532693
-6898767238650336795,995112,1491532669
2782837418732892462,995112,1491532695
-4005376171560775588,995112,1491532665
6422353811605704774,995112,1491532685
-2245286438998041677,995112,1491532686
-8621968283996735863,995112,1491532644
-4681396813054489967,995112,1491532638
-6894777220168302256,995112,1491532688
2218852334539467078,995112,1491532690
169439171051492464,995112,1491532660
-8717714711835338760,995106,1491532673
-7085472419705075376,995106,1491532647
2499538987940717624,995106,1491532644
1186799914850061337,995106,1491532654
-1731880998577217062,995106,1491532674
3493147567079908307,995106,1491532649
6304205142716163158,995106,1491532674
-5647577701406645771,995106,1491532670
-651462348511313466,995106,1491532688
-2428962459287812181,995106,1491532684
7124218517168963058,995106,1491532644
-2497784069596485342,995106,1491532667
-3043969603814022503,995106,1491532646
961637462661940052,995106,1491532657
3286519138264433594,995106,1491532646
-1248078450600335563,995106,1491532661
-4059658915386253184,995106,1491532668
-9219063484748691417,995106,1491532675
-3067119649277448049,995106,1491532657
4912182469863788905,995106,1491532652
-1122252828939493395,995106,1491532683
-5986245056908931605,995106,1491532648
-1140946534760024076,995106,1491532669
-8928141301755418268,995106,1491532656
3240373093944706621,995106,1491532688
2321150359548515226,995106,1491532680
-7061287245771628128,995106,1491532653
2551610431258028268,995106,1491532650
9071821499088501785,995106,1491532678
-1335343422156134010,995106,1491532674
-5827784767168855177,995106,1491532659
6329688855753709760,995106,1491532668
7856977283762475107,995106,1491532672
-2993408565627857864,995106,1491532669
7856977283762475107,995109,1491532655
-7719731784605396346,995109,1491532666
-1830862188606293564,995109,1491532638
-6665360518278098029,995109,1491532672
-8106490177249983812,995109,1491532694
2309050861537601348,995109,1491532675
-6489887742295327074,995109,1491532661
4416535120698820290,995109,1491532669
-4722989437711665080,995109,1491532655
-5231725687044026926,995109,1491532682
3752284989934557148,995109,1491532689
2754049313335312844,995109,1491532654
-2503366114685159592,995109,1491532647
291852139793194458,995109,1491532667
-4480909570235598830,995109,1491532667
-8258567145290173552,995109,1491532670
-4601698620719194063,995109,1491532667
-5809871254947011717,995109,1491532670
-1933856832743309358,995109,1491532671
-2025620908891073186,995109,1491532665
2201092598102563053,995109,1491532695
7150304609657967213,995109,1491532677
-6708401090622616394,995109,1491532679
-1634362339061788602,995109,1491532668
-7578205176729685977,995109,1491532640
9049685133556726838,995109,1491532687
8934267427669495830,995109,1491532693
-1675853898520621696,995109,1491532681
-6130066289229768441,995109,1491532696
-381539842653936912,994506,1491532671
-4823886886695545780,994506,1491532640
-1314883858030607822,994409,1491532673
-9093392124330262356,974441,1491532678
1597379819795400943,974441,1491532652
-491397188231648468,993989,1491532652
2462105230641946625,993989,1491532678
924426418348214579,993989,1491532674
31305457921298687,993989,1491532667
1472608062355682081,993989,1491532658
-5957616674821158361,993989,1491532685
-2072159452237029832,993989,1491532655
-279988262942523347,993989,1491532670
-8084472757550585862,993989,1491532680
-4591475930705993507,993989,1491532688
2914474155677356148,994516,1491532675
5534792093501790801,11508,1491532652
-7532527352511860529,994519,1491532684
3635651634267671422,995108,1491532650
-8624076796275322442,995108,1491532688
6055974308421112228,995098,1491532679
-1153827048502124137,995098,1491532663
-5986245056908931605,995098,1491532648
-2497784069596485342,995098,1491532642
-1122252828939493395,995098,1491532683
2321150359548515226,995098,1491532680
-8928141301755418268,995098,1491532656
6329688855753709760,995098,1491532667
-5827784767168855177,995098,1491532658
-651462348511313466,995098,1491532658
9071821499088501785,995098,1491532678
-1140946534760024076,995098,1491532669
-2428962459287812181,995098,1491532656
3240373093944706621,995098,1491532688
-4415427487677644323,995098,1491532674
-496998241031345769,995098,1491532682
2551610431258028268,995098,1491532650
5937271327186351155,995098,1491532689
-7673154474135335735,995098,1491532648
-1248078450600335563,995098,1491532655
961637462661940052,995098,1491532644
-3067119649277448049,995098,1491532657
4912182469863788905,995098,1491532652
5169100769492773351,995098,1491532649
4346971274568412681,995098,1491532665
8121047695237088675,995098,1491532688
-2025620908891073186,995098,1491532674
8504873930507084127,995098,1491532654
247049165589202517,995098,1491532673
3217412364426377892,995098,1491532666
-2504392336661842960,995098,1491532664
4751358450624690919,995098,1491532691
-1652276652334702215,995098,1491532644
-868536690908851529,995098,1491532665
4733451676560752407,995098,1491532654
-5915367200935330021,995098,1491532668
2945328200735396116,995098,1491532694
-7578205176729685977,995098,1491532654
-5760702865308323956,995098,1491532676
-8377635901167068182,995098,1491532683
873272415321982348,995098,1491532687
3561473953618867078,995098,1491532658
6738865812152764374,995098,1491532680
3036130941174291599,995098,1491532671
-5809871254947011717,995098,1491532682
8688625496844484704,995098,1491532643
-8624076796275322442,995098,1491532688
-7013221226329702864,995098,1491532677
-224928028981494691,995098,1491532667
898288996061336666,995098,1491532638
-2821845171342257785,995098,1491532654
5717017213482087440,995098,1491532697
-3127193509255563301,995098,1491532681
7446247291523350386,995098,1491532695
-5591870227012662819,995098,1491532672
-3257102194232315165,995098,1491532684
-1933856832743309358,995098,1491532692
-5495493586482624638,995098,1491532652
-5806350523364073186,995098,1491532641
5221486746012077921,995098,1491532657
-1898401588615712138,995098,1491532690
-4014674902046075826,995098,1491532693
7283018396859617551,995098,1491532652
4249391006493504850,995098,1491532693
1055336251258861019,995098,1491532664
502393777616404092,994786,1491532689
-6796215516245235076,993453,1491532659
-98345711087864741,994266,1491532655
-8305168862271494389,994914,1491532678
-1746214990290972548,994914,1491532676
524193150772067656,988990,1491532645
4551451202234138706,991760,1491532639
-7339319987357389228,983270,1491532656
-1512363237939466566,992285,1491532663
735185825898096136,994851,1491532692
4175592496674682389,961493,1491532643
6923178010326855248,994626,1491532673
8311139669775273005,994775,1491532647
-6659816210332802257,994775,1491532657
6089709700877010497,994731,1491532653
935090539978260827,995040,1491532642
-1452607880380925706,963794,1491532687
-449800541440517117,994685,1491532643
-6595297992375577588,994685,1491532658
9023804007482525852,994685,1491532654
9155918014853370926,883595,1491532639
-791602714820666866,995081,1491532668
-5923378560397723828,995081,1491532647
-4049614256377383827,995081,1491532649
-6401807096871080793,995081,1491532696
-8951389730668127378,995081,1491532696
-2224059861219882555,995081,1491532682
-6340172633353226919,995081,1491532662
3122663631519657107,995081,1491532675
8730017715754758929,995081,1491532682
-2219060042404832301,995081,1491532674
3883869046124506649,995081,1491532676
-4415279754071078287,995081,1491532678
8482920699840735882,995081,1491532639
7537102504544076129,995081,1491532673
8630292841319956171,995081,1491532687
-4962405345545720988,995081,1491532657
5332145069771011427,995081,1491532680
8563327203416821952,994118,1491532653
-4063408442602774120,995004,1491532639
3337918022235202100,994502,1491532678
-2659669912515758518,995021,1491532660
1362382667135090875,995021,1491532663
471720497994232626,939150,1491532684
2852128229886956985,995022,1491532647
5894694253815356674,995022,1491532640
-4637832229251430768,995022,1491532670
-8480082725515297704,995022,1491532671
8431530356728221458,995022,1491532659
6078129294452914680,911545,1491532684
-6293789495047546713,911545,1491532654
-4533732421593256093,995035,1491532643
8253224697730550669,995035,1491532684
4397089824984699019,995035,1491532668
-8893094414561442293,995035,1491532676
-5306369628218287253,995035,1491532644
4176600230400445859,994749,1491532679
2232942983380809954,994814,1491532679
-1211754043182656093,994814,1491532666
-8252435979697497307,994814,1491532694
3905540128364369098,995091,1491532692
-303658424751775862,995091,1491532690
-4962405345545720988,995091,1491532639
-7957959736889286484,995091,1491532694
3122663631519657107,995091,1491532639
-882121601921879079,995091,1491532680
7537102504544076129,995091,1491532661
-5968113624722567759,995091,1491532662
-4777731821306581845,995091,1491532693
-6595297992375577588,995091,1491532681
751929477759070918,995091,1491532675
7466339303207899215,995091,1491532689
-3386945959781829565,995091,1491532693
-2224059861219882555,995091,1491532646
6622846449370680570,995091,1491532671
5332145069771011427,995091,1491532642
-6401807096871080793,995091,1491532646
7724173112020492612,995091,1491532652
-8951389730668127378,995091,1491532649
-4336504547978768828,995091,1491532696
-4415279754071078287,995091,1491532662
3883869046124506649,995091,1491532653
2411653635467545320,995091,1491532681
-2219060042404832301,995091,1491532642
5081415714255291257,995091,1491532674
5365722090058006349,995091,1491532654
714859456814380144,995091,1491532695
8738549587268362206,995091,1491532666
-5858988721655319027,995091,1491532660
-3609061957015925245,995091,1491532646
-4303661473522106998,995091,1491532692
4904030268938014423,995091,1491532660
-5495290191374176805,995091,1491532672
-8509640183152177501,995091,1491532644
9201230355415271914,995091,1491532686
1603626358011899635,995091,1491532683
-6491447444584407010,995091,1491532675
6359598543138135073,995091,1491532658
502393777616404092,994496,1491532689
8754502271630226483,995068,1491532666
3010417580272536850,995068,1491532651
-6170265810224384120,995068,1491532663
-1746214990290972548,995068,1491532646
1587532266328884764,995068,1491532675
8735293389931963378,995068,1491532680
6999313619487431891,995068,1491532640
-5380437663602040188,995068,1491532676
436404924854624747,995068,1491532675
7648580849002467382,995068,1491532695
-8273664285770371977,995068,1491532692
-2082425678420838161,995068,1491532692
-5923378560397723828,995068,1491532692
-8903562966320985774,995068,1491532685
901131266278038962,995068,1491532694
-2713625647332573730,994477,1491532679
-2348729730252460132,994477,1491532641
6456304017214245924,346183,1491532639
1871578722372585384,994726,1491532642
3274328729646327791,994663,1491532650
-7420825209345315544,986277,1491532652
-491397188231648468,994942,1491532653
1508874270955249705,993462,1491532690
-1869754202782504560,994670,1491532666
7844149771835329619,994558,1491532658
-1720585490349713135,995118,1491532695
6123068546978244167,995118,1491532686
8167286107157826404,995118,1491532651
7319131213432349817,995118,1491532666
2782837418732892462,995118,1491532675
-69868129313763859,995118,1491532668
4233080530018371816,995118,1491532690
1584248289934761121,995118,1491532686
5744604565392579288,995118,1491532642
8292692618157134493,995118,1491532652
-6806079885185031533,995118,1491532694
5999413046998825135,995118,1491532671
-2993408565627857864,995118,1491532646
2442103072012277319,995118,1491532655
6620150703598118568,995118,1491532658
-5356314990000045374,995118,1491532678
-398407080057189809,995118,1491532653
-9186540816283272589,995118,1491532684
-2694987655658415726,995118,1491532656
-8340278558515455567,995118,1491532666
3994755857444095018,995118,1491532650
-6790803785177347713,995118,1491532676
-874036428321272784,995118,1491532658
8227173380617834649,995118,1491532688
559121825174638224,995118,1491532643
-5131655769497591557,995118,1491532696
-2273524410783708812,995118,1491532680
1586664880825817847,995118,1491532657
239651262154075568,995118,1491532648
1020351178268163878,995118,1491532679
5628550373763204415,995118,1491532664
-334363790640884685,995118,1491532654
-5150776869404735819,995118,1491532652
809696331355711808,995118,1491532691
-8214525205882470722,995118,1491532688
7664685895438538905,995118,1491532659
2747693286225148284,995118,1491532683
1145242032980298307,995118,1491532686
-5480442184159603350,995118,1491532680
-2367819592429105779,995118,1491532651
-2884731198872144222,995118,1491532689
-5714933696440635992,995118,1491532688
7241972317613875561,995118,1491532654
-7226124986055582266,995118,1491532688
1518951838715323176,995118,1491532656
-6027183769519266895,995034,1491532674
-2659669912515758518,995034,1491532648
-4137338378894389510,995034,1491532658
-1291073241164497463,995034,1491532646
-2446159528883702631,995034,1491532670
-6675117473718981886,995034,1491532639
1362382667135090875,995034,1491532659
461570401496785309,995034,1491532696
5414025691845358540,995034,1491532694
3775609600659493905,995034,1491532690
1220564104291308526,995034,1491532689
3578012431571478390,995034,1491532688
3805561595063823943,995034,1491532662
-1787173993612892321,995034,1491532692
7863146370417488004,995034,1491532688
2907580258331938573,995034,1491532661
6230083356852916418,995034,1491532647
4333821099876294966,995034,1491532672
2648266811637837428,995034,1491532680
9084631797131833547,995034,1491532680
-7240427033354965989,995034,1491532686
-8151989761504344756,995034,1491532678
-29930616069428336,995034,1491532672
-2950568459856627313,995034,1491532641
1935545419501048567,995034,1491532682
-763835434195039063,994956,1491532647
3682850308745099124,995097,1491532640
8176919533199681425,995097,1491532644
-12767905028716902,995097,1491532649
8181608618083971324,995097,1491532664
-1684661681237509937,995097,1491532646
2632326596039873945,995097,1491532687
-4996282056159867496,995097,1491532677
8094384934885791674,995097,1491532642
-4711764739901021016,995097,1491532668
-1805019155502744996,995097,1491532678
3643158771409368355,995097,1491532638
-8634694511261991549,995097,1491532696
-1729503526270263937,995097,1491532675
-166788249063771904,995097,1491532693
8042557027795151730,995097,1491532695
5386286466876010426,995097,1491532689
6152040018202319049,995097,1491532678
2900640559277283067,995097,1491532650
-8594297301932469716,995097,1491532677
-6293789495047546713,989310,1491532655
-7479497551402306328,994941,1491532687
-6429845658846804195,994977,1491532657
-1027022755087331533,994977,1491532686
-6506293882720344793,994977,1491532665
-231698387893905152,994977,1491532663
6410884436381133167,994977,1491532672
-1452607880380925706,994396,1491532672
5426440816282537484,995089,1491532661
-4336504547978768828,995089,1491532671
3350242062169223671,995089,1491532686
2411653635467545320,995089,1491532663
-8937235139374934206,995089,1491532675
-508217647900191245,995089,1491532667
2719679055469631432,995089,1491532663
-8394064075792262999,995089,1491532662
-7345388508088871639,992819,1491532691
1232071404690414456,992819,1491532692
201085698415299158,426881,1491532697
2648266811637837428,994777,1491532675
7126090423216460653,994486,1491532684
7164843216896157993,994486,1491532653
-7104837677029610546,994486,1491532665
8646443319497155491,994486,1491532678
6421975919955445498,994486,1491532662
1159343804086619314,994747,1491532658
3476552774681653210,994727,1491532694
-6659816210332802257,994781,1491532649
4244552292226692457,994781,1491532682
-1424797036736934738,994781,1491532680
-5113178604174735449,994944,1491532668
4997790378235818246,116996,1491532675
-8440494542292355271,995110,1491532650
-4515971953065890075,995110,1491532691
-3190349119063023579,995110,1491532678
-8871528605746781627,995110,1491532672
8731571770474222809,995110,1491532648
898288996061336666,995110,1491532638
-5915367200935330021,995110,1491532668
-5351160343584821348,995110,1491532690
8125546741018989495,995110,1491532680
3290597011720659769,995110,1491532679
-1756318993316024213,995110,1491532662
-868536690908851529,995110,1491532665
-2171269792102048786,995110,1491532642
-1838318850972366541,995110,1491532639
5221486746012077921,995110,1491532657
-1652276652334702215,995110,1491532644
-5760702865308323956,995110,1491532676
3229649985400796953,995110,1491532643
7158137195453923691,995110,1491532690
5801225713503918682,995110,1491532688
-3203130160302086482,995110,1491532685
-2504392336661842960,995110,1491532664
8121047695237088675,995110,1491532687
1055336251258861019,995110,1491532664
-2821845171342257785,995110,1491532654
-5855099199663592241,995110,1491532691
-5023179682349421495,995110,1491532662
5717017213482087440,995110,1491532696
5169100769492773351,995110,1491532648
-5495493586482624638,995110,1491532652
-5591870227012662819,995110,1491532672
92102029046874634,995110,1491532684
8504873930507084127,995110,1491532654
-4415427487677644323,995110,1491532650
8286091472618372148,995110,1491532682
-7013221226329702864,995110,1491532677
-8377635901167068182,995110,1491532683
2945328200735396116,995110,1491532694
4733451676560752407,995110,1491532654
247049165589202517,995110,1491532673
-3067119649277448049,995110,1491532652
5937271327186351155,995110,1491532677
3217412364426377892,995110,1491532666
-5721165697460738187,995110,1491532665
-3333582234736438400,995110,1491532676
2733476599119304838,995110,1491532680
4291097908431633222,995110,1491532673
-8625076550776956691,995110,1491532661
3561473953618867078,995110,1491532658
873272415321982348,995110,1491532687
-496998241031345769,995110,1491532661
-1898401588615712138,995110,1491532689
-7673154474135335735,995110,1491532639
6738865812152764374,995110,1491532680
4751358450624690919,995110,1491532691
-224928028981494691,995110,1491532667
961637462661940052,995110,1491532639
4249391006493504850,995110,1491532693
-6862739441398475571,995110,1491532691
-7383657270626499864,995110,1491532675
-2693315178303897232,995110,1491532687
-5709297151048203075,995110,1491532697
3111956795414285464,995110,1491532696
2432717614414429888,995110,1491532651
4912182469863788905,995110,1491532648
-1933856832743309358,995110,1491532692
5322018177246924342,995110,1491532670
-722025714077845065,995110,1491532658
-1248078450600335563,995110,1491532650
-3577526649183450644,995110,1491532643
-5809871254947011717,995110,1491532682
-2025620908891073186,995110,1491532674
-2503366114685159592,995110,1491532653
7446247291523350386,995110,1491532695
-9033499750396174254,995110,1491532693
-2245286438998041677,995110,1491532655
5624071761310958263,995110,1491532638
-5773784404138443741,995110,1491532645
3179474585976906609,995110,1491532693
6962621204347333226,995110,1491532687
-6901948349876408351,995110,1491532659
1653908982507567869,995110,1491532675
-5231725687044026926,995110,1491532682
5117400955954929415,995110,1491532683
-5631323830983674497,995110,1491532647
2309050861537601348,995110,1491532671
-2321786688795542180,995110,1491532639
7420130216634922473,995110,1491532688
-1869754202782504560,995110,1491532650
-7010234078199580436,995110,1491532687
-4289215990017722830,995110,1491532654
8866104982924641648,995110,1491532670
2146823760208868991,995110,1491532666
6321275395463494923,995110,1491532639
-5520257398031748836,995110,1491532673
-294871095422472086,995110,1491532693
-200367946257451470,995110,1491532653
5540737495823030587,995110,1491532655
2648289497033694963,995110,1491532644
-8214525205882470722,995110,1491532697
7554111807437184783,995110,1491532664
-4622621193058903544,995110,1491532672
3539344481984679778,995110,1491532670
6287650198242781088,995110,1491532695
3994755857444095018,995110,1491532665
-8448175063456481232,995110,1491532676
7627170176410639526,995110,1491532644
-3225510405914505612,995110,1491532655
4416535120698820290,995110,1491532670
8901047044807154261,995110,1491532639
475933614538833885,995110,1491532675
2754049313335312844,995110,1491532654
-5470891738025645210,995110,1491532664
4104564328240842248,995110,1491532691
-6884522244601465699,995110,1491532648
6467851415211846285,995110,1491532649
-8258567145290173552,995110,1491532670
-8471661861660744392,995110,1491532660
8865716846214373627,995110,1491532683
155093976872607245,995110,1491532655
8734913104165949626,995110,1491532685
-4722989437711665080,995110,1491532656
4242424677579527912,995110,1491532673
1574888086227620641,995110,1491532662
6812426966219796251,995110,1491532640
-6038163211188670541,995110,1491532692
5674310041079765188,995110,1491532683
-7446847304044859721,995110,1491532687
-3165632504231824581,995110,1491532677
7669214607181956112,995110,1491532649
4409746643984511709,995110,1491532670
-7445828524635750028,995110,1491532642
9024428110797417783,995110,1491532672
-1098517211545915021,995110,1491532651
-1232435140317564175,995110,1491532648
2032173829189354898,995110,1491532680
-5673035036371595336,995110,1491532682
-6025450970663586554,995110,1491532650
-4601698620719194063,995110,1491532667
7685919759827365828,995110,1491532694
-4480909570235598830,995110,1491532667
-4104183745172051867,995110,1491532687
6589488861830741553,995110,1491532641
-7248895418704425230,995110,1491532678
6151555235573389769,995110,1491532656
-3606466326815656816,995110,1491532658
-4086972980443325497,995110,1491532662
-3043969603814022503,995110,1491532684
483689114883540013,995110,1491532641
-3153185181384044569,995110,1491532663
4759300639458270887,995110,1491532693
-5655670740851143283,995110,1491532696
1975465784264078080,994826,1491532667
4238437621883918616,994826,1491532671
-8993554159450349009,994871,1491532678
1159343804086619314,994764,1491532659
-1313286536293572987,994668,1491532651
6089709700877010497,994723,1491532650
8889691868587081617,994723,1491532652
5907188149247878568,994723,1491532683
-2420932594905598388,994723,1491532645
8630292841319956171,995087,1491532687
5332145069771011427,995087,1491532680
-4962405345545720988,995087,1491532657
8730017715754758929,995087,1491532652
7724173112020492612,995087,1491532667
7537102504544076129,995087,1491532673
-2219060042404832301,995087,1491532653
3883869046124506649,995087,1491532662
-6401807096871080793,995087,1491532655
-4415279754071078287,995087,1491532668
-8951389730668127378,995087,1491532656
-882121601921879079,995087,1491532685
3122663631519657107,995087,1491532645
-2224059861219882555,995087,1491532651
2411653635467545320,995087,1491532684
3905540128364369098,995087,1491532694
-5968113624722567759,995087,1491532662
6903420660401441705,994228,1491532644
-2826972865586609873,995075,1491532661
-5923378560397723828,995075,1491532675
1587532266328884764,995075,1491532653
-2219060042404832301,995075,1491532692
-2394239565802993486,995075,1491532689
-2633649831996154343,995075,1491532654
-791602714820666866,995075,1491532691
-6340172633353226919,995075,1491532692
-6063458059257048386,995075,1491532661
3883869046124506649,995075,1491532692
612454251674879566,995075,1491532685
8996611986300739123,995075,1491532675
-1918917607292696137,995075,1491532673
-2945617615464282869,995075,1491532675
-8745603948426223690,993893,1491532647
3636534836523249868,994768,1491532650
780239470572310066,995019,1491532645
-8112458125484406772,995019,1491532679
-6194292899962506420,995019,1491532663
935090539978260827,994828,1491532669
-3951501200796081397,994099,1491532653
-3772040042505285017,994970,1491532688
5538213033524528334,994970,1491532672
-5113178604174735449,994970,1491532668
-1109130785785432772,994759,1491532682
2485344699333388781,994759,1491532679
6450513866686030037,995017,1491532672
-8893094414561442293,995045,1491532676
-5306369628218287253,995045,1491532644
4397089824984699019,995045,1491532651
8253224697730550669,995045,1491532659
-5052354009371718981,995045,1491532656
7352913132591006712,994720,1491532690
-3375257169042822471,994055,1491532652
6257098180505902760,994919,1491532693
-3886470642692309896,994882,1491532682
7283369283011572963,994882,1491532660
-763920193200682035,994882,1491532680
-8866511408676272708,994882,1491532684
-2108863036570207608,994882,1491532676
2260634660977300648,994882,1491532695
935090539978260827,994830,1491532651
2462105230641946625,994980,1491532651
-7345388508088871639,994980,1491532667
-4562047694639013858,994980,1491532687
-1775543763754053285,994980,1491532661
4383631319750551009,994980,1491532666
2963618361782042790,994980,1491532695
-2547861823929638674,994980,1491532670
-4778517029405700369,994980,1491532661
4771494123404212107,994980,1491532641
3737306147826700665,994980,1491532670
902591839822172156,994980,1491532675
7809225254283144298,994980,1491532695
-1913751198593156050,994980,1491532665
2944532572513967967,994980,1491532642
-2660905441980968499,994980,1491532641
2756898851007574741,994980,1491532663
-7133225305133763060,994529,1491532676
-8557890676086739437,994454,1491532666
-5395435901650046346,994454,1491532665
1504624443300836603,995059,1491532685
-4006066771328044829,995059,1491532655
5761258386365364847,995059,1491532640
2994650670616677625,995059,1491532663
1934075349404778829,995059,1491532691
-1383122763966287240,995059,1491532663
1431943466250304053,995059,1491532696
-176547120482194762,995059,1491532693
6851050878853434671,995030,1491532682
-2659669912515758518,995030,1491532679
1362382667135090875,995030,1491532663
-8252435979697497307,994554,1491532670
-1211754043182656093,994554,1491532666
-6622671254629089094,985080,1491532651
-1538606943170055572,994974,1491532688
961637462661940052,994974,1491532682
4175692047420924566,993906,1491532682
-8937235139374934206,995093,1491532641
3339575434139286727,995093,1491532695
-508217647900191245,995093,1491532644
3643158771409368355,995093,1491532697
-12767905028716902,995093,1491532684
3350242062169223671,995093,1491532656
-1684661681237509937,995093,1491532693
-4711764739901021016,995093,1491532689
2411653635467545320,995093,1491532641
154389951363766257,995093,1491532663
4327130746972719586,995093,1491532648
-1805019155502744996,995093,1491532687
-1829260824674456393,995093,1491532670
4541101967319248587,992525,1491532686
-1195561901537544282,987229,1491532674
4978923509911875751,994526,1491532694
-9103249334997233074,994526,1491532639
-7104837677029610546,994526,1491532671
8435302280332091115,994420,1491532664
-1699101124384063905,974563,1491532655
7352913132591006712,995027,1491532652
-1291073241164497463,995027,1491532646
-2446159528883702631,995027,1491532670
-2287380721017913759,995027,1491532672
-6027183769519266895,995027,1491532674
-5052354009371718981,995044,1491532656
8253224697730550669,995044,1491532647
-5749742823683423137,995044,1491532666
38781824797842408,995044,1491532646
-6162006608618314550,995044,1491532689
3338437758536701670,994713,1491532650
2668636506993486946,994743,1491532675
60024561615537782,994976,1491532640
981508440034483770,994976,1491532666
7489748255938778541,994976,1491532650
-334363790640884685,994976,1491532681
4871135704935526527,994976,1491532648
4233080530018371816,994976,1491532637
8864653144901411506,994976,1491532650
8296529504432151734,994976,1491532693
-6622671254629089094,949904,1491532678
-6622671254629089094,949849,1491532692
8253224697730550669,995051,1491532642
-7129137520883911536,995051,1491532695
-1207187079877642240,995051,1491532697
-1190883018748248746,995051,1491532639
7329755251420810289,995051,1491532658
-4006066771328044829,995051,1491532677
4378395461314898956,995051,1491532679
-4209767433633757668,993382,1491532685
-7129137520883911536,995050,1491532692
-4006066771328044829,995050,1491532677
7329755251420810289,995050,1491532658
-1383122763966287240,995050,1491532687
1121524847176913454,995050,1491532686
-4415279754071078287,995090,1491532652
2411653635467545320,995090,1491532675
-4336504547978768828,995090,1491532680
3883869046124506649,995090,1491532645
5426440816282537484,995090,1491532663
-1261575099315408340,994889,1491532661
-4910403758707668168,994934,1491532679
522723665055152058,994934,1491532689
1132202450487846281,994934,1491532648
-4679758957350405082,994532,1491532682
-1772630913102237050,183660,1491532682
6667053652320113658,995023,1491532670
-4188458153898767666,995023,1491532651
2386951787699224605,994940,1491532682
8002266668843665352,994940,1491532659
2852128229886956985,994940,1491532649
-7336743361758714546,994741,1491532676
-1747093433849469480,994741,1491532659
6064532385980461729,994965,1491532671
-8120859567185802660,994965,1491532656
5785774350420067787,994965,1491532675
-2106210270838374042,994965,1491532673
-3772040042505285017,994965,1491532688
-3995036322096503540,993709,1491532647
-1747093433849469480,994699,1491532649
8889691868587081617,994699,1491532652
-1140880548253020791,995100,1491532643
-8484498815421307327,995100,1491532677
6567574432365317960,995100,1491532685
8042557027795151730,995100,1491532669
-2198952370300371122,995100,1491532660
8071903105385372672,995100,1491532693
-8594297301932469716,995100,1491532639
-3915803588409276697,995100,1491532673
-6782721286701767707,995100,1491532664
5386286466876010426,995100,1491532644
4344149284204195101,995100,1491532676
6152040018202319049,995100,1491532651
3006343332636965582,995100,1491532663
5023135025821734979,995100,1491532692
-1248078450600335563,995100,1491532692
-8789691566920047857,995100,1491532676
2903042149218513991,995100,1491532682
-8634694511261991549,995100,1491532685
8581053560434197688,995100,1491532639
-7085472419705075376,995100,1491532693
680926533158386338,995100,1491532655
-7250913958291504874,995100,1491532680
6941596955468087787,995100,1491532688
2005677523633649576,995100,1491532672
3106376248978592309,995100,1491532651
2008748424015268105,995100,1491532685
-5755726315717203800,995100,1491532641
-8137919617295389721,995100,1491532664
-4998956703366370625,995100,1491532677
2910367734402751531,995100,1491532676
-3243756619494698151,995100,1491532677
-6736416239790260384,995100,1491532653
5686927488310061527,995100,1491532682
5205906021541566757,995100,1491532663
3338437758536701670,994896,1491532638
-2303148822553369050,995064,1491532696
-2976089239854471287,995064,1491532693
7680742315809620510,995064,1491532659
1431943466250304053,995064,1491532643
-11643313768761403,995064,1491532644
4709334276959091135,995064,1491532663
1587532266328884764,995064,1491532692
2931648655890857881,995064,1491532695
8804768585544661561,995064,1491532696
-5875912900180419548,995064,1491532685
-9112034607807862776,995064,1491532653
2748377802790391917,993710,1491532664
-5320704036345547845,995082,1491532643
-6063458059257048386,995082,1491532640
-6340172633353226919,995082,1491532686
-791602714820666866,995082,1491532684
-4049614256377383827,995082,1491532662
-5923378560397723828,995082,1491532656
-2945617615464282869,995082,1491532644
3883869046124506649,995082,1491532683
-2219060042404832301,995082,1491532680
3122663631519657107,995082,1491532680
8482920699840735882,995082,1491532639
8730017715754758929,995082,1491532682
-2224059861219882555,995082,1491532682
-4415279754071078287,995082,1491532678
8450373917710107414,995082,1491532641
-3149080877926721376,995082,1491532638
-4451575544181592160,995056,1491532658
1235083663469076736,995056,1491532686
-4513382804159269902,995056,1491532686
-4923565909075351937,995056,1491532676
-8120859567185802660,994923,1491532676
6064532385980461729,994923,1491532697
593029456257117878,994346,1491532678
1059988929250300284,994371,1491532696
-7499446680385844736,994371,1491532654
4397089824984699019,994371,1491532693
-4209767433633757668,993406,1491532661
8733678185992022886,995079,1491532668
-1918917607292696137,995079,1491532673
-2633649831996154343,995079,1491532654
-2945617615464282869,995079,1491532675
1587532266328884764,995079,1491532640
-6063458059257048386,995079,1491532661
3883869046124506649,995079,1491532692
-2219060042404832301,995079,1491532688
-6340172633353226919,995079,1491532692
3122663631519657107,995079,1491532686
-791602714820666866,995079,1491532691
-5923378560397723828,995079,1491532660
-7766575338208603001,995079,1491532664
-6595297992375577588,995079,1491532647
-5320704036345547845,995079,1491532643
-4049614256377383827,995079,1491532662
901131266278038962,995070,1491532694
1557736805416592089,995070,1491532668
436404924854624747,995070,1491532675
-5577735597088851291,995070,1491532674
7648580849002467382,995070,1491532695
-6170265810224384120,995070,1491532646
-2347460598935541972,995070,1491532648
8735293389931963378,995070,1491532680
-8903562966320985774,995070,1491532685
-2051165604962863152,995070,1491532645
-5380437663602040188,995070,1491532676
8754502271630226483,995070,1491532638
-2664722226073471574,995070,1491532697
6789980819642575948,995070,1491532669
4382813298063062099,995070,1491532691
-6507457886434209024,995070,1491532673
3854376718842978796,995070,1491532667
3944023779379183445,995070,1491532674
6275080948259116884,995070,1491532645
-5826824593693437456,994981,1491532690
-6324523114442385775,994981,1491532667
1472608062355682081,994981,1491532689
-176547120482194762,995042,1491532692
1431943466250304053,995042,1491532696
1934075349404778829,995042,1491532686
-11643313768761403,995042,1491532690
-1383122763966287240,995042,1491532660
2994650670616677625,995042,1491532643
-675215298828793962,995042,1491532687
-8273664285770371977,995076,1491532641
-2082425678420838161,995076,1491532651
-2826972865586609873,995076,1491532690
-3115619572992711795,995076,1491532692
1587532266328884764,995076,1491532660
-5923378560397723828,995076,1491532682
-2219060042404832301,995076,1491532692
8521396387107767836,994880,1491532670
-8611417201439763268,994675,1491532669
-1675853898520621696,995116,1491532681
-1787173993612892321,995116,1491532675
3176299161810841897,995116,1491532685
-4590733370159756540,993466,1491532689
-2844712560731596648,991343,1491532668
-7420825209345315544,994717,1491532644
-5195453143205250422,994717,1491532643
-1211625628477604276,994717,1491532658
-7049231966190182523,994717,1491532645
-3456635880446497586,994717,1491532682
7972682027882601570,994717,1491532644
964078651826349872,994948,1491532654
-7375705062967118226,994960,1491532690
5538213033524528334,994960,1491532688
2872438774781963197,994960,1491532670
-988501497521214439,994960,1491532638
-5255333796766619823,994960,1491532663
-8068356262422989319,994960,1491532658
5761258386365364847,994960,1491532641
-2867353388796179246,994960,1491532655
-3840414245405456254,994960,1491532685
4283175331329648395,994805,1491532652
5317654905981375991,994805,1491532695
7917397836076988192,994805,1491532652
-2659669912515758518,994996,1491532693
6851050878853434671,994996,1491532686
2285859872379802918,994131,1491532642
7587123078956505631,994131,1491532666
-1418575331255090194,994131,1491532696
5736314523874789468,994222,1491532648
6812515428740753116,994222,1491532679
-5396573338282644056,994222,1491532691
-7479497551402306328,994947,1491532687
964078651826349872,994947,1491532687
-2928673771915937217,987688,1491532683
3206174456878270657,990765,1491532660
-176547120482194762,995062,1491532658
1934075349404778829,995062,1491532674
-675215298828793962,995062,1491532687
1431943466250304053,995062,1491532682
-1383122763966287240,995062,1491532656
2994650670616677625,995062,1491532640
-11643313768761403,995062,1491532677
155167101068585518,995062,1491532660
1587532266328884764,995062,1491532695
368221034395073439,994019,1491532671
2140060248008534056,194955,1491532675
6292716930947869289,994041,1491532671
-6501036502437731371,995113,1491532680
4416535120698820290,995113,1491532643
-6708401090622616394,995113,1491532679
3752284989934557148,995113,1491532674
-347268086867365922,995113,1491532651
4523337325295820245,995113,1491532682
2201092598102563053,995113,1491532693
-8258567145290173552,995113,1491532660
4581080016951582898,995113,1491532679
-988661788548731195,995113,1491532653
2754049313335312844,995113,1491532642
-5231725687044026926,995113,1491532662
-5709297151048203075,995113,1491532653
-4480909570235598830,995113,1491532658
-6939980989792564212,995113,1491532673
7150304609657967213,995113,1491532677
-4601698620719194063,995113,1491532658
-2025620908891073186,995113,1491532659
-1933856832743309358,995113,1491532664
-3043969603814022503,995113,1491532673
-5809871254947011717,995113,1491532663
8008181147735747131,995113,1491532694
8934267427669495830,995113,1491532693
3179474585976906609,995113,1491532638
5840720977714733732,995113,1491532644
-6043043160893170589,995113,1491532695
-7436834919461572197,995113,1491532681
6229051403210839209,995113,1491532647
626008886809522071,995113,1491532692
3601156893239370838,995113,1491532695
3252732053574364735,995113,1491532690
-3081899021241832427,995113,1491532677
-1892507701273501957,995113,1491532647
-3685703806078091837,995113,1491532673
-5495916221116062770,995113,1491532649
-4975576904115430884,995113,1491532666
-8866511408676272708,994888,1491532684
-2108863036570207608,994888,1491532676
-6986155161519247062,994888,1491532643
-2317293556979060434,994978,1491532644
2668636506993486946,914291,1491532657
972597355249332798,992177,1491532695
3206869075220093300,992177,1491532664
827370798497546452,992177,1491532663
1232071404690414456,992177,1491532686
4383631319750551009,992177,1491532662
9137044303975486859,992177,1491532688
-8214525205882470722,992177,1491532673
-237102735345131928,992177,1491532644
-7197975794847731103,992177,1491532664
735185825898096136,994865,1491532692
5075631408794362398,986789,1491532649
4840066200899062737,986789,1491532692
-675215298828793962,995066,1491532646
155167101068585518,995066,1491532660
-11643313768761403,995066,1491532665
-6617158823278037383,995066,1491532655
1431943466250304053,995066,1491532654
1587532266328884764,995066,1491532695
-2303148822553369050,995066,1491532696
7680742315809620510,995066,1491532659
-2607294770854869424,995066,1491532682
-3823611226680215426,995117,1491532641
-2063839525850652228,995117,1491532639
-398407080057189809,995117,1491532641
2439190381605568669,995117,1491532694
-1043755302797698666,995117,1491532671
-2884731198872144222,995117,1491532689
-5189880665101414126,995117,1491532649
3580073637556016857,995117,1491532697
-5918677448391109109,995117,1491532681
-9043121427312574466,995117,1491532686
-4523627700495660323,995117,1491532680
3307597480202437057,995117,1491532677
-1664872019587968293,995117,1491532649
5484444261606029862,995117,1491532697
7516252016342805156,995117,1491532684
-2704633086789477393,346907,1491532649
878318459375634283,994951,1491532695
-769477494975837601,994951,1491532690
7417020290562746088,994951,1491532642
-231698387893905152,994951,1491532638
6410884436381133167,994951,1491532655
-6582655778489848237,994951,1491532695
-6450163462726510694,994951,1491532647
-466474756871688066,994951,1491532673
1275140594006667038,994951,1491532687
-7051612192772436704,994951,1491532653
7765122633409605172,994951,1491532686
-7359599528197835998,994951,1491532694
-774627828828074009,994951,1491532695
9151492094142301933,994951,1491532671
42635923259322114,994951,1491532642
-5253374195108928823,994951,1491532671
7009260393334158981,994951,1491532687
-5213205776135888064,994951,1491532671
5925853676340804387,994951,1491532665
7290809640640978127,994951,1491532697
4917575947357575987,993266,1491532691
2215286754489970430,917796,1491532642
5183947253823367446,995105,1491532668
5205906021541566757,995105,1491532663
2005677523633649576,995105,1491532672
-3915803588409276697,995105,1491532643
7321023558462013033,995105,1491532693
-5720138452139934198,995105,1491532654
-6736416239790260384,995105,1491532652
680926533158386338,995105,1491532655
2910367734402751531,995105,1491532675
4059687678519774602,995105,1491532640
6053001742218842561,995105,1491532671
8581053560434197688,995105,1491532639
-6185790712395506480,995105,1491532642
-3243756619494698151,995105,1491532677
465393301289230392,995105,1491532644
-8789691566920047857,995105,1491532672
-5790349674826421198,995105,1491532641
-7085472419705075376,995105,1491532693
5686927488310061527,995105,1491532682
2008748424015268105,995105,1491532685
-7250913958291504874,995105,1491532680
-6782721286701767707,995105,1491532642
-5755726315717203800,995105,1491532641
6152040018202319049,995105,1491532639
-4998956703366370625,995105,1491532677
4344149284204195101,995105,1491532661
6928154399239255353,995105,1491532696
2903042149218513991,995105,1491532680
3006343332636965582,995105,1491532653
-8359945702274337833,995105,1491532681
6941596955468087787,995105,1491532688
-6135938723463689872,995105,1491532653
8071903105385372672,995105,1491532655
-5877311667708860986,995105,1491532690
5023135025821734979,995105,1491532685
-1248078450600335563,995105,1491532687
-8634694511261991549,995105,1491532682
-651462348511313466,995105,1491532691
8921482178622248743,995105,1491532663
8497829809573315236,995105,1491532685
-8249895984111234347,995105,1491532668
8306968163374940546,995105,1491532663
-4824422388265589087,995105,1491532661
-6244015165632893582,995105,1491532667
-7374960099626923018,995105,1491532674
5514927733982097326,995105,1491532696
-2225875391549648161,995105,1491532654
-283495112964934173,995105,1491532697
-7578205176729685977,995105,1491532673
3263552926048810122,995105,1491532689
-5715999038278425014,995105,1491532658
7124218517168963058,995105,1491532676
6127022218362541834,995105,1491532687
-8043290200904189494,995105,1491532689
-8137919617295389721,995105,1491532639
-8136571926155341344,995105,1491532639
-1961655329974331083,995105,1491532656
8131412873157585367,995105,1491532645
837323915553319060,995105,1491532683
1186799914850061337,995105,1491532694
1825339811589908824,995105,1491532672
-5100037318216677484,995105,1491532691
-7556625130243405123,995105,1491532673
-6606248582657278631,995105,1491532676
-5079444606031521890,995105,1491532641
-1660606910252373966,995105,1491532692
-2947691289529925887,995105,1491532679
2194386990050557839,995105,1491532671
3209470284978479723,995105,1491532664
-9133726054148077578,995105,1491532682
7397384218655311563,995105,1491532654
5943288873393997471,995105,1491532662
5372994176296949867,995105,1491532696
4425772488013644585,995105,1491532680
-1909477342092362385,995105,1491532677
-1039209592814087684,995105,1491532664
9046332622970469125,986781,1491532693
-8937235139374934206,995092,1491532675
-508217647900191245,995092,1491532667
-4336504547978768828,995092,1491532646
3350242062169223671,995092,1491532673
2411653635467545320,995092,1491532653
-4711764739901021016,995092,1491532689
-12767905028716902,995092,1491532684
3643158771409368355,995092,1491532697
-1684661681237509937,995092,1491532693
4244552292226692457,994904,1491532682
-4845145162755520948,994751,1491532669
-2486222879814112482,995069,1491532640
-4903538973292712571,995069,1491532670
-7925611677673468388,995069,1491532678
8673756022680694701,995069,1491532657
-1746214990290972548,995069,1491532658
1587532266328884764,995069,1491532683
-4213882034206747719,994983,1491532665
-714963534671505770,994983,1491532659
6098422841366518228,994894,1491532654
-1584988777955560623,994894,1491532672
8329386848566211103,994894,1491532681
-1775543763754053285,994894,1491532657
-1335343422156134010,994894,1491532665
1132202450487846281,994894,1491532644
-2660905441980968499,994894,1491532640
5407909114878550780,994894,1491532685
4771494123404212107,994894,1491532641
-7061287245771628128,994894,1491532639
7809225254283144298,994894,1491532695
-5014063837058717279,994894,1491532690
-5023179682349421495,994894,1491532692
2462105230641946625,994894,1491532671
2165421830280531588,994894,1491532648
-8625263109700328399,994894,1491532661
3539344481984679778,994894,1491532672
-5470891738025645210,994894,1491532655
-8515079242834249713,994894,1491532676
-6047845556189456434,994894,1491532660
-237102735345131928,994894,1491532655
5477727087201946534,994894,1491532676
2963618361782042790,994773,1491532653
-8754834533817217742,994773,1491532679
-2242264342881120748,404338,1491532665
-3054324454058350104,995007,1491532676
-4586807431668263335,995007,1491532679
4585598734925521145,995007,1491532675
-5806350523364073186,993511,1491532689
7045353550720823208,915905,1491532645
-1699101124384063905,995054,1491532648
7329755251420810289,995054,1491532647
1121524847176913454,995054,1491532686
-1383122763966287240,995054,1491532687
-4006066771328044829,995054,1491532666
1934075349404778829,995054,1491532690
1504624443300836603,995054,1491532685
-5195915006210978434,994875,1491532679
-7426245299322372331,994875,1491532664
368221034395073439,994021,1491532671
-763835434195039063,994957,1491532647
-1699101124384063905,994459,1491532670
5274639020598797130,994946,1491532677
2668636506993486946,913725,1491532669
-800408366861542262,991889,1491532690
4102583075843529864,991233,1491532694
613000477861973002,991233,1491532691
9154429427077133055,991233,1491532672
-7579717714699514681,994478,1491532656
6999313619487431891,995074,1491532640
-8273664285770371977,995074,1491532692
-2082425678420838161,995074,1491532692
-5923378560397723828,995074,1491532692
-1746214990290972548,995074,1491532642
1587532266328884764,995074,1491532673
-1541197809430423138,995074,1491532661
7452491636741525223,345659,1491532694
-8786324464480917095,992271,1491532689
-8845459446442443609,995115,1491532656
2782837418732892462,995115,1491532695
-962369492138147219,995115,1491532646
-398407080057189809,995115,1491532666
3994755857444095018,995115,1491532657
4233080530018371816,995115,1491532696
-1720585490349713135,995115,1491532695
-8340278558515455567,995115,1491532666
8292692618157134493,995115,1491532653
-874036428321272784,995115,1491532658
-6806079885185031533,995115,1491532694
7319131213432349817,995115,1491532666
-6790803785177347713,995115,1491532676
6620150703598118568,995115,1491532658
-1517465553036899512,995103,1491532671
-1729503526270263937,995103,1491532656
2900640559277283067,995103,1491532650
4317405143429642298,995103,1491532684
-166788249063771904,995103,1491532646
-8594297301932469716,995103,1491532654
-1140880548253020791,995103,1491532657
9143819478376324136,995103,1491532638
4344149284204195101,995103,1491532691
8042557027795151730,995103,1491532681
6567574432365317960,995103,1491532696
6152040018202319049,995103,1491532661
-4711764739901021016,995103,1491532644
5386286466876010426,995103,1491532653
5444910068532343891,995103,1491532641
-3915803588409276697,995103,1491532681
-8484498815421307327,995103,1491532681
-8634694511261991549,995103,1491532687
8071903105385372672,995103,1491532693
5023135025821734979,995103,1491532692
3476552774681653210,994815,1491532694
-7796041384224820874,994866,1491532687
-7380312604891213501,994866,1491532680
2146823760208868991,994866,1491532655
-2183081076491003991,994866,1491532681
8720690739851789548,994866,1491532673
-3054324454058350104,994991,1491532683
-4586807431668263335,994991,1491532685
-6021078419880576998,994991,1491532666
4682723937946186531,994991,1491532638
-690764007858556504,994571,1491532694
60024561615537782,994571,1491532694
7489748255938778541,994571,1491532653
3636534836523249868,994640,1491532650
8072195948106660267,994992,1491532659
935090539978260827,994831,1491532657
-8306731614033439985,988508,1491532681
1811127706786163927,938370,1491532648
8453891413340659060,994789,1491532683
7003330045077434076,995063,1491532646
-614798329199094673,980490,1491532643
-9116422621272691263,995114,1491532682
-8030881766421725538,995114,1491532685
5049403636309218332,995114,1491532662
-1933856832743309358,995114,1491532646
-7436834919461572197,995114,1491532681
7150304609657967213,995114,1491532650
3601156893239370838,995114,1491532695
626008886809522071,995114,1491532692
-9125154508132198161,995114,1491532659
-3153185181384044569,995114,1491532650
2810838940106967258,995114,1491532677
-7655289526733062423,995114,1491532669
-5809871254947011717,995114,1491532648
-3685703806078091837,995114,1491532673
-6043043160893170589,995114,1491532695
-3081899021241832427,995114,1491532677
-2025620908891073186,995114,1491532640
-1005110781361945952,995114,1491532687
8934267427669495830,995114,1491532685
1767775959316943938,995114,1491532678
-7533531929664674417,995114,1491532695
-2540078832171086919,995114,1491532694
-1787173993612892321,995114,1491532675
-1749250922726924085,995114,1491532697
1216906434501060500,995114,1491532682
-8780577966640372428,995114,1491532678
-7013221226329702864,995114,1491532649
5582106829401983645,995114,1491532692
-2933719773374046253,995114,1491532689
-6069224141501602105,995114,1491532695
8325938576491968456,995114,1491532692
4340720109227320132,994806,1491532666
3498616748191220605,991785,1491532638
1371359287590588390,422651,1491532680
3274328729646327791,994667,1491532678
-4712746510296456545,995008,1491532673
128718541016811584,995008,1491532681
-4686319333140584498,994859,1491532656
2632326596039873945,995099,1491532658
-8591047113147372570,995099,1491532663
-4996282056159867496,995099,1491532642
5444910068532343891,995099,1491532656
-8594297301932469716,995099,1491532669
-1729503526270263937,995099,1491532670
5386286466876010426,995099,1491532666
4317405143429642298,995099,1491532696
6152040018202319049,995099,1491532668
-4711764739901021016,995099,1491532649
8042557027795151730,995099,1491532682
-8634694511261991549,995099,1491532690
-166788249063771904,995099,1491532646
4344149284204195101,995099,1491532691
8620920466193319737,995099,1491532664
-2234708836279536678,995099,1491532679
-3915803588409276697,995099,1491532681
-1140880548253020791,995099,1491532657
-6045578810442275495,995095,1491532696
154389951363766257,995095,1491532663
-1829260824674456393,995095,1491532670
-1684661681237509937,995095,1491532678
3643158771409368355,995095,1491532664
3350242062169223671,995095,1491532639
-12767905028716902,995095,1491532667
3339575434139286727,995095,1491532650
4327130746972719586,995095,1491532648
-1805019155502744996,995095,1491532687
-4711764739901021016,995095,1491532676
-4562047694639013858,995095,1491532641
-4996282056159867496,995095,1491532677
8176919533199681425,995095,1491532644
8181608618083971324,995095,1491532664
2632326596039873945,995095,1491532687
6152040018202319049,995095,1491532693
9154429427077133055,994739,1491532672
4102583075843529864,994739,1491532694
613000477861973002,994739,1491532691
6812940225985972275,994739,1491532647
6443899562361675985,994739,1491532674
7842435360648696621,994739,1491532688
-6759298224463036735,994739,1491532641
-5632163138265294898,994739,1491532666
-6638833412993142386,994739,1491532645
-7719731784605396346,995025,1491532694
8431530356728221458,995025,1491532658
-4637832229251430768,995025,1491532670
5894694253815356674,995025,1491532640
6195328449937586998,995025,1491532654
9094955309000314438,995025,1491532692
2289734826072673744,995025,1491532681
-2560193608991977683,995025,1491532643
6667053652320113658,995025,1491532670
-4209767433633757668,993337,1491532685
8914163699199323997,994813,1491532675
-6659816210332802257,994813,1491532675
4244552292226692457,994909,1491532643
4340720109227320132,994844,1491532666
-2106210270838374042,994959,1491532690
6064532385980461729,994959,1491532679
-8120859567185802660,994959,1491532658
