-1454352491750967733,994276,1491439600
194978418719126836,994575,1491439609
6488749715830941220,343566,1491439613
-74173056562214858,994312,1491439630
-3486498548742255277,994454,1491439632
-7205119330053411713,994454,1491439629
6153147914824199428,994454,1491439595
8184352438173227586,994454,1491439614
-4487373335603420529,994454,1491439584
6180265477612760949,994454,1491439631
5004207611648874153,994454,1491439636
5845774972319050553,994454,1491439578
7708621364461533183,994454,1491439625
-4451221462183537656,994650,1491439618
-8306731614033439985,994650,1491439603
-376675406646681659,994602,1491439631
4395489301920845489,994365,1491439578
-259849196796703632,994471,1491439625
7840321906720550027,994180,1491439590
7819361817470373944,994180,1491439579
-6505621068385991694,427092,1491439604
7495495881613626585,994316,1491439625
2239831285908932563,194941,1491439617
5734300334595860669,994542,1491439624
8007864166225531595,994542,1491439606
-2468581544077458183,994542,1491439617
-7957272197934098927,994153,1491439630
5734300334595860669,994519,1491439624
1383973422348872403,994519,1491439629
6943072796799622176,992857,1491439589
552160450644303721,992857,1491439586
3926285728458955750,992857,1491439618
7620003501530016119,986789,1491439625
-4465269732824358355,994638,1491439635
4157758290570171218,994638,1491439620
-1877297972910914623,994638,1491439619
3866451937307255944,994638,1491439584
-7471043234478877895,994638,1491439602
5248208515039611738,994638,1491439580
4263463953162400777,994638,1491439609
8098639180083297729,994638,1491439603
-836833926451257381,994638,1491439607
-8221458052020398296,994591,1491439621
387626329483765852,994591,1491439585
-2092292981454821360,992680,1491439630
-6769961558469336310,987432,1491439627
-6056599491486558349,994055,1491439580
-2109700720457975882,994055,1491439586
3133558247369334637,993986,1491439625
4714473952127467279,993986,1491439628
-2702128128363352274,994230,1491439629
-8827188757712906061,993817,1491439633
-225811336189751157,994507,1491439598
-5030906105963740843,994507,1491439600
-1545904137033182506,936838,1491439633
-1545520753733315653,993769,1491439625
-599098499527022440,994396,1491439597
-1004608856610441111,994396,1491439585
-8869585474776751921,994547,1491439628
5734300334595860669,994547,1491439586
-8831704565130307722,993337,1491439634
4671557801509775248,994165,1491439621
-870393177814420906,994340,1491439581
-6021162442721066918,994493,1491439625
-259849196796703632,994473,1491439619
2322800831194798549,990433,1491439616
4179475209580192685,990433,1491439592
-2021403648568066668,990433,1491439613
-870393177814420906,994314,1491439581
-5482057199247648062,994548,1491439621
-2145195738263498981,983606,1491439581
1020186432517173623,417427,1491439585
-8161370579333462068,883623,1491439594
-1824631758868180626,994343,1491439582
-3319360077394961078,994343,1491439628
-3780177899584229856,994515,1491439630
-5198028587548816993,972031,1491439588
9055859363813183543,972031,1491439619
4082100087658799171,987478,1491439584
2940735037119422755,993977,1491439613
-6150628088455833150,993619,1491439630
-5018831267412158198,994578,1491439629
-376675406646681659,994606,1491439627
7996993605026313020,994606,1491439599
-504998516559145440,993807,1491439589
1304362473446633084,993496,1491439595
-1383125805285044859,993496,1491439628
-6219201004030620609,994622,1491439579
200328533641918126,994622,1491439581
3586548640296503551,994622,1491439610
7840321906720550027,994179,1491439628
5497528244966747385,994354,1491439615
5058196377252293934,994354,1491439617
7776673722273613995,994354,1491439611
5903824044639146396,994648,1491439602
-3800114396022994705,994648,1491439597
-5632523932546099906,994648,1491439581
-303171115309866602,994648,1491439577
-3009763344764706614,994648,1491439628
6942777687065391336,994648,1491439584
-146631588439090217,993466,1491439621
6200158462065784335,994492,1491439626
-454329552440801851,994267,1491439617
-376675406646681659,994611,1491439611
-6462737995683279571,993354,1491439616
9019044324883993784,939391,1491439632
-1780329763813580036,194953,1491439630
4162945790027757359,994536,1491439634
-165435920640291537,994536,1491439603
-5482057199247648062,994536,1491439624
354474050697159196,993719,1491439599
-6032542966546262528,993913,1491439613
-5018831267412158198,994564,1491439629
4714473952127467279,993825,1491439613
-8286074146145573993,992198,1491439621
4411359064247563299,994039,1491439612
1090896804121775480,994039,1491439602
-6617230801942915809,994039,1491439633
2756033004431921169,994412,1491439626
3515631661374600543,994106,1491439625
-142796982946674667,994559,1491439580
5294540666765944975,994559,1491439584
7495495881613626585,994401,1491439618
2153265878822980358,994401,1491439606
-8961908113933599084,879212,1491439597
3653828949100313137,22609,1491439582
-7225662951415410055,405541,1491439614
-5018831267412158198,994570,1491439622
1275481752715267977,994570,1491439629
-4530167050434945095,991783,1491439606
-5962518332192800817,994598,1491439608
8530608066556810221,994635,1491439618
-5470469718056703192,994635,1491439603
-5604966124661243069,994635,1491439580
-1877297972910914623,994635,1491439631
-7471043234478877895,994635,1491439611
7607088179900889692,994635,1491439599
-1824631758868180626,994635,1491439591
-1780329763813580036,194955,1491439618
-8209858609327378354,194955,1491439612
7840321906720550027,994181,1491439596
3284240911522339065,994499,1491439609
-5849945716080764970,994499,1491439594
3926285728458955750,994499,1491439613
-6514501252755396881,994499,1491439629
-4566520693525587833,994499,1491439609
3275790650536547008,994596,1491439579
6209170746791708773,994596,1491439604
1121983229849811730,994596,1491439636
-5683405136788011534,994596,1491439617
-8168372666664814343,994596,1491439580
-5097597143588810154,994596,1491439631
-2732396660490624998,994250,1491439620
-6769961558469336310,985258,1491439635
-8821689425836080729,994583,1491439625
3265273039189907545,994583,1491439617
-1339816265999276980,994583,1491439619
2683939354802535591,896535,1491439584
7840321906720550027,994157,1491439608
1896377199886089879,411038,1491439593
1412592305927958149,907535,1491439608
-7957272197934098927,994173,1491439630
1629126716205243466,994615,1491439633
9195720519410941204,994615,1491439629
6605882992845534656,994615,1491439603
4671557801509775248,994169,1491439593
-1694469479293571235,994626,1491439585
7797768702038220770,994626,1491439611
-7025894476654092322,994626,1491439600
7769326833475108773,994626,1491439588
-1925921431335262702,994626,1491439594
4675510453155438540,994626,1491439632
-7855841091752435247,994626,1491439583
-241563105042517248,994626,1491439617
-5252994121497480988,994456,1491439605
-3616476741437783321,994652,1491439610
-7614250813904944944,994581,1491439629
6946720238898902247,994581,1491439629
5490011143886497535,994581,1491439624
7730275042903320684,994581,1491439616
5237739709142754132,994581,1491439621
-6245315632535286825,994581,1491439630
8570536786764546821,994581,1491439614
1472835102320975741,994581,1491439596
-6687033008981889349,994581,1491439623
-8246769979556047542,994651,1491439584
-6836281254614315391,994651,1491439628
-7244518111737641513,994651,1491439591
-7453460875656776678,994651,1491439627
8341113397306510981,994651,1491439622
-6656300959907116040,994651,1491439610
-5726268275134502081,994651,1491439612
-563122369621447632,994651,1491439580
-9004289677046644144,994651,1491439605
-8306731614033439985,994651,1491439621
-2482340071185582221,994651,1491439605
2444068453817895235,994651,1491439620
-3627517801512569901,994651,1491439589
4631721128218542070,994651,1491439616
-4665237699012004618,994651,1491439621
1505138351880845737,994651,1491439625
897547928124254578,994651,1491439620
1106050335435050217,994651,1491439631
-3606882978934113964,993406,1491439605
3270908181915640547,993768,1491439585
5735852212226665344,993449,1491439624
1629126716205243466,994618,1491439592
9195720519410941204,994618,1491439579
698998641738272951,929881,1491439578
7840321906720550027,994178,1491439619
-7708713448527292265,994624,1491439620
332813380873575484,994624,1491439582
-1925921431335262702,994624,1491439616
-7025894476654092322,994624,1491439620
7769326833475108773,994624,1491439625
7797768702038220770,994624,1491439635
-5326776972988022844,994099,1491439608
-6429410076128010791,994099,1491439605
-1004608856610441111,994099,1491439584
6208355268157420346,994099,1491439634
803892249231962122,994099,1491439606
6489385441171486637,982365,1491439586
-4611943384988509655,994460,1491439604
4891261723570811508,994460,1491439601
-3698694764806927131,994460,1491439605
-7500960898647938597,994467,1491439617
3914779692367405832,994467,1491439626
2228297845550359305,994467,1491439583
-6474771378000308055,994467,1491439609
-6085301102981515428,992421,1491439588
-4232611911354557952,992421,1491439628
-6767897295567297770,992421,1491439597
-6965781399076771379,992421,1491439578
8658032881756576695,992421,1491439602
-6549118351102973235,994464,1491439594
2685492163773678403,992401,1491439618
1416769063016266340,921394,1491439593
-5591301537277306487,165065,1491439592
8062588135227411209,994151,1491439604
-5030906105963740843,994508,1491439600
-225811336189751157,994508,1491439598
2923262981298280213,994149,1491439588
-7933675991669728368,994459,1491439584
3739360005815349020,994222,1491439578
-7751150165158083624,994222,1491439586
6206668534997989691,994222,1491439608
3209342749000176677,994222,1491439619
-3741332450947058864,994222,1491439618
6269346679147964185,994222,1491439578
6186434821422350180,994222,1491439620
-8829596403019974111,994222,1491439601
7457202901699220711,994222,1491439585
-6733516589776351800,994222,1491439617
2346349477337902703,994222,1491439581
-6767897295567297770,994222,1491439597
-3437563015262476540,994222,1491439577
-376675406646681659,994610,1491439603
5735852212226665344,993517,1491439597
-7484067873422737458,991760,1491439586
6925088029845472416,991760,1491439595
4469904952916944419,991760,1491439633
5582169948503660508,993801,1491439576
4714473952127467279,994057,1491439600
-376675406646681659,994612,1491439596
7776673722273613995,994270,1491439629
2761162484752975871,994270,1491439583
3284240911522339065,994619,1491439636
-1694469479293571235,994619,1491439634
-6219201004030620609,994619,1491439630
9195720519410941204,994619,1491439588
1629126716205243466,994619,1491439602
-458499719434622930,994619,1491439618
2920178373330596158,994590,1491439584
387626329483765852,994590,1491439585
2905466219284461356,994017,1491439603
9123092791474609493,952855,1491439616
1264084249255913696,993382,1491439633
-1824631758868180626,993394,1491439629
7653585147422109693,994630,1491439626
4675510453155438540,994630,1491439596
-5604966124661243069,994630,1491439612
-2940838712093268362,994630,1491439605
-6170463708891082685,994630,1491439632
8829332334799717499,994630,1491439606
7364410324851486115,994630,1491439623
-6201063679972926876,994350,1491439617
3580146624689040031,956174,1491439583
7854537269425090271,993126,1491439608
-9173526188194383376,910939,1491439614
-6792759971925700394,994018,1491439597
-3452728694228957292,992949,1491439594
354474050697159196,993658,1491439599
3471373511557815768,993658,1491439624
-5484211306253440998,987249,1491439627
-4864106492437051296,994247,1491439582
-6767897295567297770,994247,1491439587
6064532385980461729,994247,1491439607
-5522331389680970334,994247,1491439580
879924109219204701,994247,1491439599
3933056006185685285,992001,1491439596
9087030953403772408,994070,1491439606
-1256834507447865922,994533,1491439599
-5522331389680970334,994533,1491439579
879924109219204701,994533,1491439599
-2205920932985808044,994533,1491439578
3410125755712017598,994533,1491439626
8354455132680375147,991990,1491439615
4278169689733514716,993789,1491439604
1760341214679071641,979662,1491439602
5148779852956583430,994266,1491439624
-3722783232641131979,994266,1491439587
-504998516559145440,993745,1491439622
354474050697159196,993841,1491439594
-3151151298465484061,994415,1491439625
7495495881613626585,994415,1491439591
2153265878822980358,994415,1491439606
-8256999231099910516,994415,1491439601
2515305310537676095,994415,1491439630
7840321906720550027,994174,1491439635
5876239233429421329,988840,1491439583
-990915397729374458,991835,1491439578
-6520343857051297325,991835,1491439602
-8827188757712906061,994229,1491439610
-1454352491750967733,994229,1491439614
-8968902998101560168,994281,1491439583
3972529227258226246,994281,1491439610
-1121068819399584496,994281,1491439624
6013270468143416296,994281,1491439596
-8821689425836080729,994580,1491439625
-259849196796703632,994465,1491439625
-6056599491486558349,994050,1491439628
-2109700720457975882,994050,1491439586
-6687033008981889349,994595,1491439597
921434018985101545,994595,1491439592
5425296045244103693,994595,1491439602
-610323404737398047,991785,1491439620
-7256203010115414809,991785,1491439628
-3843239692552296746,991785,1491439629
114381690053031416,994411,1491439618
4586762859024592681,994411,1491439634
1275481752715267977,994576,1491439629
-5018831267412158198,994576,1491439615
1286377505073836565,994576,1491439578
5851908674066222314,994576,1491439601
-4779573209167434577,994576,1491439584
7242279181810111391,994576,1491439605
7840321906720550027,994176,1491439604
8184352438173227586,994318,1491439614
-6811562733783520517,994318,1491439606
7495495881613626585,994372,1491439625
5058196377252293934,994420,1491439605
7776673722273613995,994420,1491439601
5497528244966747385,994420,1491439603
3645944974321319507,994420,1491439626
-831968207186882207,994420,1491439592
7474294114077795500,994420,1491439621
-488392616473411981,994420,1491439602
9209724511041605878,994421,1491439594
6327752721893096083,994390,1491439631
-7269386923825823318,994639,1491439588
-8774074516969456645,994639,1491439624
6658354693850703023,994639,1491439586
5695650037222926698,993727,1491439626
8062588135227411209,993950,1491439579
3410125755712017598,994534,1491439626
-2205920932985808044,994534,1491439578
879924109219204701,994534,1491439583
2736463150319407688,899526,1491439595
-777901967640394419,873241,1491439613
7996993605026313020,994607,1491439599
-376675406646681659,994607,1491439617
8494217787919834098,994510,1491439594
-4417821847625787054,994431,1491439631
-4944123952756412057,994431,1491439602
5349217594959626070,994431,1491439592
-6201063679972926876,994337,1491439617
5876721011836166933,994337,1491439624
9209724511041605878,994337,1491439583
-2841857121710162018,993930,1491439621
-2468581544077458183,994545,1491439584
5734300334595860669,994545,1491439599
-8869585474776751921,994545,1491439628
5894937855095803310,949036,1491439592
6200158462065784335,994484,1491439626
-504998516559145440,993778,1491439618
-6462737995683279571,993346,1491439616
-7225662951415410055,404910,1491439615
4671557801509775248,994166,1491439607
7769326833475108773,994623,1491439625
7797768702038220770,994623,1491439634
-7025894476654092322,994623,1491439608
-1925921431335262702,994623,1491439601
-6605331673377713759,994623,1491439631
3869828523507812904,994623,1491439594
263706042059825808,905485,1491439635
1814409477548546236,936032,1491439612
6013270468143416296,994323,1491439596
-1754406332616730833,994315,1491439603
6564331767381300497,994315,1491439582
6013270468143416296,994414,1491439581
5851908674066222314,994414,1491439598
-1383125805285044859,993739,1491439627
-504998516559145440,993739,1491439633
2756033004431921169,994382,1491439607
-8641017710795284845,994382,1491439626
5990449721709545903,994434,1491439620
-9207262083713384617,994434,1491439604
-8633988208967620968,994434,1491439610
-285626418164844890,994434,1491439589
-5945713830043229899,994613,1491439615
-376675406646681659,994613,1491439588
8852021174140229516,993591,1491439631
-225811336189751157,994523,1491439583
7025183889107765085,994637,1491439586
-6170463708891082685,994637,1491439594
-7471043234478877895,994637,1491439616
-5604966124661243069,994637,1491439582
-1877297972910914623,994637,1491439631
-7145382972854555451,994645,1491439595
-6656300959907116040,994645,1491439615
-9004289677046644144,994645,1491439609
-9004289677046644144,994649,1491439599
6031441586999268538,994649,1491439577
1505138351880845737,994649,1491439625
2862496883383867220,994649,1491439607
-8306731614033439985,994649,1491439614
3297647972070143396,994649,1491439577
-7957272197934098927,994172,1491439586
-6679931723154203898,993595,1491439590
1129293743616203955,994644,1491439601
6658354693850703023,994644,1491439586
-8774074516969456645,994644,1491439597
-2353531956011490482,994644,1491439635
1928621004460274690,994644,1491439598
5889687974853659539,994644,1491439636
-7190538881622676115,994644,1491439615
-6021162442721066918,994506,1491439625
-3837654250600348216,994506,1491439618
-263805666698573840,994506,1491439610
9105302086696033440,994506,1491439610
1022539531243858802,994506,1491439613
-1877297972910914623,994636,1491439605
-7471043234478877895,994636,1491439598
8688646906853415772,994636,1491439605
-7269386923825823318,994636,1491439621
-6571565263451052188,994636,1491439626
5851908674066222314,994636,1491439602
-3499097773847586550,993640,1491439623
6064532385980461729,994532,1491439607
-6587390870580467582,994532,1491439629
3515631661374600543,994103,1491439625
-3462392576031374105,994051,1491439624
-3486498548742255277,891293,1491439633
-8393797305160965003,994629,1491439615
4675510453155438540,994629,1491439632
-7855841091752435247,994629,1491439583
-6170463708891082685,994629,1491439632
-5604966124661243069,994629,1491439612
7653585147422109693,994629,1491439626
-2940838712093268362,994629,1491439605
-2744887850711014077,994009,1491439619
-6549118351102973235,994408,1491439594
-3401766547485366412,994485,1491439616
-6056599491486558349,994048,1491439628
-9078591949950447565,994453,1491439629
-6257792265337762313,994453,1491439605
-5137097535867505170,994453,1491439580
-2468581544077458183,994546,1491439617
5734300334595860669,994546,1491439617
3653828949100313137,22608,1491439582
3133558247369334637,994001,1491439625
4714473952127467279,994001,1491439628
-8610918341334644678,950933,1491439587
6861800346483033889,994488,1491439617
-6330474346281125359,994600,1491439581
6209170746791708773,994600,1491439588
2430361494123721908,994600,1491439578
-5097597143588810154,994600,1491439626
1121983229849811730,994600,1491439636
-6121931525850975918,994600,1491439605
-8168372666664814343,994600,1491439579
-891771100329300274,994600,1491439589
803115795401305790,994600,1491439628
6491305994113282928,994600,1491439582
-7247677742359948229,994600,1491439597
-2667191502053415597,994600,1491439583
-8963060830862981619,994600,1491439600
5284840988525711939,994600,1491439581
-2005272943856186765,994600,1491439616
4681756827992347679,994600,1491439613
-5618252113643049682,994600,1491439583
3630701178011773632,994600,1491439608
6625867409669124160,994600,1491439620
4469687407485833901,994600,1491439610
6398201345471152007,994600,1491439617
-2328992731787503148,994600,1491439605
6463896618792152537,948443,1491439598
-512721015335074966,993255,1491439617
3600182604032518972,993255,1491439585
-5555373571050609179,993255,1491439584
-4833182723125280217,993255,1491439590
-3800114396022994705,994646,1491439577
6942777687065391336,994646,1491439584
-9004289677046644144,994646,1491439625
-4728024858195336749,994646,1491439624
2239831285908932563,194947,1491439617
1760341214679071641,980021,1491439602
-9052430496432062127,994302,1491439612
-7190538881622676115,994642,1491439615
1928621004460274690,994642,1491439598
5889687974853659539,994642,1491439635
-8774074516969456645,994642,1491439586
-2353531956011490482,994642,1491439635
5933084244137041690,994642,1491439593
1564016681360894298,994642,1491439585
9218656177682484047,994642,1491439597
-3636694259716171084,994642,1491439612
-4208630082174336571,994642,1491439618
-1562041771475274145,994642,1491439608
3703023851836468066,994642,1491439594
-2002444765292785981,994642,1491439627
-3800114396022994705,994642,1491439632
3037046483812271486,994642,1491439607
-8396959767058481656,994642,1491439588
-8279043937006233217,994643,1491439635
-6571565263451052188,994643,1491439626
-7269386923825823318,994643,1491439621
8688646906853415772,994643,1491439605
-7471043234478877895,994643,1491439591
7275712062783268845,994643,1491439579
7997559494642984691,994643,1491439586
-6805945958545687887,994643,1491439607
-8774074516969456645,994643,1491439624
-3403358897419651507,994643,1491439583
672526049006793304,994643,1491439596
-3224000551107697712,994643,1491439600
-5058066452964903296,988893,1491439613
-1251651906711829160,994075,1491439612
-8279043937006233217,994075,1491439635
-9151649292183132655,994601,1491439603
1363215096174406323,994601,1491439580
-282752686380842942,974441,1491439588
-2375964184030891059,974441,1491439617
-3151151298465484061,994418,1491439625
6605882992845534656,994614,1491439603
9195720519410941204,994614,1491439629
1629126716205243466,994614,1491439605
5735852212226665344,993514,1491439624
-4950962809484051835,994035,1491439579
-259849196796703632,994477,1491439613
1879602554144708648,994477,1491439617
-6614622181945623308,994477,1491439633
-8486334067029805539,994477,1491439618
-5831399986241154526,994477,1491439578
-753397430269812257,994477,1491439606
-3199445989085156683,994477,1491439636
-488392616473411981,994430,1491439586
3933056006185685285,992014,1491439596
777073009915991173,994346,1491439635
1903470601928784350,994346,1491439603
7776673722273613995,994346,1491439622
5497528244966747385,994346,1491439615
8551954074646477296,994346,1491439620
7840321906720550027,994177,1491439635
1353501412844250607,994319,1491439600
2985729385491986373,994319,1491439596
-2238506920865454155,994319,1491439626
-6439665517712206886,994319,1491439617
2322800831194798549,994319,1491439632
2417395085805469874,994319,1491439631
4840263926709233861,994319,1491439600
3464118131104627959,994319,1491439591
-7302783428503831214,994319,1491439590
-1436983200538060095,994373,1491439607
-4400775281729003159,994373,1491439632
4952491794364213788,994185,1491439630
-5326776972988022844,994073,1491439608
-6429410076128010791,994073,1491439605
1629126716205243466,994621,1491439582
200328533641918126,994621,1491439589
3586548640296503551,994621,1491439617
552160450644303721,992465,1491439602
8905159902314837629,994120,1491439593
28858511964776921,994120,1491439605
1809622892180681438,993135,1491439634
-3698694764806927131,994451,1491439605
-4611943384988509655,994451,1491439590
-7594288005458277803,994451,1491439626
-6551349885784104344,994451,1491439633
3334514343614857364,994451,1491439596
2830053041557348823,993701,1491439611
-8641017710795284845,994342,1491439584
2761162484752975871,994342,1491439583
7776673722273613995,994342,1491439628
-9052430496432062127,994303,1491439612
2974659138885123853,895956,1491439593
-3780177899584229856,994503,1491439630
-7770149334898526684,994329,1491439621
7242279181810111391,994577,1491439605
-4779573209167434577,994577,1491439584
-5018831267412158198,994577,1491439584
-2556653968335736742,972937,1491439598
4528528106009432307,972937,1491439630
8029231786740640445,972937,1491439577
-8737862095560063619,992047,1491439628
3586548640296503551,994428,1491439606
-1925921431335262702,994428,1491439616
332813380873575484,994428,1491439582
-7708713448527292265,994428,1491439620
-5945713830043229899,994599,1491439633
-9151649292183132655,994599,1491439603
1363215096174406323,994599,1491439580
-6505621068385991694,410791,1491439604
6488749715830941220,343565,1491439613
1927450589152497509,993329,1491439635
1472835102320975741,994386,1491439596
-1754406332616730833,994386,1491439597
-6687033008981889349,994386,1491439623
7030457194828528292,994386,1491439583
921434018985101545,994386,1491439592
803892249231962122,989035,1491439604
558118288846860244,924609,1491439630
-5818883430426500315,994317,1491439633
2148167121492576503,994317,1491439602
-1803649360876832292,983143,1491439580
-8256999231099910516,994403,1491439587
4082100087658799171,994284,1491439580
2111666821908173907,994284,1491439603
-7633149116818152595,994187,1491439606
-2922485253248022174,994236,1491439622
-392292098923946312,345163,1491439610
3037046483812271486,994647,1491439601
5458891968471268724,994647,1491439631
1779460079217501815,994647,1491439586
-4208630082174336571,994647,1491439618
8686527256199217021,994647,1491439604
-1562041771475274145,994647,1491439608
4338692095509661958,994647,1491439586
-9079921699686359957,994647,1491439581
5889687974853659539,994647,1491439578
3703023851836468066,994647,1491439620
3057297820946006967,994647,1491439628
-3013792933091582901,994647,1491439599
-3636694259716171084,994647,1491439612
-2002444765292785981,994647,1491439627
9218656177682484047,994647,1491439596
-4551214943604920469,994647,1491439617
8277135601846313795,994647,1491439612
7305680001096330437,994647,1491439622
-4248297607526583934,994647,1491439625
-6001154842805410748,994647,1491439579
-1313983276817036321,994647,1491439603
-2353531956011490482,994647,1491439602
-3800114396022994705,994647,1491439632
-1687779791388137278,994647,1491439602
8002901372456505922,994647,1491439611
922801184142179609,994647,1491439630
-5888118702473517097,994647,1491439614
-944001721033744812,994647,1491439623
330362336410682204,994647,1491439580
-9037797935496058514,994647,1491439590
6898319230714485277,994647,1491439616
-3445629515322993390,994647,1491439612
-7300590788031107840,994647,1491439592
-8520502602299633682,994647,1491439605
-9187096575635105146,994647,1491439580
-5508420807609621517,994647,1491439604
8470504317875463910,994647,1491439587
4423442822107408290,994647,1491439616
3297647972070143396,994647,1491439595
7170457746256497451,994647,1491439611
4251198721381816971,994647,1491439577
254041728369427262,994647,1491439626
5237739709142754132,994647,1491439595
-3185239045017552756,994647,1491439618
-6454990228567690552,994647,1491439594
-1251651906711829160,994647,1491439610
761989491565808067,994647,1491439585
-165435920640291537,994647,1491439594
-4847962713044201180,994647,1491439636
-4195642704644830134,994647,1491439603
-6465410488110174608,994647,1491439589
-7883834792715652205,994647,1491439578
-524275009305042236,994647,1491439599
-6136981135795220903,994647,1491439628
7442311742972804868,994647,1491439619
8577364060945780051,994647,1491439583
-8053833985652087051,994647,1491439592
-3295998397574381905,994647,1491439617
4574379876289836429,994647,1491439624
8207363947949460226,994647,1491439623
-7349155207587207300,994647,1491439609
-5481250631953430101,994647,1491439619
502302603018833731,994647,1491439580
-9205287285341069151,994647,1491439583
-8354014086637228701,994647,1491439616
5903824044639146396,994647,1491439602
-5159796713900081118,994647,1491439579
-4507735523021515464,994647,1491439635
2903331394638004020,994647,1491439613
-8827696225603266415,994647,1491439589
7664104554968780947,994647,1491439597
-1803649360876832292,983139,1491439580
552160450644303721,994452,1491439611
-5818883430426500315,994335,1491439633
-2259131175678448137,994487,1491439622
684432933051850302,973937,1491439582
4671557801509775248,994164,1491439621
9087030953403772408,994069,1491439606
8062588135227411209,993999,1491439604
-5972814335685507467,993513,1491439592
-7167367529154033368,993513,1491439578
-5969163029164751345,993513,1491439621
4278169689733514716,993784,1491439604
2616433708435020459,994095,1491439600
-6521209554326360756,994561,1491439608
3226770984799653398,993133,1491439625
2399041704067007585,994569,1491439629
-5214529563881645422,994569,1491439578
-4212600384460592739,994569,1491439594
-5491912911533401827,994569,1491439595
7653585147422109693,994632,1491439607
7364410324851486115,994632,1491439623
-2940838712093268362,994632,1491439598
-6170463708891082685,994632,1491439626
-5604966124661243069,994632,1491439597
4675510453155438540,994632,1491439581
7025183889107765085,994632,1491439586
4411359064247563299,994038,1491439613
956598659202165561,992011,1491439585
4891261723570811508,994478,1491439591
