-361807509787066023,983244,1491101830
-256973299441807772,988689,1491101778
-2735977165123933879,992694,1491101830
-7454800311221741926,992675,1491101831
-1152815800503703918,992165,1491101810
-2842019317603269355,982511,1491101778
406586086341130880,988821,1491101774
-4221023708796919413,992787,1491101797
-5420492754778434447,992787,1491101833
-4201599840104115041,992787,1491101821
-990429930649078277,992312,1491101831
8216930695699022214,992584,1491101780
7589759634768137828,991567,1491101820
-3473572257034334118,991567,1491101786
6477131789732590424,992568,1491101796
8012769278184398591,992239,1491101825
663146447639562140,992217,1491101820
7839176745157815836,992217,1491101806
7911714450658349662,989067,1491101789
-2311090686158418949,992570,1491101818
-9171130497888334869,977031,1491101792
-8175926933453219257,992737,1491101829
1266792038783647808,992737,1491101793
-1354942776860557021,992737,1491101807
-4912466243975901938,992737,1491101825
-990429930649078277,991512,1491101778
3460214832168277975,991512,1491101814
-415304739066729360,991512,1491101829
1266792038783647808,991512,1491101807
3403239131703664549,992719,1491101821
-6063887331235172859,992719,1491101803
1519071669322722343,992719,1491101791
-319867976026311327,992719,1491101822
4534548966803681169,992719,1491101808
-9065609286944241569,992743,1491101820
-3496547502003801013,992743,1491101806
-6323462954465929780,992743,1491101788
365479179745513968,992743,1491101827
3915942795059569871,992743,1491101805
-4090172037933590346,991256,1491101796
3414667030452730592,184938,1491101829
6680903833859937712,969932,1491101814
7140454635283476052,992767,1491101790
2525780522299513649,992767,1491101802
-2410165904963409916,992767,1491101794
3282957165319927940,992324,1491101820
-8175926933453219257,990369,1491101781
5643709075271377403,990369,1491101781
-6489700915779484096,990369,1491101797
-4400553758199888704,990369,1491101798
-4681025714036927003,990369,1491101804
1482849494091733855,990691,1491101801
-4503884901249576263,907883,1491101821
4729893100883601392,992674,1491101779
-8075514181526007360,992424,1491101829
1854868069126159538,968267,1491101816
4687564643122572673,991078,1491101783
-4366735082032965543,992139,1491101792
-9219977536143825765,992139,1491101819
-8693739501546339740,992139,1491101823
7893311648058513609,992610,1491101804
-4111697405016533549,992610,1491101809
8580440746184624149,992409,1491101823
-2474170206663378533,992668,1491101794
3915942795059569871,992745,1491101805
365479179745513968,992745,1491101819
-9065609286944241569,992745,1491101783
31575058096399268,990815,1491101787
2183202661715517511,992786,1491101777
-4221023708796919413,992786,1491101800
-2304013213477702269,988895,1491101793
-1193437709538204376,988548,1491101826
8216930695699022214,992577,1491101828
2926095068908151893,991683,1491101786
6414170643235135043,992796,1491101789
-7881079232624805407,992796,1491101824
-2969175747368072446,992796,1491101810
-6007268551888223190,992796,1491101832
1236021665180981601,992520,1491101796
-2504501640837840305,992520,1491101810
-7185195105729434249,992520,1491101824
331935608797716775,992726,1491101821
1345494661594805622,977922,1491101778
-4201599840104115041,992789,1491101797
-398323920098079189,992789,1491101788
-3885145300868623221,992789,1491101831
-4502089628081279645,992789,1491101813
-5420492754778434447,992789,1491101809
-4221023708796919413,992789,1491101774
-6463688536105517941,992789,1491101818
3038471363979695749,992789,1491101831
7340740384924125925,992789,1491101819
-8175926933453219257,992750,1491101789
4587909186250754173,992750,1491101779
-17805955976473070,992750,1491101804
8902046486957516808,992750,1491101822
7805684816386369847,992750,1491101788
-6843588239397398531,992750,1491101774
-5262855334997300938,992750,1491101802
365479179745513968,992750,1491101796
-234077208564210382,992750,1491101788
-2468056971171028877,992750,1491101812
-720049788461314604,992750,1491101830
7299728026356326688,992750,1491101815
-2332838981665703344,992750,1491101809
4008234352370804487,992750,1491101830
-5417554128748034585,992750,1491101795
-2156041955550114225,992750,1491101813
151544826172130870,992750,1491101810
3915942795059569871,992736,1491101784
-2468056971171028877,992736,1491101827
365479179745513968,992736,1491101804
8902046486957516808,992736,1491101822
-2212986181337503143,986986,1491101825
3823346328896817501,991615,1491101830
-1293308914785357571,185001,1491101786
5986658260251563598,992391,1491101804
-1362960333629414214,899618,1491101779
-319867976026311327,992720,1491101822
-2926497742990193403,992720,1491101824
-2681351773771014034,992311,1491101776
-7993456417394603686,992681,1491101809
-4201599840104115041,992788,1491101821
-5420492754778434447,992788,1491101833
-4221023708796919413,992788,1491101788
-4502089628081279645,992788,1491101813
-398323920098079189,992788,1491101789
-3885145300868623221,992788,1491101831
2525780522299513649,992762,1491101832
1220965941756294329,992762,1491101794
5658470552165581190,992762,1491101801
7140454635283476052,992762,1491101790
-2410165904963409916,992762,1491101794
-8188722568512804964,992667,1491101830
-5936749682502603464,193660,1491101787
-2842019317603269355,982445,1491101778
-6175239022490887291,992596,1491101803
-121724114195435152,992553,1491101790
-7539519343692356506,992001,1491101822
-8669731956009831178,992545,1491101787
8054598099714933419,992715,1491101787
-990429930649078277,992007,1491101827
-2304013213477702269,992007,1491101797
-2564809681243680666,992226,1491101787
3967550102148836612,992727,1491101803
7079281376833234045,992727,1491101825
-5547676866879392330,992666,1491101788
2226905528843407360,992666,1491101822
-4857371381983659580,992666,1491101821
1943365336250911733,992666,1491101830
5888317630884124005,992666,1491101777
-4111697405016533549,992612,1491101809
7893311648058513609,992612,1491101804
3282957165319927940,992337,1491101820
1671495429620253481,989630,1491101811
-7704275178841303699,992740,1491101815
-5485982065589938466,940802,1491101817
6469862071424700256,992228,1491101832
-7650724371571238429,991428,1491101825
4265309358491828133,992039,1491101782
1345494661594805622,992039,1491101779
1796792415515711397,992242,1491101780
-1159757368149553653,992532,1491101799
3090301583561227121,992397,1491101791
1478543022865712678,992397,1491101793
-2735456134364413764,992188,1491101818
-3265364279712991989,992685,1491101833
-8073811063008323331,992685,1491101817
-8012448375680654971,992685,1491101831
6085828663359200415,992685,1491101824
-1710899583056797150,992088,1491101803
-1845792839836884143,992088,1491101824
-2070235792894544463,992088,1491101833
-1354942776860557021,992758,1491101781
-7993456417394603686,992684,1491101809
8645682184270944325,992739,1491101829
14052225867256590,992739,1491101813
-7704275178841303699,992739,1491101774
-6323462954465929780,992739,1491101814
365479179745513968,992739,1491101833
2477970265034118606,992739,1491101780
-3496547502003801013,992739,1491101806
-9065609286944241569,992739,1491101820
799426724461876017,992739,1491101802
-121724114195435152,992551,1491101833
6414170643235135043,992793,1491101818
6842404539347975051,992365,1491101832
-5129889739687562491,992716,1491101793
3403239131703664549,992716,1491101821
-2056477031666657538,992716,1491101799
7593689812346806115,992716,1491101797
-3549532664004164546,992626,1491101811
4350408443996183368,992626,1491101825
3759061835278706528,992626,1491101820
-6175239022490887291,992593,1491101818
-7554302751865525996,992554,1491101786
2226905528843407360,992554,1491101814
799829305823256170,992554,1491101809
377098263307203269,992554,1491101827
6182809957737450160,992554,1491101803
-7658083676581063741,992554,1491101799
2587711611382773317,992554,1491101784
511030662369273877,992554,1491101819
-7680429903998723647,992554,1491101802
3967550102148836612,992735,1491101801
7079281376833234045,992735,1491101825
6760988203065936064,992780,1491101784
4130274572401244638,992780,1491101831
3641180550498293285,992278,1491101780
107717838486873143,992148,1491101785
-3388430928670054343,992772,1491101787
-5313384986596043192,992753,1491101810
-8929957355946147521,989303,1491101784
8370164641644785166,992237,1491101812
-5642820878792518170,992036,1491101824
-5313384986596043192,992749,1491101795
-1354942776860557021,992749,1491101818
1671495429620253481,992617,1491101803
7340740384924125925,992779,1491101787
7121072133621847523,992703,1491101786
8054598099714933419,992703,1491101796
1035614403853309015,992703,1491101795
-6007268551888223190,992795,1491101832
-2969175747368072446,992795,1491101810
7357549793476081040,992795,1491101806
2883732994433017549,992795,1491101829
2868696745738579509,992795,1491101833
-457810421095033334,992795,1491101833
-4856304965377425831,992795,1491101833
-3036888954841603730,992795,1491101804
-5612872971746549953,975842,1491101784
1266118724133758821,975842,1491101811
3844855741047642113,992659,1491101799
-1354942776860557021,992754,1491101815
773826448681387518,992728,1491101810
8216930695699022214,992580,1491101796
8370164641644785166,992232,1491101812
-4487790075421385488,965989,1491101785
2759595218777872714,992355,1491101802
5645798823092223152,992355,1491101826
-7498738599385361993,992556,1491101789
2838855312169840059,992759,1491101828
5970336629578405508,992294,1491101776
280145639872898765,992802,1491101789
-7142583137410060063,992802,1491101829
-4158527299302738669,992802,1491101776
-4438792004261095820,992802,1491101826
-892905422887780595,992802,1491101815
713837722939628779,992802,1491101823
3988198673900655679,992802,1491101828
-2836798909403870654,992802,1491101804
-457810421095033334,992802,1491101833
-8077019721329736128,992802,1491101791
6591091254989184333,992802,1491101811
-6463688536105517941,992802,1491101789
-3885145300868623221,992802,1491101778
8786416334639854800,992802,1491101779
-6164785665425056156,992802,1491101819
4594803535011197532,992802,1491101831
-4865572520805591401,992802,1491101807
-5576553735894773764,992802,1491101799
-5420492754778434447,992802,1491101786
345384948147588873,992802,1491101827
3989948683544167322,992802,1491101822
5408004766662690391,992802,1491101821
7516472305200858234,992802,1491101804
-5211444518485992956,992802,1491101805
5704461943432506043,992802,1491101810
4119125066770781186,992802,1491101828
-2473892298484429314,992802,1491101799
383721523826469724,992802,1491101779
576325727665022215,992802,1491101833
-7332004474107871090,992802,1491101815
-128025003535011109,992802,1491101811
-2463571132250198825,992802,1491101797
-346874323048578454,992802,1491101820
-1831700443712858651,992802,1491101822
-4364564854796532316,992802,1491101825
5963104615767652509,992802,1491101833
7320513500285073333,992802,1491101816
-3291234413042018462,992802,1491101823
-4727840038934125924,992802,1491101785
-7282826284326623123,992802,1491101827
-6755400145904546461,992802,1491101821
-3877718201068601961,992802,1491101774
7971037758566593674,992802,1491101832
-3948858085622122696,992802,1491101780
-578493958617162886,992802,1491101822
-8737366994409501648,992802,1491101781
4587716078172740720,992802,1491101799
5007424545699982416,992802,1491101815
69680018667026371,992802,1491101808
6324337722239264821,992802,1491101830
7852505986072753941,992802,1491101787
7570892205737026085,992802,1491101801
3319341900645798280,992802,1491101820
3914913634287966269,992802,1491101784
-7900532320939020925,992200,1491101795
-8715074166707573286,992200,1491101798
1170357823432199998,914745,1491101790
-7650441922346241975,992687,1491101803
-6076952338161748404,992761,1491101826
2838855312169840059,992761,1491101786
3148281998085946317,992761,1491101827
1220965941756294329,992761,1491101830
-7299073486197559568,992761,1491101777
-1159757368149553653,992534,1491101799
6469862071424700256,992300,1491101832
3148281998085946317,992752,1491101791
-8338609438578252294,992752,1491101805
-424188272548018957,992752,1491101786
-6610524722292385653,992801,1491101822
7183362534870734930,992801,1491101786
-5554872267531521749,992801,1491101787
568543132965398853,992801,1491101807
791793917426228327,992768,1491101774
7672518550737063262,992768,1491101825
1204706005531422126,992062,1491101780
1568814537654037540,992227,1491101780
-6175239022490887291,992595,1491101812
5892098485019853133,992595,1491101780
-8669731956009831178,992439,1491101788
8282193241614044327,991725,1491101797
3066308512189184209,986167,1491101817
-3981776327048901813,992320,1491101810
1721692061387719083,992320,1491101809
1204706005531422126,992032,1491101832
7192422282939979981,992623,1491101832
-24745117961323452,992669,1491101784
-8691549970673453234,992785,1491101802
1943365336250911733,992709,1491101830
-7073228242581372838,992709,1491101803
-2993624422175413494,992709,1491101814
2838855312169840059,992760,1491101817
-6076952338161748404,992760,1491101826
6259173009092859743,143164,1491101801
1482480159098658891,991662,1491101829
5559803006009841791,338355,1491101799
6477131789732590424,992784,1491101829
2183202661715517511,992784,1491101804
-4221023708796919413,992784,1491101810
8614661255731696715,992784,1491101817
-389266052550283315,992784,1491101792
8286401113248347927,992784,1491101801
8712583848323200294,992784,1491101825
-7704275178841303699,992741,1491101800
8421345211027626669,992741,1491101828
-5778560269000965727,992741,1491101787
365479179745513968,992741,1491101833
14052225867256590,992741,1491101813
8521944124282617601,992741,1491101819
-604591310091621574,906483,1491101801
-2474170206663378533,992670,1491101822
-9097514262470765860,944418,1491101814
1750316051097115883,991988,1491101804
8216930695699022214,992579,1491101821
-2130361132388660399,992798,1491101802
-6610524722292385653,992798,1491101822
5781939899310355630,992798,1491101807
-5642820878792518170,991917,1491101824
773826448681387518,992724,1491101810
-2968605727563283713,992603,1491101826
7589759634768137828,992603,1491101806
-6110184411411478334,992603,1491101781
-4649648161370136364,992603,1491101779
-7087627260396403665,992603,1491101829
-6384433107867890946,992603,1491101787
-721041271280376802,992603,1491101827
-696166109370852983,992756,1491101796
-1354942776860557021,992756,1491101809
5852795644741684492,992223,1491101787
2759595218777872714,992656,1491101824
2332944875418291755,992656,1491101784
-4681025714036927003,992431,1491101804
-4400553758199888704,992431,1491101798
669435303154494057,992431,1491101780
8899130409611663488,992431,1491101780
8493709030559295564,992431,1491101788
-9219977536143825765,992431,1491101820
41292245261618783,992431,1491101790
7839176745157815836,992431,1491101786
-1499168652775786833,992431,1491101831
-361807509787066023,983111,1491101830
-6741972792910311016,991568,1491101822
3282957165319927940,992318,1491101786
-7061799826007075108,992652,1491101782
1035614403853309015,992708,1491101795
4244781249319275069,992778,1491101799
2326440985668473190,992778,1491101806
6760988203065936064,992778,1491101805
-1360691700625805466,992778,1491101778
-2130361132388660399,992778,1491101823
-8476180061071470667,992778,1491101833
-470306353132535492,992747,1491101789
-5313384986596043192,992747,1491101826
-27242201461356024,992524,1491101813
-2557011800733674082,992765,1491101791
-2410165904963409916,992765,1491101781
-1170317329008116480,992765,1491101814
331935608797716775,992765,1491101807
811211387408992957,992765,1491101818
6262280794885761704,992765,1491101800
-1345705210263781953,992765,1491101800
-7539519343692356506,992014,1491101822
3823346328896817501,991629,1491101829
-5850891852813481593,969920,1491101804
7893311648058513609,992615,1491101790
-6693495506373348681,992615,1491101825
1671495429620253481,992615,1491101821
7814791760040151145,992615,1491101808
8916802110673189462,992615,1491101826
-7652604252387604430,877509,1491101825
-9219977536143825765,877509,1491101778
-8008660782964248712,992800,1491101813
-3036888954841603730,992800,1491101804
6324337722239264821,992800,1491101820
4045416094153666190,992800,1491101787
-128025003535011109,992800,1491101795
-7015851941950958041,992800,1491101787
5284288880346753890,992800,1491101808
-1193437709538204376,991804,1491101826
1220965941756294329,992763,1491101830
2525780522299513649,992763,1491101832
-2735977165123933879,992701,1491101820
5361390591262664006,974441,1491101831
-3037222815916935811,974441,1491101813
7108976625878451385,974441,1491101781
-1255700984989777467,974441,1491101797
7063189353171782072,991934,1491101798
2162129866693635412,992746,1491101778
7299728026356326688,992746,1491101815
8902046486957516808,992746,1491101804
-6986594527955554920,992746,1491101811
-2468056971171028877,992746,1491101808
-7122053568958649869,992746,1491101829
365479179745513968,992746,1491101789
3530852393797714521,992746,1491101822
-8764165943370302988,992746,1491101808
-694228532037503162,992746,1491101821
-6419655424284782332,992746,1491101818
-470306353132535492,992746,1491101789
3461644055149946698,992746,1491101829
2990326960181325821,992746,1491101832
6227597941251786734,992746,1491101796
-5313384986596043192,992746,1491101826
-2904936606196460634,992746,1491101796
6681160172426971072,992746,1491101788
-625258082233629502,992746,1491101832
-121724114195435152,992549,1491101833
-2635013886686657936,992492,1491101828
-2839145652523018522,981770,1491101791
8207009397706507030,992586,1491101823
-3095177287643671923,972031,1491101778
1656020152743202585,992757,1491101794
-3921370363360491787,992757,1491101778
-1354942776860557021,992757,1491101775
2838855312169840059,992757,1491101828
-6519369632410159212,992757,1491101783
2820154533776391160,992757,1491101823
5525146589337739283,992757,1491101830
7973533813597684864,992757,1491101813
6477131789732590424,992566,1491101788
-4375309168941890825,992566,1491101783
-1419187097056049918,992799,1491101811
5408004766662690391,992799,1491101826
7516472305200858234,992799,1491101805
3989948683544167322,992799,1491101822
6591091254989184333,992799,1491101811
5161208565561490248,992799,1491101787
7616704380542437389,992799,1491101799
1571391190172174638,992799,1491101827
-7142583137410060063,992799,1491101829
4594803535011197532,992799,1491101831
-7061799826007075108,992651,1491101809
-17805955976473070,992589,1491101805
8800912667566398102,992608,1491101804
7340740384924125925,992783,1491101787
8125162088428578886,992783,1491101814
2183202661715517511,992783,1491101804
6477131789732590424,992783,1491101829
-6234900049044424141,992070,1491101785
1124834723361789244,992665,1491101794
7876424492750907939,992665,1491101830
5970336629578405508,992665,1491101823
107717838486873143,992718,1491101831
-5129889739687562491,992718,1491101793
-6175239022490887291,992591,1491101818
6418678940782223995,991545,1491101799
-1161574220755594202,992099,1491101785
-7668478803730983705,992618,1491101807
1910935004275632784,992618,1491101814
-7111690030015042317,992618,1491101819
-3445783345382133937,992618,1491101790
7893311648058513609,992614,1491101784
-3445783345382133937,992614,1491101806
1796792415515711397,992234,1491101787
-1609639258675508894,992460,1491101781
-5099863638181814577,992448,1491101775
-3166909989034812397,992453,1491101814
2759595218777872714,992453,1491101804
5121371623619169745,992734,1491101806
-6388247180719540956,992730,1491101828
-2306262839278869781,992601,1491101827
7589759634768137828,992601,1491101828
-6175239022490887291,992594,1491101788
1898640546536511579,992664,1491101801
4092403770661033266,992664,1491101808
-24745117961323452,992664,1491101803
-7107815841632665730,992116,1491101820
5102892457371315871,992711,1491101819
-4857371381983659580,992711,1491101822
-5430225995185883454,992711,1491101802
-5891358861649592799,991835,1491101821
-4740550554297023284,991835,1491101778
-842869851195585279,991835,1491101816
-2467754269622934433,991835,1491101812
6259173009092859743,143166,1491101801
-4953528890913364390,988325,1491101802
4803931698903726315,988325,1491101803
-4005931549779641948,988325,1491101822
7839176745157815836,988325,1491101828
7589759634768137828,992605,1491101828
-9167064003447863342,990487,1491101789
4265309358491828133,990487,1491101793
3532461658946805325,992794,1491101811
-7132447356032245083,907351,1491101806
8216930695699022214,992578,1491101828
1127002623845657353,885805,1491101819
1854868069126159538,972889,1491101812
-7650724371571238429,991935,1491101824
-5591062340670309848,991935,1491101816
-7900532320939020925,991935,1491101808
1910935004275632784,992624,1491101813
-7111690030015042317,992624,1491101819
-4322621686210752272,992624,1491101822
1066549491773116104,992624,1491101817
-8416380952527468656,992624,1491101782
3266987308352932514,992624,1491101790
4054363756569248077,992624,1491101828
-7782797199618399990,992624,1491101790
-8237854861804622348,992624,1491101834
3201898286902660998,992624,1491101826
3196762696521357587,992624,1491101818
7478953878466934024,992624,1491101783
5101909096437822571,992624,1491101807
-2968605727563283713,992624,1491101826
-2421282103732835950,992624,1491101808
6346388319834238165,992624,1491101788
3063252377070724328,968742,1491101804
7079281376833234045,992738,1491101808
3657683362928987773,992738,1491101831
-7704275178841303699,992738,1491101815
-7002023292893019559,992738,1491101808
8216930695699022214,992581,1491101786
-7458391804650015523,968892,1491101818
4886695929862749427,968892,1491101791
-637537573285504080,968892,1491101782
5391921225279942152,968892,1491101781
-7713276161956893122,968892,1491101811
4064965535984006932,992805,1491101812
2477970265034118606,992751,1491101780
799426724461876017,992751,1491101802
-8648212712856809930,992751,1491101801
-1354942776860557021,992751,1491101813
-1173087050898720447,992751,1491101796
-696166109370852983,992751,1491101796
-9051728840452952294,992751,1491101828
7839176745157815836,992751,1491101779
773826448681387518,992725,1491101806
9182168105001852993,992725,1491101781
-1742462600314372644,992725,1491101797
-6388247180719540956,992725,1491101829
-5249141907047853485,992725,1491101831
2494106997755046596,992705,1491101783
8054598099714933419,992705,1491101805
-319867976026311327,992721,1491101801
-24745117961323452,992663,1491101803
1846835128197607904,992663,1491101818
-2474170206663378533,992663,1491101822
8997920427247107157,992653,1491101801
21804729163017966,989385,1491101833
-3981776327048901813,989385,1491101820
-3265364279712991989,992677,1491101833
-887943384772414197,991825,1491101833
-7061799826007075108,992650,1491101809
-7107815841632665730,992117,1491101820
1170357823432199998,917364,1491101791
1204706005531422126,975858,1491101809
7893311648058513609,992620,1491101780
302636649065735397,986789,1491101821
-5612872971746549953,988454,1491101777
-6560876524462739873,988454,1491101784
2911094637188570194,988454,1491101809
-5204767433334624311,988454,1491101785
427146667978789720,988454,1491101809
-9167064003447863342,988454,1491101792
-637537573285504080,992702,1491101832
1204706005531422126,991784,1491101832
1404843982883632690,992790,1491101833
-4502089628081279645,992790,1491101796
3038471363979695749,992790,1491101827
-3885145300868623221,992790,1491101808
-6463688536105517941,992790,1491101813
-5420492754778434447,992790,1491101795
-2836798909403870654,992790,1491101804
7399104320516581089,992790,1491101809
-8483976961344309523,992790,1491101821
6414170643235135043,992790,1491101818
-7480888413517590397,992776,1491101797
-1100005400216003751,992776,1491101796
-1360691700625805466,992776,1491101802
6760988203065936064,992776,1491101824
2326440985668473190,992776,1491101816
-6558643835283790598,992776,1491101797
-5273908067514958855,992776,1491101775
1670898231021694614,992776,1491101821
4008607692766807660,992776,1491101831
4244781249319275069,992776,1491101799
