3017378969786536409,995465,1491624819
8247215724287501156,995465,1491624831
4657312453143253786,995465,1491624819
2829458826689564977,995465,1491624852
-2501358893468204708,995465,1491624847
-4843080286697583070,995495,1491624836
-4039039076625249877,995495,1491624852
-4651507675937019199,995587,1491624825
5641440195126299673,995587,1491624833
-7042178760621217195,995587,1491624822
-44091711039141987,995587,1491624831
-2451735392659474223,995587,1491624856
-4240322186788897451,995587,1491624857
-7963668787351404088,995587,1491624820
7848091305122635698,995587,1491624810
3960615010459116238,995587,1491624839
2204525879878843338,995587,1491624832
2318013987971821970,995587,1491624825
-7109986805290027137,995587,1491624820
-8699967714308638801,995587,1491624849
4704689977102538614,995587,1491624800
-4349915393514100999,995587,1491624857
1563192694754352340,995587,1491624851
-7814133777667609787,995587,1491624816
-1881381792430204269,995587,1491624838
-6721882827950704183,995587,1491624829
-1973771136775407328,995587,1491624839
4028591471324887601,995368,1491624799
7104761051912903667,995368,1491624805
-5673287808714696205,905362,1491624823
1559988461201863248,994571,1491624850
2370200680864722960,995533,1491624849
4304759148853498236,995533,1491624803
-7566466614957645766,995533,1491624807
800886848814394168,995533,1491624857
4499362255200511518,995533,1491624819
2606782615194241865,995533,1491624848
135730371527729234,995506,1491624805
-4049808778503899676,995506,1491624800
2829458826689564977,995506,1491624852
-2501358893468204708,995506,1491624847
-5196584485378905655,995506,1491624848
3926466695597424321,995506,1491624839
2726685291230910569,995506,1491624849
3867873550374640159,995506,1491624806
1912702280634491533,995506,1491624858
3683820488817186869,995506,1491624855
-1405899587544282629,995506,1491624842
3339661637525436643,995506,1491624824
-340897568873958525,995506,1491624851
329702942459435455,995506,1491624828
-8333921193114098411,995506,1491624827
-3336954485863043197,995506,1491624828
2681240151342121238,995506,1491624809
-347173039631875050,995506,1491624814
8977022473478340398,995506,1491624822
4288732930265410262,995506,1491624799
-6574905705385731000,995506,1491624825
-4926267140684594260,995506,1491624818
8936872757656503585,981626,1491624827
6731052725828441403,995559,1491624815
-4931516785279739044,995559,1491624811
5354831276196006814,995559,1491624824
-7350946339600634619,995559,1491624856
-4991740380850532393,995559,1491624805
796864881058224445,995559,1491624833
-8314461262955061811,995559,1491624857
832027248824395978,995559,1491624804
4908240149028741630,995559,1491624854
3537622415269230430,995559,1491624816
8272843482853492572,995559,1491624823
-4098881247672401322,995439,1491624816
-1838318850972366541,995213,1491624814
-9195702133006934348,888520,1491624824
-38948818346635113,995504,1491624806
-8171101951544600111,995504,1491624847
4748746165889709775,993989,1491624834
-5767244036707600031,995529,1491624838
-4988869900528827129,995529,1491624820
-6158259554645247586,995529,1491624823
4281706791936486519,995529,1491624819
-4935211712797818296,995529,1491624825
-8400006623712109580,995529,1491624807
7300662538386870204,995529,1491624809
-1834972994657885348,995529,1491624824
-270630392069833915,995529,1491624827
5242239367814335445,995529,1491624834
-757848218232399565,995529,1491624856
1637358492897178527,995529,1491624854
9058152195009061233,995529,1491624829
-477961941173366625,995529,1491624830
-3307625383891744825,995529,1491624826
5021621625043493090,995529,1491624840
4846252768504696766,995529,1491624810
1308630925219145390,995529,1491624852
5859788822427870831,995529,1491624833
6175472915889560400,995529,1491624798
7500638709989361507,995529,1491624831
-1531894061030709199,995529,1491624845
9165966005526594959,995529,1491624805
-3552573819419631203,995529,1491624811
-2005141196238807309,995529,1491624826
-3577064549420993110,995529,1491624814
-5249633046398134196,995529,1491624815
8776815122890215700,995529,1491624813
-1721160818770152946,995529,1491624825
5742571195747081740,995529,1491624835
4628196143626211265,995529,1491624841
4708882561825114455,995529,1491624813
6905550528014646412,995227,1491624802
1860445782020211534,995250,1491624823
709085970911865591,995250,1491624798
4170973315191546524,995250,1491624853
3503679551632675763,993104,1491624815
6648006442628275633,995261,1491624831
-6764668398958861607,995375,1491624816
6031258125205322162,995375,1491624838
6297560806746090922,194955,1491624848
8932012345832152812,995357,1491624827
7795380331549770132,995357,1491624846
-4888955011712278845,995357,1491624854
9151919780405526830,995357,1491624853
5757763638213826093,995357,1491624828
4393815189687639538,995357,1491624838
-7768935261541709230,995383,1491624834
-5287517956510882127,343059,1491624853
-5531550473033179716,995602,1491624834
9124598386087949745,995602,1491624799
-195392071208230467,995602,1491624832
-2962839009723161174,995602,1491624854
-869285700864410817,995602,1491624810
3117712802818993561,995602,1491624852
-5054502806826074109,995602,1491624804
-515127366079439653,995602,1491624798
5350901151150736318,995602,1491624806
1514436472240836719,995602,1491624820
2487818007336262672,995602,1491624829
-7728929024813831666,995602,1491624844
3362083230004102711,995602,1491624820
5691790555039027662,995602,1491624834
-4922464731836375252,995602,1491624833
-6394526861789423121,995602,1491624844
6964608060345344008,995602,1491624818
-8433571271888702996,995602,1491624855
-1903376371533677210,995602,1491624843
6833471272720764712,995602,1491624814
1455960736012257764,995602,1491624829
-5460097977072921070,995602,1491624803
5170718054618413528,995602,1491624854
-6433214448603594188,995602,1491624847
-8685742896091988136,995602,1491624817
446663518854984718,995602,1491624857
7327236965276815586,995602,1491624842
3256904095627332077,995602,1491624846
4588984425511572045,995602,1491624837
-6813245008094830221,994313,1491624806
-431994445273261699,994925,1491624804
3434500367245152863,995312,1491624819
6648006442628275633,995312,1491624817
-1906467614575006419,995312,1491624813
-1335093632210675497,995312,1491624842
8097785436915198440,995312,1491624842
-7050732082888318241,995312,1491624824
8554100751386308487,995312,1491624824
2099098005108170792,995312,1491624842
6994823670426451518,995312,1491624804
785181667095398508,995312,1491624847
1541018088674731352,995312,1491624838
4893892637850729703,5489,1491624836
490759604293609501,342385,1491624839
2777750554324509982,995591,1491624843
7903338953332477404,995591,1491624827
-3784940646684737648,995591,1491624832
-9216811571166112149,995591,1491624824
-7405788588175256944,995591,1491624802
985336343703526794,995591,1491624852
-5260448871391649000,994955,1491624836
2560470931458435581,994955,1491624856
-3009104817198266949,994955,1491624826
-2327428022384182274,994955,1491624855
-5437974292990844317,995009,1491624814
7595878010970062973,995009,1491624805
4170973315191546524,995252,1491624853
-9213467449760462319,982894,1491624807
-5877256678303078926,995432,1491624798
5763823125481148498,995432,1491624813
1158584092440329453,995432,1491624842
-4630885596284492607,995432,1491624840
630150602966594075,995390,1491624826
1335109538774146735,995390,1491624834
4522342344637463030,995390,1491624843
-4984470352576246637,995583,1491624842
-7977663428120694221,995583,1491624851
-2758578427254422926,995583,1491624839
1868506304293794650,995583,1491624823
-2499425127245227838,995583,1491624824
8785746657102690134,995105,1491624834
6466973418254514419,995405,1491624845
-8902926490823755028,995405,1491624841
-5477767377192534236,995405,1491624805
765860546414009888,995405,1491624857
7419675957146057102,995405,1491624852
-1510791113880990087,995405,1491624806
3926466695597424321,995511,1491624810
-8789545349568574817,995511,1491624819
8130609881379521122,995242,1491624808
709085970911865591,995242,1491624843
5201767731508337145,995545,1491624847
-8856471781168208264,995545,1491624830
2380847453734327932,995545,1491624856
6830599343153236894,995545,1491624823
7561544327355486275,995545,1491624813
-1548485737517866670,995545,1491624821
-8186487704895082025,995545,1491624844
2303445703819450276,995545,1491624838
1141858247159138895,995545,1491624806
-6865393127211094957,995433,1491624817
3017378969786536409,995433,1491624835
8756467242316828775,995537,1491624800
2698599199202974335,995537,1491624847
-8222604804437807098,995537,1491624819
-139889713327762391,995537,1491624829
5189244056809066011,995537,1491624837
6664530487156418241,995537,1491624824
-991880968899651971,995537,1491624813
-6980170472646125622,995537,1491624826
8037414612427775619,995537,1491624829
-8760216662544022913,995537,1491624825
-6229530910012397065,995537,1491624849
4647480724853371096,995537,1491624853
-2275576595195998523,995537,1491624811
-2454472746977422314,995586,1491624816
-2449775740935110307,995586,1491624803
-7332204296074289102,995586,1491624851
-3585518896010502364,995586,1491624818
131261255327422561,995586,1491624849
2109495704417590226,995586,1491624810
5393020274050637786,995586,1491624810
8262117878996535156,995586,1491624843
2894788783262960216,995586,1491624830
-728374697063126388,995586,1491624831
1142421237461688642,995586,1491624850
4704689977102538614,995586,1491624832
-1093979468622298843,995586,1491624848
1758150892798448910,995586,1491624850
-7595283791321825904,995586,1491624846
-839732427031731115,995586,1491624816
-7786232723886152137,995586,1491624830
-2393347591822783475,995586,1491624841
8807315275463230572,995586,1491624852
3447677170994364435,910385,1491624823
8803768320759511107,910385,1491624837
8619946044530214862,993382,1491624817
5498918235136554381,995553,1491624830
1449133782925166614,995553,1491624810
6727352813538233875,995553,1491624827
-3557542042195305627,995553,1491624806
8029675617339496569,995553,1491624837
-479088524028194623,995553,1491624825
-8255194093563454293,995553,1491624828
6893039624783793999,995488,1491624845
3865487726471919643,995488,1491624809
-5241991754598115478,995488,1491624806
438982162053848648,995488,1491624800
8068621267474024200,995257,1491624853
-8114023517370458854,995134,1491624827
-2499425127245227838,995581,1491624813
1868506304293794650,995581,1491624802
4704689977102538614,995581,1491624848
-1461004685182369734,995581,1491624836
2109495704417590226,995581,1491624835
-1093979468622298843,995581,1491624856
8785746657102690134,995103,1491624842
765860546414009888,995411,1491624856
7419675957146057102,995411,1491624852
4855590917829961680,995411,1491624836
-8902926490823755028,995411,1491624812
-1510791113880990087,995411,1491624806
4644560348421236286,995411,1491624803
-4728368436977478232,995411,1491624844
1076718397319055894,995411,1491624808
-8556699428473525162,995411,1491624798
5861050822075069850,995411,1491624824
-3761947588509236274,995411,1491624803
-6278633080659816573,995411,1491624818
-3960501756627179848,995411,1491624844
2511005899672844317,995411,1491624838
-2758578427254422926,995582,1491624832
1868506304293794650,995582,1491624823
-7977663428120694221,995582,1491624802
-2499425127245227838,995582,1491624825
4704689977102538614,995582,1491624848
2510794815272071480,909058,1491624799
-4039039076625249877,995493,1491624852
-4843080286697583070,995493,1491624834
9078621016508206088,995493,1491624857
6547235417477663672,995493,1491624816
1335109538774146735,995369,1491624831
630150602966594075,995369,1491624801
-1219912658069452024,995369,1491624834
4522342344637463030,995369,1491624843
-2374809207153229913,995369,1491624851
-8789545349568574817,995369,1491624833
9083214236465837215,995369,1491624823
-7898408885032087128,995369,1491624812
2167265526632183978,995369,1491624823
2458377272663205669,903003,1491624840
6263353710929828440,903003,1491624829
-5222765692370615976,995334,1491624824
4082763336836067637,995334,1491624839
-8211216016352176558,995136,1491624854
6370114087006874428,995472,1491624853
448794942681923614,995472,1491624827
1115820977744473290,995472,1491624818
-3335207683746771308,995472,1491624817
-8171537682820873708,995472,1491624845
-8979005460213896057,995454,1491624799
-4728368436977478232,995454,1491624842
-8556699428473525162,995454,1491624858
-8187716505430626265,995454,1491624843
-1436058934364100479,995454,1491624814
3423798412934272481,995454,1491624807
4165304917346402470,988990,1491624805
722212292875228232,893722,1491624835
9013606318916214337,995438,1491624850
6312347636768855912,995438,1491624819
1007056733082752828,995469,1491624852
-8230162664322917442,995469,1491624847
4980332022535004376,995469,1491624842
-3415072029406289026,995469,1491624833
-8556699428473525162,995467,1491624811
-634137492016896944,995200,1491624813
-3492235966522820332,995044,1491624855
1051421339586366690,995301,1491624813
2666533175324805154,995301,1491624828
6653314622066559037,995355,1491624838
-6080468550302059922,995355,1491624851
-1478143111083615789,995355,1491624848
-4302255818865383512,995355,1491624843
6412138857980229948,995355,1491624837
6306912277869324762,995344,1491624850
-2452801307084743490,995424,1491624827
-2249301938183728095,995424,1491624843
6426153369665130741,995548,1491624812
-3367429826441667699,995548,1491624810
-4822113670361206984,995548,1491624798
6830599343153236894,995548,1491624853
5201767731508337145,995548,1491624847
-8856471781168208264,995548,1491624830
2380847453734327932,995548,1491624856
-3575916104545502296,993271,1491624851
-8059421317335754837,995269,1491624837
5546031580025531242,995522,1491624838
-6011349634264900151,985834,1491624811
4522342344637463030,995406,1491624812
6466973418254514419,995406,1491624845
-8902926490823755028,995406,1491624841
-8956204520400084771,995239,1491624843
4647480724853371096,995538,1491624853
-5989758796192410408,995538,1491624823
7816518348779912741,995538,1491624806
-6229530910012397065,995538,1491624849
-8760216662544022913,995538,1491624822
8037414612427775619,995538,1491624824
1667238799349539695,995538,1491624816
-8005821323393925680,995538,1491624803
8120252665893559610,995538,1491624811
6949389925695184800,995538,1491624801
-3564848615007228505,995538,1491624823
-4054545601987210070,995538,1491624851
-7029336040837314091,995538,1491624850
-6990928590084959879,995538,1491624807
3343082084944784309,995538,1491624831
-3860062596629345450,995538,1491624816
2256709180121309907,995538,1491624844
-7759590124701370868,995538,1491624842
-8544677589917854262,995538,1491624819
8609420255648121178,995538,1491624803
-1208461805940659169,995538,1491624800
4767118894011347209,995538,1491624836
6789875836015993293,995538,1491624826
-3367429826441667699,995538,1491624857
-4822113670361206984,995538,1491624799
-1514444432098839636,995466,1491624805
3017378969786536409,995466,1491624834
-3433217330083705429,995201,1491624828
-219202216240940058,995380,1491624856
8046803947166410231,995380,1491624810
-1096537324804888376,995380,1491624848
490759604293609501,342384,1491624842
-7892727334115812023,994789,1491624811
3440792312956163392,986569,1491624804
-7430128132138664362,995308,1491624849
-2218336926268159412,995308,1491624813
-2327428022384182274,995308,1491624855
-504863730100293337,995515,1491624819
5969037155421452001,995515,1491624824
-1507754446125264553,995519,1491624806
1149453387556684903,995519,1491624853
6016012165309069049,413439,1491624814
4912525951404569939,994717,1491624799
-8879728453305906609,982551,1491624813
-4271376349377899110,994999,1491624803
-763128678043726235,995137,1491624845
1377673144961853997,995460,1491624839
7368699436561858689,995460,1491624850
8293148886942414047,995460,1491624851
-5729066603165080515,995460,1491624823
1415507352010809618,995460,1491624822
5232858911604236686,995460,1491624814
2589677809684484918,995460,1491624831
-634137492016896944,995194,1491624839
796403083757156457,995468,1491624840
-9087229898183332751,994250,1491624836
1173203393279770147,994250,1491624842
5093197716072787413,995562,1491624811
7638641519456546999,995562,1491624835
-5892711265061512838,995562,1491624847
7173532072004388685,995562,1491624832
8367550283185106531,995562,1491624800
8398846138220452956,995562,1491624852
-7199917114214248773,995562,1491624857
-8278551697953462723,989074,1491624845
7232754731250862708,995169,1491624798
2224453115784846996,994041,1491624832
876717964156365677,995295,1491624818
-4098881247672401322,995451,1491624810
-8187716505430626265,995451,1491624852
4076132338330264976,995266,1491624825
1149453387556684903,995513,1491624853
5844154307452594226,995513,1491624828
-8874049932460354360,995513,1491624839
-6608913017269650375,995513,1491624853
-1924030621707184573,995516,1491624802
6930593506202331178,995516,1491624824
-6290374987690667408,995516,1491624801
2124524206181048957,995516,1491624836
-1507754446125264553,995516,1491624806
1264997058539422472,995516,1491624831
8343007013229868215,995516,1491624854
-543662300200105379,921785,1491624819
-8275456893390496493,994483,1491624808
6815705588475126896,994559,1491624823
1362142592193106633,994993,1491624813
7991551239593152650,995341,1491624823
-5768718432281571061,995267,1491624809
5462459233994635530,995267,1491624805
-5442501698092083274,877442,1491624852
1696041046541799424,986753,1491624829
9047157539581816989,995463,1491624806
-5898484421766472962,995463,1491624846
-6443728736259588822,994411,1491624842
-9031614642076737811,28571,1491624808
-6998022480092925086,995268,1491624848
4137341788101035701,995322,1491624807
-5242529942770089534,995322,1491624813
3926466695597424321,995509,1491624828
-3575916104545502296,993277,1491624855
-7603656730569604830,995172,1491624833
-3239391202850282323,995172,1491624801
-7529168581246189994,995172,1491624814
8690986109545725971,995172,1491624834
5941275171262497796,995172,1491624839
-2326421864562280105,995172,1491624839
9205430448520748572,995172,1491624852
2303445703819450276,995172,1491624826
-7363176591223524960,995121,1491624849
-6884528383974766313,995486,1491624800
1399651849305816497,995486,1491624818
-4897038830809740716,995486,1491624851
5406482806612890258,995486,1491624819
5655604775577218301,995486,1491624851
2989622429174268797,995486,1491624803
969594275349579925,995486,1491624835
-8152892200249204456,995486,1491624845
3123664124886044286,995486,1491624820
2420347813714097399,995486,1491624828
-9186124894237011132,995486,1491624840
-3095205968295611870,995486,1491624846
8396541513898736912,995486,1491624839
2308818099202938611,995486,1491624843
-6342979355447153678,974441,1491624801
7755249575544980572,974441,1491624847
4106434670501181955,974441,1491624826
-1078719434665145133,995560,1491624846
7638641519456546999,995560,1491624858
1459924569619012990,995560,1491624801
5093197716072787413,995560,1491624819
-6197230736429583012,995122,1491624835
1335109538774146735,995339,1491624817
5664049987688840339,995339,1491624799
7991551239593152650,995313,1491624849
932453065117167201,896560,1491624838
4814742665846065891,995205,1491624828
-1434827573305903244,995205,1491624817
-4643911189940374352,995325,1491624804
7039474542914579447,995325,1491624825
-8995356417212961540,995325,1491624818
2737382643735919044,995325,1491624816
8936872757656503585,981526,1491624831
-1020078514061462625,995523,1491624831
8756467242316828775,995523,1491624832
5546031580025531242,995523,1491624817
-4043863006835312836,995523,1491624827
-3633643346629589751,995523,1491624857
-2504569890944346373,995523,1491624818
-3878088018792739953,995523,1491624832
2049212051428780441,995523,1491624829
6203754841473769332,995523,1491624853
-5284814667395573932,995523,1491624845
2405903082395869898,995523,1491624822
4354455600191427148,995523,1491624812
-1651402348679203938,995039,1491624849
3961640743821960656,995019,1491624825
7374008311275581342,995019,1491624820
9151919780405526830,995230,1491624826
-635302183700795685,995230,1491624841
-4245844267518541869,995188,1491624803
-3575916104545502296,993441,1491624846
1308478785051460125,995364,1491624853
-3378495141258141424,995364,1491624851
-4004695305162836274,991785,1491624807
7810854508547307688,993466,1491624853
5316734303712889045,993466,1491624847
-3301472977256966898,993466,1491624827
-2870874110741612741,995186,1491624822
-2469811341116824527,995186,1491624824
6432045124374436867,995186,1491624844
-702575452308872495,995186,1491624818
-2454472746977422314,995595,1491624831
8881446290003240903,995595,1491624856
8189512864736169103,995595,1491624847
985336343703526794,995595,1491624802
-2117128046215623746,995595,1491624816
-8713960095636438866,995595,1491624820
3702471821944847258,995595,1491624833
1714362167768402676,995595,1491624844
6964608060345344008,995595,1491624848
2487818007336262672,995595,1491624847
-685225115630624244,995595,1491624855
-774476135649627430,995595,1491624802
-1037811697677936869,995595,1491624810
1074070085252006994,995595,1491624840
-943071780681023858,995595,1491624855
-7542884071758760681,995595,1491624826
-2725936575682715147,995595,1491624825
1538090098494305144,995595,1491624850
-5054502806826074109,995595,1491624825
350856537906764657,995595,1491624847
3590114304920193458,995595,1491624806
5831398086035851194,995442,1491624799
-1137139295955303744,995442,1491624857
-7566466614957645766,995518,1491624837
7991551239593152650,995314,1491624849
482056233091233182,979731,1491624813
-3482471981992259018,995278,1491624805
-5054454625629544341,994938,1491624812
8619946044530214862,993395,1491624856
-2922558410265872724,995570,1491624821
-8820339372762773046,995570,1491624825
-4075854089652151427,995570,1491624842
-2041065634934415955,995570,1491624846
8617753495834503271,995570,1491624821
-8749432338228384870,995570,1491624807
8655123424232084889,995570,1491624841
2282976630368122267,995570,1491624823
-915887025004348319,995570,1491624812
7135357022148717077,995598,1491624832
6217574608968225393,991068,1491624809
-5140207437084647226,995160,1491624856
-3367290513016873835,995160,1491624835
-5437974292990844317,995160,1491624852
4935469303663503804,995160,1491624832
6203742540052673015,995160,1491624821
7192410802164870492,995160,1491624823
1362142592193106633,995160,1491624835
3319458013925324906,995160,1491624806
8359307450555853017,995160,1491624846
-1411863313275126022,995160,1491624820
-1925209465672989046,995160,1491624841
2047367637114541819,874317,1491624849
2198372853110493258,994826,1491624838
4253720018029631062,994872,1491624825
4657312453143253786,995377,1491624819
4614240055968904853,995377,1491624842
-8320225838235628720,995404,1491624818
-567420143669258255,995404,1491624840
8502076994419451018,995404,1491624815
1415507352010809618,995404,1491624822
8293148886942414047,995404,1491624851
-133348407757941884,995404,1491624854
-7187913615250203196,995404,1491624812
2396047126007067526,995404,1491624824
-1866707495450808101,995404,1491624834
-4857498663795899295,995404,1491624842
-6865393127211094957,995404,1491624836
5986713247553004714,994536,1491624827
-2490679155870134368,995594,1491624842
-6671985656540355737,995594,1491624854
-8871715885909865615,995594,1491624810
-8713960095636438866,995594,1491624835
985336343703526794,995594,1491624812
7744995580507267426,995594,1491624808
1714362167768402676,995594,1491624844
8189512864736169103,995594,1491624847
6964608060345344008,995594,1491624848
-2117128046215623746,995594,1491624816
3926466695597424321,995335,1491624847
-4049808778503899676,995335,1491624806
-4098881247672401322,995449,1491624849
4699233102416126188,931399,1491624822
2138410020461232137,995054,1491624804
-3492235966522820332,995054,1491624809
2135564530038263389,995054,1491624843
8083097495187499602,995189,1491624827
8068621267474024200,995271,1491624848
6426153369665130741,995492,1491624812
6830599343153236894,995492,1491624853
7322869825166238157,995487,1491624852
-8127875393580987261,991955,1491624829
3512337579305723644,994751,1491624808
4771396709333365717,994751,1491624833
7866322317858588217,994751,1491624817
6348201160343644536,994751,1491624854
8396901529967769432,991662,1491624834
-6860514360905601686,995550,1491624840
-8278551697953462723,995550,1491624836
6348201160343644536,995550,1491624800
4509028673545393425,939801,1491624829
978326328514929035,939801,1491624815
-1621215344873152966,939801,1491624847
4621550984732244473,995282,1491624822
5131633336431587216,992386,1491624842
-9211882940198962766,995571,1491624808
-5946272603680968503,995571,1491624842
-1180108700983671287,995571,1491624854
-6163474217820233193,995571,1491624829
6962907159958504829,995571,1491624813
-8937547455878134035,995575,1491624816
8495181459256564627,995575,1491624848
-4075854089652151427,995575,1491624810
-2041065634934415955,995575,1491624830
6264045641050098809,995575,1491624857
8039312367606085311,995575,1491624826
-703799446752137849,995575,1491624815
-2758578427254422926,995575,1491624856
-3119050649269018172,995575,1491624835
9078621016508206088,995483,1491624848
1264997058539422472,995552,1491624823
8469731720094005151,995552,1491624800
7561544327355486275,995552,1491624813
-1548485737517866670,995552,1491624821
2380847453734327932,995552,1491624822
5498918235136554381,995552,1491624837
2892020337781120163,995552,1491624842
4286488764093861022,995552,1491624801
6731052725828441403,995552,1491624846
-355750828569082196,995552,1491624819
-6194771847313993219,995552,1491624807
6727352813538233875,995552,1491624827
3040101939143583673,995552,1491624816
5890772981988545091,995552,1491624817
2135564530038263389,995056,1491624798
5389355960650864747,995056,1491624830
709085970911865591,995207,1491624843
8785746657102690134,995099,1491624848
9205430448520748572,949839,1491624801
-5192467240562424730,894426,1491624820
6598718111076016733,995599,1491624849
-2725936575682715147,995599,1491624825
-7542884071758760681,995599,1491624826
1538090098494305144,995599,1491624850
-774476135649627430,995599,1491624802
8189512864736169103,995599,1491624803
1074070085252006994,995599,1491624840
5792832856068771515,995599,1491624842
-4148846396102966744,995599,1491624821
7996591551913280148,995599,1491624841
3754022405344130256,995599,1491624846
-7404229632040767114,995599,1491624801
1714362167768402676,995599,1491624831
-685225115630624244,995599,1491624855
2487818007336262672,995599,1491624847
6964608060345344008,995599,1491624841
-5054502806826074109,995599,1491624825
-4651507675937019199,995599,1491624845
6392456259387795368,995599,1491624816
-869285700864410817,995599,1491624856
3362083230004102711,995599,1491624844
-3155050058768496099,995599,1491624816
-3548002425055356101,995599,1491624856
4934754786287279731,995599,1491624843
-515127366079439653,995599,1491624856
-8302948319656468617,995599,1491624855
4670054041504172199,995599,1491624814
-7586712714278223732,995599,1491624806
6020783028883363579,995599,1491624826
709085970911865591,995244,1491624808
-3984741477671071102,994958,1491624833
-3586001531448455130,994958,1491624845
-4896584405615190508,994958,1491624848
-4128513067156988827,994958,1491624849
-1763015223900500191,994958,1491624820
6372667591448550084,994958,1491624798
1681777712216378823,994958,1491624835
-7822239983767009506,994958,1491624839
-8320225838235628720,994958,1491624849
6653314622066559037,994958,1491624855
5781721426857019154,994958,1491624805
-1472650105371510248,995558,1491624813
-7350946339600634619,995558,1491624811
-8314461262955061811,995558,1491624831
-6058179555217900141,995558,1491624839
-2073726108731965713,995558,1491624829
-280496160034656860,995558,1491624815
6962907159958504829,995558,1491624835
4225250852255276354,995558,1491624855
6889323311342042988,995558,1491624854
-2311605272944129792,995558,1491624854
-9073389934605195392,894814,1491624813
8835133864553985404,995568,1491624849
-3777604177361268006,995568,1491624838
-917705165210869468,995568,1491624827
-7830062335434374447,995568,1491624814
6835410162954411005,995568,1491624799
-538262549008508189,995568,1491624826
7705913357067252792,995568,1491624803
3986487877710499738,995568,1491624827
2569600049875876568,995568,1491624808
6303691826333527582,995568,1491624813
-4288055852593579857,995568,1491624835
-3649289077255375212,995568,1491624842
-75159090497527597,995568,1491624848
-1180108700983671287,995568,1491624824
-6984255216951248730,995568,1491624832
2238056637752999607,995568,1491624840
-4679097638523996847,995568,1491624850
137144811473274407,995568,1491624853
-1487451234677766008,995568,1491624812
1604044183446667087,995568,1491624853
569001055764689256,995568,1491624805
-4656657954441677418,995568,1491624852
9202640247358629888,995568,1491624814
3296678898331499846,995568,1491624841
3390246737847842151,995568,1491624828
-9140317891901757707,995568,1491624836
-8820339372762773046,995568,1491624830
7528956703825926240,995568,1491624811
2119849286048549617,995568,1491624836
-6685437391757478717,995568,1491624822
-5697736699055655960,995568,1491624812
5901120594420773877,995568,1491624833
-8932727338711410958,995568,1491624803
7054999098252520942,995568,1491624824
3082409167206918215,995568,1491624830
2945777146409677396,995568,1491624855
8597458719412159822,995568,1491624836
-806919848220697305,995568,1491624824
537856243372068388,995568,1491624832
3522772405942735733,995568,1491624844
1587695220899803859,995568,1491624846
-6371101359375947274,995568,1491624855
3536227007487243525,995568,1491624854
-4331699887228805146,995568,1491624853
2433733429052423479,995568,1491624800
-5571185426570770450,995568,1491624846
1844758740509743265,995526,1491624847
6893039624783793999,995526,1491624802
-1834972994657885348,995526,1491624851
5917840501388455040,995526,1491624837
-8822124699701686017,995526,1491624804
-8645832904808242214,995526,1491624843
-8319169971366702205,995345,1491624843
-5222765692370615976,995345,1491624854
6306912277869324762,995345,1491624822
-622375887539147253,995345,1491624852
-246677812384874189,967191,1491624853
8046803947166410231,995309,1491624810
-219202216240940058,995309,1491624856
-1151063111323673251,995593,1491624855
31068996861330774,995593,1491624845
-8647979882821994867,995593,1491624839
3563636124134788037,995593,1491624841
956682361907097469,995593,1491624839
7903338953332477404,995593,1491624810
-9216811571166112149,995593,1491624804
-3784940646684737648,995593,1491624803
985336343703526794,995593,1491624834
-8713960095636438866,995593,1491624835
-2490679155870134368,995593,1491624842
-8871715885909865615,995593,1491624810
-3092511799048521537,985368,1491624824
-2738458779472712147,994222,1491624843
-1878800338114411346,994222,1491624854
-4409523501369564869,981124,1491624837
4917330867219507995,183970,1491624807
4742825972877102747,995305,1491624840
8932012345832152812,995305,1491624852
-8716148508872774284,993864,1491624836
-4098881247672401322,995450,1491624833
3110055174554946235,993230,1491624827
-1838318850972366541,995220,1491624806
9013606318916214337,995253,1491624850
2047367637114541819,875531,1491624849
-6098958341903009390,875531,1491624840
8530624628186711367,993265,1491624803
-3690373103514370211,940557,1491624810
7971770933594433631,940557,1491624841
-2749043447854413782,995588,1491624845
-7963668787351404088,995588,1491624854
7848091305122635698,995588,1491624844
5860908553623237024,995588,1491624829
1142421237461688642,995588,1491624799
8807315275463230572,995588,1491624799
-7109986805290027137,995588,1491624836
5641440195126299673,995588,1491624848
4704689977102538614,995588,1491624814
-1093979468622298843,995588,1491624809
-4444941029576425333,995588,1491624805
3960615010459116238,995588,1491624848
2204525879878843338,995588,1491624838
-2451735392659474223,995588,1491624856
-4072584764029924671,995588,1491624846
-7042178760621217195,995588,1491624822
-44091711039141987,995588,1491624831
-108767110327317759,995588,1491624837
2318013987971821970,995588,1491624825
-5628972601478972361,995588,1491624798
-3279851303343575301,995588,1491624829
-4857498663795899295,995588,1491624823
3505695497781125486,993293,1491624835
-3492235966522820332,995050,1491624826
-3976590447972078688,995050,1491624838
2135564530038263389,995050,1491624855
2138410020461232137,995050,1491624804
1527189897712387870,993840,1491624850
4621550984732244473,995302,1491624828
-8860974028524783645,995302,1491624855
-8187716505430626265,995461,1491624831
-8556699428473525162,995461,1491624844
-4728368436977478232,995461,1491624810
-5222765692370615976,995291,1491624843
3961640743821960656,994554,1491624830
5831398086035851194,995444,1491624801
-8249640932108620003,995296,1491624800
-3011813881083629268,995296,1491624820
-4457735820461545985,995264,1491624854
5202611628040540787,995284,1491624854
9000889929152326308,995284,1491624845
8075808177449544859,995284,1491624811
8864232291408703695,995284,1491624829
-1471135010258880554,995284,1491624839
1312251161460154014,995284,1491624815
-5666443271612331807,995215,1491624847
-8211216016352176558,995135,1491624854
-2990879144827795184,990530,1491624837
-116906993253230156,995576,1491624857
6264045641050098809,995576,1491624852
8495181459256564627,995576,1491624801
-2758578427254422926,995576,1491624855
-2041065634934415955,995576,1491624814
4450576852247873756,995576,1491624832
6306912277869324762,995347,1491624850
-5222765692370615976,995347,1491624854
-8319169971366702205,995347,1491624843
-2434836614711651432,995556,1491624806
-355750828569082196,995556,1491624819
-8781339857603172459,995556,1491624838
4286488764093861022,995556,1491624799
7611274886594574771,995556,1491624804
3040101939143583673,995556,1491624815
2892020337781120163,995556,1491624836
1004253280555259425,995556,1491624855
-554393132596711390,995556,1491624855
-2914325923122245118,995556,1491624841
4419577071805253894,995556,1491624844
-5666443271612331807,995204,1491624847
2777750554324509982,995592,1491624823
985336343703526794,995592,1491624852
-3784940646684737648,995592,1491624819
-8647979882821994867,995592,1491624841
-9216811571166112149,995592,1491624811
7903338953332477404,995592,1491624813
-1151063111323673251,995592,1491624855
956682361907097469,995592,1491624839
31068996861330774,995592,1491624845
6931450922675560809,995592,1491624808
4850685854512575120,995178,1491624814
-1651402348679203938,995035,1491624807
-3976590447972078688,995035,1491624851
796403083757156457,995462,1491624840
800886848814394168,995543,1491624855
8756283879239919556,995543,1491624846
-2531969495044355636,995543,1491624855
6545912637034456845,995543,1491624816
-1002137229384853635,995543,1491624822
-3492235966522820332,995045,1491624855
-6884528383974766313,995482,1491624826
2989622429174268797,995482,1491624816
-4897038830809740716,995482,1491624853
5655604775577218301,995482,1491624851
3757780977075063991,342367,1491624836
-61803052519818028,995531,1491624852
8748581397756489175,995531,1491624798
-7566466614957645766,995531,1491624810
7014496848808866641,995531,1491624857
-4724587308800345159,995531,1491624848
2370200680864722960,995531,1491624850
-8817889876096835223,995530,1491624847
2593212954242617298,995530,1491624805
7765747054085893610,995530,1491624840
8037414612427775619,995530,1491624848
-8222604804437807098,995530,1491624819
-119990272759335088,995530,1491624817
-6980170472646125622,995530,1491624826
6664530487156418241,995530,1491624825
5189244056809066011,995530,1491624837
8129575456525469620,995530,1491624812
-991880968899651971,995530,1491624814
1623233996627009292,905372,1491624834
2848461709848521315,995138,1491624806
-7969293080690444878,995333,1491624849
1658712786308862759,995333,1491624843
-3203886555094321055,995333,1491624827
634513734268536988,995333,1491624851
9163659999687496585,995255,1491624853
-7157157032543511577,995255,1491624834
4170973315191546524,995255,1491624821
7246476099062498738,995255,1491624823
5202611628040540787,995255,1491624854
9000889929152326308,995255,1491624845
7736111266792208250,988454,1491624803
6257353292578181515,988454,1491624808
1341214195558220258,988303,1491624807
8495181459256564627,995577,1491624827
6264045641050098809,995577,1491624857
-2041065634934415955,995577,1491624817
-2758578427254422926,995577,1491624856
-116906993253230156,995577,1491624857
-6771392448339612945,994944,1491624819
4224904166621527130,995195,1491624831
8355149066602410272,991216,1491624824
-246677812384874189,971924,1491624853
-1096537324804888376,995336,1491624848
-219202216240940058,995336,1491624840
-7400308999277536784,995336,1491624840
-8862879913770147858,995336,1491624853
8661959277435866634,995336,1491624836
538126340480830341,995336,1491624836
-6779495203952631815,995336,1491624813
7234749428875409965,995336,1491624835
8084442023983777470,995336,1491624851
-1447715507625121062,995336,1491624830
-7147253060142128662,995336,1491624826
-1438622511926681295,995336,1491624823
2440733254793702459,995336,1491624811
-8781339857603172459,995336,1491624838
-7765638685505489336,995336,1491624847
-8277147316180291294,995336,1491624808
-1506890470312626232,995336,1491624822
-2119086355550348617,995336,1491624847
7991551239593152650,995320,1491624829
2989622429174268797,995474,1491624816
-6884528383974766313,995474,1491624826
-3575916104545502296,993508,1491624835
7232754731250862708,995156,1491624801
-920254548395655190,972937,1491624840
2980432194398643868,972937,1491624815
1469917834185368436,995196,1491624822
-2990879144827795184,990070,1491624832
3643492571868332848,995027,1491624798
1479976943700987107,995027,1491624829
2777814494633893076,995027,1491624842
2337386550974717806,995260,1491624850
6134380004198919500,995260,1491624830
2720405151809993532,995260,1491624842
3396905366308484892,995260,1491624837
3132998214474422857,995260,1491624850
5615410615393689014,995260,1491624805
3760249312434282895,995490,1491624834
-5424038733029874514,995490,1491624851
7322869825166238157,995490,1491624840
-6093555245819576045,995490,1491624833
-1082745519254652467,995490,1491624798
-5760702865308323956,995490,1491624829
-1002137229384853635,995490,1491624855
8482405025715772212,995490,1491624814
6370114087006874428,994592,1491624854
2047367637114541819,942449,1491624805
-6098958341903009390,942449,1491624840
3926466695597424321,995510,1491624818
-5639208980139033889,995510,1491624844
8936872757656503585,981675,1491624824
-1350742724824260224,995573,1491624839
8617753495834503271,995573,1491624821
-2041065634934415955,995573,1491624843
-4075854089652151427,995573,1491624820
-3803451820022769571,995590,1491624803
-7814133777667609787,995590,1491624804
-2374809207153229913,995590,1491624850
1933861970168228129,995590,1491624824
528934508714071480,995590,1491624822
2794315457693322635,995590,1491624845
631135312270749469,995590,1491624851
-5052424905529988517,995590,1491624815
4745780068826141941,995590,1491624834
-1881381792430204269,995590,1491624822
-3860062596629345450,995590,1491624801
-7405788588175256944,995590,1491624828
-3784940646684737648,995590,1491624849
7903338953332477404,995590,1491624838
-9216811571166112149,995590,1491624830
-9115609409933676353,995590,1491624807
-6387578490499926680,995590,1491624851
6392456259387795368,995590,1491624841
2280241060002771469,995590,1491624854
5075172576591029691,995590,1491624832
-3329278802262879959,995590,1491624833
8476311796774430697,995590,1491624810
-1892431341198768910,995590,1491624805
2777750554324509982,995590,1491624843
8079623662359067966,995590,1491624812
-4091309884143605617,995590,1491624802
-8780494785321722961,995590,1491624845
5093197716072787413,995590,1491624832
-2020466744847167645,995590,1491624858
838484955559820917,995374,1491624837
4028591471324887601,995374,1491624801
-3631680928920223068,995491,1491624819
1280942431416717870,995491,1491624807
7793354523901719603,995491,1491624825
-3977825053030193834,995491,1491624816
9078621016508206088,995491,1491624837
-8186487704895082025,995549,1491624844
163574208729607735,995549,1491624824
-3492235966522820332,995051,1491624843
2135564530038263389,995051,1491624855
5712584154062772395,995367,1491624826
-3269908711688766692,995410,1491624815
-6608913017269650375,995528,1491624853
-8874049932460354360,995528,1491624839
3021434565122950602,995528,1491624843
1149453387556684903,995528,1491624832
-1834972994657885348,995528,1491624850
2593212954242617298,995528,1491624829
5844154307452594226,995528,1491624822
-8400006623712109580,995528,1491624814
1637358492897178527,995528,1491624857
8037414612427775619,995528,1491624848
-8817889876096835223,995528,1491624847
-5767244036707600031,995528,1491624838
5546031580025531242,995528,1491624838
-8114178918568459565,995528,1491624854
-6158259554645247586,995528,1491624823
4281706791936486519,995528,1491624819
-4988869900528827129,995528,1491624820
-757848218232399565,995528,1491624856
-800841256702082346,41182,1491624833
-3367429826441667699,995544,1491624857
-5871907220494677258,995354,1491624804
4082763336836067637,995354,1491624839
5468712837447082911,995354,1491624803
3120232864257881480,994713,1491624823
-7892727334115812023,994713,1491624811
82168161228733643,986277,1491624801
-5985965190518786489,981709,1491624813
-1825573452127964728,981709,1491624824
8936872757656503585,981709,1491624816
8722401860671797094,981709,1491624808
-2643886862115867213,994960,1491624837
4814742665846065891,995070,1491624826
6711602264102958499,896014,1491624854
-4245844267518541869,995185,1491624803
4909597995940409160,995185,1491624822
962633872480469023,909015,1491624817
-5666443271612331807,995217,1491624811
4943893530645796332,995248,1491624798
-4004389196042256429,995248,1491624816
-3455146538728531395,995248,1491624833
-7924556124435284410,995248,1491624805
3246085625314465696,995248,1491624811
-3092511799048521537,985355,1491624824
7947290215435777050,995427,1491624812
-421055548869576782,995427,1491624841
3218535261996332419,995427,1491624856
-4643911189940374352,995427,1491624855
2777665801444201898,995427,1491624802
-7566466614957645766,995507,1491624818
1492003920095897559,995507,1491624830
-8034609012481076164,995507,1491624838
-3715512564111281124,992902,1491624804
2167265526632183978,995392,1491624822
9083214236465837215,995392,1491624823
4522342344637463030,995392,1491624817
6905550528014646412,995233,1491624802
1813191033189740498,992246,1491624824
8785746657102690134,995097,1491624854
-3575916104545502296,993525,1491624812
-6197230736429583012,995126,1491624835
-6007793009973043990,995126,1491624803
-3678396337341268818,995540,1491624837
-3367429826441667699,995540,1491624827
-3040606751470777041,936386,1491624844
-8193758375678792352,342743,1491624827
6306912277869324762,995356,1491624817
-8319169971366702205,995356,1491624828
-622375887539147253,995356,1491624852
8748581397756489175,995356,1491624847
-5222765692370615976,995356,1491624822
-3715512564111281124,992901,1491624803
-4461066055854973291,995337,1491624801
-4215313312930557359,994585,1491624855
-2041065634934415955,995579,1491624802
-4984470352576246637,995579,1491624847
-2758578427254422926,995579,1491624840
5500313312504598304,995579,1491624807
-5778594212804964167,995579,1491624850
-7977663428120694221,995579,1491624851
-2454472746977422314,995579,1491624853
-227954254047137393,995275,1491624846
4900913346755365838,995275,1491624832
6394874983827954655,995275,1491624799
8785746657102690134,995100,1491624840
3079681634107420006,965369,1491624851
-3924045794831574952,426934,1491624834
7793354523901719603,995500,1491624811
-3977825053030193834,995500,1491624806
9078621016508206088,995500,1491624829
-3631680928920223068,995500,1491624802
-4049808778503899676,995500,1491624806
-6290374987690667408,995500,1491624801
3926466695597424321,995500,1491624847
-1924030621707184573,995500,1491624802
6930593506202331178,995500,1491624824
2124524206181048957,995500,1491624837
3867873550374640159,995479,1491624806
8593900856196569198,995569,1491624815
-4331699887228805146,995569,1491624853
6021594984479418584,995569,1491624835
8597458719412159822,995569,1491624836
2238056637752999607,995569,1491624804
-8820339372762773046,995569,1491624830
5611216096325977098,995569,1491624856
-1096779924521906425,995569,1491624831
224052005700405424,995569,1491624843
-5648901537864302568,995569,1491624814
2520169773377015128,995569,1491624856
-6153975701021028569,995569,1491624833
-2432420088702460390,995569,1491624851
-6531164265422296903,995569,1491624823
-2922558410265872724,995569,1491624821
-5570966118192052076,995569,1491624834
8997811025330916575,995569,1491624821
7799181006070738364,995569,1491624820
-7316054046334073628,995569,1491624815
8803768320759511107,995307,1491624837
4621550984732244473,995307,1491624815
7991551239593152650,995307,1491624858
-4215313312930557359,994591,1491624823
8130609881379521122,995240,1491624835
-4215313312930557359,994590,1491624855
-3481807964605473548,980490,1491624798
9078621016508206088,995497,1491624857
-1137139295955303744,995445,1491624857
3084584413336397980,995445,1491624841
4199541945107365199,995445,1491624849
-4676600245096293851,995445,1491624829
-3278230825572807532,949404,1491624830
-6078412015883545324,973967,1491624846
-8235852949532881389,995413,1491624804
8785746657102690134,995104,1491624828
808586606128083124,995104,1491624832
5740154257478692540,992011,1491624835
4887163106205299010,994991,1491624805
-1522434599335940356,995597,1491624825
-7586712714278223732,995597,1491624846
-1461004685182369734,995584,1491624836
2109495704417590226,995584,1491624835
7840917264373319432,995584,1491624849
4704689977102538614,995584,1491624845
6263353710929828440,995584,1491624822
-1093979468622298843,995584,1491624856
1142421237461688642,995584,1491624850
-7332204296074289102,995584,1491624851
-839732427031731115,995584,1491624858
-3585518896010502364,995584,1491624818
2945777146409677396,995584,1491624805
2894788783262960216,995584,1491624830
-728374697063126388,995584,1491624831
-2449775740935110307,995584,1491624804
4474514811812832024,995584,1491624808
5798799423126089216,995584,1491624855
131261255327422561,995584,1491624849
5986713247553004714,994617,1491624800
5352522106159239449,995600,1491624813
-8302948319656468617,995600,1491624855
6020783028883363579,995600,1491624826
1074070085252006994,995600,1491624806
-515127366079439653,995600,1491624856
-685225115630624244,995600,1491624842
5792832856068771515,995600,1491624809
-404863186448124172,995600,1491624814
1714362167768402676,995600,1491624812
-869285700864410817,995600,1491624856
-157100848429468919,995600,1491624831
5343087623803703751,995600,1491624857
-8780333393046489171,995600,1491624822
4670054041504172199,995600,1491624813
-5739201796723687973,995600,1491624813
3754022405344130256,995600,1491624825
4702009295627681265,995600,1491624846
3362083230004102711,995600,1491624844
5800744683450276318,995600,1491624823
-7115587239666694510,995600,1491624835
-4550776484160969314,995600,1491624836
7996591551913280148,995600,1491624810
1538090098494305144,995600,1491624811
-1421399686736446725,995600,1491624808
-5054502806826074109,995600,1491624816
6964608060345344008,995600,1491624829
2487818007336262672,995600,1491624835
-1903376371533677210,995600,1491624843
8806010533405095224,995600,1491624822
-3661790199253040274,995600,1491624851
1514436472240836719,995600,1491624820
-3251337049638468120,995600,1491624828
531449818929848725,995600,1491624853
-5712855556209466673,995600,1491624831
9124598386087949745,995600,1491624799
163574208729607735,995600,1491624845
7270223590113824260,995600,1491624828
2564390462228479472,995600,1491624810
-8878486500799413523,995600,1491624837
-5705379154368952834,995600,1491624799
4108620826600590107,995600,1491624830
-7273349368045725544,995600,1491624830
3470898122324956114,995600,1491624812
5350901151150736318,995600,1491624806
-5839824578949595717,995600,1491624811
-6813265329761641468,995600,1491624851
-1127912741042097631,995600,1491624853
-8634825737510688169,995328,1491624836
4592845326777411793,995328,1491624854
2282689946923626285,995328,1491624834
-5582850032160709620,995023,1491624815
4614240055968904853,995422,1491624800
521016712548668813,995541,1491624803
-2882858045077065326,995541,1491624826
4771396709333365717,995541,1491624833
3946510528906273953,995541,1491624844
4240294162924189931,995541,1491624821
4127877813797679071,995541,1491624829
-8652982178292974681,995541,1491624836
-4998333886324477906,995541,1491624815
-6307762445176651794,995541,1491624853
-9135979936929692201,995541,1491624803
-1965006661493714923,995073,1491624848
1338752918651868827,993974,1491624815
1559988461201863248,993974,1491624850
-4461066055854973291,995321,1491624801
1764371075652612536,966036,1491624839
-2527389303405311966,995477,1491624816
6358814406002844504,337466,1491624817
4434764294858802850,994753,1491624854
2092959376700867301,994753,1491624828
-4541109212081684754,995170,1491624798
1469917834185368436,994969,1491624830
-7258017166640958686,994969,1491624817
-5222765692370615976,995319,1491624802
-421055548869576782,995319,1491624841
4076132338330264976,995245,1491624810
-227954254047137393,995245,1491624848
6394874983827954655,995245,1491624799
4900913346755365838,995245,1491624832
-1512621746151620758,995245,1491624819
5463465538937718873,995180,1491624799
2894788783262960216,995585,1491624817
-839732427031731115,995585,1491624816
131261255327422561,995585,1491624810
-2393347591822783475,995585,1491624840
8262117878996535156,995585,1491624828
8807315275463230572,995585,1491624852
1142421237461688642,995585,1491624841
-728374697063126388,995585,1491624820
-1093979468622298843,995585,1491624843
4704689977102538614,995585,1491624827
2204525879878843338,995585,1491624849
3960615010459116238,995585,1491624848
-7109986805290027137,995585,1491624836
7848091305122635698,995585,1491624844
-7963668787351404088,995585,1491624854
890701417668740110,995585,1491624835
5860908553623237024,995585,1491624829
-7684841018914317989,995585,1491624847
5249561791070199184,995585,1491624810
-1567273634932008753,995585,1491624808
2848461709848521315,995389,1491624808
-3143044191922535497,995389,1491624804
650029476414677110,982233,1491624835
-4098881247672401322,995448,1491624849
5531191962535145175,995326,1491624822
-554393132596711390,995563,1491624819
-208611556415546444,995563,1491624813
4909597995940409160,995158,1491624822
8130609881379521122,995235,1491624835
8068621267474024200,995283,1491624831
4368144803474940648,993619,1491624803
-6870038975583386282,993619,1491624854
6264045641050098809,995578,1491624827
-2758578427254422926,995578,1491624850
-2041065634934415955,995578,1491624809
2161058245736122399,995578,1491624847
-4984470352576246637,995578,1491624847
-2454472746977422314,995578,1491624857
-1527830648634415310,995567,1491624854
5498918235136554381,995561,1491624800
1459924569619012990,995561,1491624811
7638641519456546999,995561,1491624858
-1078719434665145133,995561,1491624846
-1459497186375011041,995561,1491624846
3487278599007583953,995265,1491624806
628980498985620104,995298,1491624846
603961990750619382,995298,1491624841
-7608164913314222598,995298,1491624821
8931173554768838578,995298,1491624837
8249775315174731279,995298,1491624802
1070037569590277366,995298,1491624831
-8498483631485802008,995604,1491624850
2664102779858233096,995604,1491624810
-3949281466179112427,995604,1491624830
6092745576320413156,995604,1491624853
1308478785051460125,995378,1491624811
-3378495141258141424,995378,1491624830
7249073684345816903,995378,1491624842
7825618095294325043,995378,1491624854
-2079434986033203344,995378,1491624849
-5906095636885876812,995079,1491624841
-8789545349568574817,995332,1491624832
3430981472404055650,993701,1491624819
-4349915393514100999,995589,1491624857
1563192694754352340,995589,1491624851
-1825573452127964728,995589,1491624826
-2451735392659474223,995589,1491624799
-6721882827950704183,995589,1491624829
-4240322186788897451,995589,1491624802
2318013987971821970,995589,1491624802
-7109986805290027137,995589,1491624800
2204525879878843338,995589,1491624803
-5279339280272558777,995589,1491624848
-5052424905529988517,995589,1491624831
-1881381792430204269,995589,1491624838
-9216811571166112149,995589,1491624847
8936872757656503585,995589,1491624799
-7814133777667609787,995589,1491624816
1235927101010138587,995589,1491624851
-7849523067355131784,995589,1491624835
7903338953332477404,995589,1491624838
-7789678615466861911,995547,1491624853
6727352813538233875,995547,1491624826
1650750339021015519,995547,1491624841
5890772981988545091,995547,1491624817
-701090189293850852,995547,1491624841
-6194771847313993219,995547,1491624807
6731052725828441403,995547,1491624845
-3557542042195305627,995547,1491624806
5498918235136554381,995547,1491624818
2380847453734327932,995547,1491624799
-7350946339600634619,995547,1491624856
796864881058224445,995547,1491624833
1459924569619012990,995547,1491624811
-8314461262955061811,995547,1491624857
-4991740380850532393,995547,1491624805
-33795817549944682,964647,1491624799
1189832553243811364,995421,1491624834
1825339811589908824,995221,1491624818
-3575916104545502296,993247,1491624855
3440792312956163392,986632,1491624804
7338090277286429438,993394,1491624857
1479976943700987107,995025,1491624829
-5639208980139033889,995025,1491624832
838484955559820917,995365,1491624821
-3175517857848150725,995365,1491624809
630150602966594075,995365,1491624826
-6113122043699877014,995365,1491624821
8932012345832152812,995249,1491624852
1696041046541799424,982729,1491624830
6383405604294367705,995501,1491624848
9078621016508206088,995501,1491624845
482056233091233182,978998,1491624812
4934754786287279731,995603,1491624843
-1903376371533677210,995603,1491624838
-6194993359681838181,995603,1491624844
-5915405280053128410,995603,1491624806
3797550268752888167,995603,1491624839
9213209911879721754,995603,1491624831
-5363869918050073704,995603,1491624806
-6433214448603594188,995603,1491624847
5691790555039027662,995603,1491624822
-8685742896091988136,995603,1491624816
-4922464731836375252,995603,1491624822
3256904095627332077,995603,1491624846
4588984425511572045,995603,1491624837
7327236965276815586,995603,1491624842
2415050519847529888,995603,1491624855
-5155116071483344078,995603,1491624805
-7728929024813831666,995603,1491624829
-1843654761283420074,995603,1491624830
6964608060345344008,995603,1491624812
-5460097977072921070,995603,1491624803
6959316131645629234,995603,1491624850
1455960736012257764,995603,1491624823
-5924246127950567109,995603,1491624814
-830474555614904433,995603,1491624834
3117712802818993561,995603,1491624818
2487818007336262672,995603,1491624812
6833471272720764712,995603,1491624811
700798865165014968,995603,1491624857
-8433571271888702996,995603,1491624850
-6394526861789423121,995603,1491624837
-2517871193687894240,995603,1491624830
-2962839009723161174,995603,1491624813
7599787342891511960,995603,1491624826
446663518854984718,995603,1491624857
8935585684763183530,995603,1491624854
8723370143106698860,995603,1491624851
3362083230004102711,995603,1491624806
4668994368028701060,995603,1491624840
5170718054618413528,995603,1491624854
1101795864228705892,995603,1491624834
-8198323264759886398,995603,1491624855
1030857969843947984,995603,1491624816
-8935004109335278329,995603,1491624813
-5692474959336389292,995603,1491624858
-6444638402276567856,995603,1491624821
-5876193863443913385,995603,1491624853
-4943556514890590838,995603,1491624834
3578121328901908678,995603,1491624838
-4072139368418179835,995603,1491624817
-8204778928356308601,995603,1491624813
9056769989688198346,995603,1491624841
-502559514244526789,995603,1491624842
-2322463566247078845,995603,1491624841
8075808177449544859,995603,1491624832
7688249371287196685,995603,1491624845
1388045363332310206,995603,1491624811
6588951136961516737,995603,1491624844
-8149206507203199063,995603,1491624840
4821108002943070603,995603,1491624838
2550025347470210700,995603,1491624850
-1282194634422015666,995603,1491624803
3714542303375817646,995603,1491624845
-4472267924229734271,995603,1491624837
-4124532512371779391,995603,1491624857
-4363827964085394128,995603,1491624846
-154950204628140143,995603,1491624843
221764566212641419,995603,1491624833
6658390940649525605,995603,1491624848
2445042549357460830,995603,1491624805
-2482824046215488250,995603,1491624820
-2475043493421098005,995603,1491624856
-1006929874050155892,995603,1491624839
5218403330098187849,995603,1491624839
1256494904167257957,995603,1491624853
2699773495066718123,995603,1491624816
-1598216442896197526,995603,1491624836
-3441276265667937797,995603,1491624835
-3079253062946806145,995603,1491624846
4461742558911300901,995603,1491624847
-1483534534473772830,995603,1491624822
-8924139148320153096,995603,1491624817
6345612504627519700,972031,1491624815
9052604012627190841,972031,1491624848
8785746657102690134,995101,1491624854
3430981472404055650,994327,1491624813
6240464950328272629,993266,1491624847
-5881911063883242815,949823,1491624819
9205430448520748572,949823,1491624801
8068621267474024200,995263,1491624853
-4098881247672401322,995458,1491624803
-8187716505430626265,995458,1491624852
949648406803271820,404264,1491624849
6358814406002844504,337540,1491624816
-2073726108731965713,995565,1491624829
4225250852255276354,995565,1491624855
-8314461262955061811,995565,1491624815
6889323311342042988,995565,1491624854
-1527830648634415310,995565,1491624854
-2311605272944129792,995565,1491624854
137144811473274407,995565,1491624803
-1256523756339320657,995565,1491624850
-6058179555217900141,995565,1491624835
-280496160034656860,995565,1491624814
-5787975173775528280,995565,1491624822
6962907159958504829,995565,1491624835
3986487877710499738,995565,1491624844
-6163474217820233193,995565,1491624837
6303691826333527582,995565,1491624820
-3649289077255375212,995565,1491624842
7705913357067252792,995565,1491624804
-1487451234677766008,995565,1491624813
1604044183446667087,995565,1491624853
6835410162954411005,995565,1491624799
-4288055852593579857,995565,1491624835
-1180108700983671287,995565,1491624854
-9211882940198962766,995565,1491624808
-5946272603680968503,995565,1491624842
-4679097638523996847,995565,1491624850
-538262549008508189,995565,1491624826
1312251161460154014,995287,1491624815
9000889929152326308,995287,1491624807
4744372285864428099,995287,1491624832
1141858247159138895,995287,1491624835
3462336260492118929,892169,1491624835
-6648651774398186069,338572,1491624817
-7566466614957645766,995481,1491624837
6893039624783793999,995508,1491624827
1844758740509743265,995508,1491624847
1479976943700987107,995034,1491624811
2777814494633893076,995034,1491624841
1241321116726674121,995034,1491624828
8936872757656503585,981629,1491624829
-7363176591223524960,995124,1491624849
796403083757156457,995470,1491624813
-246677812384874189,926400,1491624848
8304258832010161990,925942,1491624841
-4746723503480842710,995475,1491624801
5737596423338645198,993302,1491624810
2430844672107457107,993302,1491624819
5986713247553004714,994548,1491624827
-3521035633440801242,995324,1491624809
7383755260336496419,995324,1491624849
4917330867219507995,214431,1491624807
4170973315191546524,995256,1491624826
-1339386254010288955,995001,1491624801
-1651402348679203938,995043,1491624849
-5136111390671559988,994420,1491624839
-3378495141258141424,995353,1491624855
1308478785051460125,995353,1491624854
8617753495834503271,995574,1491624812
-915887025004348319,995574,1491624812
-1350742724824260224,995574,1491624828
3609847806875573169,995574,1491624829
1180026850012379310,995574,1491624807
-8749432338228384870,995574,1491624807
8655123424232084889,995574,1491624841
-4075854089652151427,995574,1491624816
-2041065634934415955,995574,1491624836
6598718111076016733,995574,1491624849
8495181459256564627,995574,1491624848
-1688531716388274657,995574,1491624840
-4148846396102966744,995574,1491624821
6369780732974271250,995574,1491624848
163574208729607735,995554,1491624821
8469731720094005151,995554,1491624803
9194224081818445672,995554,1491624823
-8193689676084405373,995212,1491624831
-3085189147807851371,994051,1491624834
5979276210620880669,995311,1491624830
8359307450555853017,995311,1491624830
8931758919051236298,995311,1491624846
6933164613679932286,995311,1491624810
5063521686257873184,995311,1491624858
-8016427394280016186,995311,1491624854
-1878800338114411346,995311,1491624846
7457015837424419067,995311,1491624811
-6512784294981193282,995311,1491624821
1364501062138066978,995311,1491624852
6368284808346499864,995311,1491624811
4194040278415474363,995311,1491624846
7066080480246918378,995311,1491624820
-5445260815884689665,995311,1491624803
-63628501644152802,995311,1491624820
1179411024634423203,995311,1491624825
-7236244763438378822,995311,1491624853
5607336941726914304,995311,1491624846
-4164561850000935940,995311,1491624817
3413686585758584803,995311,1491624828
-8161669947060360749,995311,1491624815
8688442067659793578,995311,1491624805
5946282480248540459,995311,1491624847
8792451143586886570,995311,1491624840
-1519027082962286698,995311,1491624852
-2087504020201254351,995311,1491624815
8621893291540848314,995311,1491624856
7883537290898053269,995311,1491624815
-3451461097597683931,995311,1491624850
-3433217330083705429,995311,1491624840
-322625924983964027,995311,1491624811
-7855332405546349013,995311,1491624803
-1945393094035501594,995311,1491624833
8638493260240824271,995311,1491624853
2089060936209693811,995311,1491624818
9134134764721114579,995311,1491624831
-3358479294508790372,995311,1491624839
-7200858923010686682,995311,1491624836
2494742227783282740,995311,1491624804
1166963155603268551,995311,1491624814
5188044073649584733,995311,1491624827
-146498884119778512,995311,1491624835
1633325735995106050,995311,1491624837
7502692071550837055,995311,1491624809
-2282809599939869530,995311,1491624808
5634326699327080271,995311,1491624816
7110601161480253186,995311,1491624850
2294281425455436888,995311,1491624824
3711887279319384328,993453,1491624837
-89853178857996955,993453,1491624822
4917330867219507995,183971,1491624804
-9213467449760462319,982895,1491624809
3110055174554946235,993828,1491624838
