3063068542898563455,995312,1491686731
5465209391710958100,995621,1491686728
-5625099073914345741,995621,1491686776
-8050044428202481561,995621,1491686761
4620132243889578199,995621,1491686757
6702481082084488077,995621,1491686763
6201926966012327999,994313,1491686719
-6361314318957871757,994313,1491686738
7671498300941793174,945418,1491686745
3063068542898563455,995261,1491686731
314785762112861871,910774,1491686746
7786592362702476066,961493,1491686755
-4132132402176772447,992298,1491686733
7850598205697008433,994254,1491686778
2493037953446248442,960110,1491686771
-3325514468255397159,894404,1491686740
7008899274399447641,343079,1491686719
-8042891810552705873,995250,1491686769
3492085029541411673,995250,1491686722
3592888678659921614,194955,1491686763
3466130374340270588,194955,1491686723
-2296562517121566827,338858,1491686739
-1983651299029850807,995435,1491686735
-3931196951508132576,992000,1491686722
2726139499933822326,995506,1491686744
-8679455163409469568,995506,1491686737
8029866332251379458,995506,1491686771
7683358000108995921,995506,1491686759
-3031853059184603325,995506,1491686744
-6408623787425432543,995506,1491686759
-1958702227361987937,995506,1491686744
-5302473106736822729,995465,1491686766
3683923387050233814,995785,1491686777
-6356691280301699529,995785,1491686766
6487499888545365167,995785,1491686776
-5952216079270383905,995785,1491686776
-5934446039590705792,995785,1491686772
6115270236044927770,995785,1491686771
-1548196389790213478,995785,1491686747
-7975638952740677227,995785,1491686737
2613240833813729709,995785,1491686745
-4370500922445927961,995785,1491686775
-7056152533507616730,995785,1491686776
8702080984039955512,995785,1491686728
-4354057300627636117,995785,1491686750
1220100382839431206,995605,1491686769
1978521623969173927,995605,1491686727
-6318737804319308766,970494,1491686757
-8622752003718874652,995357,1491686774
-3342349961592197585,994767,1491686739
1323307110024005430,994767,1491686763
-445409250047681377,995504,1491686743
-1066401949678772359,994887,1491686726
1723692412848155062,995671,1491686764
-8419749660054404597,995671,1491686757
6195363026098778828,995671,1491686761
5571399106035775698,995529,1491686758
-9017150645638336439,995653,1491686763
1435149527576644666,902482,1491686731
6005412130045187232,995405,1491686769
-8791225182171847977,995405,1491686776
-1046057655788820175,995822,1491686720
5484716716732217596,995822,1491686750
5668920028371960083,995822,1491686742
-3060735845159038651,995822,1491686764
-3522754994375718115,995822,1491686736
-6200363558995597532,995822,1491686769
-7858041690811875766,995822,1491686750
8482239742318252640,995822,1491686732
4738404518854929302,995822,1491686774
-4189052908758398791,995822,1491686741
-2554393878853521349,995822,1491686744
9184541741845630906,995822,1491686769
-120730782689236373,995822,1491686761
-7862872456299542091,995822,1491686730
7881748691126898743,995822,1491686746
1344945144669966920,995822,1491686749
2536504684642039101,995822,1491686765
-7368000771400627497,995822,1491686773
-6917317517551414211,995822,1491686730
7755895401455982399,995822,1491686754
3162540818827379051,995822,1491686763
-7855400497564946059,995822,1491686758
1468345381727396986,995822,1491686766
-4371239043663231752,995822,1491686778
-6085046235297990248,995822,1491686759
305509545075565204,995822,1491686744
688197409154684255,995822,1491686722
-3996990365624431754,995822,1491686762
-6932333050575865115,995822,1491686774
-6234664413263473710,995822,1491686741
-5678495797952867153,995655,1491686727
7070498229472383828,995637,1491686719
-9017150645638336439,995637,1491686772
5410560869674150964,993989,1491686727
7785903153321540296,951001,1491686763
-6082444768838143779,995583,1491686723
-5437110492435379753,995583,1491686742
-9072054426275508945,984883,1491686753
330628365886182397,993486,1491686729
-8158873520559378140,984434,1491686733
-8658675571720078765,974114,1491686771
7399237063166973300,995511,1491686765
7422456634804926349,995741,1491686739
8159070515332670256,995771,1491686726
-666649904622562356,995771,1491686760
4049086769175188000,951141,1491686727
-4950951815660959117,995553,1491686753
8926221122680317401,995553,1491686773
779042313257879806,990033,1491686721
4060819610445954818,993727,1491686747
-6047123817711388910,924787,1491686755
1254628127321625663,991012,1491686778
-8483286084062747745,988344,1491686736
-8095476253373029034,995763,1491686722
5231417375315048315,995763,1491686760
-3270921567135336134,995763,1491686768
-8934092257664333509,995763,1491686778
-2285002904578720605,995763,1491686720
2092067464034301472,995763,1491686743
6050393087226840695,995763,1491686762
4123988494995311600,995763,1491686743
7042150394042750466,995763,1491686730
7554457081456882010,995763,1491686766
-651396683925566615,995763,1491686739
-8080144426750582691,995763,1491686751
-8158725894101974989,995763,1491686753
-5547640600488492547,995763,1491686762
-4432992110464621684,995763,1491686739
-7031499092483055964,995763,1491686754
1205316601178672027,995433,1491686719
-8419749660054404597,995682,1491686757
1723692412848155062,995682,1491686746
6195363026098778828,995682,1491686761
-2991819986447327386,995682,1491686757
-7519004062528290928,995762,1491686767
6005412130045187232,995411,1491686769
-8974278847082978129,995411,1491686751
-445409250047681377,995488,1491686730
6951165502049020294,995705,1491686748
-1456675559483123450,995705,1491686736
4060030837633280118,995705,1491686746
2195545917857018680,995705,1491686739
-7807785855594961757,995705,1491686749
-215152885397295480,995705,1491686747
-8813944805414862284,995705,1491686764
-1448447603063933399,995705,1491686772
-7045527646469262501,995705,1491686747
907459009909617771,995705,1491686770
7974625957272837002,995705,1491686720
2076465454699196779,995705,1491686757
2077889790134677426,995705,1491686746
-2216753690902636386,995705,1491686771
-78012915950550992,995705,1491686755
-5192441005928867587,995705,1491686736
444244217946601814,995705,1491686738
-3747214187426286253,995705,1491686768
3197098145799614140,995705,1491686766
-8927331187302879561,995705,1491686768
-4158325070461290580,995705,1491686768
-3784071194763977036,995705,1491686732
-1564778795283728409,995705,1491686720
-333624280136231913,995705,1491686764
4150534722695693431,995705,1491686737
-3457671551553430299,995705,1491686760
3189457711961797940,995705,1491686778
-1649746888057505285,995705,1491686759
7982115804393955473,995705,1491686773
-4048474112609311347,995705,1491686761
-4287712810098269371,995705,1491686743
685452853449581899,995705,1491686746
6321857691158603756,995705,1491686739
-7769289741869323354,995662,1491686739
3762591552563684132,995662,1491686736
563087598042304878,995662,1491686763
3341896479962293104,995385,1491686751
3492085029541411673,995242,1491686746
-3783999640745835867,935292,1491686733
-8674883053638319053,935292,1491686733
-2270990076425025341,995432,1491686747
-1446644880940879801,995432,1491686757
2077889790134677426,995432,1491686774
3189026678965554343,995402,1491686738
-6955448160840851692,995791,1491686772
-4436567188822507175,995791,1491686775
4102954283101500839,995791,1491686757
-1068668816704916126,995791,1491686773
7980435404795891557,995791,1491686758
8143503338490572904,995791,1491686767
-203872953205007995,975211,1491686756
-4239245816157745844,995836,1491686737
1065212203988754942,995472,1491686773
-3503095301501359860,963427,1491686757
-6673782772209291093,995493,1491686755
-1914653375668936851,995493,1491686742
-5170438075411805464,939813,1491686729
-6309569801757185423,991407,1491686725
1445676267519631551,991407,1491686762
7784870092831468644,991407,1491686743
4284321097942822034,991407,1491686765
-4131925728902016549,991407,1491686735
-6412767429360405635,991407,1491686775
-4800557721624105079,991407,1491686746
-7274909776400396417,991407,1491686747
-5199408547624785215,991407,1491686739
-4570208179731659166,991407,1491686729
-9088770117295567453,991407,1491686734
-6255669745852454500,991407,1491686729
-3234312531956235976,995454,1491686766
6232957146439977346,992128,1491686776
2299829918372163173,992128,1491686750
-2076707641406312189,992128,1491686747
5115043735018966355,995425,1491686771
7852009752961174459,995425,1491686764
6516225338433032378,995425,1491686735
9009562313846343149,993746,1491686730
-927059862791273818,993677,1491686753
-5964500342921301100,994212,1491686755
-6762630971431784944,993479,1491686774
1628527082889014155,995732,1491686738
-1163283533877180128,995814,1491686737
6841373167812942308,988482,1491686726
8499373006773301628,988482,1491686741
7099728305888020980,988482,1491686770
-7647666427754774484,988482,1491686762
6458077466886311952,988482,1491686748
4996225184026604901,988482,1491686722
-6547734771429715808,995610,1491686757
2034594729475844434,995775,1491686769
-2903048567959488666,995775,1491686721
-5203431233483188338,995355,1491686758
3492085029541411673,995239,1491686769
6934727910734226169,995239,1491686755
-1123898236046340021,995485,1491686730
6844947246663266117,977565,1491686734
-2781135028745182287,995338,1491686760
4689021850468415878,995201,1491686733
7399237063166973300,995515,1491686765
-6291405510699292693,995707,1491686735
3953464458738552206,995707,1491686735
-5510040271334006951,995707,1491686759
4835394869938150201,995707,1491686746
-5924821439702728551,995707,1491686748
7974625957272837002,995707,1491686720
-5910535320460021007,995707,1491686764
-998698639538323753,995707,1491686730
-215152885397295480,995707,1491686747
2076465454699196779,995707,1491686757
8912295087436474681,995707,1491686744
-6630026202216205770,995754,1491686748
8076358739281074448,995380,1491686723
1561391365336671061,995380,1491686726
-660847451524524387,993192,1491686720
-3815386135728020324,994717,1491686775
3049158504351913451,891320,1491686752
1413394826946503797,936778,1491686723
-6926742998743006568,936778,1491686763
1453048461820456370,964340,1491686766
-8533861118892093694,994967,1491686734
4356270984333398103,994967,1491686732
6873320714793118699,994967,1491686767
7675604756912083415,995777,1491686767
-5875475020168441007,995777,1491686771
5885838849165127563,995777,1491686721
-4177194411403824458,995846,1491686779
-731493664069793209,995846,1491686766
7653221960126657067,995846,1491686773
-1473234941174511857,995846,1491686756
1759737479523823138,995846,1491686724
-6806260538955082403,995846,1491686757
-3503416990050544814,995846,1491686745
221499493575395625,995846,1491686745
-1189872668387396559,995846,1491686771
8183773098774648220,995846,1491686736
2536372047848486995,995846,1491686766
2978713335275429598,995846,1491686760
9185998716810879017,995846,1491686775
8882907546268441214,995846,1491686720
9137400641270544694,995846,1491686772
7322939137067688346,995846,1491686721
-6094707647964389600,995846,1491686753
4773770688502314305,995846,1491686730
4020582479725565936,995846,1491686721
3728261404848079478,995846,1491686748
3977741361605843418,995846,1491686742
-2491716505976040781,995846,1491686777
-2600790074771821992,995846,1491686728
-1067872197910049871,995846,1491686753
-8530464080879604413,995846,1491686723
-1345213864359180425,995846,1491686736
-1802099363180858769,995846,1491686755
-4226666269223277379,995846,1491686729
-3244430579725651301,995846,1491686774
-405592724472350100,995846,1491686740
-4583009778776422294,995846,1491686728
2058084170128495953,995846,1491686778
-8451806464709561273,995846,1491686720
174523150312021686,995846,1491686753
7312328863732871265,995846,1491686775
9091009462296630655,995846,1491686736
-100744914294958230,995846,1491686750
-9076503317003066557,995846,1491686756
108707725872159408,995846,1491686767
8073647373509870,995846,1491686778
-5574143951760243477,995846,1491686728
554001607262144798,995846,1491686735
5216888666115583189,995846,1491686732
4476989397832474075,995846,1491686743
-4897192177804439305,995846,1491686775
-7574235186443595373,995846,1491686722
5465430770864631751,995846,1491686723
-5614998167444329783,995846,1491686748
5924932709159175137,995846,1491686736
-5928808579845880246,995846,1491686766
-2771156620227331273,995846,1491686774
8472454601962018544,995846,1491686735
8995849721583655946,995846,1491686767
-1823141801630252979,995846,1491686735
997389038133766023,995846,1491686745
8242010564209677581,995846,1491686751
2344099179049627223,995846,1491686746
-2285279937736434121,995846,1491686721
3122597890568579507,995846,1491686769
2603195351272037251,995846,1491686755
1839375985523856310,995846,1491686730
-6244673560227551744,995846,1491686753
271254667611975837,995846,1491686763
-2778208865254421232,995846,1491686779
-9020211085267910960,995846,1491686737
-6509041949149073015,995846,1491686753
-4632673410372090482,995846,1491686757
-2813546564799708148,995846,1491686743
-4278095776107245952,995846,1491686769
-7448159998025437094,995846,1491686769
6361445396436450792,995846,1491686768
-6773532254084588010,995846,1491686775
1434829648212702984,995846,1491686741
949610226996688219,995846,1491686739
3102755934385942196,995846,1491686761
-4617046035017523774,995846,1491686777
7728813346782506928,995846,1491686757
5419239742788720861,995846,1491686751
5136934322662967146,995846,1491686753
9174562417724019287,995846,1491686721
2255731626185463269,995846,1491686777
2216411864717953004,995846,1491686728
8617656590115993454,995846,1491686751
3080896895829307503,995846,1491686755
2000555252289947895,995846,1491686728
5057377155545379698,995846,1491686726
-9193160771387273683,995846,1491686741
6178740976210109622,995846,1491686770
-4772638846943374074,995846,1491686764
2576395181090549268,995846,1491686751
5426765038431178578,995846,1491686740
168398530779679566,995846,1491686764
1221787530559038668,995846,1491686776
7850230146597204863,995846,1491686762
2248505341554034508,995846,1491686765
4307410874470721180,995846,1491686759
7762487123157453299,995846,1491686766
7824300214822180851,995846,1491686749
7206682148597210031,995846,1491686724
-3201532280021890631,995846,1491686749
-7458270379020108082,995846,1491686775
-8141474385735844911,995846,1491686768
391313941493660146,995846,1491686726
8337515462456867944,995846,1491686769
3075791902186558040,995846,1491686749
8848051789491910723,995846,1491686760
2921397128789364988,995846,1491686749
-4354074270142920029,995846,1491686768
3625929141480468312,995846,1491686727
-800395931324292506,995846,1491686732
-1058966624817796351,995846,1491686752
-8295375242542202658,995846,1491686763
-5148560678176717053,995846,1491686765
-1151637116643787777,995846,1491686749
824991759276105148,995846,1491686733
-6652999487042901651,995846,1491686767
-3355351740594998155,995846,1491686754
-354965011058314985,995846,1491686758
-5425061060672004717,995846,1491686741
1968203912207131475,995846,1491686738
326679984869606737,995846,1491686763
-2677789820662014847,995846,1491686730
-933236762682742738,995846,1491686761
101469102651371752,995846,1491686772
-15978623654701854,995846,1491686752
-5350453010593413388,995846,1491686751
606874654164486654,995846,1491686762
-6246017883944365774,995846,1491686720
7040673819171761622,995846,1491686775
4756482862228572683,995846,1491686738
-1190486245767437967,995846,1491686771
3625013247635598851,995846,1491686771
2930006803935391539,995846,1491686768
-3480783254712902825,995846,1491686746
-3228054682316804218,995846,1491686754
36788297475293083,995846,1491686774
-5133003774403754278,995846,1491686777
-731499845471590417,995846,1491686730
7091322696708751232,995846,1491686767
-7537315755054046255,995846,1491686753
-8566065417286664043,995846,1491686741
8298875499562118592,995846,1491686764
-6273339052071625868,995846,1491686756
6750621060941659485,995846,1491686758
5803357423295291675,995846,1491686767
8984920955920718570,995846,1491686771
-7966753074157149044,995846,1491686745
-5537207838199428440,995846,1491686746
8778643562498709025,995846,1491686756
-8849315036763017407,995846,1491686734
6326585732081399346,995846,1491686752
-7750384581872829187,995846,1491686754
-4394278300731369367,995846,1491686723
-565152594962703497,995846,1491686778
-5891346654918687214,995846,1491686738
3875408244824492861,995846,1491686723
634718894420327050,995846,1491686771
3587724411858008745,995846,1491686766
-4032359879531537819,995846,1491686724
6234495306277704909,995846,1491686730
-3435664040448760487,995846,1491686767
-8509589198294213048,995846,1491686746
6788651220857208423,995846,1491686727
8180498953333474347,995846,1491686740
-6700477671309945637,995846,1491686760
610771018793742294,995846,1491686753
-6091639010674335934,995846,1491686771
7250126827482355042,995846,1491686736
1018900313958035170,995846,1491686732
8541286688164488610,995846,1491686761
7470439585603194221,995468,1491686731
7741704949155890413,993822,1491686733
-3014804418014491549,993822,1491686729
-2841455362871097905,993822,1491686766
-638045098505917795,993822,1491686773
1464962011853663818,993822,1491686756
5310904175086204386,993822,1491686726
-5076106064167599097,993822,1491686776
1108200634351829623,993822,1491686741
456055987629914683,993822,1491686774
-556569161049188867,995819,1491686737
905932776204358328,995819,1491686763
-758165327394152966,940182,1491686730
1991390368179435196,402465,1491686765
-6047123817711388910,945331,1491686741
-2818900107002244399,25285,1491686744
4915500118986870181,25285,1491686771
1991390368179435196,413859,1491686740
-5170438075411805464,938707,1491686731
-6547734771429715808,995615,1491686734
-7437510370918573236,925633,1491686720
1093801175432282547,995611,1491686778
5465209391710958100,995611,1491686774
-7807214000356586479,994951,1491686755
3586284531056714894,995710,1491686759
1954246107468626053,995710,1491686723
-3823267352547086359,995710,1491686744
1503479569111150696,995295,1491686771
5881475915303388770,995266,1491686745
-4042416589922373904,995266,1491686759
1264070228642888474,995266,1491686723
8475267105103762035,995266,1491686752
3753596535477448262,995266,1491686741
-6381583661241958341,995665,1491686750
7634268410858631501,995665,1491686731
5512112401589871139,995665,1491686767
7700218142695849946,940756,1491686739
5115043735018966355,995463,1491686737
6516225338433032378,995463,1491686735
3575227410406743182,994002,1491686730
103222221189241868,994002,1491686763
2891402260056459543,983041,1491686736
-7061989721511927146,994411,1491686770
4672358592790076394,994411,1491686773
8806268967886824440,922337,1491686728
-5203431233483188338,995267,1491686758
-8079200766537359481,995486,1491686735
2950525043344453627,995486,1491686750
-7721845440152315641,995486,1491686777
-449596911073251444,995632,1491686773
5901171524338193919,995632,1491686723
-4750019326415977214,995683,1491686768
-1291367059701217308,987249,1491686759
3956979490293214055,995322,1491686766
-2917974866397764912,995322,1491686754
1929611570044375979,995325,1491686762
-6256162024941405054,995325,1491686771
1503479569111150696,995313,1491686727
4498059499594048571,995172,1491686757
7436617426278327654,995172,1491686744
1065212203988754942,995523,1491686766
-2915797756638206921,994354,1491686766
-7154483617096870309,974441,1491686753
-7522010988584326265,994678,1491686752
-2976449381396933605,994739,1491686774
-3777534338478557181,994739,1491686741
-3783999640745835867,935178,1491686744
563087598042304878,995675,1491686763
-4105009458705520675,995675,1491686732
-1891333965187735026,995675,1491686737
4310545544983321559,995675,1491686755
1723692412848155062,995675,1491686771
6292779151529717050,995675,1491686763
434495766987412454,995675,1491686750
5906530358936772026,995675,1491686723
7634539704431988893,994237,1491686777
-5427136850082975152,994237,1491686751
-5076106064167599097,994237,1491686734
-3164280340500334904,994237,1491686775
1929611570044375979,995364,1491686751
-2784322162883239384,995750,1491686725
-2906235451682081570,993762,1491686755
4262468037517972963,993762,1491686732
3115420986659868197,993762,1491686768
8096342681447629074,993762,1491686771
-2517339242569335231,974615,1491686757
-205066487604079172,974615,1491686754
1830283422942647805,974615,1491686767
-7776482701038150636,974615,1491686723
5504753237618422414,974615,1491686726
442824416952944511,974615,1491686773
-709625751727275724,974615,1491686771
-7201521044627462418,974615,1491686748
5027198634070933928,974615,1491686746
8681680168601721739,974615,1491686771
8487214709286015783,974615,1491686725
941028236898792240,974615,1491686777
760770021678242126,974615,1491686732
-9119793808814697592,974615,1491686760
-1227302463954152915,974615,1491686724
-1397046965887312152,974615,1491686767
6854844265263808582,974615,1491686728
7008709188708051430,974615,1491686721
-5320520242721870305,974615,1491686735
5462799493805076023,974615,1491686744
8674125465791596534,974615,1491686725
-651734415771155027,993466,1491686732
-4760449110159706316,993466,1491686733
5410560869674150964,992819,1491686727
3047597516995634833,995595,1491686773
-2798302143510700931,995595,1491686738
-3162502393408851170,995806,1491686745
1589646282335878646,995806,1491686762
1157809219885055864,995806,1491686761
3014307424423304643,995690,1491686759
4214934154407840975,995690,1491686728
-6291405510699292693,995690,1491686741
-5510040271334006951,995690,1491686759
6445907905163404806,992131,1491686760
-3535616490793348408,995781,1491686776
-6934555251953287326,995781,1491686770
-8646202537161863364,995781,1491686730
8835540094580041254,995781,1491686725
1198369135578598809,995781,1491686724
-1549926026589900597,995781,1491686778
1373865503289020033,995781,1491686733
-546215501859426911,995781,1491686729
5462799493805076023,995781,1491686721
7170502695425616617,995781,1491686739
6906134279014097107,995781,1491686721
-965262910263561535,995781,1491686751
374271854393753168,995781,1491686720
3986768966741996264,995781,1491686733
890726597919359459,995781,1491686751
4443941144061980129,995781,1491686723
5593966327977284828,995781,1491686755
4523253914502488023,995781,1491686742
9106692302806591987,995781,1491686722
4627284441510684599,995781,1491686762
-4447446648225288344,995781,1491686728
-1179619425160050081,995781,1491686735
6424496625683511868,995781,1491686772
7908769745221654917,995781,1491686774
5881733207458381064,995781,1491686747
8861573563558663314,995781,1491686760
-1552430876587475652,995781,1491686733
-5547640600488492547,995781,1491686728
-3218800805287556998,995781,1491686761
5251576277518992778,889055,1491686753
-1030324428030603113,995160,1491686764
-567435989751530939,995160,1491686748
734366792840066461,989653,1491686731
6247676985253448142,989653,1491686762
6689582846126636380,989653,1491686735
6822235753637804519,992397,1491686728
1062444465492493871,874317,1491686733
3940792320104772931,995715,1491686773
4245149697236936366,995715,1491686723
1878853650072298977,995715,1491686732
2656438692420221501,995715,1491686763
4443941144061980129,995715,1491686768
-5746350269055043845,995715,1491686766
302781893684492557,995715,1491686756
-1323397870284395223,995715,1491686730
6195363026098778828,995684,1491686756
-5112337597197045296,995684,1491686763
-4038561666968213277,995684,1491686749
-8419749660054404597,995684,1491686723
-2991819986447327386,995684,1491686757
8692079244895836659,995684,1491686760
1723692412848155062,995684,1491686725
-2537697157285476346,995684,1491686777
-5645272395658317353,995684,1491686771
-4871082590407599468,995684,1491686756
8411457891036577213,995769,1491686748
4123988494995311600,995769,1491686722
-8158725894101974989,995769,1491686753
-2126922498875146397,995769,1491686740
-2004302789405697402,995769,1491686773
5961173070420897118,995769,1491686732
-1603699826601503664,995769,1491686767
3047597516995634833,995594,1491686773
-2798302143510700931,995594,1491686738
6050393087226840695,995776,1491686720
7572982032240627121,995776,1491686772
7436617426278327654,995776,1491686742
8025695509705323032,995776,1491686765
-1936140977371234341,995041,1491686767
6516225338433032378,995041,1491686724
889253130352553629,995041,1491686727
-984503541181316962,995041,1491686745
-7669572680751360138,995041,1491686735
-7807785855594961757,995041,1491686779
-1120273723518343496,995041,1491686770
-3261123477514860624,995041,1491686732
-3323203417680673031,342929,1491686766
-2003300330797876640,995805,1491686735
8143503338490572904,995805,1491686741
-7005746520548104123,995805,1491686727
-3652296568747153912,995805,1491686772
-2982131699195474522,995805,1491686759
-1032827999972891886,995805,1491686746
733047257200777624,995805,1491686727
8414345659024529371,995805,1491686774
-3162502393408851170,995805,1491686745
2237134463427991448,995072,1491686721
5881475915303388770,995072,1491686745
-1466782748856271295,851765,1491686776
5961173070420897118,995783,1491686722
-3486698892994028389,995783,1491686720
5105698708311873882,995783,1491686754
6742856772302432565,995783,1491686739
-1548196389790213478,995783,1491686774
-2945204403623966733,995783,1491686754
-5952216079270383905,995783,1491686776
-5919586456880485265,995783,1491686758
-4522202060926178740,995783,1491686751
5476977350306947292,995606,1491686775
-6547734771429715808,995606,1491686757
8483245516242245684,995492,1491686728
-8048962313723142553,995719,1491686747
-1438342470363537358,935458,1491686720
-449596911073251444,995643,1491686744
7070498229472383828,995642,1491686741
5912127563901575376,994768,1491686720
-6762630971431784944,993207,1491686724
4262468037517972963,995787,1491686741
-4354057300627636117,995787,1491686747
-5952216079270383905,995787,1491686733
-1548196389790213478,995787,1491686730
-4370500922445927961,995787,1491686775
-6480393984693205210,995787,1491686775
219853689375357730,995787,1491686730
4102954283101500839,995787,1491686777
-3196820155334492682,995787,1491686748
-2116436088251251153,995787,1491686769
-912236502097204389,995787,1491686734
3115420986659868197,995787,1491686744
7207693687962152564,995787,1491686773
-1215582488629261332,995787,1491686738
1790814060517721077,995787,1491686744
-8646202537161863364,995787,1491686745
8909324741822987778,905316,1491686758
9090815378811906541,995550,1491686721
-6656323086951294902,994751,1491686736
2929232571785423192,967456,1491686736
5669441502602864184,995830,1491686761
1219997950126626291,995830,1491686770
-1799516053920967141,995830,1491686745
-454403632689251269,995830,1491686747
7972100747712034023,995830,1491686756
2721562722305742360,995830,1491686733
2536504684642039101,995830,1491686778
6819833763954999681,995830,1491686724
-7877334350428799389,995830,1491686736
5668920028371960083,995830,1491686750
-7653198842005392752,995830,1491686725
-2720937531911155490,995830,1491686773
-6495711900776196455,995830,1491686736
-7858041690811875766,995830,1491686772
6214263386918209558,995830,1491686769
6791392997810922388,995830,1491686777
-1046057655788820175,995830,1491686776
-8128575977317361758,995830,1491686759
905932776204358328,995830,1491686774
4704249658806733979,995830,1491686750
-6926742998743006568,937005,1491686763
5753177765753290148,939801,1491686778
5309185389892877835,939801,1491686759
3159090544646866822,939801,1491686762
-4450239491189194622,939801,1491686764
3492085029541411673,995244,1491686739
-8042891810552705873,995244,1491686769
-5856510519104966228,911536,1491686778
8960526411195114079,995765,1491686737
-2004302789405697402,995765,1491686773
6324553534992582143,995765,1491686748
8159070515332670256,995765,1491686726
-1915390442092817293,995765,1491686734
2592349882214491154,995765,1491686770
3492085029541411673,995207,1491686742
-6047123817711388910,946178,1491686737
8737970935439247963,995575,1491686747
4106857180419382938,995837,1491686776
2094387086453124272,995837,1491686778
-813398788952254639,995837,1491686738
-4818668026838135397,995837,1491686771
-6200363558995597532,995837,1491686722
-290759833356955913,995837,1491686743
7952356297393210835,995837,1491686728
-5925377603499075021,995837,1491686738
7881748691126898743,995837,1491686723
-7311800510621219943,995837,1491686775
9200608726118022673,995837,1491686756
-8477730607707499152,995837,1491686757
7662575632166806655,995837,1491686743
9184541741845630906,995837,1491686747
7846510116783154234,995837,1491686729
8055230283733999963,995837,1491686730
-4179114213450501491,995837,1491686725
5351607060467759612,995837,1491686739
-3197851839296048850,995837,1491686745
41511327621880137,995837,1491686743
-8432554129873039376,995837,1491686763
2615281321543740539,995837,1491686757
8616474704541194329,995837,1491686739
1929273820095340336,995837,1491686741
6608837064659616411,995837,1491686750
-4516917431967437508,995837,1491686731
8305014623529537490,995837,1491686759
-6760142268544971422,995837,1491686762
7036430967329527802,995837,1491686767
-7814593828450027930,995837,1491686756
4287233601461950584,995837,1491686768
6755418440561339829,995837,1491686738
-4337791060187088208,995837,1491686724
-7723423824162976816,995837,1491686731
-6574172490520003183,995837,1491686769
2743306074380608466,995837,1491686775
-3946837748316867349,995837,1491686751
-7751042912757245127,995837,1491686723
-7369969899460818496,995837,1491686746
-8640168254320499728,995837,1491686720
-5638386414188455859,995837,1491686746
-6932333050575865115,995837,1491686767
-8085707589748494717,995837,1491686758
-1861877385237070962,995837,1491686771
-80087448645705603,995837,1491686769
8029924439572011058,995837,1491686738
-5849053768208899648,995837,1491686778
-3996990365624431754,995837,1491686731
703102746552998009,995837,1491686764
1833152937449013052,995837,1491686770
5817127707838981616,995837,1491686769
3788304076610034071,995837,1491686758
-1802099363180858769,995837,1491686754
-2813546564799708148,995837,1491686761
2189828960399707433,995837,1491686768
-7368000771400627497,995837,1491686762
2536504684642039101,995837,1491686750
3162540818827379051,995837,1491686733
-2087928410441490315,995837,1491686769
-3217830178589187201,995837,1491686720
-4115141127003571624,995837,1491686769
707568448330361181,995837,1491686777
-4064932492839167233,995837,1491686764
-6234664413263473710,995837,1491686735
-8246942164760445691,995837,1491686759
7008471080032145663,995837,1491686758
-1335428746202946351,995837,1491686724
-4534599644330823582,995837,1491686730
305509545075565204,995837,1491686735
-1897032987659823774,995837,1491686769
8125556218212275003,995837,1491686722
1344945144669966920,995837,1491686720
-7956043678401515393,995837,1491686760
-3543641182523682355,995837,1491686724
1468345381727396986,995837,1491686754
4915891575452622395,995837,1491686729
5934445684721680141,995837,1491686721
-1711027593808350484,995837,1491686778
-8185651298341392291,995837,1491686728
2900436650245257857,995837,1491686745
-1473234941174511857,995837,1491686767
7534984529735384899,995837,1491686756
2609604440270479426,995837,1491686726
7712901340297200140,995837,1491686761
-3603923210964418235,995837,1491686777
-6171194349352902953,995837,1491686755
8977541919996128908,995837,1491686768
4785883565912623574,995837,1491686756
-1062662435908070732,995837,1491686769
956400778034627916,995837,1491686746
4340559083627653412,995837,1491686745
-5628662013124772633,995837,1491686770
5281107401589819333,995837,1491686741
-437740460261720541,995837,1491686739
4236017020427398688,995837,1491686734
4835003785955566771,995837,1491686736
6982115379989612487,995837,1491686758
4351176360240319471,995837,1491686769
-5292818727108006866,995837,1491686748
-1505723952268258815,995837,1491686720
-1325107927158182020,995837,1491686774
2680597214103692003,995837,1491686760
9200447344738410718,995837,1491686751
-1942551705965935818,995837,1491686751
-8731798041903381640,995837,1491686755
-4046351478589630695,995837,1491686758
-3477380704025867552,995837,1491686769
-3201532280021890631,995837,1491686761
4476197304080598736,995837,1491686772
3735552067627841374,995837,1491686751
2373749305894207232,995837,1491686723
6037901301040158360,995837,1491686768
3972651965175312754,995837,1491686755
9043719762369065637,995837,1491686748
421157720762971196,995837,1491686777
-7570658152498564275,995837,1491686752
6323960595576548613,995837,1491686742
9070073905547117000,995837,1491686749
941838519508443718,995837,1491686774
7243377575767967689,995837,1491686770
5154718386083696138,995837,1491686740
2658281045984658395,995837,1491686778
-4389189734154482252,995837,1491686767
-3362382318928172489,995837,1491686721
9174562417724019287,995837,1491686723
-6079004135653595314,995837,1491686754
1977764961535476449,995837,1491686723
-2009664642394802348,995837,1491686735
-6223124459396319220,995837,1491686774
1887858692101259579,995837,1491686775
5999050611162022491,995837,1491686758
-1163555163004934137,995837,1491686775
7394446113605810955,995837,1491686765
8805924192343178515,995837,1491686762
1750093995083668217,995837,1491686730
-7350576068289789497,995837,1491686770
4789102283780483284,995837,1491686738
-8749074766113811525,995837,1491686736
-6715881171432483653,995837,1491686778
354566122915050126,995837,1491686776
7307762883526431562,995837,1491686777
3946257419654750236,995837,1491686728
7397592301822215809,995837,1491686777
8657143602140595388,995837,1491686731
2665223115858034753,995837,1491686766
5605498909044838243,995837,1491686776
-3206780692074195157,995837,1491686731
2321057501241409026,995837,1491686776
-6346199624161992718,995837,1491686778
3508202155885510966,995837,1491686734
-7965782333302716842,995837,1491686778
-6004597355690296985,995837,1491686764
2479310491271114624,995837,1491686749
8639825127235032747,995837,1491686755
5221195272226984839,995837,1491686728
-4998510722392558864,995837,1491686732
-3359497588532049205,995837,1491686724
-533585004980818853,995837,1491686760
5118120766540259623,995837,1491686741
-2656237495729237691,995837,1491686747
-542125092419666900,995837,1491686741
-8877577467749588154,995837,1491686778
-7466097069608416623,995837,1491686743
-9058204079548697154,995837,1491686762
838805299391352208,995837,1491686759
3360363163644589676,995837,1491686742
-2938359401487059851,995837,1491686763
-2965452036634093828,995837,1491686727
-8184352386510639748,995837,1491686731
-2630215638515962950,995837,1491686770
-8681543719519709194,995837,1491686767
614411964245668638,995837,1491686772
-4038561666968213277,995837,1491686759
-2790512560037516579,995837,1491686726
-7016046999084637552,995837,1491686773
1012274729679971109,995837,1491686728
-6518514259680538201,995837,1491686733
5924682927343755268,995837,1491686760
-4502279115570121018,995837,1491686743
-147729019236144641,995837,1491686768
2224210326308295161,994454,1491686736
6516659296456498978,994454,1491686742
1201550225492821572,994454,1491686764
6026527977372651910,995599,1491686769
-4251407879587870225,994958,1491686730
-7338683730908824060,994958,1491686728
-7895666521537717977,994958,1491686748
-7607942671980995247,994958,1491686729
-4100847595711203042,995779,1491686721
6327315769956450098,995779,1491686772
7626776454315590757,995779,1491686772
-3619237971070896214,995779,1491686758
-5896592327396353468,995779,1491686758
-6367328026524690606,995779,1491686778
-5934446039590705792,995779,1491686772
8029866332251379458,995335,1491686771
1599415905240700658,995845,1491686778
-6230985521691440436,995845,1491686742
3883293427290681659,995845,1491686779
3817279796259766700,995845,1491686746
-9076503317003066557,995845,1491686722
7091322696708751232,995845,1491686752
2216411864717953004,995845,1491686724
-8006760278303453307,995845,1491686779
-2334720438250956699,995845,1491686727
634718894420327050,995845,1491686770
-4654367437673810424,995845,1491686769
-9087231014679352616,995845,1491686746
-8306731614033439985,995845,1491686765
-4695313555706346075,995845,1491686769
36788297475293083,995845,1491686774
4964349140168246474,995845,1491686748
6892691794292062034,995845,1491686739
-2460990557933893514,995845,1491686754
-4557100088024392295,995845,1491686773
3393072724072066734,995845,1491686765
7680873225631764700,995845,1491686725
1968203912207131475,995845,1491686749
4847239975135073696,995845,1491686770
4756482862228572683,995845,1491686763
8794304781514797765,995845,1491686769
-7645359980746522051,995845,1491686772
4211903714108059535,995845,1491686763
4287916638498927750,995845,1491686726
-970283610947343107,995845,1491686725
-3245483979429462331,995845,1491686777
-1914653375668936851,995845,1491686767
1287486292896715798,418749,1491686758
4807383489792178115,345378,1491686721
-8136209246341427598,995056,1491686757
1081918726594315837,995056,1491686771
8084868449545229853,976255,1491686740
2469353821699263527,976255,1491686732
6445907905163404806,992144,1491686760
-1123898236046340021,995620,1491686774
3359525275893845985,995552,1491686737
8926221122680317401,995552,1491686773
-7458774979930277,995761,1491686773
-4890898052803514207,995761,1491686720
7974625957272837002,995761,1491686779
3585982797377616638,995761,1491686768
-3132336391429747552,995761,1491686730
-6630026202216205770,995761,1491686728
4436694272559380467,995761,1491686771
2092067464034301472,995761,1491686747
-6793680152368482037,995761,1491686770
5363394163068286951,995761,1491686734
7017104566081909390,995761,1491686742
4374305921740639846,995761,1491686738
-8934092257664333509,995761,1491686778
4123988494995311600,995761,1491686767
-3270746842028327436,995193,1491686774
-6318737804319308766,995193,1491686757
7627181237918148828,995193,1491686772
6932349761064410513,995193,1491686768
8085147392499364592,995193,1491686774
1102382541949751459,995193,1491686768
8772821190293898343,995193,1491686742
-2945204403623966733,995193,1491686754
8105294972725176508,995193,1491686730
-1528101466361039857,995193,1491686774
9089711843647741826,995193,1491686731
-3689431079215936526,995193,1491686755
-7073824064676173012,995193,1491686723
-1776108697178800034,995193,1491686766
8076358739281074448,995309,1491686735
1561391365336671061,995309,1491686733
-2890526886593465078,994222,1491686746
7799889634217048746,995609,1491686758
-5314180186962834805,995609,1491686738
-1163283533877180128,995609,1491686744
7572982032240627121,995772,1491686772
4387748326802193619,995772,1491686742
1062444465492493871,413001,1491686733
-364999595751938179,993293,1491686777
-865972553232492769,901048,1491686764
854529872096448686,993230,1491686754
-1048214346974820137,976186,1491686755
1749704992897713916,995253,1491686723
-269460921242441179,994923,1491686736
-15567360526551458,995697,1491686779
-3342349961592197585,995697,1491686739
1323307110024005430,995697,1491686763
-2829657940006388758,995697,1491686749
-7072798672210757797,995697,1491686728
-7219485200946637968,995697,1491686774
5705383155866079474,995697,1491686762
6660027890150767982,995697,1491686753
-8681210843225951734,995697,1491686756
-3177615256863392985,995697,1491686762
-7990906007540146370,995697,1491686725
-1732201345670334168,995697,1491686746
8085147392499364592,995697,1491686778
9141172169940325671,995697,1491686734
1708364386706384064,995697,1491686779
-5982512258827813292,995697,1491686767
-2750027581353687128,995697,1491686728
-5833710746144736062,995697,1491686730
403731760923785983,995697,1491686765
-4183795325669348338,995697,1491686734
8317684683726973488,995697,1491686727
9024349768832765415,995697,1491686753
-7082455629099582509,995697,1491686778
-4395419447020952060,995697,1491686747
3074239922002789871,995305,1491686722
-207403111914213033,995305,1491686753
-122160767618597354,995617,1491686776
-6547734771429715808,995617,1491686725
2927624314358515003,995676,1491686734
6822235753637804519,989749,1491686728
-1438342470363537358,989749,1491686744
2929232571785423192,968598,1491686733
1324501206975009223,41902,1491686767
5476977350306947292,995608,1491686775
-4450239491189194622,940557,1491686764
-3018275633404536738,940557,1491686739
-165211800194570277,989211,1491686756
-1123898236046340021,995628,1491686751
-4024347364297765454,995774,1491686723
-666649904622562356,995774,1491686730
7572982032240627121,995774,1491686737
-8183160564940192416,995774,1491686729
7170502695425616617,995774,1491686774
-4219200296222925163,995774,1491686737
253539324516753911,995774,1491686775
-1549926026589900597,995774,1491686778
-3535616490793348408,995774,1491686776
-1997973663215770056,956723,1491686731
2166702862724048181,995670,1491686772
3224558826742160459,995670,1491686740
2476161395719142011,881249,1491686747
-8954811168543477862,993963,1491686747
7751691641884505908,995473,1491686732
-7130530014126270499,995473,1491686740
-3799176356981197059,995794,1491686778
8191106820177151124,995794,1491686766
6829902641316446757,995794,1491686775
2288776268192458450,995794,1491686728
6598464824701569951,995794,1491686771
-1631168920432262061,995794,1491686774
4242843429722104767,995794,1491686756
-2878064930310882509,995746,1491686753
5465401655517464292,995746,1491686762
-2485554630633767954,995746,1491686764
4331251292308935069,995746,1491686736
2726987247783804710,995746,1491686758
-8686479608370715343,995746,1491686776
-533292722842881223,995746,1491686730
-8191364137616793474,995746,1491686727
4443941144061980129,995746,1491686753
-7593226192441799003,995746,1491686759
-6381583661241958341,995746,1491686750
-6583064458882148003,995746,1491686771
2593672780483544707,995746,1491686765
-266225034609734150,995746,1491686765
-5650214234857236501,995746,1491686741
-470252422771785352,995746,1491686756
5559612001881903819,995746,1491686734
258119560590544578,995143,1491686723
-5433474892675697432,992784,1491686737
1503479569111150696,995302,1491686764
-8042891810552705873,995284,1491686738
7186447522723280797,995718,1491686751
-5924821439702728551,995718,1491686738
-1426598252006896259,995726,1491686733
-4330907584652614997,995726,1491686748
-1770328625278970647,995726,1491686773
7980435404795891557,995790,1491686757
8248948813046260129,995790,1491686768
7799889634217048746,995790,1491686757
6115270236044927770,995790,1491686742
-1068668816704916126,995790,1491686767
4102954283101500839,995790,1491686739
5014372040261829177,995790,1491686738
8143503338490572904,995790,1491686767
-3339194803292186036,995790,1491686770
-3164280340500334904,995790,1491686763
507878129652940327,995790,1491686760
-7005746520548104123,995790,1491686779
5906530358936772026,995672,1491686723
1723692412848155062,995672,1491686771
-8419749660054404597,995672,1491686779
1065823329159764073,994721,1491686749
-2976449381396933605,994721,1491686746
-648055101606200159,117171,1491686723
-1737911468655126153,346891,1491686773
-2197293910284951520,134850,1491686739
-7851264895328203950,988525,1491686774
-6547734771429715808,995614,1491686729
-5008943930220068209,963098,1491686779
-8884134213454927711,995658,1491686760
2034594729475844434,995780,1491686731
572350563927145507,995780,1491686749
3120795887804547144,995780,1491686773
2965457194646248976,995780,1491686740
6838003662885334251,994970,1491686773
-2537697157285476346,995681,1491686777
8692079244895836659,995681,1491686721
5990542494984880856,995681,1491686751
2153023331155836474,995681,1491686769
7453831284019439287,995681,1491686777
3282374193968358179,995681,1491686768
5139784450481665985,995681,1491686729
569817618254342046,995681,1491686758
6583067301727203675,995681,1491686755
5224488333736522709,995681,1491686738
-8517772796888731646,995681,1491686759
669558837852111379,995681,1491686776
-5242737995855986104,995731,1491686743
-4728343296335492478,986956,1491686732
5612647832492872245,995833,1491686751
-8794092732345672258,995833,1491686754
-8128575977317361758,995833,1491686758
-454403632689251269,995833,1491686734
-7877334350428799389,995833,1491686732
6214263386918209558,995833,1491686769
-2720937531911155490,995833,1491686771
-6495711900776196455,995833,1491686736
2132302786362551864,995833,1491686729
-6440383240723470343,995833,1491686774
-8782392464584027057,995833,1491686772
4704249658806733979,995833,1491686749
-1046057655788820175,995833,1491686776
4274318469869862697,995833,1491686726
7972100747712034023,995833,1491686743
1219997950126626291,995833,1491686732
-7653198842005392752,995833,1491686722
9004815042075850172,995833,1491686724
3839132521366817641,995833,1491686773
-1799516053920967141,995833,1491686731
6122866156069610634,995833,1491686760
6791392997810922388,995833,1491686777
-7352617580051632308,995833,1491686743
5352023201044008640,995833,1491686771
-4252161916792754472,995833,1491686721
-7544496698804713121,995833,1491686764
-7858041690811875766,995833,1491686772
1534008698398574658,995833,1491686770
-8858580410675221362,995833,1491686755
8982500401795168840,995833,1491686724
2536504684642039101,995833,1491686772
-2554393878853521349,995833,1491686749
5668920028371960083,995833,1491686747
-6200363558995597532,995833,1491686769
-214117073712905360,995833,1491686729
1344945144669966920,995833,1491686749
8106376946349330919,995833,1491686770
-4189052908758398791,995833,1491686741
-5661492410036914937,995833,1491686762
-912257759473832855,995833,1491686768
-5744585115205367573,995833,1491686721
1468345381727396986,995833,1491686780
4767014806447519565,995833,1491686761
-6386485524298893171,995833,1491686764
-2645543711734397421,995833,1491686758
4138806234163845017,995833,1491686727
-7368000771400627497,995833,1491686773
-2592579242461354287,995833,1491686723
6032022838489478031,995833,1491686722
7881748691126898743,995833,1491686746
3340368929975678571,995833,1491686740
-3932510743360629048,995833,1491686754
5484716716732217596,995833,1491686750
788814587786321423,995833,1491686740
-7257919606716530634,995833,1491686766
-980216017281575860,995833,1491686753
-5724574546131125842,995833,1491686757
-3060735845159038651,995833,1491686764
-7281424735123225479,995833,1491686725
7178868583814915565,995833,1491686750
-6932333050575865115,995833,1491686720
-1825844697172278213,995833,1491686737
-5547640600488492547,995833,1491686774
-7862872456299542091,995833,1491686730
4123988494995311600,995760,1491686767
4642267245464240071,995829,1491686759
-4637832229251430768,995829,1491686773
1175162788367126191,995829,1491686770
-1148666724564067700,995829,1491686749
-1958702227361987937,995531,1491686726
-5743498354305210993,995531,1491686768
-1945205811200148170,994963,1491686755
1446461165502642231,994963,1491686777
-6186814834446782660,994963,1491686780
-2078141623505431455,994963,1491686777
6824506752967408134,994933,1491686734
-269460921242441179,994933,1491686736
-4132132402176772447,992160,1491686727
-5710846340992717607,992502,1491686725
3978251554441368452,928267,1491686754
1254628127321625663,993818,1491686759
-4750019326415977214,995358,1491686753
-8566748267944553592,995358,1491686758
-7462289880515027424,995358,1491686725
-3416307804862672909,934107,1491686756
6324985282912703653,341719,1491686770
-6047123817711388910,909480,1491686763
7626776454315590757,995778,1491686771
-3619237971070896214,995778,1491686758
-1548196389790213478,995778,1491686776
824981299407629357,995778,1491686746
1991390368179435196,344321,1491686767
-3608924730692453789,988303,1491686768
5465209391710958100,995580,1491686780
1093801175432282547,995580,1491686778
-2733883717820577389,995580,1491686767
1439654288168992459,988454,1491686742
8006677563915283046,988454,1491686737
-3244925655324400925,988454,1491686779
732288225742188595,995255,1491686752
-8042891810552705873,995255,1491686760
-5853193347739763339,995255,1491686723
8848823243396152870,995751,1491686755
7560271162928490189,994436,1491686736
1740382539112698561,994436,1491686752
-8129230508999339636,994436,1491686758
5396087076872286581,994436,1491686742
1876782289744039445,994436,1491686741
5183818438997907436,994436,1491686748
126724616965154963,994436,1491686772
3175698773162054647,994436,1491686777
5108536588753498045,994436,1491686765
-6785312385637780500,994436,1491686727
-6401076934451781748,994436,1491686762
4716900067631791916,994436,1491686758
7422824856555643241,994436,1491686751
-5919586456880485265,994436,1491686722
-6051537877124132920,994436,1491686740
-1180897312023827857,994436,1491686780
1470739392863825771,994436,1491686763
-2741302468735336034,994436,1491686725
-3927197764655344881,994436,1491686723
6803732989286585237,994436,1491686762
-241794458825575315,994436,1491686738
3169828363189481426,994436,1491686738
-6611002932276889888,994436,1491686765
4111080595312188494,994436,1491686778
-8048962313723142553,995733,1491686747
-8483286084062747745,988057,1491686736
1989831709992320847,983500,1491686774
-4132132402176772447,987516,1491686766
-894425917202055404,995336,1491686726
-5348969172268420128,972937,1491686739
4732556641379684392,972937,1491686770
-1438342470363537358,934820,1491686740
-4513874218598819344,993560,1491686728
-5520535352514214269,995696,1491686729
2656438692420221501,995696,1491686771
-5339144776953506808,995696,1491686726
1105125537184098933,995696,1491686771
7654518217314860214,995696,1491686746
3828417953291533013,995696,1491686732
2039300521490712162,995696,1491686734
8931498947480710717,995696,1491686731
7830287751254518303,995696,1491686737
5265516568800409821,995696,1491686753
3626772159581668009,995696,1491686728
6330719057319214019,995696,1491686741
2943384617410693188,995696,1491686746
-496561685494040629,995696,1491686738
-6673782772209291093,995490,1491686755
4790466776308764570,995260,1491686767
-5625099073914345741,995624,1491686776
4620132243889578199,995624,1491686756
-1123898236046340021,995624,1491686779
-7820262987779229212,995624,1491686769
8076358739281074448,995203,1491686735
1561391365336671061,995203,1491686733
1954246107468626053,995699,1491686746
-3823267352547086359,995699,1491686752
-677735822565840718,994592,1491686725
1254628127321625663,993151,1491686778
-598762574319151775,942449,1491686776
1478330333159048732,995089,1491686738
3279971889535555585,975415,1491686762
-343422054409547272,975858,1491686739
-6630026202216205770,975858,1491686748
3762591552563684132,995661,1491686736
-7769289741869323354,995661,1491686730
9196381768306481368,995661,1491686760
6309179871839764436,995661,1491686743
655179831300156855,995661,1491686757
4356270984333398103,995661,1491686768
-7776482701038150636,995661,1491686727
2937766509450642354,995661,1491686734
3224558826742160459,995667,1491686744
6232957146439977346,993812,1491686728
4539070479324651078,993812,1491686725
6088169294518160917,993812,1491686751
90799897121278388,994892,1491686737
-4979619793354627244,915948,1491686765
1220100382839431206,995692,1491686746
3014307424423304643,995692,1491686759
-8006473009412501203,994833,1491686719
-4513874218598819344,987894,1491686730
-630396872317121907,988476,1491686763
-1561872931892730539,905022,1491686730
8414345659024529371,995811,1491686757
-3652296568747153912,995811,1491686750
-2982131699195474522,995811,1491686744
1906974460371483158,995811,1491686772
-7381574799532047880,995811,1491686770
-3506189684480905197,995811,1491686756
566456786073887834,995811,1491686751
-1796516191098544742,994960,1491686754
4356270984333398103,994457,1491686730
-132577241145041430,994457,1491686752
-8533861118892093694,994457,1491686728
1196410282664031381,994457,1491686724
-6422525749808976824,994457,1491686748
-4462299893402290784,994457,1491686731
-6186814834446782660,994457,1491686765
-5544738120183723777,994457,1491686760
-7671177068648682217,994457,1491686732
-1062825533679050288,994457,1491686769
-3132336391429747552,994457,1491686742
-6756496388723148149,994457,1491686769
7751596716211763422,994457,1491686765
4216475023123916046,994457,1491686733
5571399106035775698,995528,1491686758
2500416219656244972,995491,1491686759
-2409796367437108655,993148,1491686729
8084868449545229853,979231,1491686733
2469353821699263527,979231,1491686732
-6547082335314891290,950286,1491686769
8505237204326148155,995679,1491686723
7269185883102028450,995753,1491686775
-5217236761564969369,995753,1491686768
6121599736199486457,995753,1491686776
-2335184835992208564,995753,1491686776
-6056919334006254682,995753,1491686772
1954246107468626053,995714,1491686732
-3823267352547086359,995714,1491686745
3586284531056714894,995714,1491686759
5512112401589871139,995654,1491686740
5515549895525099938,995654,1491686757
-6547734771429715808,995612,1491686735
-1799624511941270606,995507,1491686729
6934727910734226169,995507,1491686762
-1958702227361987937,995507,1491686726
6256158769187605574,995356,1491686753
5679252659305905626,995125,1491686768
734366792840066461,995125,1491686732
7151965814573893482,995125,1491686766
-6785606111700382299,995125,1491686778
5975933347245251526,995125,1491686735
6803732989286585237,995125,1491686743
3170611017634906183,995125,1491686739
-2123001092850599513,995125,1491686741
6862750042610088294,995125,1491686781
-962233343137035866,995125,1491686722
3296473379660932064,995125,1491686736
8499373006773301628,995125,1491686754
8483245516242245684,995540,1491686728
7761356870430482310,995233,1491686741
-5608701002714274003,995427,1491686740
6516659296456498978,985440,1491686775
165866395266100204,346101,1491686741
-4029764189245806386,995816,1491686723
2827802413944784302,995816,1491686780
-7381574799532047880,995816,1491686728
-6643443983799222508,995816,1491686744
162594604703380627,995816,1491686777
4183755927124954096,995816,1491686770
35278617626986261,995816,1491686764
-7877334350428799389,995816,1491686780
-3170008819973049826,995816,1491686777
4642267245464240071,995816,1491686773
7788531049001772641,995816,1491686738
-847774880707172647,995816,1491686778
7626776454315590757,995782,1491686723
-3619237971070896214,995782,1491686736
5105698708311873882,995782,1491686774
-1548196389790213478,995782,1491686776
6813346636912042051,995782,1491686752
8138970831698374335,995701,1491686745
2761270847973440508,995693,1491686732
4214934154407840975,995693,1491686733
3639695889629679550,995693,1491686738
-1123898236046340021,995630,1491686756
-3323203417680673031,342930,1491686766
-6547734771429715808,995613,1491686747
6934727910734226169,995479,1491686764
-1799624511941270606,995479,1491686730
2059978219996769108,995818,1491686757
4183755927124954096,995818,1491686770
7788531049001772641,995818,1491686738
-847774880707172647,995818,1491686778
2827802413944784302,995818,1491686743
-6643443983799222508,995818,1491686739
-7877334350428799389,995818,1491686780
4642267245464240071,995818,1491686773
-7653198842005392752,995818,1491686740
6819833763954999681,995818,1491686766
-2156837910235544654,995818,1491686723
-4198696695664360773,962359,1491686759
-3015747513156084128,989336,1491686731
-4397477232659518455,895648,1491686734
5113733943235812467,995622,1491686746
638558647763159762,995622,1491686742
-3203804465578672877,995622,1491686725
-24500765639772051,995622,1491686779
-4516917431967437508,995622,1491686733
6177092350815261022,995804,1491686726
-5934446039590705792,995804,1491686734
8702080984039955512,995804,1491686728
-7975638952740677227,995804,1491686730
2059978219996769108,995804,1491686780
-7005746520548104123,995804,1491686745
8143503338490572904,995804,1491686747
-2982131699195474522,995804,1491686761
5883893841853964938,995804,1491686754
6122866156069610634,995804,1491686779
-8243486973032650055,995804,1491686767
-4198588344898472068,995804,1491686732
-3652296568747153912,995804,1491686772
7664323456385399257,995527,1491686747
-2716261613580825273,995527,1491686742
-5678495797952867153,995527,1491686764
-3047888420935298199,941364,1491686728
3895698962634941531,994720,1491686749
8823910132052830995,995579,1491686721
-6082444768838143779,995579,1491686758
3492085029541411673,995240,1491686749
1503479569111150696,995307,1491686754
8414345659024529371,995809,1491686774
8143503338490572904,995809,1491686725
-3652296568747153912,995809,1491686760
-2982131699195474522,995809,1491686753
-3783999640745835867,935632,1491686724
2656438692420221501,995716,1491686736
-5924821439702728551,995716,1491686748
7186447522723280797,995716,1491686751
2500416219656244972,995500,1491686759
-6247274915914241690,995500,1491686735
6173456296703922959,967890,1491686755
8084868449545229853,971464,1491686776
-122160767618597354,995619,1491686771
8837272019214970743,963853,1491686763
5281107401589819333,995838,1491686741
-1711027593808350484,995838,1491686770
-6518514259680538201,995838,1491686733
-1473234941174511857,995838,1491686761
-8530464080879604413,995838,1491686754
-4239245816157745844,995838,1491686769
2344099179049627223,995838,1491686779
1594061953366343124,995838,1491686730
-8342154676721461532,995838,1491686757
3492085029541411673,995218,1491686769
5932263583380257330,995218,1491686771
5883893841853964938,995844,1491686746
7952356297393210835,995844,1491686728
1524792044764383823,995844,1491686737
-1766480524067234827,995844,1491686770
5314125789168818634,995844,1491686774
-1711027593808350484,995844,1491686746
5009127668717951965,995844,1491686746
5798013434529292443,995844,1491686755
1599415905240700658,995844,1491686766
-458323207776161609,995844,1491686736
-2990007644756957078,995844,1491686734
1759737479523823138,995844,1491686754
-6955110886174536547,995844,1491686766
3202532482899918214,995844,1491686777
-2938359401487059851,995844,1491686757
8882907546268441214,995844,1491686747
174523150312021686,995844,1491686777
8472454601962018544,995844,1491686767
4535280712057344427,995844,1491686763
949610226996688219,995844,1491686759
3321921712264108467,995844,1491686740
7066347967203067030,995844,1491686739
-6102991926837374367,995844,1491686736
-8569002888022347444,995844,1491686752
-2600790074771821992,995844,1491686743
-6244673560227551744,995844,1491686766
-2285279937736434121,995844,1491686736
-5193178376421240132,995844,1491686749
5465430770864631751,995844,1491686736
4712899761057580954,995844,1491686765
2344099179049627223,995844,1491686757
1560560978595197651,995844,1491686771
2160773585913411941,995844,1491686722
-8530464080879604413,995844,1491686732
-9076503317003066557,995844,1491686763
2002262257106840635,995844,1491686774
997389038133766023,995844,1491686752
-6806260538955082403,995844,1491686760
-1067872197910049871,995844,1491686757
-7448159998025437094,995844,1491686773
-1802099363180858769,995844,1491686775
108707725872159408,995844,1491686768
-1473234941174511857,995844,1491686756
8754642369165033477,995844,1491686753
907190043151205874,995844,1491686773
2978713335275429598,995844,1491686760
-622104624216209901,995844,1491686770
6892691794292062034,995844,1491686767
-2491716505976040781,995844,1491686777
-5807271190595745738,995844,1491686745
-5183685438552770283,995844,1491686767
3757606414357571242,995844,1491686761
-4617046035017523774,995844,1491686777
317105851295662338,995844,1491686734
3393072724072066734,995844,1491686781
9185998716810879017,995844,1491686775
-9020211085267910960,995844,1491686737
-6094707647964389600,995844,1491686753
7312328863732871265,995844,1491686775
-731493664069793209,995844,1491686766
-4535861956039112046,995844,1491686775
-7574235186443595373,995844,1491686722
7031022846560549504,995844,1491686732
-4226666269223277379,995844,1491686730
-7783679290407867975,995844,1491686724
-324778971300169001,995844,1491686773
-5614998167444329783,995844,1491686748
1448387143575027764,995844,1491686764
4433364814277671424,995844,1491686728
8778643562498709025,995844,1491686755
9137400641270544694,995844,1491686772
-405592724472350100,995844,1491686741
2722855654080258367,995844,1491686772
-2396716500214310423,995844,1491686725
-560541337297738816,995844,1491686772
8995849721583655946,995844,1491686768
6300099618070750267,995844,1491686769
3122597890568579507,995844,1491686769
-3503416990050544814,995844,1491686746
-1280268036996307593,995844,1491686776
-6858311900127040712,995379,1491686746
3189026678965554343,995391,1491686738
-9017150645638336439,995657,1491686747
6498081365444767598,995657,1491686771
-626571589307000211,338545,1491686718
6582404713565211693,995484,1491686769
-8679455163409469568,995484,1491686737
3065943112704958202,991918,1491686752
2209262681107679363,994671,1491686749
1503479569111150696,995289,1491686781
258119560590544578,994530,1491686723
-7607942671980995247,994530,1491686739
-6762630971431784944,993298,1491686774
-9017150645638336439,995651,1491686771
-9219065459950114766,995651,1491686723
8848823243396152870,994990,1491686747
26668073640383550,994990,1491686759
-3486698892994028389,994990,1491686755
1628527082889014155,995724,1491686723
103222221189241868,995724,1491686780
-1769826647207273866,874650,1491686742
2726987247783804710,995745,1491686729
4922245360927134113,990401,1491686777
-8175224414273443489,92691,1491686749
-6089001621624417277,924261,1491686718
-3072810497180538450,995422,1491686754
-7989588184703986805,995422,1491686746
-5920713934871573854,994121,1491686753
691354143226524506,995810,1491686757
-5024162181735998169,995810,1491686765
-3652296568747153912,995810,1491686741
-2982131699195474522,995810,1491686739
8414345659024529371,995810,1491686738
-7381574799532047880,995810,1491686770
-6643443983799222508,995810,1491686777
2018316555647019838,995810,1491686723
-385456880931120045,995810,1491686732
8114184982048963442,995810,1491686739
-3783999640745835867,935252,1491686744
1379322363291926127,986776,1491686735
-1109043123399970433,995477,1491686719
-7522010988584326265,995330,1491686752
1954246107468626053,995330,1491686746
2529937145412603773,983524,1491686770
-3357337266827966393,995176,1491686738
-287815351770626633,995176,1491686733
1369168178181249196,995176,1491686731
-2494381404470927429,995176,1491686723
7768804899513410079,995176,1491686781
3808065845437949017,995176,1491686726
8681953943703941845,995176,1491686746
8331127462167264650,995176,1491686769
3366034410143309560,995176,1491686777
5247636356880242855,995176,1491686749
-2898863178316717828,995176,1491686771
5480802695228290560,995176,1491686775
6405731842984586371,995176,1491686737
-2993089092653138138,995176,1491686737
-3322426857165977764,995176,1491686730
5849217844099824706,995659,1491686781
6498081365444767598,995659,1491686771
-39838204591290984,995659,1491686744
-9017150645638336439,995659,1491686743
2111335053979926363,995659,1491686776
-3720097605095183190,995659,1491686742
8764227798835191525,995659,1491686781
4551325088351617602,995659,1491686770
2411727945957529262,995659,1491686746
-78012915950550992,995659,1491686763
-3752205258227299577,995659,1491686747
-3007178487658927368,995659,1491686727
-508402860088797289,995659,1491686781
4539070479324651078,995659,1491686734
6932349761064410513,995659,1491686779
9136947927567973112,995659,1491686730
-1770470307317004170,995659,1491686772
-5089379293626343907,995541,1491686766
-474360845670825670,995541,1491686734
6778942820090809510,995541,1491686764
8806268967886824440,922617,1491686728
-7467150334252656239,995828,1491686759
-5456117808379250801,995828,1491686736
-1033416726729398846,995828,1491686737
-3996990365624431754,995828,1491686762
3162540818827379051,995828,1491686762
3575354427250475893,995828,1491686747
-9105355296759864954,995828,1491686741
2588544270057789831,995828,1491686728
1344945144669966920,995828,1491686739
-6200363558995597532,995828,1491686740
905932776204358328,995828,1491686729
1468345381727396986,995828,1491686766
7881748691126898743,995828,1491686735
6755418440561339829,995828,1491686747
9184541741845630906,995828,1491686754
305509545075565204,995828,1491686744
-1861877385237070962,995828,1491686779
-6917317517551414211,995828,1491686725
-6932333050575865115,995828,1491686774
-6234664413263473710,995828,1491686740
-7368000771400627497,995828,1491686767
2536504684642039101,995828,1491686755
1929273820095340336,995828,1491686745
-7751042912757245127,995828,1491686726
-5849053768208899648,995828,1491686781
703102746552998009,995828,1491686765
8305014623529537490,995828,1491686759
2094387086453124272,995828,1491686778
-1897032987659823774,995828,1491686769
-8085707589748494717,995828,1491686780
-3543641182523682355,995828,1491686724
4287233601461950584,995828,1491686768
-5925377603499075021,995828,1491686738
-1473234941174511857,995828,1491686767
8616474704541194329,995828,1491686739
-7956043678401515393,995828,1491686760
6608837064659616411,995828,1491686750
-290759833356955913,995828,1491686743
7662575632166806655,995828,1491686743
7036430967329527802,995828,1491686767
-4064932492839167233,995828,1491686764
3360363163644589676,995828,1491686782
3788304076610034071,995828,1491686758
5115043735018966355,995389,1491686771
5886238702523230094,995803,1491686726
8143503338490572904,995803,1491686752
-7005746520548104123,995803,1491686748
4123988494995311600,993813,1491686757
-3270921567135336134,993813,1491686782
6050393087226840695,993813,1491686762
5139680413894645583,995668,1491686740
103222221189241868,995743,1491686763
4331251292308935069,995743,1491686736
5465401655517464292,995743,1491686762
4519916529780199664,995743,1491686756
-2878064930310882509,995743,1491686753
2726987247783804710,995743,1491686758
-8645205399200614799,993619,1491686778
7850598205697008433,993619,1491686752
-8986961294098238325,993619,1491686776
-1141777101946578456,993619,1491686767
-5302473106736822729,995326,1491686766
-8182305747865948735,995326,1491686767
330628365886182397,993484,1491686724
-5084883387712459007,993484,1491686778
-8871814505018389910,993484,1491686728
-6291738190146934127,154372,1491686739
-5170438075411805464,939411,1491686726
-1123898236046340021,995535,1491686723
-449596911073251444,995535,1491686744
-8824111377395283751,995815,1491686768
3726100888956722553,995815,1491686768
-1402568717300614869,995815,1491686725
-8900924260014580907,995815,1491686760
4992722346399188018,995815,1491686771
-6173830231774760375,995815,1491686775
-7381574799532047880,995815,1491686737
-6643443983799222508,995815,1491686753
-4121589293089617045,995815,1491686770
3445847225446692108,995815,1491686756
-4870692319298917076,995815,1491686758
1656953828123011946,995815,1491686764
-4029764189245806386,995815,1491686723
-8868666612919606868,995815,1491686776
-8155152623226190714,995815,1491686738
4109916121706084145,995815,1491686725
-1500094485705370083,995815,1491686751
1956590648543103530,995815,1491686770
6408128050978015167,995815,1491686726
5403785107350616805,995815,1491686744
-4718068783756060400,995815,1491686769
-6286239998456904204,995815,1491686725
-2401987589128359206,995815,1491686755
-5707060714847529186,995815,1491686765
-7274909776400396417,995815,1491686775
9009562313846343149,995815,1491686756
2827802413944784302,995815,1491686780
-4387659485698494222,995815,1491686758
275915564458342164,995815,1491686764
-4570208179731659166,995815,1491686778
-7245290764734723243,995815,1491686748
-37726797937033666,995815,1491686738
-4129190923886845286,995815,1491686773
5916583718697119864,995815,1491686747
-5682839998576861208,995815,1491686765
2327868889514660628,995739,1491686735
-299837057001129428,995739,1491686765
2092067464034301472,995739,1491686780
-6990671851377862782,995739,1491686726
7974625957272837002,995739,1491686779
1628527082889014155,995739,1491686738
-6082444768838143779,995578,1491686758
8823910132052830995,995578,1491686722
6819833763954999681,995823,1491686766
-6643443983799222508,995823,1491686729
-847774880707172647,995823,1491686753
4183755927124954096,995823,1491686736
5668920028371960083,995823,1491686782
2827802413944784302,995823,1491686732
-7877334350428799389,995823,1491686774
4642267245464240071,995823,1491686767
-7653198842005392752,995823,1491686740
-454403632689251269,995823,1491686781
-5170438075411805464,936715,1491686738
-3411198435182886853,345163,1491686737
-9047715021968902863,995796,1491686764
5132562199444175415,995796,1491686767
-8133347187163700449,995796,1491686756
8913581001221045627,995796,1491686750
5014372040261829177,995796,1491686724
3927046977484959105,995796,1491686742
4102954283101500839,995796,1491686723
-1153020877466748262,995796,1491686747
-1068668816704916126,995796,1491686748
4867312882731973131,995796,1491686735
-3339194803292186036,995796,1491686764
-3164280340500334904,995796,1491686761
-1603699826601503664,995796,1491686748
-7005746520548104123,995796,1491686779
8143503338490572904,995796,1491686760
-5522297863255728389,995796,1491686766
-1896381979753680461,995796,1491686743
3991319916684339570,995796,1491686750
978684065433058738,995796,1491686750
2462236806973149057,995796,1491686780
-3607968449242245902,995796,1491686723
9086443884732050241,995796,1491686731
2089590679233932467,995796,1491686730
-8599098664578390086,995796,1491686768
-6730750826518372657,995796,1491686774
1852183308680817207,995796,1491686745
8599266810540024757,995796,1491686729
-2126922498875146397,995796,1491686781
5886238702523230094,995796,1491686742
-1245115215757881951,995796,1491686736
-1368258484878396326,995796,1491686778
4669286531061995568,995796,1491686756
-3551854943534165720,995796,1491686768
-6927397893582108330,995796,1491686725
7814914840410569482,995796,1491686729
1026576015768917877,995796,1491686746
-634949552808740138,995796,1491686763
8926221122680317401,995561,1491686729
3359525275893845985,995547,1491686737
8926221122680317401,995547,1491686758
905932776204358328,995832,1491686761
-556569161049188867,995832,1491686735
-5875475020168441007,995832,1491686781
2416854415475701391,995831,1491686777
-454403632689251269,995831,1491686774
6819833763954999681,995831,1491686738
-7877334350428799389,995831,1491686743
5668920028371960083,995831,1491686755
5669441502602864184,995831,1491686767
-7653198842005392752,995831,1491686729
-2720937531911155490,995831,1491686777
-1799516053920967141,995831,1491686747
2132302786362551864,995831,1491686769
1219997950126626291,995831,1491686770
2079311610740099347,995831,1491686743
2536504684642039101,995831,1491686778
-8080144426750582691,995831,1491686752
2721562722305742360,995831,1491686733
-301249177637645485,995831,1491686736
-5198247017187416910,346582,1491686741
-5288778814127391555,101208,1491686724
-8307535419126680978,995825,1491686744
1336762562942656180,995421,1491686748
-8038743425417148036,995421,1491686776
6597061435773205744,995729,1491686729
-3823267352547086359,995729,1491686725
-4330907584652614997,995729,1491686780
8138970831698374335,995729,1491686732
-1426598252006896259,995729,1491686756
7933656913880048198,995729,1491686743
1201550225492821572,995729,1491686754
2992068004253919971,995729,1491686773
1250081638989886766,995025,1491686742
-5625099073914345741,995631,1491686762
-7820262987779229212,995631,1491686769
4620132243889578199,995631,1491686755
-2952740969406704617,995631,1491686724
8866135678144965299,995734,1491686769
-6990671851377862782,995734,1491686743
2092067464034301472,995734,1491686781
2327868889514660628,995734,1491686735
-299837057001129428,995734,1491686765
-6912962899745206833,988823,1491686764
2203463240014303735,994120,1491686723
7751691641884505908,991934,1491686740
-4750019326415977214,995686,1491686768
-4778087489523516136,995378,1491686733
-7591769265169257010,972031,1491686772
2391640366392776468,972031,1491686730
820290763704805138,909401,1491686774
854529872096448686,994327,1491686756
6824506752967408134,994956,1491686765
-5170438075411805464,934326,1491686743
-7851264895328203950,988532,1491686774
-3797000987564054099,892081,1491686749
6516225338433032378,995501,1491686732
-984503541181316962,995501,1491686745
7850598205697008433,993266,1491686778
-5064329371176412020,993266,1491686780
-344964608453853740,903443,1491686746
8342558411311668408,994754,1491686727
-6867205861695905376,938759,1491686752
-2729193627634169209,995728,1491686739
-7578516809488462595,995728,1491686772
-343422054409547272,995728,1491686739
-1396116657761647242,995728,1491686741
4262468037517972963,995801,1491686776
5886238702523230094,995801,1491686742
-7005746520548104123,995801,1491686758
8143503338490572904,995801,1491686755
-3799176356981197059,995801,1491686778
978684065433058738,995801,1491686750
-5610345514890903282,995801,1491686742
-3599403044751811429,995801,1491686780
-2344516163106032585,992883,1491686743
6629374269802589139,992883,1491686736
3024350104094631768,992883,1491686737
1425504379790771351,100115,1491686743
1876782289744039445,993875,1491686741
-8306731614033439985,994015,1491686777
-3495605083764596849,992464,1491686735
-8042891810552705873,995287,1491686723
3074239922002789871,995287,1491686759
6824506752967408134,994957,1491686765
2523404516969768346,946231,1491686758
7068726115742334074,986789,1491686765
2927195513619765554,986789,1491686742
-2592975461609341866,986789,1491686771
-4728343296335492478,986789,1491686730
7400261255678191468,986789,1491686741
3564327578497152424,986789,1491686763
5245569490441749065,986789,1491686766
-377917373057180456,986789,1491686734
-1100210026566142070,986789,1491686766
-2493544263720860934,995708,1491686751
-8813944805414862284,995708,1491686764
-6607685446112936160,994985,1491686738
-4857591071771144936,994985,1491686759
8084868449545229853,971156,1491686777
2929232571785423192,957055,1491686738
-598762574319151775,960330,1491686776
-474360845670825670,960330,1491686734
1413394826946503797,933119,1491686723
-1552411893564549361,886436,1491686735
-8038743425417148036,995420,1491686776
4027191591800453059,994486,1491686768
-7877334350428799389,995826,1491686769
-847774880707172647,995826,1491686741
-3591288452663233164,995826,1491686732
5668920028371960083,995826,1491686776
4183755927124954096,995826,1491686728
6819833763954999681,995826,1491686747
2827802413944784302,995826,1491686727
-7653198842005392752,995826,1491686737
-454403632689251269,995826,1491686779
4642267245464240071,995826,1491686763
-3121576586295393654,995826,1491686772
-2720937531911155490,995826,1491686777
6827513095633465649,995826,1491686781
5669441502602864184,995826,1491686767
-8781056788150293821,995834,1491686753
1646556029123216490,995834,1491686737
2344099179049627223,995834,1491686779
-8530464080879604413,995834,1491686754
-6806260538955082403,995834,1491686775
-1711027593808350484,995834,1491686758
2536504684642039101,995834,1491686733
-6518514259680538201,995834,1491686727
-6102991926837374367,995834,1491686744
-458323207776161609,995834,1491686741
3202532482899918214,995834,1491686780
5009127668717951965,995834,1491686749
-7448159998025437094,995834,1491686775
-1473234941174511857,995834,1491686758
-2285279937736434121,995834,1491686738
-1766480524067234827,995834,1491686770
2002262257106840635,995834,1491686774
-2600790074771821992,995834,1491686743
4712899761057580954,995834,1491686765
1759737479523823138,995834,1491686754
7066347967203067030,995834,1491686740
-9076503317003066557,995834,1491686763
5314125789168818634,995834,1491686774
5465430770864631751,995834,1491686736
-8569002888022347444,995834,1491686752
949610226996688219,995834,1491686759
-1067872197910049871,995834,1491686757
8391599806668438293,995793,1491686737
-7056152533507616730,995793,1491686776
7017104566081909390,995793,1491686723
2132302786362551864,995793,1491686734
4011437636028074050,995793,1491686737
-2976449381396933605,994749,1491686743
8133451648230083798,994749,1491686775
4550043641771927995,994405,1491686761
3640740499443623277,994405,1491686756
202354128512746601,829279,1491686726
8025695509705323032,995773,1491686765
-8713998130455370314,995773,1491686726
7572982032240627121,995773,1491686746
7170502695425616617,995773,1491686781
-666649904622562356,995773,1491686734
6115270236044927770,995773,1491686771
-8183160564940192416,995773,1491686733
-6607685446112936160,995315,1491686757
-669861171301133781,995315,1491686736
2656438692420221501,995709,1491686780
8138970831698374335,995709,1491686738
-7651708148039916864,995709,1491686740
732288225742188595,995256,1491686752
-1123898236046340021,995623,1491686779
-1368258484878396326,995623,1491686762
1978521623969173927,995660,1491686727
834037098967616737,995359,1491686362
-6607685446112936160,995359,1491686757
-669861171301133781,995359,1491686736
1062319596686723285,995359,1491686751
-1166906903962954507,990102,1491686758
1878853650072298977,973584,1491686753
7070498229472383828,995638,1491686737
4060819610445954818,993826,1491686731
-6335750195671580522,995353,1491686740
1929611570044375979,995353,1491686762
-5433474892675697432,992785,1491686737
2944232795077619638,426975,1491686747
-5920713934871573854,994051,1491686773
219853689375357730,995784,1491686730
4102954283101500839,995784,1491686777
7980435404795891557,995784,1491686780
-6955448160840851692,995784,1491686772
-1068668816704916126,995784,1491686773
-3823267352547086359,995723,1491686734
-4330907584652614997,995723,1491686780
-5217236761564969369,995723,1491686768
6597061435773205744,995723,1491686729
-3862377699568685519,995311,1491686730
-828990827141404700,995311,1491686757
-2458644949043450800,995311,1491686755
-5273772039071926481,995311,1491686769
-7274909776400396417,995311,1491686758
