5168101652055537337,994137,1491350575
-3980607014973930146,994137,1491350547
-1304832905773735849,994137,1491350591
3920255851062883673,994137,1491350557
-3320591286231197170,994137,1491350573
-7456121244909537915,994137,1491350594
-6476985936587512150,994137,1491350583
7958805670156572150,994137,1491350590
-4648670484935140362,994137,1491350544
1056884164088596379,994137,1491350593
7734565235499762742,993715,1491350552
-4203075300511391933,993715,1491350542
972761299042802698,993715,1491350594
-2476278358565831136,993459,1491350546
-5094604543380533045,994075,1491350573
-3364619943990420448,994075,1491350549
85283890885195044,993546,1491350559
5324507743720227472,993546,1491350558
8981378147114078172,993895,1491350575
2000712602464790798,994063,1491350569
-5203185491340115688,994166,1491350564
7466115913035564301,994166,1491350551
-2378827563104944133,994166,1491350591
5898260147037835447,994166,1491350571
4919757657472923853,994166,1491350540
2166976619651406866,994166,1491350554
-2256498009688525416,994166,1491350541
40646345878757356,994166,1491350591
1056884164088596379,994143,1491350555
3460801736354647973,994143,1491350578
-7456121244909537915,994143,1491350539
2940196344005687994,994143,1491350579
-5657403390500178142,994143,1491350541
-2072145827957411485,994143,1491350589
-3042290738771673662,993924,1491350577
-7896224538513108595,993924,1491350574
4130328237056410834,993924,1491350546
7967050266282831898,993930,1491350590
-7775108834947402851,993930,1491350579
8856993826340756778,993930,1491350561
-474221098160814605,993930,1491350595
-8435900951777934484,993930,1491350578
1570508318213543322,993930,1491350549
-9150682153356519337,993843,1491350572
8672088207804588941,993354,1491350595
3884494156964150437,993964,1491350539
3884494156964150437,993992,1491350578
-3368923606876150992,994103,1491350551
-7089406345233819121,994103,1491350539
-5933624024733981822,994103,1491350560
-5394072957736346373,994103,1491350558
6093241926580074667,994103,1491350586
-6360202512432016629,994103,1491350592
-2401619330159699541,994103,1491350592
-1598749659539377046,994103,1491350542
5310666783591681743,994103,1491350558
2841364644445904407,994103,1491350558
-3485662553782314308,994103,1491350579
5261666369653002364,994103,1491350594
-6427986454865692243,994103,1491350559
2871503852393696061,994103,1491350582
-8172906630353276281,992039,1491350581
5866654049906387260,993979,1491350542
-8565776925636021476,993594,1491350567
3298225373339398861,718136,1491350578
6932305119185856105,993131,1491350537
-4797709779171140437,113062,1491350559
-2421294403147073714,994142,1491350547
-6029306570168205623,994142,1491350593
6044675586915191730,994142,1491350579
2369873937646184850,994142,1491350566
2940196344005687994,994142,1491350560
-2072145827957411485,994142,1491350554
-1227008601493679989,994142,1491350584
2330911956805747521,994142,1491350558
2333035881137863113,994142,1491350565
-229193288727692903,994142,1491350546
-3544804033229562943,994142,1491350565
-5065445469775894780,994142,1491350582
-1627100605440930326,993453,1491350549
4130328237056410834,993453,1491350567
344284312186442369,993619,1491350571
3061319337636060421,993619,1491350592
3910502694959626779,990809,1491350594
-918037421615277052,994091,1491350542
-7075782560510647953,973657,1491350587
-5696485646100048062,993784,1491350584
-7817072517477709479,994040,1491350558
5647675264909723072,993239,1491350595
-1966932771404383270,993982,1491350562
5866654049906387260,993982,1491350556
-5183379816240179605,993982,1491350563
2467533801892187960,993818,1491350564
-229162668774868041,993818,1491350572
8672088207804588941,993356,1491350595
-5064323499627951234,993356,1491350580
-3009923012824308497,993962,1491350582
-22424932502006301,993962,1491350569
-1145643319855345297,993302,1491350554
-9011550710069326481,993302,1491350567
5535780307022103425,993302,1491350558
-7356462601235011908,993302,1491350558
-959816124520188599,993302,1491350564
4118527021477382808,993302,1491350550
-1881312042436207271,993302,1491350583
-3098011191830736533,993302,1491350591
-8766482313356802730,994045,1491350579
-1462681935599712722,994045,1491350595
-2579833592612125429,993252,1491350585
-7107208299078269078,993252,1491350567
5930568801736936789,993252,1491350559
5567553578971980682,993252,1491350574
3875416684078193069,993252,1491350592
-1256925730247390716,994027,1491350550
4317173713925511811,993719,1491350540
2322669563229415175,993719,1491350555
-8933375380656820033,993719,1491350565
-6514781840962248921,993719,1491350595
-411841304476342051,993719,1491350576
7466115913035564301,993977,1491350581
-3009923012824308497,993977,1491350559
-22424932502006301,993977,1491350569
-1966932771404383270,993977,1491350573
5866654049906387260,993977,1491350556
-1171484805863787193,993971,1491350544
-6737334767626828480,993706,1491350539
-2557614396122587820,992949,1491350551
6856263585266244983,993260,1491350559
-6250498974213835636,993498,1491350561
-4278102408787411103,123468,1491350581
8642497506817805998,993810,1491350594
-5148722632713189012,993891,1491350545
-1296745703778477543,993891,1491350564
4896734869252652214,993674,1491350558
-1243104446899751385,993674,1491350536
4544075482869576612,993911,1491350542
-8766482313356802730,993911,1491350588
-6514781840962248921,993851,1491350555
-6476985936587512150,994139,1491350577
3920255851062883673,994139,1491350540
-4648670484935140362,994139,1491350541
-959816124520188599,994139,1491350573
6947611642422663074,994139,1491350561
4103376176344094165,994139,1491350569
-5184169212861874566,994139,1491350556
-4880965110818180860,994139,1491350578
2000712602464790798,994047,1491350559
-1058547677381259406,994047,1491350547
2467533801892187960,994064,1491350579
1077012445963507475,993983,1491350585
-6745810462894597611,993983,1491350590
-6643230519850118138,993983,1491350578
-3165567241077224683,994076,1491350588
4614981682698335791,994076,1491350555
-5094604543380533045,994076,1491350553
-3825698849922919120,993952,1491350553
8339181233838699383,993913,1491350554
4082304321314827512,993913,1491350545
6058715270334783048,993913,1491350561
4801085839821763185,993913,1491350563
7356608200873210281,993913,1491350571
8543605808007507600,993913,1491350584
4544075482869576612,993913,1491350542
-1109753503025216453,993913,1491350574
-6021894421087854171,993913,1491350571
-432677475874082319,993913,1491350589
-7866499867343321767,992268,1491350573
-1627100605440930326,992268,1491350557
-5064323499627951234,993360,1491350566
-2233005718886683521,993758,1491350538
-7817072517477709479,993758,1491350563
5162405265801590872,994057,1491350586
-5347880649554540956,993621,1491350572
-3358624199203966982,993640,1491350561
3996699970535723001,993640,1491350567
-7006058195552800311,993640,1491350552
-3818318929287531714,993640,1491350579
-4752974414005741151,994116,1491350575
-581124898872240546,994105,1491350555
-3137554554570394308,993999,1491350573
2859651205843707471,993999,1491350580
3920255851062883673,994121,1491350588
7503407450088122828,994121,1491350547
-1737614379198458350,994121,1491350579
-4077752635628146122,994121,1491350554
-4648670484935140362,994121,1491350556
-6476985936587512150,994121,1491350583
3797861217433557725,994121,1491350555
-9150682153356519337,993830,1491350577
-8832623665475167692,994098,1491350552
3128885555854371104,994098,1491350552
5860407035175313563,994098,1491350582
8549622642848213509,994048,1491350548
5792497595915723176,994048,1491350588
-3347342313248172680,994048,1491350595
3275826402607456302,994048,1491350544
8104708188687073384,994048,1491350581
9185079637160732407,994048,1491350569
-8933375380656820033,994048,1491350574
-8612786822363251976,994048,1491350593
8580726149766764022,873376,1491350556
5162405265801590872,994077,1491350549
3590187505804353073,994077,1491350591
-3364619943990420448,994077,1491350589
3859201127371053346,993852,1491350583
8711053179465810260,993852,1491350593
-7399891064987577732,993382,1491350583
6446205372010581215,993382,1491350560
9170556845613134003,994073,1491350592
-1359567360538125972,993466,1491350564
-3838557274711745901,990691,1491350563
1302205159636951163,993864,1491350583
8711053179465810260,993864,1491350570
909150841696694076,993864,1491350563
-2476278358565831136,993323,1491350546
-432677475874082319,993701,1491350565
7348514090622897912,993701,1491350554
-6232880574613885092,993701,1491350545
-3340374689449350011,993701,1491350544
7503407450088122828,994097,1491350574
-6131722452274908792,994097,1491350536
-5064323499627951234,993362,1491350558
-6148427420400848297,993362,1491350587
1077012445963507475,994014,1491350550
1890253796037862539,993262,1491350566
-3960530991041730588,993262,1491350582
8833753260784364356,993262,1491350593
-6234900049044424141,992619,1491350545
5872407301692628710,992619,1491350589
-1123146056053181467,992619,1491350570
8519324629634141253,994136,1491350588
3460801736354647973,994136,1491350555
7824008919964401358,994136,1491350570
-2072145827957411485,994136,1491350589
2940196344005687994,994136,1491350575
-5657403390500178142,994136,1491350541
-277620631009744639,994136,1491350538
6044675586915191730,994136,1491350579
-2421294403147073714,994136,1491350547
-6029306570168205623,994136,1491350593
6536732633486806458,993996,1491350539
6179403758317698767,993996,1491350563
6817914965793690856,993995,1491350540
-343238915030300110,993995,1491350556
-3012716874731292822,993995,1491350555
5970336629578405508,993995,1491350555
3924949754238603619,993995,1491350567
1460788018863994668,994068,1491350560
1413022564089921319,994068,1491350589
-3951344302995949530,994068,1491350578
643440885634975752,994068,1491350547
8726556290088498906,994068,1491350539
-1441261930143845957,994068,1491350558
-7466112007335861108,994068,1491350552
3605580153309045709,994068,1491350593
336375875113930107,994068,1491350557
4727868958579524976,994151,1491350553
4045292035887544368,994151,1491350587
972761299042802698,994082,1491350551
-6924260873690491729,994082,1491350551
-7155171120367807887,993731,1491350548
-6518638242221272556,993329,1491350593
8711053179465810260,993786,1491350558
-9011550710069326481,993786,1491350573
2062768873368656471,993786,1491350567
3859201127371053346,993857,1491350583
1539377122046844045,993963,1491350555
-960896758356188006,993963,1491350568
-2278931303163866653,993963,1491350577
5007736980105253305,993963,1491350560
3367363075280985170,993963,1491350592
-7466112007335861108,993963,1491350585
2843302134899609247,993963,1491350592
-4805129091581981159,993963,1491350537
-8832623665475167692,994086,1491350595
-7536094635372386160,994086,1491350561
-2972095705059262749,994086,1491350554
-7165997054906597476,903073,1491350550
-8568282191602617467,993484,1491350554
7553234017622359295,891173,1491350559
6932305119185856105,993915,1491350571
6755370314496371487,994154,1491350593
4045292035887544368,994154,1491350568
2166976619651406866,994154,1491350595
3915673433420375740,972031,1491350567
-7677351873925736918,993973,1491350584
-6283548693719086509,993973,1491350593
-3009923012824308497,993973,1491350582
-5286369995091389336,993890,1491350572
8329694669468066352,993237,1491350556
-4434169671837838913,905940,1491350546
8672088207804588941,993359,1491350556
-5064323499627951234,993359,1491350573
-3980607014973930146,994126,1491350595
7958805670156572150,994126,1491350593
5168101652055537337,994126,1491350575
-1304832905773735849,994126,1491350591
-3320591286231197170,994126,1491350573
7907119182527019195,993376,1491350572
6332060009581950472,994004,1491350584
-1031851324352353259,994004,1491350594
8281857168366545117,994004,1491350578
8549622642848213509,994004,1491350570
5792497595915723176,994004,1491350588
5769322152920453504,994046,1491350570
3626415400533090333,137560,1491350593
-4111070677693073389,989589,1491350580
-6647083074980189627,986789,1491350558
-743110268018794375,994111,1491350547
7503407450088122828,994111,1491350567
-6131722452274908792,994111,1491350560
-4752974414005741151,994111,1491350593
-6800785823412107913,994051,1491350540
-6614785964209775003,994051,1491350558
5769322152920453504,994051,1491350536
-5374843110235594681,994051,1491350566
-745859677281780359,994051,1491350545
-7466112007335861108,994051,1491350554
7320239391637215604,994051,1491350536
-2905840591372421030,994051,1491350546
5647664611951431549,994051,1491350580
8159471107289082650,993970,1491350552
-2220009703465018862,993689,1491350556
-7531956181812139395,980490,1491350563
-4648670484935140362,994113,1491350591
7503407450088122828,994113,1491350554
-4077752635628146122,994113,1491350554
3920255851062883673,994113,1491350588
-6924260873690491729,994085,1491350539
9191413076391679511,991955,1491350543
1527614885419282968,994163,1491350589
8044806426478423870,994163,1491350558
-7056458766438732532,994163,1491350550
-3445040780681552219,994163,1491350590
-6800785823412107913,994052,1491350563
-1761343983979575377,994052,1491350568
5769322152920453504,994052,1491350536
-1441261930143845957,994052,1491350592
-6031732765775262570,994153,1491350553
-6882775653433450036,994153,1491350570
-501519352159388321,994153,1491350594
1527614885419282968,994153,1491350588
-5833322195308016715,994153,1491350560
-4181677281702945556,992829,1491350554
-2692486405459869033,992829,1491350576
-5563420174050410315,992829,1491350592
7099907163435313472,992829,1491350559
2060645556250127673,993759,1491350571
-2905840591372421030,994072,1491350543
3605580153309045709,994072,1491350593
2748569493620046593,994072,1491350570
-1441261930143845957,994072,1491350558
-536151395708719582,994056,1491350549
-8844145049427654999,994056,1491350582
8833753260784364356,993941,1491350593
7118342043884310404,993941,1491350556
-1243104446899751385,993479,1491350554
-4202573864117396020,993829,1491350559
-5733811513667297547,993146,1491350562
-8733823923908892855,993146,1491350561
-1553542433055007389,993146,1491350552
7098928807849186926,993969,1491350569
4615554704841616495,421799,1491350538
3722537212133577219,994038,1491350565
-2176670633773763849,994038,1491350536
1940509283445976717,993919,1491350588
7017746657146322205,993919,1491350582
8856993826340756778,993919,1491350568
-3263644103143030526,994118,1491350592
-4752974414005741151,994118,1491350545
-1737614379198458350,994118,1491350596
3917182781205757059,921785,1491350571
5209459315431449071,993841,1491350562
-7677351873925736918,993957,1491350583
-6283548693719086509,993957,1491350593
6704818232759632578,993957,1491350546
8616003392315100446,994025,1491350544
-1717805021880274985,994062,1491350565
1620143167790185792,994062,1491350576
-3613989610134915050,994062,1491350577
-8502651977853648705,994062,1491350544
6520747230758490741,994062,1491350541
-3340374689449350011,994062,1491350551
1397513519806192392,426536,1491350539
-5148722632713189012,993899,1491350557
-4099434816208986922,993908,1491350544
6755370314496371487,993908,1491350565
-1966932771404383270,993984,1491350540
-1171484805863787193,993871,1491350551
-8821291015901314229,993250,1491350563
-1256925730247390716,993250,1491350581
5290856773590166329,993250,1491350595
-1058547677381259406,993250,1491350572
-3340374689449350011,993250,1491350581
-7675721097652994334,994033,1491350558
-3960317549944595042,994033,1491350566
3722537212133577219,994033,1491350583
5769322152920453504,994033,1491350583
8622879573617591870,994033,1491350540
-5853959294930776812,994033,1491350595
1756193727884435513,993101,1491350546
-7896224538513108595,993866,1491350549
1890253796037862539,993866,1491350566
4907095096574656964,994007,1491350543
1077012445963507475,994007,1491350590
331658245178985276,994007,1491350561
-960896758356188006,994007,1491350568
6561111810641773901,994007,1491350547
-2278931303163866653,994007,1491350577
-1296745703778477543,993769,1491350564
-8821291015901314229,993191,1491350590
1077012445963507475,993191,1491350545
-8577389391361945884,993191,1491350559
8711053179465810260,993870,1491350538
-5029572701353826379,994149,1491350548
2333035881137863113,994149,1491350565
-5033243746214522817,994149,1491350586
6044675586915191730,994149,1491350542
-229193288727692903,994149,1491350546
-5065445469775894780,994149,1491350582
-8016574135192767095,994149,1491350591
2330911956805747521,994149,1491350558
-3544804033229562943,994149,1491350565
-1227008601493679989,994149,1491350584
-5131454269052262510,994149,1491350590
4727868958579524976,994149,1491350587
-3406760219820234129,994149,1491350582
6914960101140999489,994149,1491350546
-5563420174050410315,994149,1491350578
9002398575566773684,994149,1491350570
7523676131648809880,994149,1491350583
3506525700559264899,994149,1491350563
-8722731179017247070,994149,1491350592
7330514070447583361,994149,1491350570
-1217678865699413132,994149,1491350569
2236912246539346055,994053,1491350591
6350129297685933280,993258,1491350547
-1278491950419197277,994125,1491350560
5780504870694279702,994125,1491350552
4989861945459521857,994125,1491350542
6917174859535237702,994125,1491350562
-3980607014973930146,994125,1491350595
1855426247705257953,994078,1491350570
2748569493620046593,994078,1491350547
-1441261930143845957,994078,1491350551
-3826245951079699108,994078,1491350544
5162405265801590872,994078,1491350586
3605580153309045709,994078,1491350566
4104680851034343096,994078,1491350562
-920471088157703352,994078,1491350567
-3205739281937831617,994078,1491350546
3751686088993581086,994078,1491350585
4796045358075332387,994078,1491350591
-3674195248431873019,994078,1491350580
5140431514088883960,994078,1491350539
-5286507785871957221,994078,1491350550
193097133865809029,994078,1491350587
-4805129091581981159,994078,1491350553
-6131722452274908792,994078,1491350536
4615782832215124623,994078,1491350549
-1269898668681501905,994078,1491350547
7503407450088122828,994078,1491350574
-8891660042968780202,993950,1491350545
355396756329754634,993950,1491350536
2387070553578876102,993950,1491350590
-4911449784733388850,993760,1491350553
636857827104722303,904066,1491350539
-1260382998079805084,993816,1491350586
6297534659412302974,993816,1491350577
-4805129091581981159,993816,1491350590
-3624142461192943632,988990,1491350568
-1058547677381259406,988990,1491350582
-4108148189325227664,988990,1491350591
-1017034425499901830,988990,1491350561
-3304633684419597111,988990,1491350587
5899010485024726066,993613,1491350585
-5191049358572938583,993863,1491350563
-569095432128086602,993779,1491350585
5866654049906387260,993779,1491350538
4703965524380743545,993779,1491350588
-7165997054906597476,903014,1491350564
-945290614280384950,993161,1491350536
-7403702181660522670,993112,1491350547
-6427014769306754639,993888,1491350573
7958805670156572150,994144,1491350587
-1304832905773735849,994144,1491350571
-3320591286231197170,994144,1491350561
-7456121244909537915,994144,1491350586
1056884164088596379,994144,1491350593
2940196344005687994,994144,1491350585
1401919455296162527,993728,1491350536
1800605295628994481,988353,1491350557
-6030091881656464637,994084,1491350548
3096018293868156969,994084,1491350574
972761299042802698,994084,1491350594
-6924260873690491729,994084,1491350551
8886245221765982195,988476,1491350575
-2278931303163866653,994019,1491350560
3367363075280985170,994019,1491350592
5007736980105253305,994019,1491350559
-7466112007335861108,994019,1491350584
8616003392315100446,994019,1491350561
8810743532674819885,994019,1491350556
8329694669468066352,993276,1491350545
5766022120809787239,994119,1491350594
5675822864060097111,994119,1491350562
-5964911612790681819,994119,1491350541
7845764467525230443,994119,1491350557
-5434279843958713997,994119,1491350577
2166976619651406866,994119,1491350595
-6611991899046699278,994119,1491350574
-3825698849922919120,993953,1491350585
9170556845613134003,994083,1491350564
-6030091881656464637,994083,1491350557
-5094604543380533045,994083,1491350537
-875026195908348286,994083,1491350578
4953430881371681273,994083,1491350553
-1338333526857902699,994083,1491350587
3096018293868156969,994083,1491350574
-6427014769306754639,993884,1491350573
-2972095705059262749,994080,1491350554
3128885555854371104,994080,1491350552
5860407035175313563,994080,1491350582
642405025293866962,956895,1491350590
-3838557274711745901,988325,1491350563
-8349322009750047280,993591,1491350582
40646345878757356,993591,1491350555
-2233005718886683521,993882,1491350555
-7817072517477709479,993882,1491350563
3275826402607456302,993893,1491350589
-2233005718886683521,993893,1491350555
-424595236625241230,993893,1491350577
7890431424480120008,993893,1491350548
2823935696390117706,993893,1491350565
837571558120702001,993893,1491350559
7516455649655680750,993893,1491350567
-7403702181660522670,993118,1491350583
1862526748276605594,994018,1491350569
-1256925730247390716,994018,1491350580
3904843584785833617,993051,1491350550
-3899129512211682522,993801,1491350579
-2264456684675112068,993801,1491350588
-1665065936352960301,414504,1491350592
3884494156964150437,993998,1491350578
-2570991915970765501,924522,1491350544
5297334273504045845,993916,1491350567
6932305119185856105,993916,1491350547
7857238762383748115,993916,1491350546
8496023168135737318,993980,1491350566
-1256925730247390716,993078,1491350567
-7403702181660522670,993086,1491350577
-4797709779171140437,113067,1491350559
1077012445963507475,994000,1491350590
3626415400533090333,137562,1491350591
9170556845613134003,993598,1491350596
-8133919403783576931,993598,1491350587
2986795153397344049,993598,1491350567
-5754116948839882618,993598,1491350562
2416201879821418667,150928,1491350564
-7403702181660522670,993089,1491350552
3146224751076894423,993145,1491350575
3301275841333605274,632771,1491350555
5570570895489939890,974441,1491350561
-4378969211671404899,974441,1491350587
-6745810462894597611,993991,1491350560
1077012445963507475,993991,1491350569
4277004161754178351,993991,1491350575
313000370925192923,993991,1491350567
7953253573422294967,981323,1491350542
928410203255653708,939411,1491350595
5329508830974455257,993725,1491350574
-6408904586466496171,993646,1491350588
-7630768247755724654,990458,1491350544
4218630235702424047,992680,1491350590
6125186695266684781,994087,1491350565
5310666783591681743,994106,1491350558
5928927408421641378,994106,1491350549
6093241926580074667,994106,1491350554
-6775071352432100961,994106,1491350575
3460801736354647973,994106,1491350580
6058715270334783048,994011,1491350545
3028231215531217341,994011,1491350572
8616003392315100446,994011,1491350539
5097437504836356039,994011,1491350554
-9048238912660142155,993661,1491350589
-1463468730137509228,993661,1491350552
-1243104446899751385,993661,1491350554
3054974993151417047,993661,1491350540
6483975482324046040,993661,1491350584
3833090745559653763,992150,1491350559
-5148722632713189012,993880,1491350557
8329694669468066352,993200,1491350573
-727209816372172713,993901,1491350577
-6931882368980661580,993691,1491350580
348533461886342198,994055,1491350585
-2993469959064256117,994055,1491350563
-1761343983979575377,994055,1491350569
4615727713418992730,994055,1491350552
-7873769187641566803,994055,1491350578
-8747084945241334126,994055,1491350563
5769322152920453504,994055,1491350563
6832031965752873139,994055,1491350578
-6800785823412107913,994055,1491350576
-6614785964209775003,994055,1491350561
-8499760680476031785,994055,1491350571
-4713394743051995949,994055,1491350559
5379736883525982531,994055,1491350555
5921257443361054024,993493,1491350560
-8664335116220962524,993493,1491350573
7278243751877052798,951915,1491350590
-72611128586493760,993771,1491350594
-6712312585157349535,993771,1491350595
-2774545489307375733,994092,1491350558
-7089406345233819121,994092,1491350571
-1598749659539377046,994092,1491350590
314154469629898116,994092,1491350544
8066092772298675006,994092,1491350572
-4825861503244294485,993740,1491350563
-5347880649554540956,993635,1491350541
-6157254179313203618,993761,1491350556
-2701005950290717553,994049,1491350558
2000712602464790798,994049,1491350569
8329694669468066352,993178,1491350575
5647675264909723072,990982,1491350595
3054974993151417047,993298,1491350539
3859201127371053346,993858,1491350558
8711053179465810260,993858,1491350593
-7155171120367807887,993741,1491350548
5324507743720227472,993419,1491350540
5297334273504045845,993904,1491350545
5688763749608893113,993904,1491350547
8981378147114078172,993904,1491350575
6297534659412302974,993904,1491350542
7978693193426920557,993904,1491350562
8856993826340756778,993904,1491350570
-8975682897637983247,993904,1491350579
7017746657146322205,993904,1491350582
4907095096574656964,993997,1491350585
6561111810641773901,993997,1491350554
-6514781840962248921,993514,1491350566
-9171601735990879525,991428,1491350555
2396870274942966248,911169,1491350553
3045760887989542135,961252,1491350544
562130744974195949,993462,1491350547
-4686954107089944999,993406,1491350594
2166976619651406866,994169,1491350548
6796098348970749714,874373,1491350574
8616003392315100446,994023,1491350561
-1243104446899751385,993667,1491350546
-1587790661585586841,994170,1491350555
4796045358075332387,993511,1491350579
-8766482313356802730,993834,1491350588
2676775684358761935,993624,1491350557
-6181482373367880116,993793,1491350575
1815539236199106299,993828,1491350573
-3340374689449350011,993828,1491350567
-4860318707363511672,993900,1491350559
7118342043884310404,993900,1491350556
8833753260784364356,993900,1491350585
7938339899945933874,993900,1491350571
-1966932771404383270,993968,1491350573
-4860318707363511672,993847,1491350564
3722537212133577219,994050,1491350545
5769322152920453504,994050,1491350566
-7873769187641566803,994050,1491350579
-6800785823412107913,994050,1491350576
7853055707938075284,994050,1491350594
4615727713418992730,994050,1491350552
6832031965752873139,994050,1491350578
85283890885195044,993533,1491350581
-6148427420400848297,993337,1491350587
-5064323499627951234,993337,1491350552
4373875122161364327,994120,1491350583
3797861217433557725,994120,1491350544
5730942585260616050,994120,1491350589
-1737614379198458350,994120,1491350536
-3960530991041730588,994120,1491350582
215060117800773750,994120,1491350546
6904502956524128204,994120,1491350584
4834690425428804645,994120,1491350573
-4429787171241860362,994120,1491350545
2166976619651406866,994164,1491350589
-5434279843958713997,994164,1491350542
4737073746600358374,994164,1491350538
6128879837838277112,994164,1491350563
3102812072851708043,994164,1491350539
9080025725509151232,994164,1491350548
8548047348386265914,993710,1491350588
3487903709402003989,993710,1491350545
8136269670055587922,993710,1491350594
-792165779519302173,993710,1491350579
8025916496526089684,993710,1491350548
-4870728821936240551,993709,1491350536
8329694669468066352,993093,1491350583
1056884164088596379,994140,1491350586
-7456121244909537915,994140,1491350556
6947611642422663074,994140,1491350561
2940196344005687994,994140,1491350585
7968558405221022581,994140,1491350548
-2176670633773763849,994043,1491350577
314154469629898116,994095,1491350544
5140143100994795642,994095,1491350594
-1598749659539377046,994095,1491350590
8066092772298675006,994095,1491350572
-7089406345233819121,994095,1491350547
-3368923606876150992,994095,1491350551
-5394072957736346373,994095,1491350558
-2401619330159699541,994095,1491350592
6093241926580074667,994095,1491350587
2166976619651406866,994165,1491350571
9080025725509151232,994165,1491350548
-3039413086943305330,994165,1491350566
5898260147037835447,994165,1491350572
40646345878757356,994165,1491350584
-3098011191830736533,994165,1491350546
-4860318707363511672,993921,1491350574
101276394394655224,993921,1491350560
8839397126074672231,993921,1491350591
6932305119185856105,993921,1491350557
-2690074379992529960,993921,1491350540
5297334273504045845,993921,1491350569
2220024667508309281,993990,1491350585
2871503852393696061,994112,1491350554
-4752974414005741151,994112,1491350593
4045292035887544368,994156,1491350559
2068312529966126235,994156,1491350538
-9211905682869190500,994156,1491350564
-9148915519720878177,994156,1491350547
4727868958579524976,994147,1491350566
7017746657146322205,993931,1491350580
8856993826340756778,993931,1491350566
-1757039998815665696,993931,1491350583
7457564177514259040,993931,1491350582
7967050266282831898,993931,1491350590
4980461236640324648,993931,1491350586
7124091494302950975,993931,1491350582
2648990390143675938,994020,1491350562
5690750366012749652,994020,1491350573
6179403758317698767,994020,1491350563
-6181482373367880116,993961,1491350563
-6745810462894597611,993961,1491350590
1077012445963507475,993961,1491350577
-7737140348854047380,993961,1491350540
6817914965793690856,993902,1491350571
9154227245495640275,993076,1491350593
-7107208299078269078,994172,1491350548
2951578653014338118,994172,1491350588
-5833322195308016715,994172,1491350560
-6234900049044424141,994172,1491350573
-8397549867378558386,994172,1491350583
8809387692438152167,994172,1491350549
-7409274557231676791,994172,1491350572
-6712312585157349535,993781,1491350595
-72611128586493760,993781,1491350594
-7403702181660522670,993114,1491350583
-959816124520188599,993293,1491350556
-1906737374098972783,993293,1491350591
6332060009581950472,994009,1491350587
-1528020316610485780,994152,1491350566
6947611642422663074,994152,1491350546
855601295526184665,994152,1491350540
5340763647265609083,994152,1491350551
1574988132234416971,994152,1491350556
5766022120809787239,994152,1491350594
-5434279843958713997,994152,1491350577
-6745810462894597611,994016,1491350541
1077012445963507475,994016,1491350561
-1227008601493679989,994145,1491350576
5296929035943744945,994145,1491350587
3506525700559264899,994145,1491350563
-7226150551130407998,994145,1491350550
-1217678865699413132,994145,1491350569
-8146894033703182351,994145,1491350544
-3406760219820234129,994145,1491350582
9002398575566773684,994145,1491350570
-3544804033229562943,994145,1491350557
2330911956805747521,994145,1491350549
6914960101140999489,994145,1491350546
-5065445469775894780,994145,1491350568
-7443368318728533513,994145,1491350567
-2004584294265646503,994145,1491350559
6060079168717991714,994145,1491350578
-8278022139793234089,994145,1491350557
-4541760107100262682,994145,1491350579
-8016574135192767095,994145,1491350576
2787099089030249288,994145,1491350557
-8334956307959315082,994145,1491350557
-8722731179017247070,994145,1491350592
4727868958579524976,994145,1491350584
2497683167328819044,994145,1491350559
7347544162796066800,994145,1491350548
-15341252769600018,994145,1491350591
7837841284552016727,994145,1491350541
-4247151625657573648,994145,1491350588
76994010002729270,994145,1491350573
455058130658678239,994145,1491350570
4665687516680044660,994145,1491350559
6360165325114122746,994145,1491350579
-5678567634702312719,994145,1491350595
-2740318748292022350,994145,1491350550
-2805848743900204670,994145,1491350554
4691368873094948499,994145,1491350559
1242159866312391318,994145,1491350576
-4358330912495417611,994145,1491350580
-880889443277104709,994145,1491350566
2558476714271221655,994145,1491350587
9064499284757498889,994145,1491350540
326293303379608702,994145,1491350561
-5237657788208155509,994145,1491350588
-8832623665475167692,994094,1491350541
4796045358075332387,994094,1491350585
-3825698849922919120,993959,1491350585
6907081021942587298,993959,1491350587
4921960932256484714,994069,1491350575
-8766482313356802730,994069,1491350567
-3951344302995949530,994069,1491350578
9191413076391679511,992165,1491350543
3229376159935906903,988454,1491350571
-3637507405802906349,993846,1491350595
3590187505804353073,994071,1491350591
-3364619943990420448,994071,1491350588
5162405265801590872,994071,1491350537
-5094604543380533045,994071,1491350573
-3137554554570394308,994026,1491350580
-8612786822363251976,994026,1491350563
-2782502502437643062,994026,1491350569
-4203075300511391933,994081,1491350547
7734565235499762742,994081,1491350552
8659628264966186241,956348,1491350579
8339181233838699383,994039,1491350554
4927689417377025606,994039,1491350555
4289219961547278102,994039,1491350590
1365531364445713916,994039,1491350537
-97062294834815042,994039,1491350560
-7486516039077522189,994039,1491350568
3311301372967793008,994039,1491350575
-3786628991757766464,994039,1491350546
4844270311913196888,994039,1491350572
-8997598278446439560,994039,1491350553
3859201127371053346,993861,1491350546
8711053179465810260,993861,1491350582
1302205159636951163,993861,1491350583
-3960317549944595042,994035,1491350595
5097437504836356039,994035,1491350549
3028231215531217341,994035,1491350537
3722537212133577219,994035,1491350583
5769322152920453504,994035,1491350583
-3934529835638031122,994035,1491350594
6561111810641773901,994035,1491350540
-7675721097652994334,994035,1491350558
7772118910701682204,991135,1491350559
85283890885195044,993500,1491350581
-8847206665274117108,994173,1491350539
7966475867737289004,994150,1491350582
4727868958579524976,994150,1491350547
4045292035887544368,994150,1491350587
6947611642422663074,994150,1491350555
6755370314496371487,994150,1491350593
855601295526184665,994150,1491350539
5340763647265609083,994150,1491350551
-4227521989584058165,994150,1491350579
6856263585266244983,993259,1491350551
-6453579188496209940,993536,1491350591
6179403758317698767,994032,1491350549
-2684985798614855100,994032,1491350588
-8577389391361945884,994032,1491350582
-2041058132745883461,994032,1491350553
-5286369995091389336,993886,1491350547
2467533801892187960,993886,1491350589
7953253573422294967,980740,1491350542
-1627100605440930326,994171,1491350573
-4365764054017396781,994171,1491350545
5679010041003615622,994171,1491350595
40646345878757356,994171,1491350580
5860407035175313563,994100,1491350579
3128885555854371104,994100,1491350545
-3825698849922919120,993935,1491350570
-1481950174833800489,992192,1491350585
-2774545489307375733,994096,1491350585
5860407035175313563,994096,1491350552
3128885555854371104,994096,1491350536
-7089406345233819121,994096,1491350571
6139122278030239849,993136,1491350546
2325577369427223925,994070,1491350558
-1500455915893651865,994070,1491350538
-2782502502437643062,994070,1491350569
497687197789845016,994070,1491350593
-5374843110235594681,994070,1491350548
8726556290088498906,994070,1491350541
-892109254191321313,994070,1491350563
4921960932256484714,994070,1491350575
6210002155605377728,994070,1491350582
-855899281477328826,994070,1491350563
-8627059601431107607,994070,1491350556
215060117800773750,994070,1491350551
-2970005501099682030,994070,1491350561
643440885634975752,994070,1491350548
5329508830974455257,993723,1491350581
-4202573864117396020,993522,1491350551
-6453579188496209940,993522,1491350591
485156643799885194,994021,1491350565
8856993826340756778,993943,1491350559
-4245816004003008015,885354,1491350560
-1737614379198458350,994122,1491350556
3797861217433557725,994122,1491350555
5730942585260616050,994122,1491350589
-369648080681882201,990090,1491350594
-8565776925636021476,993593,1491350591
1370493456310435303,994015,1491350541
4907095096574656964,994005,1491350550
6932305119185856105,993918,1491350582
2323778086531554889,417070,1491350575
723970800534940662,417070,1491350580
5858883299196153294,417070,1491350550
-6157254179313203618,993767,1491350556
