5899907276009332270,992039,1491607024
7193644412044196571,995573,1491607013
3937116932136492298,993619,1491606999
-747602020149188121,994250,1491606989
1766415525961423532,346438,1491607009
-6215105819283259792,995326,1491607025
5414858556942834502,995195,1491607034
-6121931525850975918,995222,1491607030
2355983470085618619,994721,1491607022
-5843118963316597686,991699,1491606989
5442037960967910396,894982,1491607020
4073478085398008589,936353,1491606997
-1584043735849506813,984703,1491606985
-4713305710586516575,968676,1491606978
-1718118976762238732,995421,1491606996
3308600074970459073,995421,1491607004
-4575391125756079552,995421,1491606983
55995113706512790,877509,1491607026
5821366615314785868,894248,1491607005
2626074867055004845,994456,1491607006
2720944881916812199,886584,1491607037
242664663461240308,995424,1491606994
-5495263848805917745,995424,1491607009
-3754749640851686194,972031,1491606993
-7562013599911606550,995295,1491607017
-8396287607008263082,995284,1491606990
-4079193850219761810,995298,1491607024
-3534680445702859728,995298,1491606993
-1027938408255084151,995298,1491606988
1036212152166348366,995504,1491607024
5032735590318936160,995504,1491607006
4994764745778768703,995504,1491607026
597858118232333187,995504,1491607022
-7350690427153172533,995504,1491607002
2997630262353673258,995136,1491606992
-6702847156139002268,995311,1491607009
3454297608165055979,995311,1491607036
-821104322212945132,995311,1491607027
-7856729861963805755,995311,1491607019
8441037144467184440,995311,1491607001
-2310128046673678511,995311,1491606986
1083177024902220490,995311,1491607023
3063054845483767226,995311,1491607022
5664675118560724477,995311,1491606981
8470588722067899979,995311,1491606979
4107066770538633128,995311,1491607006
20618312524229585,995311,1491607035
293365251104293944,995311,1491606981
-8987664289964743385,995311,1491607005
-3319693580374839634,995311,1491607035
-1281464752229753538,995311,1491606990
-365043253603622428,995311,1491606979
2149557445211097952,995311,1491606985
6442679575766136136,995311,1491606984
-3087138353979616022,995311,1491607037
1325640577652211400,995311,1491607031
8848165444863106519,995311,1491607029
-1315498372878406557,995311,1491607037
-5461610493059200519,995311,1491607034
-2997075412012148157,995540,1491606984
5238443461285537505,995540,1491607020
2046727577411807557,995540,1491607026
8157562463218582388,995540,1491607037
6729842042143764307,995540,1491606990
-8408110929200617835,995540,1491607011
1547511543035841720,995540,1491606984
3178485452405415478,995540,1491607006
-7556843459636082625,995540,1491607031
-989454470480715138,995540,1491607001
-5008402405634308975,995540,1491606998
-3499822548710167266,995540,1491606993
-498138926497597131,995540,1491606990
-6109560215066229486,995540,1491606982
7518824662487985029,995540,1491607006
8144329321582237824,995540,1491606979
609309014291811308,995540,1491607005
1328475010806289410,995540,1491606981
1106022350245890566,995540,1491607006
-4384341637702140507,995540,1491607010
-9144408323449143385,995540,1491607033
-6928145866201587379,995540,1491607027
-6137958371168740993,995540,1491606995
-4808164525483159180,995540,1491607028
-284881382431553717,995540,1491607016
7487513194801965076,995540,1491607031
3982232402671841640,995540,1491607005
-3709735491005916172,995540,1491606990
1650033296810996479,995540,1491607004
-328970873080698434,995540,1491607036
-2693624105367211503,995540,1491607007
2365781166149438163,995540,1491606995
1386139693510445784,995540,1491607005
-3458072436522380078,995540,1491606980
3388329330292097757,995540,1491606994
-1186194151276203080,995540,1491606988
8469875099958029601,995540,1491607026
7591553784939456285,995540,1491607004
36831078502146179,995540,1491606990
-1135130642731510298,995540,1491607037
7175984812497875463,995540,1491607034
-2520331937229804940,995540,1491607034
-2689532199463139083,995540,1491606989
6734557744299001084,995540,1491607020
7509758583454675102,995540,1491606997
6211249446650587584,995540,1491607029
-837981663368250913,995540,1491607007
7390431649548582222,995540,1491607014
-7601012694587195964,995540,1491607023
798374838216634687,995540,1491607007
3587872440274473003,995186,1491606990
3870819970167437176,995186,1491607015
-338512736922491391,995451,1491606979
1578467653882507105,995451,1491607036
1350492962980186136,995516,1491606997
-3754343144098735129,995516,1491606980
-3443911470920596521,995516,1491607007
-4244432969465635170,995516,1491606995
5914716318275271533,995516,1491606996
6902503867976640578,903445,1491606989
-7408146405930925475,959610,1491607015
-6389328837578046830,344963,1491606988
-3467932228006209608,995264,1491607035
3293127564972987187,995570,1491607017
7553510734458203472,994936,1491607031
9138014314081564132,995302,1491607010
-750505736486340606,995552,1491606997
-359769064616550568,995552,1491606993
7235825361817431004,995552,1491607005
3233741471474898425,995552,1491607007
-6090332691260977373,995552,1491607026
-2768307719536331517,995552,1491606987
-8908864934094855641,995552,1491606993
-6121931525850975918,995214,1491606997
3752618849162140624,995214,1491607015
-7001914475418459001,995278,1491606978
-365601467946386305,995357,1491606992
3177582299029039693,995119,1491607016
-8781338954125430061,995583,1491607018
728901790700912289,995583,1491607006
8433808616955045690,995583,1491606997
4885018267614744663,941024,1491606988
6767958304420464604,995554,1491606983
8802498882907736068,995554,1491607017
2553698254125942643,995576,1491607030
-4204386494054568638,994569,1491607025
661712495161072649,994569,1491606979
3008499900557710069,994999,1491606987
-8492097580650535005,994999,1491607025
6356397975279744510,904291,1491607010
5442037960967910396,900214,1491607031
8377197350577820590,994843,1491606984
2160802058843546678,951665,1491607007
-1689823549621202819,995251,1491606986
7781814767462431264,995533,1491607027
-4637186422017460771,995533,1491606986
-6902525835761382235,995533,1491606987
-4439714003416612262,994592,1491606989
2433018776766211002,994592,1491606992
-6567216163008005107,995469,1491607011
-6656324500926447277,995469,1491607037
-3870734762216349067,972937,1491607029
-4332258146836745748,972937,1491606982
-8464686151924794868,995353,1491607021
7454741784995592187,994961,1491607010
-4204386494054568638,994585,1491607025
-7369216537918538951,995545,1491607038
-5079004688299569940,995545,1491607027
-606640420639774886,995545,1491606980
-5844901608361944658,995545,1491607014
7204182227730712142,995545,1491606992
-750505736486340606,995545,1491607014
4608724001577756197,995547,1491607039
-6090332691260977373,995547,1491607026
-8908864934094855641,995547,1491606993
-1980552372393802096,995547,1491607035
-6114830737377086051,995547,1491606988
1498534610905110825,995547,1491607016
-3996990365624431754,995547,1491607010
7177760408042977313,995561,1491607023
4976733262009145857,995561,1491607034
5652528227918968486,994034,1491607037
-3160412766853448090,994324,1491606998
-4967224259971768094,995575,1491606987
7590007937858948229,995575,1491606995
-2768307719536331517,995553,1491606987
5477665308857976356,995553,1491606983
1833486197042191975,995553,1491607032
5120495856143919070,995553,1491607025
-6664363806776983545,993989,1491607009
-1940591623923870778,995511,1491607006
1190896050830291595,995511,1491607031
-7743830843034537535,995511,1491606992
-6121931525850975918,995217,1491607030
-7000593995020123619,995568,1491607021
5187477288662837101,995568,1491606994
4293441651695501120,995568,1491607031
4360886820692534370,995568,1491607007
3109681184847216028,995568,1491607026
-7037534842452651804,995568,1491607024
3485699900481289921,995568,1491606984
5500869855090697754,995568,1491607028
7337317751651094213,995568,1491606985
-4812446047820908874,995568,1491607029
6249365401949026233,995568,1491607027
-7860934856560094181,995568,1491607001
-8807898612117067919,995568,1491607036
-2948250633174557303,995568,1491607024
-8084402382823816338,995568,1491606990
875223813360972865,995568,1491607020
-4893018013208312228,995568,1491607003
4703433446925870636,995568,1491607023
9137058518245445896,995568,1491607033
-7051178212680950177,995568,1491607008
-2683346415177706733,995568,1491606985
7792723825566736458,995155,1491606991
3192175737876219064,995411,1491607022
5132698464676478413,995411,1491607037
-6248369906760487469,995411,1491607025
1134631801279614241,995411,1491606987
-2252427795421197533,995411,1491607008
3395827808063400437,995411,1491607026
4533004512002015179,995506,1491606988
5578224259734047597,995506,1491606993
-3536897315341842822,995506,1491606998
-5716882328251515864,995506,1491606998
633128886734539091,995506,1491606986
7694027861095853548,995506,1491607034
-5578108932898723508,995506,1491607002
-7743830843034537535,995506,1491607001
-3098596150131096722,995506,1491606988
-8819418466384077632,995506,1491606989
1380238398438863877,995506,1491607030
-4517537717181976480,995500,1491606989
-8994997100838823194,995500,1491606990
1350492962980186136,995500,1491606997
1083177024902220490,995500,1491606980
-3754343144098735129,995500,1491606980
6951477312251839588,995515,1491607037
1190896050830291595,995515,1491607000
3781993679635426138,995515,1491606998
-357115067169523170,995515,1491607018
-5596086927064943716,995515,1491607000
-6732022560848867287,995445,1491607021
-8781571356214558576,995445,1491606985
193892680444043411,995445,1491607039
-5218152787205497542,995445,1491607031
2792819784513898169,995445,1491607029
7193644412044196571,995445,1491607021
59298523114271157,995445,1491606987
-7225662951415410055,995438,1491607024
-4060610155206915918,995463,1491606982
-5304566175703511101,995463,1491606996
3511909421882723706,995465,1491607010
-585097428694833427,995465,1491606987
-6215105819283259792,995465,1491607009
1271844343530919553,995465,1491607004
-1640213153584171640,995465,1491606982
-2392366270477490378,995465,1491607033
5578224259734047597,995465,1491606994
4146550892048788557,995465,1491606991
-8605054569998393929,995465,1491606988
1760341214679071641,921890,1491607008
-2241429745814401573,995578,1491607035
7984597259744044241,995578,1491607033
1084488677583926104,995578,1491607035
-3758932420976576220,995578,1491607018
5032735590318936160,995488,1491606998
6373616414966809333,995488,1491607004
-1274195748195054031,995488,1491607001
-5150129450939725370,993453,1491607019
3937116932136492298,993759,1491606983
5032735590318936160,994786,1491607008
-5843118963316597686,982010,1491606994
1240990417096392255,995365,1491606995
1825724190103567617,995365,1491607038
5564794110527360679,995365,1491606993
-1425712834264051727,994924,1491607023
6112298153292112932,995172,1491607038
7293482465615749845,995172,1491607000
-5903322580538004197,995565,1491607011
-5147009872926512637,995565,1491607009
7506211641667425012,995565,1491607036
-5385938267414521232,995565,1491607013
5915346354358665952,995565,1491606984
2942588549466818875,995565,1491606994
-840113479055375021,995565,1491606988
8470588722067899979,995565,1491607039
7337317751651094213,995565,1491606986
-9209416651031549902,995565,1491606990
5500869855090697754,995565,1491607028
-4812446047820908874,995565,1491607029
8985761760238830006,995565,1491606984
-7000593995020123619,995565,1491607021
3485699900481289921,995565,1491606984
-3160412766853448090,994473,1491606987
-317446794293043970,995522,1491607004
1240990417096392255,995374,1491607005
1825724190103567617,995374,1491607038
1760244239581588298,427459,1491606983
6883303922606641672,975213,1491607021
7177760408042977313,995560,1491607023
-2125760380016329509,995560,1491607004
-8038453374916113187,995550,1491607013
7743666486378155514,994792,1491607030
-6527994634304922052,995318,1491607031
6875333428943720164,994719,1491607030
-8492097580650535005,995022,1491607025
8740858287971300737,995180,1491606994
-2923177730316578915,995180,1491607000
-6387430860005231849,995180,1491607029
3153826089177145136,994958,1491607021
-1423696363662931262,994958,1491607022
8789563039001483734,994958,1491607034
-7115931912218350864,994958,1491606990
-893533930976417019,994958,1491606983
-3126778958850136586,995422,1491607006
-9014772052868363035,994890,1491607019
-4865914261395860386,994814,1491607003
-3613579785637125118,992246,1491607018
-8249895984111234347,995091,1491606995
619715833406041395,995530,1491607010
2523679952143126925,995530,1491606988
6732092118004519348,995530,1491607006
-8154959719801909077,995530,1491607009
7781814767462431264,995530,1491606989
5817167284265560511,995530,1491606996
-6620603904086204444,995530,1491606981
6989198830527465429,995530,1491607024
6742853049068066675,995530,1491607026
-5083404484366308866,995530,1491607032
403274682609758091,995530,1491607001
-3338971861243339480,995530,1491607028
5098591857872086044,995530,1491607018
-7307995999451893393,995530,1491607037
3739930558854885350,995530,1491607004
-132232561617242122,995529,1491607010
-5787705391658777772,995529,1491607018
1189586306720956173,995529,1491607012
969966016734122392,995034,1491607039
6015929667328373619,995034,1491607001
5699341216150595478,995213,1491607012
-8306731614033439985,991882,1491606989
1578467653882507105,995458,1491607022
-3404084424255238892,995458,1491607025
-2761266467212340830,994477,1491606978
1900998224948678078,994801,1491607020
-967713949856789119,995468,1491606992
4926747244938711368,988975,1491607012
-7115931912218350864,995296,1491606988
2626074867055004845,994460,1491607007
-8857845109673553957,994460,1491607015
8145117296595118858,971725,1491606986
-2316804668657675054,995548,1491607018
6734557744299001084,995548,1491606981
7204182227730712142,995548,1491607014
3982232402671841640,995548,1491606986
-750505736486340606,995548,1491607023
-2229755974856104583,995548,1491607022
-5079004688299569940,995548,1491607027
-7369216537918538951,995548,1491607038
-5844901608361944658,995548,1491607014
-374867360026688235,891450,1491606995
-1179101314144293209,973785,1491607014
6618669622616764180,995490,1491607015
2670514174645555632,995490,1491607025
-8999707455852712246,995490,1491606984
2329888296467060979,995490,1491607023
1083177024902220490,995490,1491606987
-91069369233712310,995490,1491607014
9133714847034974239,995490,1491607013
1134631801279614241,995454,1491606987
1578467653882507105,995454,1491607018
-4350458533169722733,995454,1491607030
-5318383700079704187,995454,1491607015
-1940591623923870778,995510,1491607027
-7743830843034537535,995510,1491606994
1190896050830291595,995510,1491607031
1900998224948678078,994837,1491607013
-4363363590174341091,995287,1491607008
-8396287607008263082,995287,1491606984
5899907276009332270,893808,1491607017
-2443107151169443127,342746,1491606984
3752618849162140624,995231,1491607015
5699341216150595478,995220,1491607012
-3546868759754880204,995267,1491607017
5863513599189429628,995124,1491607031
-2082562654525181832,995486,1491607020
-7184886147338738863,995486,1491606988
4896694387749831647,995486,1491606996
-680318935237745269,995486,1491606997
2639548600617121587,880391,1491606984
6600876132899923814,995466,1491606997
3511909421882723706,995466,1491607010
1547511543035841720,995544,1491607032
-8827914952071841395,995544,1491606983
-498138926497597131,995544,1491606991
2046727577411807557,995544,1491607026
-3499822548710167266,995544,1491606993
7518824662487985029,995544,1491607006
1106022350245890566,995544,1491607006
-8408110929200617835,995544,1491607011
-1649448084075752928,971034,1491607018
9188819201428660914,345543,1491607014
2670514174645555632,995487,1491607037
-8999707455852712246,995487,1491606986
-7115931912218350864,994486,1491606982
-2285288321498886370,995265,1491607027
-8488536636076747951,995312,1491607032
-5846463661246221506,995312,1491607019
3325664169931636590,995312,1491607030
-6922081417724794316,995312,1491607001
347188728327758137,995312,1491606987
8084553519701517811,995312,1491607031
-4337825883918570061,995312,1491606998
-8407493266968910849,995312,1491606996
1739724052776481345,995312,1491607028
7913519320218694811,995312,1491607035
6094825688122229670,995312,1491607025
1439901209091926124,995312,1491607015
5302483038691200772,995312,1491606985
-7788449624991539345,995312,1491607014
3357853054265057467,995312,1491607035
-6404037767431441928,995312,1491607038
-4467031044737058219,995312,1491607033
-53384569956960502,995312,1491606999
-8816398738269813761,916584,1491607019
-6868385169610860396,994747,1491607010
1979639926970974072,994723,1491607028
5249269833705011934,994723,1491607024
1825724190103567617,995390,1491607018
-4074947761082885880,995390,1491606980
4517999849368275301,995308,1491607038
4762461689731622390,995308,1491607023
-4233126579073340456,995308,1491606983
6875333428943720164,994725,1491607022
-8949962443741594836,923670,1491606979
-6389328837578046830,344922,1491607030
-829299238155804411,995523,1491607006
7666071771100400742,995523,1491606988
-317446794293043970,995523,1491606993
-5304566175703511101,995523,1491606985
-255406456493680000,995523,1491606988
-1235788406877920372,995523,1491607017
-6967786389752926172,995523,1491607022
3742204010209492882,995523,1491607013
-6527994634304922052,995523,1491607004
251433365060079250,995523,1491606982
-722550619543616895,995523,1491607016
7226559254118189792,995523,1491606997
-1329617097767361511,995523,1491607019
8514769606702099085,995368,1491607011
1900998224948678078,994756,1491607020
-747602020149188121,994284,1491607036
-3907817401499732535,995209,1491606995
4107066770538633128,994746,1491606983
-1020994413089754387,993677,1491607033
6552583205509199948,995244,1491607028
-8396287607008263082,995244,1491607018
-4540907709117753331,994720,1491606996
8985761760238830006,995571,1491606984
3109681184847216028,995571,1491607026
-1718118976762238732,995419,1491606996
-3160412766853448090,994408,1491607031
-46026876005529193,880453,1491607018
-198092758170812058,990250,1491606995
-4204386494054568638,994591,1491606987
-5318383700079704187,995461,1491607015
4194248151628880747,994454,1491607024
9108039046744637948,985935,1491607034
-8154959719801909077,995534,1491607039
7781814767462431264,995534,1491607003
-338512736922491391,995439,1491606979
1578467653882507105,995439,1491607037
5664675118560724477,991043,1491606989
-3126778958850136586,995394,1491607035
-6215105819283259792,995394,1491607039
-8396287607008263082,995255,1491607002
6904600362035162708,995255,1491607040
-4566694494839509741,995160,1491606992
-1423696363662931262,995160,1491607016
5203671318371114485,995160,1491607023
9007883294063306646,995160,1491607029
-9072868907373117801,995160,1491607027
-548557525177931963,995160,1491607011
-1928271109120515036,995526,1491607027
7869761172766882584,345488,1491607014
-1770310624118030231,995508,1491607035
6373616414966809333,995508,1491606989
-1274195748195054031,995508,1491606988
2751422564568156579,995508,1491607038
3783197534999620980,995404,1491607009
1083177024902220490,995404,1491606996
6573710377436919207,995404,1491606986
-2849780069638202328,995404,1491607038
-1369615221708007726,995404,1491606987
7088606894673139385,995404,1491607007
7792723825566736458,995152,1491606996
-2392366270477490378,995027,1491606981
969966016734122392,995027,1491607039
1084488677583926104,995579,1491607034
-5061348019756219260,995579,1491607013
414830117861050100,995579,1491607035
-6982058790512184862,995579,1491606990
-1164652798549398913,995579,1491607004
413539823314459606,995579,1491606999
2085573450898025337,995579,1491606994
-7832632067683268171,995579,1491607026
-4555434996697127186,995579,1491607001
8323351486698215638,962359,1491606995
-6371350684873654998,995405,1491607006
3192175737876219064,995405,1491607022
5132698464676478413,995405,1491607037
4159873977947472671,993382,1491607024
-9035263130363661504,995462,1491606983
-967713949856789119,995462,1491606992
5914716318275271533,995519,1491606996
8965160046447270428,995519,1491607000
-1274195748195054031,995519,1491607018
6373616414966809333,995519,1491607037
-374297275564156076,920362,1491606985
-6209526602483451078,950730,1491607010
-56773937083950754,994414,1491607037
-1882526508729380441,995241,1491607007
-4280414628550039282,987177,1491606983
-8249895984111234347,995090,1491606995
8195933179146816010,995513,1491607032
6373616414966809333,995513,1491607018
8965160046447270428,995513,1491607000
-1274195748195054031,995513,1491607004
-3159036952471563296,995513,1491606986
2523679952143126925,995513,1491607029
1930205181454598173,995513,1491606986
3667181216990082468,995336,1491606989
5349053811446760907,995336,1491607001
3302605704111665377,995558,1491607024
-8908864934094855641,995558,1491606984
-5385938267414521232,995558,1491607016
-5903322580538004197,995558,1491607011
-5147009872926512637,995558,1491607009
7506211641667425012,995558,1491607036
5187477288662837101,995558,1491607022
-6019342460764893640,995333,1491606983
-585097428694833427,995447,1491606987
-7484536030618720965,995291,1491607028
-2392366270477490378,995023,1491606986
4301423766753800190,957659,1491606985
8966979549242186533,896684,1491606987
3801957719933324058,995432,1491607021
-4727731171238865414,995507,1491607004
-2797514026229533093,995507,1491607000
-3165883491182793826,995507,1491607038
-3160412766853448090,994441,1491607031
6254375862312629583,995417,1491606985
-1640213153584171640,995467,1491606982
-8605054569998393929,995467,1491606988
-4517537717181976480,995467,1491607040
6556767593434726282,985944,1491607036
6889439067914995659,993466,1491606995
6422862815152710358,993466,1491607040
6734557744299001084,995492,1491607020
3982232402671841640,995492,1491607005
-2443107151169443127,342756,1491606984
1436745296577344005,995484,1491607025
-8396287607008263082,995242,1491607029
-359769064616550568,995549,1491607017
4526631996139388582,984948,1491607014
7674422447690748846,419389,1491607005
-1656941835811351804,995459,1491607036
3384769962691240850,995079,1491607033
-4244432969465635170,995355,1491607041
1240990417096392255,995355,1491607005
-4566694494839509741,994371,1491606992
5699341216150595478,995239,1491606990
6329931063314856949,995305,1491607014
-2148065639299493801,995305,1491607011
-6114830737377086051,995559,1491606988
1520787871594815246,995559,1491606993
-5583053843624704053,995559,1491607018
-3996990365624431754,995559,1491607010
5198771907019827386,995559,1491607001
-7049998129703030444,995559,1491607027
-6090332691260977373,995559,1491606992
-1980552372393802096,995559,1491607035
-8908864934094855641,995559,1491606987
-5385938267414521232,995559,1491607016
7035737549137381359,995559,1491607027
4802596484897615838,995559,1491607015
3587872440274473003,991880,1491606990
-5920246013016435663,993227,1491607021
3752618849162140624,995227,1491607002
5242844586920077162,995339,1491607019
-3959572133695777050,995441,1491607034
-1799891280558655737,995441,1491607031
2869681083157244794,995441,1491607000
-1928271109120515036,995528,1491607027
-3159036952471563296,995528,1491606986
-4744699706152243601,995528,1491607029
8965160046447270428,995528,1491606995
2523679952143126925,995528,1491607029
-317446794293043970,995528,1491607038
1930205181454598173,995528,1491606986
-132232561617242122,995528,1491607011
8332177841950571892,995528,1491607035
334031813150757857,953823,1491606997
-6248369906760487469,995537,1491607040
-5083404484366308866,995537,1491607032
5817167284265560511,995537,1491606996
6989198830527465429,995537,1491607024
6742853049068066675,995537,1491607026
-7307995999451893393,995537,1491607037
5098591857872086044,995537,1491607018
3739930558854885350,995537,1491607004
-8154959719801909077,995537,1491606990
-8836864172223949030,995537,1491607039
3087522817742181801,995537,1491607030
-4519993249310907852,995537,1491607005
-750505736486340606,995537,1491607026
-7906033625365400612,995537,1491606998
3081797253113233503,995537,1491607013
-1549228535724014838,995537,1491607016
-8827914952071841395,995537,1491607028
4559892179328060860,995537,1491607023
6281702858726037896,995537,1491607035
4195114447394813292,995537,1491607038
-4640166754366347320,995537,1491607018
4387764817877371769,995260,1491606982
6552583205509199948,995250,1491606999
-8396287607008263082,995250,1491607011
3465298140895115883,995001,1491606990
6968293546903948875,995245,1491607011
-4439714003416612262,994319,1491607008
9069119624317923083,995401,1491607035
-6221957961951119734,994074,1491607006
2433018776766211002,994074,1491606992
-7562013599911606550,994074,1491607017
-1027938408255084151,994969,1491606988
8556315734651206245,939801,1491607031
-7490361405350022579,939801,1491606980
-2578075512313782441,995541,1491607002
210928011306120342,995541,1491607009
3533806105140942069,995541,1491607021
-1293981108303967291,995541,1491606988
-462246601190517952,995541,1491607012
-2556798923219249260,995541,1491606984
-1329617097767361511,995531,1491607019
-722550619543616895,995531,1491607016
7781814767462431264,995531,1491607040
-6527994634304922052,995531,1491606998
-585097428694833427,995531,1491607012
-7498384505454990820,995531,1491607009
7177760408042977313,995562,1491607012
-2125760380016329509,995562,1491607004
-6121931525850975918,995229,1491607015
-3546868759754880204,995345,1491607042
-7484536030618720965,995345,1491607028
5798182700277756858,995493,1491607021
2553698254125942643,995493,1491607002
-4517537717181976480,995493,1491607012
-7569963100779048661,995493,1491606997
-8994997100838823194,995493,1491607036
2188918929171891967,995569,1491607002
3293127564972987187,995569,1491607018
1450045308188002349,995569,1491607005
78437317000667676,995569,1491606983
669543075881613251,994222,1491607017
-6779499129486344541,994222,1491607003
6468550458959071786,995479,1491606994
-5919912154626259588,995212,1491607020
347188728327758137,995212,1491607029
2513911599927117678,989493,1491607014
1825724190103567617,995369,1491607007
-6209526602483451078,995369,1491607005
9138014314081564132,995495,1491607005
-4517537717181976480,995495,1491607040
5798182700277756858,995495,1491607021
347188728327758137,995261,1491607013
8084553519701517811,995261,1491607034
8687068036965534454,995555,1491607035
5121711109491868224,995460,1491607035
5567259821865888472,995460,1491607003
3783197534999620980,995460,1491607009
1570937562186067294,995197,1491607004
8759100887397941833,995266,1491607021
-7225662951415410055,995440,1491607024
9212148855219563651,986789,1491607038
-6337067044360039432,986789,1491607031
6421642287758522106,986789,1491607030
3687889679756294499,994773,1491607036
-7484536030618720965,995334,1491606999
5032735590318936160,995334,1491607008
1900998224948678078,994904,1491607005
-7392188545672166034,155697,1491606981
-7541810230007174418,919939,1491607015
-1425712834264051727,995205,1491607023
4387764817877371769,995205,1491606993
-1110255941653272344,995205,1491607035
-8464686151924794868,995364,1491607016
6120954080366385938,995009,1491606990
-5857893641445940842,994894,1491607029
8560577756527335186,994753,1491607005
-8857845109673553957,994478,1491607015
4529137987498344521,992924,1491607023
5504666959245337291,880492,1491607006
6373616414966809333,995518,1491607037
-1274195748195054031,995518,1491607014
4470297582725394103,991416,1491607016
-5773883382915655078,968962,1491606986
-8398515518121560936,973274,1491606996
8740858287971300737,995178,1491606994
3008499900557710069,994975,1491606987
-6567216163008005107,995470,1491607011
-1940591623923870778,995509,1491607039
-7743830843034537535,995509,1491607001
-8464686151924794868,995325,1491607032
7674422447690748846,419390,1491607007
8937778441721171628,986516,1491607001
-6971999675163834594,995574,1491607002
1458851596244829611,995574,1491607024
-4967224259971768094,995574,1491606987
-4418935134439022789,995574,1491607014
6025271511843766264,346994,1491607036
-4640166754366347320,995538,1491607018
-8836864172223949030,995538,1491607039
-7307995999451893393,995538,1491606987
6281702858726037896,995538,1491607035
3081797253113233503,995538,1491607013
4195114447394813292,995538,1491607038
-1549228535724014838,995538,1491607016
3087522817742181801,995538,1491607030
3224198608280700978,995538,1491606990
-8827914952071841395,995538,1491607028
-7906033625365400612,995538,1491606998
5098591857872086044,995538,1491606987
7670727712815200065,995538,1491607013
-750505736486340606,995538,1491607025
-7754522819606688270,995538,1491607008
-733340039032455669,995538,1491607036
7204182227730712142,995538,1491607014
2942588549466818875,995538,1491607024
8586786008006394486,995538,1491607011
5660868188012792722,995538,1491607009
-4233126579073340456,994955,1491606990
4517999849368275301,994955,1491607038
-8396287607008263082,995240,1491607040
3440664687583751088,995354,1491607032
-272991234480224753,995472,1491607030
-8236156891308359453,995472,1491606989
-6713118720803923595,910385,1491607021
1341644285159837272,995483,1491606981
1760244239581588298,427457,1491606991
-4204386494054568638,994590,1491606998
347188728327758137,995171,1491607031
-5919912154626259588,995171,1491607020
4291333447999446252,995408,1491606996
9069119624317923083,995138,1491607035
-3968323935825733036,995126,1491607028
-8994997100838823194,995491,1491607035
-4517537717181976480,995491,1491607003
5699341216150595478,995216,1491607001
8145117296595118858,990433,1491606984
634387151863393857,955419,1491606983
6875333428943720164,994710,1491607030
4533004512002015179,995335,1491606988
-3546868759754880204,995356,1491607042
-3509367171535624571,995378,1491607033
-8464686151924794868,995378,1491607014
-777739007857868099,995378,1491607001
-3747973571161992829,995378,1491606986
-4048948949148002877,995378,1491607042
-2082562654525181832,995482,1491607022
2670514174645555632,995482,1491607037
-1934924476331920767,995221,1491607038
