6623210238291894637,996706,1491957784
-4148127204830883700,996706,1491957777
814957451075444778,996706,1491957781
7987631967558455591,996990,1491957761
413115958869359308,996887,1491957749
-1581009249491070758,996741,1491957788
-2142842709400477863,996741,1491957745
-784828651647975230,996719,1491957771
-7352135226054906474,996731,1491957788
-1988234826000785489,996731,1491957781
-3814257950024879861,996731,1491957763
-2319212362902640055,996731,1491957772
-5183566169578137150,986789,1491957798
-7810249571498777707,997082,1491957748
-5077376821395821924,997082,1491957742
215643406336246991,997038,1491957755
5883297284089880527,996686,1491957770
6946365522134155421,996686,1491957768
-2799378698254962964,996945,1491957783
2945110337466682917,996945,1491957776
8297341020458261775,996945,1491957798
-1248523725792148415,996980,1491957746
-8180723362496708396,996980,1491957791
4106729715423282576,996980,1491957799
-1369934898117417336,996980,1491957780
5597098136867059680,996980,1491957743
-8811106417019886556,996980,1491957773
-9034996821562003183,996980,1491957792
-2110011126267773683,996980,1491957788
4479419155283314446,996980,1491957790
-1109173018253248682,996980,1491957784
-8308540875341120889,996980,1491957759
-7372499934247866917,996980,1491957782
3085116242571295047,957143,1491957747
4948687446543463761,993152,1491957775
73546606294945438,996884,1491957790
413115958869359308,996884,1491957749
-6480653451649481450,970947,1491957782
-220711682204986011,997110,1491957784
1834053928512714850,997110,1491957778
-5682428396483564873,997110,1491957781
5223089401408609914,997110,1491957785
-8463704021845699218,997110,1491957790
-6051425702894933721,997110,1491957799
-4108419210925535770,997110,1491957799
2534746358095143462,997110,1491957798
-7588799305649669128,997110,1491957750
-3075536480566336862,997110,1491957769
-5262088198701467655,997110,1491957747
-8493840263813191939,997110,1491957760
-8899922446277224642,997110,1491957766
-5062389037476342022,997110,1491957787
6434525393441061155,997110,1491957779
5008624526781568357,997110,1491957766
-112725322635656541,997110,1491957776
3945830446148490207,997110,1491957768
-8863749549737282179,997110,1491957796
-7690397769628958097,997110,1491957792
7629376659694257487,996577,1491957794
-7163296350127476295,996767,1491957751
-7576506510970436398,996767,1491957751
899978796197091009,996853,1491957794
7872191129442111428,996079,1491957771
1830292347006675583,996079,1491957777
-1571853234027682870,997078,1491957752
-7810249571498777707,997078,1491957742
-5565745360625381558,997078,1491957749
4904967784892570102,997078,1491957778
-4398667684880509158,996495,1491957745
-8702508665127376222,997017,1491957754
9099167112683348020,997017,1491957780
3334570867087835550,996885,1491957770
7594729318539988065,996885,1491957797
-345412426656954046,996885,1491957749
-7652550614063205687,996530,1491957753
6451549650503770526,996628,1491957784
3817768916589904282,991047,1491957790
4112492032887330016,996986,1491957755
-3614127047791918824,996986,1491957744
4416928859808940128,345887,1491957767
2311780541015978575,997062,1491957782
298520687800152167,996843,1491957788
-7163296350127476295,996787,1491957751
2311780541015978575,997066,1491957757
1768709487737456762,997066,1491957796
1294285231437211143,997066,1491957792
8577603849577712767,997066,1491957756
9112504602805594305,997080,1491957769
1405642922150076162,997080,1491957742
-7810249571498777707,997080,1491957768
-6495489098314223906,997080,1491957758
-5669460688138654847,997080,1491957749
-8119784284837368808,996164,1491957769
4904967784892570102,997090,1491957767
1445842496052741394,997090,1491957783
-8016687015312392361,997090,1491957795
6011259160042633320,997090,1491957773
-1881345752310622970,997090,1491957773
-85834210471711794,997090,1491957788
833585138013723179,997090,1491957782
-2791389790756089558,997090,1491957776
2611820583732340913,997090,1491957777
-2773913740025764773,997090,1491957787
2938685961291608547,997090,1491957743
-1496920950782215544,997097,1491957783
5923947350734315566,997097,1491957786
8368127359249908009,997097,1491957764
-5447161063411092948,997097,1491957766
-85834210471711794,997097,1491957756
-8310079363353378602,997097,1491957769
1875133829493215190,997097,1491957748
-54541415477603876,997097,1491957787
-7173554241671627325,997097,1491957785
625314721890321161,997097,1491957747
8137159404741566149,997097,1491957786
6547712376124261276,997097,1491957789
8581147708550900003,997097,1491957765
-5539201968974597825,997097,1491957796
-1121485527819739549,997097,1491957788
5781070386670856267,997097,1491957765
8932561888044679967,997097,1491957776
-6868122582218547396,997097,1491957769
3543882728682217501,997097,1491957757
3490780391321093040,997097,1491957800
1808018204096762959,996713,1491957778
-1327611638449092764,996780,1491957752
3855488266276172888,996690,1491957754
1951467346761756810,996920,1491957799
5223089401408609914,996655,1491957790
-8377930309328047514,997060,1491957781
-1988234826000785489,996722,1491957797
1808018204096762959,996722,1491957795
5726138750080372953,966036,1491957796
-4301962384750166850,996569,1491957787
-1036183995368953080,997022,1491957761
747035283638913777,997069,1491957765
2595471025652178006,996460,1491957766
5569046254077292747,996759,1491957753
-5231448834239090276,993619,1491957799
-9016972217856752047,996809,1491957757
-2513517493743645740,996809,1491957774
-7642438666173543814,996809,1491957796
6200326143323643665,995729,1491957775
-2069814919384963255,995729,1491957794
-7218514328028374860,996792,1491957787
468986949224102224,997065,1491957788
4056490323070662050,996838,1491957797
4112492032887330016,997001,1491957800
-3614127047791918824,997001,1491957756
2557353953928746353,997001,1491957769
1400856298282928176,997108,1491957799
-7687405822914998531,997092,1491957799
8581147708550900003,997092,1491957765
7311939982153186254,997092,1491957780
-1121485527819739549,997092,1491957784
-5539201968974597825,997092,1491957796
-6868122582218547396,997092,1491957769
3543882728682217501,997092,1491957757
1407173693382869852,997092,1491957799
8137159404741566149,997092,1491957786
8932561888044679967,997092,1491957776
-7173554241671627325,997092,1491957756
6331123292055763355,997092,1491957799
6547712376124261276,997092,1491957789
5363891778614693753,997092,1491957750
-6121260191742891302,997092,1491957758
8427935639863494805,997092,1491957775
4052149854068162470,997092,1491957745
-884418116327040641,997092,1491957748
-1319441204063188376,997092,1491957781
4388631812744274021,997092,1491957758
-8726285905182580548,997092,1491957801
-4816529892292831381,997092,1491957798
2555323897610524975,997092,1491957765
-7227382682338758471,997092,1491957779
7584512675003915689,997092,1491957775
-1542784016020856811,997092,1491957746
-4954525605634037234,997092,1491957768
1386706779949153988,997092,1491957799
-4593136786680128326,997092,1491957793
5968635667421886463,997092,1491957755
5408244563883032110,997092,1491957794
2040773738622818971,997092,1491957773
-752724638871117165,997092,1491957753
8401097074745839623,997092,1491957781
-8878238523586002701,997092,1491957772
3118509825822525660,997092,1491957789
6827220034543411599,997092,1491957749
-727712917590813836,997092,1491957762
-8046379823873041268,997092,1491957774
-7405960267183179333,997092,1491957793
-1905380586396735746,997092,1491957789
8432192437927342690,997092,1491957774
-4011193596013644074,997092,1491957758
9037862874528320926,997092,1491957779
2987582050435554382,997092,1491957756
3002458920382938128,997092,1491957760
-6761055520027335080,915887,1491957769
5513813492045523536,996963,1491957763
-773967159415674206,996963,1491957778
-8155688247643651705,996963,1491957781
-2799378698254962964,996963,1491957794
2945110337466682917,996963,1491957786
-773967159415674206,996964,1491957760
-8155688247643651705,996964,1491957773
-2745715526393182104,996964,1491957768
2945110337466682917,996964,1491957786
-2799378698254962964,996964,1491957791
-1898602520858074218,996964,1491957778
1960637159701907028,996775,1491957744
-3768505168621965898,996379,1491957778
814957451075444778,996717,1491957751
5968635667421886463,997101,1491957755
1231990724983991531,345225,1491957755
3761671576951201504,997028,1491957741
7768055503748599115,997028,1491957798
-8988505456194006436,997028,1491957774
4176889805396594930,997028,1491957751
-2976520605755114320,997028,1491957798
7002588412749031094,997028,1491957752
4569214603516468273,997028,1491957753
8551054890526167048,997028,1491957748
7515728863257821091,997028,1491957789
-7145563859132257729,997028,1491957766
1445842496052741394,997095,1491957770
2611820583732340913,997095,1491957777
-2791389790756089558,997095,1491957774
-1881345752310622970,997095,1491957773
833585138013723179,997095,1491957782
-8016687015312392361,997095,1491957790
-3367673213314715427,997095,1491957794
-85834210471711794,997095,1491957788
-5472005348270282381,997095,1491957784
6011259160042633320,997095,1491957772
9106451940897511649,997095,1491957787
1768709487737456762,997061,1491957746
-6738964629029032651,997061,1491957779
-7810249571498777707,997061,1491957799
-1182205273473652431,996772,1491957749
1808018204096762959,996742,1491957774
-1308050913259144212,996540,1491957768
3763201687552559223,996540,1491957780
-4144023652656798222,996789,1491957761
7953905230457420198,996789,1491957800
4037212048598640353,996789,1491957782
-1332409192092750755,996789,1491957769
-3009472004169383677,996789,1491957772
7629376659694257487,996548,1491957793
-1988234826000785489,996710,1491957797
1382635822241841402,996808,1491957761
-5402794918218358131,996278,1491957773
5655095408749149261,994587,1491957744
-3847404847187718055,996818,1491957744
6369598666868958902,996612,1491957793
7700758010204584803,996212,1491957767
814957451075444778,996720,1491957781
7688721863222381153,995905,1491957741
-1944020956966050257,996505,1491957764
-7265780703302177761,994242,1491957782
6795050171892372132,994099,1491957742
-5565745360625381558,997087,1491957749
4904967784892570102,997087,1491957778
-8016687015312392361,997087,1491957798
6866290887307299134,993337,1491957796
-2109532148203503366,996913,1491957741
8009552573886223701,996913,1491957763
5064337056348024034,996913,1491957795
84342095367003235,885098,1491957766
1859570734400006255,997049,1491957743
1890255553694199329,996675,1491957754
-2975289789500841797,996675,1491957743
-947578898639320496,996675,1491957792
-7460817924802065391,996675,1491957766
-5447161063411092948,996675,1491957781
-5277920047909691610,996675,1491957783
-5578603428120393172,996839,1491957800
-4890367591550653762,996839,1491957778
-3650868959296030016,996747,1491957759
-5644665572755153492,996747,1491957745
5878090056751912545,996747,1491957769
2595471025652178006,996053,1491957764
2477665164711713140,920381,1491957745
2013262378232884932,996726,1491957762
3046848511060810654,994618,1491957797
3180403404820972881,996914,1491957792
-4144023652656798222,996855,1491957763
6451549650503770526,996629,1491957765
2094520156822894962,996977,1491957753
8297341020458261775,996977,1491957743
-294296146749310376,996977,1491957792
-8180723362496708396,996977,1491957791
-9020161500287951069,996302,1491957797
7219046934335155458,996302,1491957800
7629376659694257487,996656,1491957794
8009552573886223701,996956,1491957759
861840068099790344,996956,1491957773
-340886351007222239,997024,1491957777
8885646007201782781,997024,1491957776
3581925223184772783,996867,1491957800
-2366595062285059114,996867,1491957766
8297341020458261775,996966,1491957792
2945110337466682917,996966,1491957771
-2799378698254962964,996966,1491957748
-5668687755828178477,996966,1491957781
-7810249571498777707,997074,1491957795
1808018204096762959,996739,1491957787
-5641935077046345422,995445,1491957754
-3951765198197337223,996765,1491957760
-6453985205479272526,997111,1491957783
776903412417543900,997111,1491957774
2911056524048848948,997111,1491957787
2462369981859000861,997111,1491957788
-6148128637235671538,997111,1491957758
-5221470571454291199,997111,1491957759
6365932873418490010,997111,1491957756
7364106828194573471,997111,1491957754
-634966707453918844,997111,1491957759
3180386806960397025,997111,1491957792
7689155837499248510,997111,1491957750
5945614900333596164,997111,1491957798
7110596855939928015,997111,1491957795
3511039616521412742,997111,1491957800
1431072893081621714,997111,1491957767
-6623562585715854019,997111,1491957752
949544043867880672,997111,1491957754
-40145168476526893,997111,1491957786
-3394069877625981381,997111,1491957791
6548104724556346726,997111,1491957786
-1136461189437800864,420742,1491957756
3581925223184772783,996862,1491957799
-8569453188955067298,996191,1491957773
-7505762022472114529,346183,1491957800
-7810249571498777707,997077,1491957784
-7530109756020965268,997077,1491957773
3053499393413403151,997077,1491957775
-2002974955978563204,997077,1491957766
3233182680633791030,996217,1491957780
3008273692202661874,996217,1491957785
-4943280779351797499,996715,1491957783
1407173693382869852,992268,1491957797
8882285292588701064,996924,1491957783
1951467346761756810,996924,1491957790
1808018204096762959,996753,1491957758
8933200095573262700,997014,1491957743
-7103008824150454878,997014,1491957789
8288603130695287950,996902,1491957742
2814782998804010061,342279,1491957756
8297341020458261775,996929,1491957798
-2799378698254962964,996929,1491957751
2945110337466682917,996929,1491957774
-8119784284837368808,996160,1491957782
3046848511060810654,994621,1491957796
-2513517493743645740,996723,1491957775
2863457567516375996,996859,1491957747
-8119784284837368808,996163,1491957773
-4521671365956493291,156464,1491957757
-4301962384750166850,996566,1491957787
7711336962185153612,996820,1491957792
-5668687755828178477,996968,1491957779
8297341020458261775,996968,1491957771
2945110337466682917,996968,1491957760
4603598361146420633,996968,1491957762
2094520156822894962,996968,1491957774
-339813459449093969,996478,1491957793
-9222559649120727901,996697,1491957796
-7384131677091227772,996261,1491957772
3842309263682497083,996947,1491957760
-7377018364572154012,996947,1491957788
-4458985230829096051,996947,1491957791
-1217824367368012550,996947,1491957760
4037212048598640353,996807,1491957749
-3814257950024879861,996807,1491957761
-3650868959296030016,996807,1491957781
635335506477814800,996807,1491957770
6548104724556346726,997115,1491957786
2911056524048848948,997115,1491957752
-634966707453918844,997115,1491957747
949544043867880672,997115,1491957754
-6271145227409934810,997115,1491957751
-5481571605258329453,997115,1491957787
7110596855939928015,997115,1491957791
1431072893081621714,997115,1491957766
7747756749360729127,997115,1491957751
-6251542344758261146,997115,1491957793
7331430524404968806,997115,1491957749
3247387274471950697,997115,1491957743
-3394069877625981381,997115,1491957791
3511039616521412742,997115,1491957800
-3654884977620120935,997115,1491957779
-6623562585715854019,997115,1491957751
-1472307593673543349,997115,1491957748
3180386806960397025,997115,1491957791
5945614900333596164,997115,1491957796
-1950319169137770501,997115,1491957761
4662497619645407952,997115,1491957792
131943103102979347,997115,1491957783
-8425377609957821668,997115,1491957770
-6018560984928936571,997115,1491957785
230269505571698134,997115,1491957801
-1017874857318543589,997115,1491957795
3199052798964482659,997115,1491957758
3305496192280269041,997115,1491957764
-5015903503885801176,997115,1491957752
-1062709806900593588,997115,1491957792
-7428769972778844298,997115,1491957785
6469770194035735925,997115,1491957798
8489993976635280036,997115,1491957770
9019236356980965583,997115,1491957781
7748774871735725739,997115,1491957798
8869096947528522662,996936,1491957771
-1155330325131231741,996336,1491957780
-9016972217856752047,996802,1491957763
7404134197046845463,989021,1491957744
2311780541015978575,997071,1491957782
1768709487737456762,997071,1491957796
7240860692114536869,997103,1491957766
-7173554241671627325,997103,1491957798
-85834210471711794,997103,1491957764
1875133829493215190,997103,1491957754
625314721890321161,997103,1491957749
-1496920950782215544,997103,1491957783
1079034886590726771,996489,1491957798
-6193948545352629222,996991,1491957793
-4020989915170968904,956960,1491957759
8882285292588701064,996903,1491957764
1951467346761756810,996903,1491957777
3655674358977659916,996903,1491957795
-8143810420281602598,996449,1491957780
3016792184663556030,989653,1491957790
-6932150795424910477,996822,1491957795
-8195304309809356933,996822,1491957784
5878090056751912545,996822,1491957769
2201572845240480827,996822,1491957800
7917917305695211536,996822,1491957742
8914567364215423545,996822,1491957789
-8649283154087766807,158228,1491957751
-345412426656954046,997055,1491957748
4685327354635166339,997055,1491957789
1490654533661478887,997055,1491957742
-7652285500749526756,997035,1491957774
-1155330325131231741,996330,1491957780
-1054808466109743503,996790,1491957771
-665428046166996051,996781,1491957742
-9153652346086511999,997016,1491957797
7044175529218324020,997016,1491957778
-7413329565009141057,997016,1491957785
8885646007201782781,997016,1491957787
-8702508665127376222,997003,1491957793
9099167112683348020,997003,1491957800
1720217223453703222,982255,1491957771
-3650868959296030016,996712,1491957779
-5644665572755153492,996712,1491957753
-3921267880559418942,996712,1491957795
899978796197091009,996850,1491957759
3581925223184772783,996868,1491957786
-7650005993341188985,997102,1491957785
6011259160042633320,997102,1491957758
1875133829493215190,997102,1491957775
-85834210471711794,997102,1491957772
625314721890321161,997102,1491957756
-7173554241671627325,997102,1491957798
-5077376821395821924,997102,1491957794
7240860692114536869,997102,1491957766
-4247567896900547408,997102,1491957773
2953197556069969364,997102,1491957780
2812909636099047778,345477,1491957771
5865192274929490111,996896,1491957746
8901489095060087080,996896,1491957800
4335906024549612143,996896,1491957792
6821153518365196931,996848,1491957777
4389623730535646778,996848,1491957786
8885646007201782781,997026,1491957775
-340886351007222239,997026,1491957775
-1786319785006626246,997026,1491957777
-4204005683290946536,996479,1491957765
-1944020956966050257,996498,1491957764
8009552573886223701,996932,1491957746
-2799378698254962964,996932,1491957797
-8155688247643651705,996932,1491957781
5513813492045523536,996932,1491957763
7594729318539988065,996888,1491957791
7369449912874226909,996703,1491957766
2013262378232884932,996703,1491957768
215643406336246991,997037,1491957757
9043448351160046157,997037,1491957766
-7652285500749526756,997037,1491957774
-4757554493183943944,994068,1491957752
7594729318539988065,996849,1491957786
-112725322635656541,997088,1491957776
-7690397769628958097,997088,1491957792
2261293219855415159,997088,1491957764
8387493901909800064,997088,1491957758
-8493840263813191939,997088,1491957752
7151648776731158495,997088,1491957766
2534746358095143462,997088,1491957755
-8863749549737282179,997088,1491957796
5053216513880383424,997088,1491957749
-1588725405259314370,997088,1491957786
-5472904423727922978,997088,1491957795
6092734884808941807,997088,1491957774
-2182191829635839080,997088,1491957755
8294576630400677945,997088,1491957769
6407271528814946519,997088,1491957756
3909553569880225094,997088,1491957776
7331430524404968806,997088,1491957779
-6948061297140266324,997088,1491957782
1282695484414030566,997088,1491957796
8289179435235118648,997088,1491957752
-294296146749310376,996830,1491957792
5505636063837424548,996830,1491957742
-7810249571498777707,997073,1491957748
-5982731654711083937,997073,1491957772
-7194486809408753242,997073,1491957775
-3651733456701511250,997073,1491957800
3258126339059031587,997083,1491957765
6341199629334384649,997083,1491957801
6365932873418490010,997083,1491957794
-6148128637235671538,997083,1491957785
7689155837499248510,997083,1491957757
2911056524048848948,997083,1491957787
3180386806960397025,997083,1491957792
-5221470571454291199,997083,1491957759
5945614900333596164,997083,1491957798
-1182205273473652431,996779,1491957745
-3951765198197337223,996779,1491957760
384775413583962678,996252,1491957757
-4429885090265005373,996252,1491957743
-7810249571498777707,997067,1491957799
2355413140155321744,997009,1491957744
6426703607198847027,997009,1491957762
-1036183995368953080,997009,1491957762
-5193718595536522413,952309,1491957749
-8625501700871240122,996940,1491957800
123175678562519731,996940,1491957743
-5569029374553833458,996940,1491957778
-4679367228083996905,996940,1491957787
-7810249571498777707,996960,1491957746
-1581009249491070758,996738,1491957788
8755373669706074813,996937,1491957761
861840068099790344,996957,1491957773
8009552573886223701,996957,1491957751
-2799378698254962964,996957,1491957797
1808018204096762959,996695,1491957795
6688577932578838024,996695,1491957775
6946365522134155421,996684,1491957768
-6142826356666539216,996766,1491957785
8289179435235118648,997109,1491957752
-6148128637235671538,997109,1491957785
6341199629334384649,997109,1491957801
6365932873418490010,997109,1491957794
-3799884866498864507,995697,1491957783
2116775079400553780,997096,1491957787
833585138013723179,997096,1491957767
-1881345752310622970,997096,1491957758
9106451940897511649,997096,1491957787
6011259160042633320,997096,1491957771
-85834210471711794,997096,1491957779
625314721890321161,997096,1491957756
-7650005993341188985,997096,1491957785
1875133829493215190,997096,1491957775
-485095078233644930,996912,1491957776
-7809009667805760952,996346,1491957775
3897303763866501601,996169,1491957771
-1969444582848861469,996701,1491957757
-4458985230829096051,997007,1491957791
-7810249571498777707,997081,1491957776
-294296146749310376,996983,1491957767
6939745601644463642,996983,1491957799
2023029886681450631,996983,1491957800
-5708056545870411450,996983,1491957766
3692634908766662535,996983,1491957742
-6193948545352629222,996983,1491957793
3120798066448262111,146894,1491957795
-7291861186427815434,997091,1491957796
-7281986856304565700,997091,1491957762
-2662717092980310871,997091,1491957762
1400856298282928176,997091,1491957779
-8493840263813191939,997091,1491957796
1834053928512714850,997091,1491957778
-7588799305649669128,997091,1491957762
5410614167490701094,997091,1491957794
-8899922446277224642,997091,1491957766
-4108419210925535770,997091,1491957799
2534746358095143462,997091,1491957798
-6051425702894933721,997091,1491957799
-3075536480566336862,997091,1491957769
412982945766766583,109294,1491957747
1231990724983991531,901115,1491957755
6866290887307299134,993362,1491957796
-3951765198197337223,996725,1491957756
899978796197091009,996816,1491957769
4089922182138285234,996232,1491957765
1923455499599218533,997012,1491957796
-8702508665127376222,997012,1491957793
9099167112683348020,997012,1491957800
7112968747067066588,996553,1491957787
-6509825161498945787,996502,1491957786
3538561910479881545,996213,1491957795
2986719372125422265,996213,1491957762
1951467346761756810,996842,1491957749
-5823102874462426399,996842,1491957757
8288603130695287950,996842,1491957742
-858573051814276707,899905,1491957764
-2222249832277179885,964305,1491957783
-6257909910031199572,996863,1491957747
-8625501700871240122,996863,1491957780
3002458920382938128,996863,1491957760
1951467346761756810,996922,1491957799
1400856298282928176,997105,1491957799
-8493840263813191939,997105,1491957796
-7588799305649669128,997105,1491957762
-3198224043898337789,997105,1491957775
-2662717092980310871,997105,1491957762
-2366595062285059114,997105,1491957792
-7291861186427815434,997105,1491957796
1405642922150076162,997070,1491957766
-7810249571498777707,997070,1491957792
-7265780703302177761,992980,1491957793
-5644665572755153492,996744,1491957753
8608274630018958208,996996,1491957765
3250777031057944689,996996,1491957756
8622058755510721926,996996,1491957749
-7553212079487771257,996996,1491957745
4112492032887330016,996996,1491957800
-1780759717810896215,996996,1491957788
-4017681250266534309,196420,1491957791
1960637159701907028,996773,1491957744
7711336962185153612,996880,1491957792
413115958869359308,996880,1491957768
7568607879109599578,958852,1491957756
-206993556184058886,996933,1491957768
-9001901076097154232,996933,1491957797
3869170854184894474,996933,1491957778
-7297765911992742848,996933,1491957763
-1136461189437800864,420705,1491957756
8009552573886223701,996948,1491957763
2945110337466682917,996969,1491957755
4603598361146420633,996969,1491957762
2094520156822894962,996969,1491957774
8297341020458261775,996969,1491957750
-7401466020597947737,996969,1491957742
7667487582131584503,996969,1491957754
6685824890520472558,996969,1491957790
-6331789250756837006,996447,1491957786
-1472913158178419950,982014,1491957774
