-1843196623483302649,990326,1492121344
3434166149344229363,344043,1492121323
-2617723329692985700,997959,1492121361
1332461035163416485,997959,1492121331
4906797025829902451,997959,1492121356
-6649088609141932800,997959,1492121347
861887706354089140,997959,1492121327
-8339239282857855656,997959,1492121326
-7333740417462907316,997959,1492121339
-6720512978559019105,997212,1492121354
-101391258384486355,970395,1492121335
8571893238431497500,344252,1492121343
5541975913424330851,997859,1492121327
-8046790284369709655,997859,1492121326
-2614027843191100208,997859,1492121355
-373137216598524044,997859,1492121344
1936613543838997339,997859,1492121322
6990303727152009177,997859,1492121335
-5336425045083271611,997859,1492121333
-4585190294886296159,997859,1492121339
-7454803041129184316,997859,1492121345
-6568203690625431520,997859,1492121327
3636591285488387596,997859,1492121353
-3899091272106560833,997859,1492121347
-2634383474192323407,997859,1492121333
-8131767454897775112,997859,1492121320
3180320586524933974,995609,1492121316
-7056272859888288961,997858,1492121359
3300835293244732252,997858,1492121328
3148283779710722477,997619,1492121317
-351177242248931519,997619,1492121309
4913618918882941108,933837,1492121356
3434166149344229363,344044,1492121340
3379398900799074280,982913,1492121321
5768009222863323552,982913,1492121308
149150258016851131,982913,1492121327
2783473673735719354,982913,1492121344
2270202330734085529,982913,1492121351
705238400485084677,982913,1492121350
240482440888153779,982913,1492121321
-6384213047757055772,982913,1492121307
4814528350570611296,997869,1492121346
7004636983803825309,997869,1492121311
-2458869555074653849,997869,1492121346
1637192287824207729,997869,1492121319
284827083533785347,997869,1492121321
1164056381127017936,997869,1492121336
-9149633107488819389,997869,1492121340
-1294636626887267939,997869,1492121308
-232602757584600743,997869,1492121331
-8046790284369709655,997869,1492121339
-759813182218256873,997869,1492121325
-7985003938080793104,997869,1492121352
2669858883003421731,997869,1492121322
-9077681555723213550,997869,1492121314
-2775046368231689235,997869,1492121326
-4666487362331005167,997869,1492121329
-2168548264078488912,997869,1492121311
3150010083450135714,997869,1492121344
-1227756358045430889,997869,1492121359
-6779272679919438319,997869,1492121341
-1701816792717113425,996742,1492121340
-9160581719066246288,997009,1492121320
68657882460798861,997708,1492121355
-7131007049670562333,997677,1492121349
-7482241184408843092,997437,1492121310
-3006117047952309176,997658,1492121309
-1956235216159185821,997822,1492121329
8231270286313287984,997822,1492121312
5664385805948273176,997822,1492121359
4500172148286587671,997749,1492121350
5183418015582301734,997749,1492121305
4263000431450873699,997749,1492121349
39032084320880991,997627,1492121343
5853171530999668386,997627,1492121315
-2180393179780005629,997627,1492121318
6770637185150018710,997769,1492121312
4956387956652121151,997891,1492121345
9200626665255859030,997891,1492121318
4573055502221205230,997891,1492121329
-3006117047952309176,997651,1492121315
-3803851301797662365,997683,1492121361
-4442015983784293649,997683,1492121320
2276388149640749284,997299,1492121352
496335136405122772,997299,1492121344
6878717855789416466,997799,1492121345
7406711581801035909,997799,1492121330
-3006972356297360647,997570,1492121312
7099116691193266669,997455,1492121348
-2896977976147765773,997455,1492121304
-7339787516922470417,997563,1492121326
-6405619918055091060,932890,1492121316
-4476810264455165708,933655,1492121334
-1577888492530990062,997937,1492121320
1139502298271978696,997937,1492121332
1946514880847736406,997937,1492121355
5417234813038291717,997937,1492121360
-8911407412862587361,997937,1492121335
-5473605291224838411,997937,1492121343
6300474043967910110,997937,1492121320
-5777712021503606279,997937,1492121334
4986060322288553806,997937,1492121354
7895873876359947231,997937,1492121336
-314032752912251318,997937,1492121355
-189736865177268570,997937,1492121326
-2858564399517331059,997937,1492121327
-2169452588288688037,340685,1492121349
2257075257003214433,340685,1492121323
-3006117047952309176,997655,1492121320
-4230186275932894663,985493,1492121360
3530313340500563964,420297,1492121354
3530313340500563964,937523,1492121354
3802129072367307729,997209,1492121353
-1057188454987632094,996915,1492121346
-3082606706244695942,996915,1492121335
-29070024357125588,875515,1492121327
-8301668595730561736,997360,1492121328
-6016291172251011199,997360,1492121345
3209447320318464663,996731,1492121353
-6088169477011170915,996731,1492121342
6754299952838967015,996731,1492121359
-5818226890463911549,996731,1492121336
-8236494281701277139,996731,1492121361
-6911934865152832255,996731,1492121333
2116678015890419838,997879,1492121362
4956387956652121151,997879,1492121362
6201624641989613018,997879,1492121344
6615662689510778692,997895,1492121347
-6195044039381322983,997895,1492121349
2257075257003214433,340374,1492121331
-2169452588288688037,340374,1492121349
-8602554264182878066,896390,1492121324
5820097237575697267,994033,1492121311
-435459370989127881,974161,1492121340
2465947244624706994,997592,1492121342
8251996097552313327,997857,1492121359
-8236494281701277139,997857,1492121318
3083407405023004556,997857,1492121333
7001189717634814452,997008,1492121340
163556344109171657,997666,1492121337
7630062648404583439,56486,1492121335
6395740541905742099,997898,1492121316
-6135941025715181350,997898,1492121335
3530313340500563964,983712,1492121354
3434166149344229363,344031,1492121362
7916832538799891645,993674,1492121324
4027188414860288221,997505,1492121323
-4421734595682892137,997967,1492121329
4328684261562742227,997967,1492121332
5353702226079399490,997967,1492121346
372217663007645537,997967,1492121364
-8066194986593714287,997967,1492121343
-3850260690931915372,997967,1492121326
7461091765901502680,997967,1492121304
4263000431450873699,997967,1492121315
-3353353718493066057,997967,1492121353
-977115871912321426,997967,1492121342
-8034095683410989643,997967,1492121360
3704065874202376364,997967,1492121326
6995544852386144774,997967,1492121314
-5409777133387328663,997967,1492121347
-4629093072514303497,997967,1492121359
6241172123973826598,997967,1492121327
7581529453059331685,997967,1492121349
-6605774250965380744,997967,1492121359
5922006729582060504,997967,1492121339
5554342439260056554,997967,1492121332
-2169452588288688037,343151,1492121322
2257075257003214433,343151,1492121310
1899302902777665208,343151,1492121344
-2165818571518209223,996798,1492121335
7177290512468956025,996798,1492121336
9136073610510276806,997921,1492121351
7655209426938049280,997921,1492121360
6615662689510778692,997630,1492121349
-7155384605723955923,997630,1492121318
3434166149344229363,344052,1492121332
-6288505152505421678,988175,1492121358
4484806207110915362,997522,1492121311
-8953588030436440167,997376,1492121325
-4080248349122046141,997889,1492121321
-9127233898697943996,997889,1492121326
-3649707268168844108,997889,1492121311
-6092082636831460023,997889,1492121346
-4666487362331005167,997889,1492121346
-3567537658796053168,997889,1492121358
-7665705722391771765,997889,1492121355
-3796950225805325600,997635,1492121325
3053714972804756857,997635,1492121357
9168042701258180263,997635,1492121345
3434166149344229363,344040,1492121348
3434166149344229363,344049,1492121337
-2607696915616323524,997190,1492121355
1054602867146283152,997190,1492121353
3860185730403200898,997190,1492121364
-2186903887763750651,997190,1492121335
-1577888492530990062,997902,1492121351
-5135789114711591951,997902,1492121335
1661017422231173404,997902,1492121340
-8391448503017832049,997902,1492121308
9200626665255859030,997902,1492121308
-9066436655399720121,997902,1492121346
-9020875335280151342,997902,1492121363
2877628387354284158,997902,1492121337
6615662689510778692,997902,1492121342
7498617200691527529,997902,1492121324
-4254352383155169364,997980,1492121363
-4307274841038959502,997980,1492121313
5978787064196936230,997980,1492121341
-5037800525202956254,997980,1492121309
-3181042492940584134,997980,1492121336
-1278975097308683875,997980,1492121343
-1989617310042159651,997980,1492121312
-2868876186886093485,997980,1492121358
-6661516725567840887,997980,1492121342
6485551872653969823,997980,1492121363
5949183057412017822,997980,1492121342
6167717003458680024,997980,1492121310
-240539456083511204,997803,1492121317
-8344355806417770631,997803,1492121355
-4870723781517576114,997803,1492121328
4995311818953843108,997751,1492121330
-1745476139564640278,997751,1492121328
-7482241184408843092,997318,1492121332
-8028401683406563048,997920,1492121363
8035496985179428894,997920,1492121356
-9127233898697943996,997920,1492121335
-6092082636831460023,997920,1492121357
-5896524336305237019,997920,1492121355
-1311111819690247111,997647,1492121316
-4257599865461276578,997721,1492121363
7099116691193266669,997231,1492121364
6642728567324921894,997916,1492121354
-9134652196235082691,996985,1492121339
7683539879413140087,996985,1492121337
-6088169477011170915,996722,1492121342
7689737377531112505,997807,1492121357
-6384213047757055772,988437,1492121306
6167413404863389327,988437,1492121341
240482440888153779,988437,1492121321
2270202330734085529,988437,1492121351
149150258016851131,988437,1492121326
705238400485084677,988437,1492121350
2783473673735719354,988437,1492121344
-4914037406918791447,988437,1492121344
4332026459661663049,988437,1492121318
371723031595310669,988437,1492121362
5290982049123188008,988437,1492121363
-1167444835231879268,988437,1492121324
3190995661890671533,988437,1492121336
-1465561753243280639,988437,1492121351
6908622982852099146,988437,1492121338
4571171515611509288,997640,1492121343
8278869978420766710,997640,1492121352
-7934265417760209987,996363,1492121314
-3082606706244695942,997876,1492121359
-4257599865461276578,997716,1492121363
2524747863817657879,989370,1492121335
3434166149344229363,344055,1492121324
7361720542812212008,132125,1492121320
-5147328917643632204,997476,1492121327
-6500665674207938536,997701,1492121348
7384790542211563737,997701,1492121364
8577516700482762944,997701,1492121340
-431073188237776726,997701,1492121316
1637924898573890018,997701,1492121361
4199849949579718002,997701,1492121359
7997046246125536073,997701,1492121315
68657882460798861,997701,1492121355
-4907285149699400491,997701,1492121358
507489918028592975,340010,1492121325
507489918028592975,340074,1492121312
-6135941025715181350,997909,1492121335
-5449508876559374093,931440,1492121321
-4449924910569315177,997689,1492121318
-7365064018741944592,997689,1492121328
-7378542674015785263,997689,1492121326
7471736192216464093,997555,1492121351
2992132328413088222,997555,1492121306
-1242946440132607178,997555,1492121320
3706758224253481286,979339,1492121334
-6636634752619552208,979339,1492121322
764389134207567199,979339,1492121328
451415156021057431,979339,1492121343
5768009222863323552,979339,1492121308
3379398900799074280,979339,1492121322
-8971856545972811991,997465,1492121317
3214789074414883960,995765,1492121361
7654929926247811905,997971,1492121340
1658704918828720486,997971,1492121330
-4582164391816994641,997971,1492121316
4175008220521639643,997971,1492121359
-3465764291459875991,997971,1492121360
5019556799777895479,997971,1492121331
3353216592301593183,997971,1492121358
-329978895189602108,997971,1492121355
-5001520173804167813,997971,1492121326
-6475485372671639963,997971,1492121337
1240784699291776743,997971,1492121342
-251848210582106664,997971,1492121336
-5476579049294310496,997971,1492121306
-3252669369224177828,997971,1492121343
1319363502739948083,997971,1492121333
-1420239225915630253,997971,1492121359
-4862527508697180695,997971,1492121329
-3700396693006110673,997971,1492121354
-982750702813343941,997971,1492121334
2269532602911120406,997971,1492121314
-7370259952948856415,997971,1492121333
2950523680902361162,997971,1492121312
-8896697176174880371,997971,1492121356
-6501095272221684925,997498,1492121318
1540497766409159678,997498,1492121362
4027188414860288221,997498,1492121320
-5706362597318213990,997498,1492121327
1054602867146283152,997498,1492121350
-2607696915616323524,997498,1492121329
3860185730403200898,997498,1492121364
-4272205268440604880,997498,1492121338
1229646499104253375,997498,1492121358
-4451826543741101462,997498,1492121362
-3237864715716988071,997498,1492121310
-3261189822897834645,997498,1492121353
-1785054339573521299,997498,1492121351
-2002331869014340952,997498,1492121342
8662982272947320086,997498,1492121348
-8821118169353535680,997498,1492121340
7759430918740839152,997498,1492121342
8775756421428739841,997498,1492121360
1171563176997350020,996933,1492121343
-4688835364350238915,997359,1492121363
3402933256760205276,997359,1492121327
-1194183632071252439,997768,1492121353
5931823241536077604,997768,1492121327
-4449924910569315177,997768,1492121323
1184038799636640763,997768,1492121357
4549048673254872973,997611,1492121352
4263000431450873699,997611,1492121335
-4531599592909754410,997611,1492121320
-2168548264078488912,997611,1492121340
7279791815939234511,997611,1492121316
-8455085822091897457,997611,1492121355
-9160581719066246288,997012,1492121348
2847837022824585987,420175,1492121306
7400324304020616933,420175,1492121310
3706758224253481286,420175,1492121335
764389134207567199,420175,1492121328
451415156021057431,420175,1492121343
8017263861522512428,918527,1492121309
7909346761661182,344976,1492121360
-4656371794882866178,962214,1492121359
7601196175798871364,962214,1492121357
-5165035208411369379,997736,1492121308
-490369659861049064,997834,1492121351
4204925611494228502,997834,1492121350
3329245988207272213,997834,1492121323
-488686369788200739,997834,1492121358
6629768449225478034,997866,1492121317
-4089577999820630,339860,1492121350
-8163751725899102354,339860,1492121338
-4431069003651661313,339860,1492121329
8477274727115843126,339860,1492121355
3409694846866800876,339860,1492121351
1780256294462016371,339860,1492121360
-3082322244047538330,339860,1492121332
2034272096518699899,339860,1492121306
2768367753442656689,339860,1492121312
-2165818571518209223,996608,1492121336
-4257599865461276578,997724,1492121358
-2777460361391892715,997120,1492121306
8972886225101825487,997120,1492121357
-5147328917643632204,997445,1492121363
-7900192634875382327,986789,1492121307
8715480203446927711,986789,1492121310
-1894040358016474379,986789,1492121362
-3082606706244695942,997890,1492121328
-76203164882473502,997890,1492121364
-1218863539539027836,997686,1492121363
1051431397113153670,406583,1492121313
5336574695417031442,997576,1492121360
6642728567324921894,997837,1492121355
3434166149344229363,344065,1492121310
4899706853922382422,997903,1492121311
-8835254422911866071,997903,1492121324
-4099036737169761120,997928,1492121355
-9160581719066246288,997003,1492121342
-1875050063363493134,997784,1492121328
-675483767414228365,997784,1492121363
-8324961127446757618,993266,1492121307
-8145388464024218753,993224,1492121325
8499658510222786416,997691,1492121325
5901864106235427180,997691,1492121348
5089487728444364127,997691,1492121323
-7323900947736247591,997691,1492121323
3137919719027047212,997813,1492121324
-1131501821321938149,997813,1492121359
-4099036737169761120,997813,1492121341
-3487809029996218324,997813,1492121355
561047455646043176,996992,1492121304
940571755753917370,997853,1492121347
-7230404770058854309,997853,1492121351
-4806476537649360430,997853,1492121359
5203278522840337548,997853,1492121365
-8236494281701277139,997853,1492121360
2893167279534854825,997853,1492121335
-341770276732534764,997853,1492121307
2186222305994341857,997853,1492121316
-4938422569632574671,997853,1492121332
-3984232523791370836,997853,1492121363
-3339605898019406353,997853,1492121352
623003772877043440,997853,1492121316
-6860173279092692186,997853,1492121365
-3308101251140303037,997853,1492121320
4971478375507122180,997853,1492121360
6754299952838967015,997853,1492121321
3706036412985802697,997853,1492121347
6352801867147067195,997853,1492121363
-3769626486083399805,997853,1492121330
5520496758927295158,997853,1492121361
-7644456289983340844,997853,1492121340
5612376212712730000,997853,1492121353
-1132109221263835484,997853,1492121319
-6911934865152832255,997853,1492121322
3097268033988191068,997853,1492121356
7394850753983212170,997853,1492121361
-5567240856363261230,997853,1492121316
-7529420459636287401,997853,1492121330
8009352208500162779,997853,1492121351
-2517903135415178505,997853,1492121336
4104908208908067746,997853,1492121328
613047329789260525,419091,1492121357
-3656465543341626414,997981,1492121317
-7124641309338155157,997981,1492121351
-183989606069292296,997981,1492121319
-789894645822126827,997981,1492121350
7011975303275291129,997981,1492121358
-4224643215145156939,997981,1492121318
5294711351942988126,997981,1492121307
-262122299854038997,997981,1492121312
7588298477229114771,997981,1492121310
2526476738310427918,997981,1492121319
-8045708225438629838,997981,1492121360
1164056381127017936,997981,1492121362
-8755395025565294968,997981,1492121344
-1358806440470186647,997981,1492121307
3022631143446637815,997981,1492121333
-6649088609141932800,997981,1492121331
-2963028396492190675,997981,1492121324
6835863015265956094,997981,1492121312
4431499300988003766,997981,1492121335
1306446420609173723,997981,1492121323
-6166879253648817224,997981,1492121322
-6692505811873371320,997981,1492121326
-3660480779198076216,997981,1492121360
3231913545025407183,997981,1492121309
2972082751829029228,997981,1492121352
3250612878798627283,997981,1492121322
-2058823535658140049,997981,1492121335
4406392511581709115,997981,1492121311
8692423236229671330,997981,1492121312
-2191483208133808615,997981,1492121325
8414528262007391866,997981,1492121322
1637192287824207729,997981,1492121335
-3139543617234765381,997981,1492121336
-6495935567703511587,997981,1492121327
-3151798266266233928,997981,1492121342
121022910954326341,997981,1492121359
8024195432249694867,997981,1492121347
4220914499204153034,997981,1492121339
-2451495507626076003,997981,1492121356
4286576396349969603,997981,1492121348
8779786245452023312,997981,1492121319
-3359071945870511223,997981,1492121340
6787359456135454133,997981,1492121361
-9028860354867146792,997981,1492121339
9163701615749698722,997976,1492121357
6134697495953475672,997976,1492121317
5541975913424330851,997976,1492121336
-3134926868522797807,997976,1492121334
-8806625535542414307,997976,1492121311
-4564983606659831344,997976,1492121352
5901864106235427180,997976,1492121309
4928191467168049445,997976,1492121316
9084471466152133070,997976,1492121350
3491805527787333814,997976,1492121311
-1420239225915630253,997976,1492121359
-3252669369224177828,997976,1492121337
7203160218107369834,997976,1492121349
1319363502739948083,997976,1492121327
-4454911440629878008,997976,1492121314
9191151274988671764,997976,1492121365
8426936383419788369,997976,1492121352
-2964573845904562005,997976,1492121358
6782899134907855081,997976,1492121357
1038624257354569987,997976,1492121366
4365756832481724758,997976,1492121309
-8835331511073716377,997976,1492121355
4596386003654972644,997976,1492121348
-6691583593032762031,997976,1492121341
6650580328337331097,997976,1492121357
4590497012066834570,997225,1492121349
3152255690405418186,997675,1492121341
-1218863539539027836,997675,1492121349
4473092609285072485,997675,1492121343
-3156501176765673818,997675,1492121334
-7362178537669935339,997713,1492121321
-1995961922444099307,997713,1492121319
4332026459661663049,997713,1492121318
-1167444835231879268,997713,1492121324
-7661365512038556636,997713,1492121340
371723031595310669,997713,1492121361
-1465561753243280639,997713,1492121350
3190995661890671533,997713,1492121336
-4914037406918791447,997713,1492121344
-7368669085068285016,997713,1492121364
1365555443752996661,997713,1492121327
6908622982852099146,997713,1492121338
4941286718293440421,997713,1492121320
2270202330734085529,997713,1492121317
-3247122136267127577,997713,1492121313
-1795398952422957166,997713,1492121336
705238400485084677,997713,1492121321
2783473673735719354,997713,1492121339
5290982049123188008,997713,1492121363
3907745350965879827,997713,1492121352
-184984567597244144,997713,1492121345
-4427995818568498457,997713,1492121349
6443203242005833652,997713,1492121339
-222155312214668187,997713,1492121326
-602328831122843613,997713,1492121314
470036456331042706,997713,1492121321
7901227544682518695,997713,1492121346
-1902460325088509351,997713,1492121329
-2481418561830645993,997713,1492121362
6650877506836782743,997713,1492121342
5012540155238228292,997713,1492121348
-3206013307581297537,997713,1492121365
-8834414135707306775,997713,1492121362
6677320509288875782,997713,1492121345
2184408570621675336,997713,1492121336
-1926718860812376418,997713,1492121313
-6427736918011876134,997713,1492121357
-8654392912275940655,997713,1492121348
5363327363374793553,997713,1492121311
-3153547866545059579,997713,1492121346
7957871811799086531,997713,1492121360
-6191916802208942670,997713,1492121315
2108172037161744048,997713,1492121333
-4261219410706214137,997713,1492121336
717418220137880985,997713,1492121344
8841308910660611200,997713,1492121348
-3872774449749638086,997713,1492121338
4396020367243292467,997713,1492121358
-252261258343934227,997713,1492121359
-324515833990725452,997713,1492121312
-2960514545132774308,997713,1492121358
869075313401135132,997713,1492121358
3434166149344229363,344056,1492121321
3434166149344229363,344057,1492121318
-1745476139564640278,997743,1492121348
6665091898193572447,997743,1492121335
1414450737735077801,401712,1492121359
-5399804833837021613,997901,1492121364
-3125711806920546042,997901,1492121341
7888917081110786051,997901,1492121316
2183998480249800142,997901,1492121338
-6100513053809985481,997901,1492121352
-2446794330398555822,997945,1492121349
-4099036737169761120,997945,1492121333
7768019845192916888,997945,1492121335
329403150067289188,995541,1492121328
8886752094496245720,995541,1492121330
1171563176997350020,996790,1492121351
3434166149344229363,344045,1492121344
5764911906059180688,997373,1492121347
4683960142513784160,997750,1492121316
7400324304020616933,344137,1492121360
6628878809769598922,405942,1492121311
-2350624695482269645,93708,1492121357
3434166149344229363,344030,1492121365
-1734987911487090726,990407,1492121347
2476972612123334549,936672,1492121323
-2081143003619027532,997621,1492121357
-3944851105406493202,997621,1492121362
-4501715688427946001,997405,1492121350
7099116691193266669,997385,1492121316
-1397581337118924571,997385,1492121340
3197646382425239562,997687,1492121345
4263000431450873699,997687,1492121361
-2063223255620587723,997863,1492121356
-6453056951713062283,997863,1492121318
3950658550518354558,997863,1492121363
-2891515855894688248,997863,1492121314
-2168548264078488912,997863,1492121350
-4501715688427946001,997413,1492121328
6351901351456054556,997926,1492121319
-6100513053809985481,997926,1492121338
-4501164321695408163,997926,1492121319
-6804877040697459120,997926,1492121318
-6092082636831460023,997926,1492121330
2120744460277140481,997926,1492121309
-3567537658796053168,997926,1492121358
-8112419350577617097,997926,1492121333
-1408206859090182259,997926,1492121367
150961476799032983,997926,1492121326
1085498893990011257,997926,1492121355
-7665705722391771765,997926,1492121355
-5183279557552000011,997926,1492121353
-2005698618267634620,997926,1492121312
-816232098217869716,997926,1492121356
6505926876224927453,997926,1492121365
-6453056951713062283,997926,1492121337
6300474043967910110,997926,1492121357
6432747089836460959,997926,1492121345
5182771790534284868,997926,1492121316
-8952371274420706590,997926,1492121360
-549685602501999683,997926,1492121339
-1461742493410872542,997926,1492121307
-7697119817123553193,997926,1492121334
1633181142058755246,997926,1492121310
-4574295592803405310,997926,1492121356
8233856415206047676,997926,1492121335
-211648293594815520,997732,1492121309
7768019845192916888,997952,1492121330
-8344355806417770631,997952,1492121355
-4900586430929191310,997952,1492121317
7630062648404583439,56487,1492121317
8587364278273919530,343800,1492121363
-1287614663625033863,997816,1492121316
1414382972857461710,997816,1492121355
102825769292475574,997816,1492121356
8174091539366776897,997816,1492121353
4204925611494228502,997816,1492121350
-490369659861049064,997816,1492121351
-3082606706244695942,997846,1492121359
1326379201182494405,342862,1492121357
6862290245526934640,964962,1492121326
3319963324947689444,997460,1492121336
1041630293186602145,993784,1492121325
1013776097688072792,944020,1492121349
3434166149344229363,344072,1492121306
-9160581719066246288,997017,1492121336
8425386413586861100,997357,1492121358
-4931936927769276315,997357,1492121326
3434166149344229363,344036,1492121352
-6079182326400348994,997832,1492121337
8231270286313287984,997832,1492121312
6243318913999481824,997780,1492121344
2346866664052486160,997780,1492121324
-435459370989127881,988454,1492121335
7107348122917275216,996337,1492121317
-8596874138101885435,997395,1492121354
-7989129414015393117,344592,1492121318
-4688835364350238915,997444,1492121308
3402933256760205276,997444,1492121322
-2607696915616323524,997444,1492121355
3148283779710722477,997623,1492121314
-351177242248931519,997623,1492121309
5853171530999668386,997623,1492121353
-3257314773254958473,972937,1492121323
7100045936980280508,972937,1492121359
3434166149344229363,344059,1492121312
-4501715688427946001,997428,1492121310
-1681149466845079306,996997,1492121326
2021467333364959621,996997,1492121347
4285621294962055331,996997,1492121361
-4230186275932894663,985551,1492121355
-1311111819690247111,997541,1492121310
-3006117047952309176,997541,1492121326
2411758954626670833,997990,1492121328
1051431397113153670,997990,1492121320
1986731474671559829,997985,1492121357
3022631143446637815,997985,1492121324
4431499300988003766,997985,1492121334
-1859827994969390473,997985,1492121366
6758012198816713971,997985,1492121343
-4307274841038959502,997987,1492121325
-5037800525202956254,997987,1492121318
-5592840369427157642,997987,1492121308
-3181042492940584134,997987,1492121336
2663847359224919194,997987,1492121328
5978787064196936230,997987,1492121341
8587364278273919530,342184,1492121363
4356712165481825948,887916,1492121345
-8654392912275940655,997978,1492121348
-222155312214668187,997978,1492121326
5462745481028585816,997978,1492121362
-1902460325088509351,997978,1492121329
-8834414135707306775,997978,1492121361
4194689893579960528,997978,1492121362
7613635886833434547,997978,1492121309
-2570836185186197296,997978,1492121321
6650877506836782743,997978,1492121342
3984511998718426737,997978,1492121262
-2082879808623457206,997978,1492121349
-6191916802208942670,997978,1492121315
237174237122364481,997978,1492121331
-324515833990725452,997978,1492121312
-6380401123533885283,997978,1492121308
5410698611774617536,997978,1492121316
5290982049123188008,997978,1492121349
2184408570621675336,997978,1492121336
4281186185106699586,997978,1492121355
2588391784370790152,997978,1492121364
7552208456060775265,997978,1492121327
-9066436655399720121,997978,1492121362
1531646217330841496,997978,1492121317
6841175008569333297,997978,1492121361
7786815159848084105,997978,1492121342
8359351186212025862,997978,1492121315
-5926116817247581112,997978,1492121322
-4141097102430224256,997978,1492121345
9069424244007409938,997978,1492121360
-42791471527361963,997978,1492121351
1383649689658664214,997978,1492121320
-7840417544779411566,997978,1492121361
-4840043436933978319,997978,1492121324
9142926363968051613,997978,1492121328
670651980740786994,997978,1492121333
8124678114998472232,997978,1492121341
-6871332723766264756,997978,1492121309
8714541935725049187,997978,1492121331
-1052967483303107948,997978,1492121314
-5690243197663226892,997978,1492121360
-1640350051806127614,997978,1492121361
7814946286667900671,997978,1492121338
-4328683976447556679,997978,1492121339
2555848773270866863,997978,1492121327
-1008167261330071844,997978,1492121341
-7840888880996794467,997978,1492121321
7004636983803825309,997762,1492121353
284827083533785347,997762,1492121331
-9149633107488819389,997762,1492121345
1637192287824207729,997762,1492121323
-2458869555074653849,997762,1492121346
-4363718118219410391,340254,1492121313
8362986481606600515,989054,1492121320
5805879669395076910,420064,1492121361
7400324304020616933,420064,1492121321
2847837022824585987,420064,1492121312
-8124642448139383914,997633,1492121366
3053714972804756857,997633,1492121363
3434166149344229363,344054,1492121329
3469501380296805654,997973,1492121342
-4253247337418317242,997973,1492121366
-1448433483834334306,997973,1492121366
7654929926247811905,997973,1492121349
-6605774250965380744,997973,1492121309
1240784699291776743,997973,1492121350
-3120884229232689015,997973,1492121323
-5476579049294310496,997973,1492121313
-3252669369224177828,997973,1492121348
-4582164391816994641,997973,1492121316
1319363502739948083,997973,1492121333
5019556799777895479,997973,1492121331
2269532602911120406,997973,1492121367
3353216592301593183,997973,1492121358
-6113555494348386964,997973,1492121348
504188107487047766,995868,1492121345
-7665705722391771765,997929,1492121322
-6453056951713062283,997929,1492121337
3950658550518354558,997929,1492121363
-2063223255620587723,997929,1492121356
-5462326595937863945,997452,1492121327
-8399667853091065495,997824,1492121328
5632572391040511467,997824,1492121358
-9179893701115749022,997824,1492121354
-8640851094991905191,997824,1492121318
-6978994522128543511,997824,1492121343
-4728233225202414080,997824,1492121338
-7145263547057926117,997824,1492121356
6349159811442870354,997824,1492121317
3755367321382963880,997824,1492121323
1414382972857461710,997824,1492121364
6770637185150018710,997763,1492121367
3434166149344229363,344037,1492121351
-5704250076725442634,984248,1492121338
-4686631685703367747,984248,1492121315
-1589440314810803661,984248,1492121328
-7708470710435759783,984248,1492121328
237174237122364481,984248,1492121333
7009548059480552641,984248,1492121336
-705012380845017888,984248,1492121313
-7497089675014364383,984248,1492121334
9101678472269778320,984248,1492121309
1383649689658664214,984248,1492121309
5410698611774617536,984248,1492121342
-3461070518606920856,984248,1492121347
1025390600820129362,984248,1492121327
3738057729906567788,984248,1492121353
5417234813038291717,997947,1492121308
-1937875448505444807,997947,1492121329
-5473605291224838411,997947,1492121311
-4452199794057304223,997947,1492121338
-6210179914158026659,997947,1492121313
1482628766218544297,997947,1492121310
88023293636553742,997947,1492121333
5403572036362312114,997947,1492121333
3319963324947689444,997425,1492121309
3434166149344229363,344063,1492121314
-3739516816829032540,997949,1492121354
-7333740417462907316,997949,1492121339
-8339239282857855656,997949,1492121326
-2617723329692985700,997949,1492121312
4906797025829902451,997949,1492121353
6599931276409644870,997951,1492121333
-6210179914158026659,997951,1492121312
88023293636553742,997951,1492121328
1482628766218544297,997951,1492121310
-8806125954548629096,997650,1492121339
-8301668595730561736,997355,1492121328
-8324961127446757618,993969,1492121341
-9201496862272289306,996960,1492121332
-4099036737169761120,997941,1492121336
-2446794330398555822,997941,1492121349
4629401465842975347,345258,1492121364
7400324304020616933,345909,1492121340
2847837022824585987,345909,1492121328
5805879669395076910,345909,1492121362
-7481708717922255475,997107,1492121323
-37440407212137547,997107,1492121361
-4675109967097070591,997107,1492121354
5651230654249132840,997107,1492121349
-5308927261241134401,997107,1492121356
-2372989455443491810,997107,1492121332
5758778235483241947,997107,1492121315
-8349213486201985813,997107,1492121349
8814555612434177590,997107,1492121321
-5279260284066492624,997107,1492121311
-137908598883911218,997107,1492121355
-3423946321377187301,997107,1492121327
6775316072919684857,997107,1492121324
-6499359099478371985,997107,1492121326
-2406413465404147435,997107,1492121353
-3859634024774537977,997107,1492121338
-2968883814530616341,997107,1492121334
-4018939661133511022,997820,1492121344
-3082322244047538330,997820,1492121322
1184038799636640763,997820,1492121324
-5184170464569213358,997820,1492121359
436106288215471627,997820,1492121358
3368475823772210794,997820,1492121342
-1528289280624306080,997820,1492121351
4104908208908067746,997820,1492121364
-759398642146103911,992978,1492121317
-8596874138101885435,997442,1492121335
-8512545157160074410,997639,1492121359
499764487374765230,997954,1492121362
-8124761112375848257,997954,1492121348
6401390071858026437,997954,1492121351
-1183849447557149120,997954,1492121327
-4870723781517576114,997954,1492121316
-823832882315863536,997954,1492121325
7260301684349663640,997954,1492121362
4906797025829902451,997954,1492121361
1332461035163416485,997954,1492121345
-4080248349122046141,957837,1492121354
3434166149344229363,344033,1492121354
3053714972804756857,997852,1492121329
3383139498702412274,997537,1492121325
-3796950225805325600,997537,1492121325
5290664218743132201,985507,1492121306
232862119473839413,13396,1492121360
-1070363015132028925,997848,1492121350
3069154279625561179,996406,1492121305
8279733611344518896,996406,1492121326
-4476810264455165708,890185,1492121309
6640337953545012170,990703,1492121311
-4230186275932894663,985240,1492121328
7768019845192916888,997823,1492121351
-4501715688427946001,997416,1492121350
-8596874138101885435,997416,1492121345
4627381344788003987,995496,1492121306
-8922176820302629602,997986,1492121340
-1859827994969390473,997986,1492121366
746931285684036394,997986,1492121326
-2912715259036310822,997986,1492121317
-4280800989229933377,997986,1492121340
-8155811010741278575,997986,1492121350
-6599696475237147453,997986,1492121344
-933042216350775994,997986,1492121329
-181661613203628350,997986,1492121338
6758012198816713971,997986,1492121343
-8045708225438629838,997986,1492121319
7312380989419688269,997986,1492121334
-722656777175094395,997986,1492121362
-4454911440629878008,997986,1492121366
-969878835921802045,997986,1492121346
1424238294185516009,997986,1492121325
5315607958905908511,997986,1492121327
-6649088609141932800,997986,1492121317
2277692605523281475,997986,1492121308
-2880285857857675378,997986,1492121362
9065507138771910716,997986,1492121339
-6552759911166116417,997986,1492121329
-3472290349861918170,997986,1492121357
6108805149362193025,997986,1492121348
14762762812199047,997986,1492121362
-7445232766667073201,997986,1492121364
-3875845990948438157,997986,1492121332
-2168548264078488912,997986,1492121318
8641079154487541580,997986,1492121317
-6677129121202883253,997986,1492121309
-9098459072232379256,997986,1492121335
1716922702215510962,997986,1492121312
5565485602163163460,997986,1492121355
-7490058959469303089,997877,1492121357
-9160581719066246288,997024,1492121306
1353556236386291467,950579,1492121339
4391672777648495950,994814,1492121323
-1745476139564640278,997744,1492121320
41246998179405357,997844,1492121360
-4273153121359060940,997844,1492121341
4517187729547919146,995464,1492121361
-1798852519546895618,995787,1492121349
-8911407412862587361,997930,1492121335
1946514880847736406,997930,1492121355
-5473605291224838411,997930,1492121344
5417234813038291717,997930,1492121360
-5325062850684870123,406042,1492121363
-3646170315368279876,997948,1492121356
-1247363069339827830,997948,1492121308
4603730940955477849,997948,1492121315
4877305064731878580,997948,1492121335
3137919719027047212,997948,1492121368
-4099036737169761120,997948,1492121353
-8512545157160074410,997948,1492121352
-4007042200816229940,997948,1492121310
3329245988207272213,997818,1492121322
-490369659861049064,997818,1492121313
-488686369788200739,997818,1492121357
4204925611494228502,997818,1492121343
3738057729906567788,997818,1492121313
-4449924910569315177,997706,1492121355
7630062648404583439,56495,1492121357
-4257599865461276578,997719,1492121312
-2939375245865996767,962309,1492121353
-9160581719066246288,997016,1492121362
-4363718118219410391,340121,1492121313
-7865382065669929137,997302,1492121363
-2172459184967712613,997703,1492121323
163556344109171657,997703,1492121337
-431073188237776726,997703,1492121316
1637924898573890018,997703,1492121361
-6500665674207938536,997703,1492121348
8577516700482762944,997703,1492121340
-3996571171028104347,997703,1492121334
8935452177522419641,997699,1492121325
-2165818571518209223,997575,1492121333
7177290512468956025,997575,1492121334
3850387248899282437,974441,1492121314
-5283634121580933209,974441,1492121336
-2906555792472223251,997638,1492121303
4571171515611509288,997638,1492121343
8278869978420766710,997638,1492121352
-8806125954548629096,997642,1492121322
-3006117047952309176,997642,1492121323
7573024064990194261,997642,1492121330
6732518150631449689,997642,1492121328
2123395124392697192,997642,1492121311
6201644924112719565,997642,1492121361
7785725363715121294,997642,1492121318
5414279583634782201,997642,1492121313
-6834858975489375042,997642,1492121366
6564227869897234122,997919,1492121332
-5667682300077499579,997919,1492121327
1455956881124479033,997919,1492121341
-1539744673326698495,997919,1492121339
-1761901907472531306,997919,1492121309
7498617200691527529,997919,1492121324
-4063992477811202507,997919,1492121352
2877628387354284158,997919,1492121333
-6713919414813850630,997919,1492121365
-3065811041939836303,997919,1492121346
-5625825733540887010,997919,1492121355
5571248844867489552,997919,1492121323
-9066436655399720121,997919,1492121323
-7544035370110629652,997919,1492121362
-7922639565365781509,997919,1492121354
7888917081110786051,997919,1492121323
423891547827128042,997919,1492121318
3738057729906567788,997919,1492121343
-3501007889110451985,997919,1492121349
3806670149929138722,997919,1492121360
1047174659253396468,997919,1492121313
6909511403280738444,997919,1492121366
-6871514095863114023,997919,1492121359
-3125711806920546042,997919,1492121341
898689415779967440,997919,1492121366
6319229902898367952,997919,1492121324
7655209426938049280,997919,1492121360
-1994066118400276509,997919,1492121312
-349133558330154045,997919,1492121362
4514119449313427658,997919,1492121352
-192873746031814320,997919,1492121313
9136073610510276806,997919,1492121351
-2409529419782867518,997919,1492121358
-149506144629305304,997919,1492121367
-3230088041462874798,997919,1492121330
5672587926056183848,997919,1492121355
7356689904961408156,997919,1492121334
5049083592586773534,997919,1492121336
-5732972028321998571,997919,1492121324
-5667742051951992570,997919,1492121324
4084425361263700354,997919,1492121310
4004174384907363104,997919,1492121346
1271556199863852963,997919,1492121366
-5135789114711591951,997919,1492121338
4664762636859516135,997919,1492121356
-6085622510433548398,943532,1492121330
638784311167145017,997601,1492121343
-2165818571518209223,996683,1492121336
7177290512468956025,996683,1492121336
-6288505152505421678,988631,1492121358
4629401465842975347,345257,1492121354
-5476579049294310496,997966,1492121367
-713683166249003015,997966,1492121364
-5464662029374919508,997966,1492121359
-6605774250965380744,997966,1492121316
193585083246512694,997966,1492121336
-3252669369224177828,997966,1492121348
1240784699291776743,997966,1492121350
-1448433483834334306,997966,1492121366
7267757453093620239,997966,1492121319
-4253247337418317242,997966,1492121366
3434166149344229363,344066,1492121309
-6143892179111035196,992295,1492121344
8856708073838749013,911817,1492121358
-423691405942958428,927743,1492121332
7909346761661182,997531,1492121324
3860185730403200898,997531,1492121329
6275349271479221121,997531,1492121334
-4089577999820630,997531,1492121350
7655209426938049280,997925,1492121357
1319543554735512985,997925,1492121347
9136073610510276806,997925,1492121343
5853171530999668386,997624,1492121353
39032084320880991,997624,1492121363
-8324961127446757618,994029,1492121339
-6132862867115852721,980718,1492121359
-488686369788200739,997843,1492121313
7254400117503037532,997843,1492121248
-8512545157160074410,997343,1492121341
5802296211074025940,997343,1492121318
499764487374765230,997958,1492121361
8174091539366776897,996789,1492121319
2637285931831800907,996789,1492121309
5077481448946990124,997962,1492121359
-6625553543968182780,997962,1492121333
262347474034787151,997962,1492121334
-4454944985995072832,997962,1492121319
6606183545428644910,997962,1492121350
7901935304602081499,997962,1492121357
-4253247337418317242,997962,1492121341
-6113555494348386964,997962,1492121347
-6077642613220080306,997962,1492121328
-1448433483834334306,997962,1492121353
753102057219696899,997962,1492121362
-5733017022401167002,997962,1492121366
-2845455496983739266,997962,1492121355
3373679180949954419,997962,1492121350
402338600551496155,997962,1492121343
6844296085482298257,997962,1492121309
1984113230448399698,997962,1492121317
-8487594358218011492,997962,1492121359
-3330277280153482245,997962,1492121334
2358581911297314574,997962,1492121367
4586455672506870187,997962,1492121352
-759813182218256873,997962,1492121351
2473495273715465189,997962,1492121343
2015634944852002340,997962,1492121326
-2392174780440197418,997962,1492121354
-5372211722609640004,997962,1492121318
-4057196361782092531,997962,1492121327
-2241988607367542071,997962,1492121343
4325911551457618400,997962,1492121347
3783049761157536476,997962,1492121356
5696126602438575738,997962,1492121323
1424238294185516009,997962,1492121362
-7731495270152645657,997962,1492121340
-3339605898019406353,997962,1492121363
-6353126418718272985,997962,1492121343
-2168548264078488912,997962,1492121326
3037473737335706380,997962,1492121312
-3869032997123994609,997962,1492121330
440026663954582192,997962,1492121330
-9169874167216774833,997962,1492121353
-8806235490633798723,997962,1492121361
-7226127788924415261,997962,1492121337
-5778007144894407187,997962,1492121364
-8985537024949985702,997962,1492121322
-6129536607698415177,997962,1492121333
-5871920901144021797,997962,1492121324
-4946837781376154016,997962,1492121368
2738860665231517887,994318,1492121331
4913618918882941108,897190,1492121355
2288476838333514613,997995,1492121331
3012810640157868809,997995,1492121324
-5535894675096644060,997995,1492121322
553232222492152261,997995,1492121340
-631645110354276659,997995,1492121356
7909346761661182,344946,1492121360
-1351394088217942775,996848,1492121310
3434166149344229363,344058,1492121320
-6748769762602987903,997942,1492121367
9207483632245757806,997942,1492121325
9143522479108286435,997942,1492121324
4722999859280941721,997942,1492121345
644737127847967380,997942,1492121323
4876505542682292870,997942,1492121328
6364864770930804153,997942,1492121334
-8082159224365031073,997942,1492121331
-27149471311432682,997942,1492121329
-2408505448081626365,997942,1492121353
603544300378789584,997942,1492121320
-1130025249796130056,997942,1492121317
7304930916150366369,997942,1492121322
-8847650030841744799,997942,1492121323
8448270218441972897,997942,1492121348
-4099036737169761120,997942,1492121363
8053141553121554400,997942,1492121335
-3179690620730136478,997942,1492121331
4434953330053938389,997942,1492121343
-5773696303818059063,997942,1492121309
2075251819863060110,997942,1492121318
-744859839671370081,997942,1492121330
-1033966202216642732,997942,1492121330
-4342973143590900128,997942,1492121367
-8379547734491363229,997942,1492121316
5576801048732556780,997942,1492121342
-4466111969887035106,997942,1492121359
6785370155679111684,997942,1492121346
-1762442142236534335,997942,1492121331
-8255955330974634202,997896,1492121339
3402933256760205276,997896,1492121310
-5704250076725442634,997896,1492121340
-3102715241629402257,997896,1492121361
4971478375507122180,997896,1492121331
3944578298695355313,997896,1492121354
-6634982097675874693,997896,1492121351
2526359081904095638,997896,1492121341
3214789074414883960,991801,1492121361
-76203164882473502,997885,1492121360
-3082606706244695942,997885,1492121323
-2731844890602851996,997885,1492121347
6861974504936204907,997885,1492121326
-4442015983784293649,997885,1492121330
-7979425108153944323,997885,1492121351
3434166149344229363,344046,1492121330
-6424031320531460302,997672,1492121319
2484960435794957602,997672,1492121338
6559155005794494008,997672,1492121309
-6720512978559019105,997213,1492121354
77604299942725778,922568,1492121346
-2063223255620587723,997914,1492121318
3713059128565455246,997914,1492121322
3950658550518354558,997914,1492121328
-5896524336305237019,997914,1492121321
4356712165481825948,885947,1492121368
-8771899259224868148,997961,1492121344
4906797025829902451,997961,1492121347
4163839134022376791,997961,1492121309
-2455775868461705873,997961,1492121345
3491805527787333814,997961,1492121340
-3850260690931915372,997961,1492121327
372217663007645537,997961,1492121364
4647139220404739173,997961,1492121337
-7360011301354181023,997961,1492121350
4328684261562742227,997961,1492121332
4928191467168049445,997961,1492121316
1336817182589736765,500908,1492121315
3434166149344229363,344035,1492121350
-600078994955359618,997933,1492121330
6685131582131764073,997933,1492121334
3137919719027047212,997933,1492121342
-4099036737169761120,997933,1492121349
-4392895034647569077,997933,1492121316
1231273373944846236,997933,1492121360
3796824575985723918,997933,1492121357
7395116341018518373,997933,1492121351
-7482241184408843092,997139,1492121318
-2873658728293913691,997912,1492121354
3706864559542571425,997912,1492121352
-8536529042608629154,997912,1492121363
594158272910876705,997912,1492121326
-314032752912251318,997912,1492121355
5530976196474720654,997912,1492121339
-5777712021503606279,997912,1492121334
5871839233969535367,997912,1492121364
-2795979670663117994,997912,1492121340
-189736865177268570,997912,1492121326
7992483749591678199,997912,1492121350
472950674395631641,997912,1492121325
7304930916150366369,997912,1492121332
-8082159224365031073,997912,1492121338
-8847650030841744799,997912,1492121328
603544300378789584,997912,1492121322
-2408505448081626365,997912,1492121353
-2004558564084558620,997912,1492121350
-27149471311432682,997912,1492121329
-4099036737169761120,997912,1492121363
1466383064858419366,997912,1492121312
-6748769762602987903,997912,1492121367
1545494179486531473,997912,1492121338
-8324961127446757618,994254,1492121311
7916832538799891645,993661,1492121344
3434166149344229363,344053,1492121327
-7105839453472013138,192623,1492121330
6602368936159691164,997396,1492121355
5541975913424330851,997982,1492121349
4175008220521639643,997982,1492121367
-1745476139564640278,997756,1492121315
-179250462661900403,997756,1492121339
-1535525943012877247,997756,1492121327
5554342439260056554,997964,1492121332
-6605774250965380744,997964,1492121359
-5476579049294310496,997964,1492121367
220603784457347982,997975,1492121361
-1420239225915630253,997975,1492121343
8426936383419788369,997975,1492121352
6650580328337331097,997975,1492121357
1319363502739948083,997975,1492121322
-3252669369224177828,997975,1492121323
7230642702475672616,997975,1492121362
8138254565982013508,997975,1492121355
-4301795948436940820,997975,1492121359
9024352275440112078,997975,1492121317
7406711581801035909,997808,1492121330
7916832538799891645,993667,1492121344
507489918028592975,339899,1492121355
1661017422231173404,997904,1492121339
4573055502221205230,997904,1492121329
4956387956652121151,997904,1492121338
9200626665255859030,997904,1492121316
-9066436655399720121,997904,1492121351
6615662689510778692,997904,1492121345
-9020875335280151342,997904,1492121363
7202757726049297941,972031,1492121331
3706036412985802697,997779,1492121350
7586720546775897793,997779,1492121322
3576907947980576191,997779,1492121310
7297218624062740565,997779,1492121346
3319963324947689444,997463,1492121336
8362986481606600515,989027,1492121348
-6568203690625431520,997992,1492121337
8174091539366776897,996855,1492121319
-1311111819690247111,997646,1492121365
-3944851105406493202,997646,1492121312
-4514980878036836908,997972,1492121348
-5464662029374919508,997972,1492121346
7848733222782013057,997972,1492121364
-1726249647069752808,997972,1492121317
193585083246512694,997972,1492121327
-232602757584600743,997972,1492121343
-6055179615588435528,997972,1492121327
7001189717634814452,997390,1492121340
3434166149344229363,344062,1492121316
3530313340500563964,420144,1492121354
-8947604440795242598,997680,1492121318
4391672777648495950,993207,1492121356
-4870723781517576114,997934,1492121328
-8124761112375848257,997934,1492121366
6401390071858026437,997934,1492121356
329403150067289188,995550,1492121328
8886752094496245720,995550,1492121330
2183998480249800142,997918,1492121338
-3125711806920546042,997918,1492121316
-9127233898697943996,997918,1492121336
8035496985179428894,997918,1492121356
4956387956652121151,997865,1492121362
-5546033165972690374,996903,1492121353
7104622487695901720,997977,1492121364
-7714953582144920399,997977,1492121336
8138254565982013508,997977,1492121355
-8964939219862163684,997977,1492121342
6650580328337331097,997977,1492121330
-4301795948436940820,997977,1492121359
-4615784381251182147,997977,1492121369
8996328351541983932,997977,1492121354
2072862630889495373,997977,1492121347
-3252669369224177828,997977,1492121318
-4269777560657271115,997977,1492121324
3704065874202376364,997977,1492121315
-298210267222217856,997977,1492121328
-183989606069292296,997977,1492121352
5571248844867489552,997977,1492121332
-7893458881340859590,997977,1492121351
-1294636626887267939,997977,1492121325
5583888447928872856,997977,1492121344
1667275617014691659,997977,1492121336
-4158952465123141089,997977,1492121322
-6424031320531460302,997977,1492121344
-4584900536988879307,997977,1492121331
7588298477229114771,997977,1492121310
443141901259370433,997977,1492121336
3118923330830252470,997977,1492121364
-5930482385117135336,997977,1492121322
-7423387461124699273,997977,1492121347
-8155811010741278575,997977,1492121360
-3116885068993108966,997977,1492121334
-1963396201218649225,997977,1492121355
7011975303275291129,997977,1492121358
-2149803713795893176,997977,1492121356
-2297646142209366155,997644,1492121322
-3700396693006110673,997644,1492121318
-2081143003619027532,997644,1492121357
-3944851105406493202,997644,1492121362
6386662140519520001,997644,1492121353
1013776097688072792,997747,1492121338
-486836852232565552,997747,1492121321
-1745476139564640278,997747,1492121335
4995311818953843108,997747,1492121345
6770637185150018710,997747,1492121367
-1397581337118924571,997363,1492121340
2864811307528791002,997582,1492121353
7619261400541002497,997996,1492121347
8657959019957890749,997996,1492121367
6921137055983498567,997996,1492121364
1744712228430921639,997996,1492121311
1319543554735512985,997996,1492121368
-4108913741886905880,997996,1492121322
6602368936159691164,997423,1492121353
-5462326595937863945,997723,1492121347
6878717855789416466,997798,1492121368
-8392482079657959114,997798,1492121340
-3367805001838867547,997786,1492121322
-8126663974378120373,997786,1492121339
-2446794330398555822,997943,1492121335
-4099036737169761120,997943,1492121327
7059284567018411613,997943,1492121321
7768019845192916888,997943,1492121333
7579806275555993991,997943,1492121323
3434166149344229363,344034,1492121345
1171563176997350020,996821,1492121316
7107348122917275216,996821,1492121326
3434166149344229363,344042,1492121326
-9020875335280151342,997905,1492121341
6395740541905742099,997905,1492121357
6615662689510778692,997905,1492121338
133136244458359282,997905,1492121360
-4464285459005473698,997905,1492121311
-2549230734024412725,997905,1492121369
4285621294962055331,996981,1492121334
-8512545157160074410,996981,1492121336
-823832882315863536,997957,1492121325
-5420271406914139619,997957,1492121328
1332461035163416485,997957,1492121345
4906797025829902451,997957,1492121361
141622018305845892,997957,1492121323
-2617723329692985700,997957,1492121361
-8339239282857855656,997957,1492121364
-4980070288985830124,997631,1492121362
3434166149344229363,344069,1492121308
-7490058959469303089,997871,1492121357
1899302902777665208,343694,1492121344
7400324304020616933,343694,1492121365
-3082606706244695942,997864,1492121348
-1057188454987632094,997864,1492121350
-8596874138101885435,997367,1492121368
3053714972804756857,997851,1492121320
2186222305994341857,997851,1492121320
623003772877043440,997851,1492121320
-4806476537649360430,997851,1492121359
-3984232523791370836,997851,1492121363
2893167279534854825,997851,1492121336
-478981747787405452,963999,1492121346
-7105839453472013138,192622,1492121328
3434166149344229363,344068,1492121308
-3006972356297360647,997569,1492121336
-6135941025715181350,997911,1492121316
-3082606706244695942,997888,1492121318
-8512545157160074410,997742,1492121330
4293972146709507151,997742,1492121367
-6812811401794552564,997742,1492121311
-1745254402326535404,997742,1492121311
329403150067289188,994739,1492121342
4391672777648495950,993793,1492121340
-7482241184408843092,997361,1492121332
-1745476139564640278,997702,1492121344
-486836852232565552,997702,1492121321
3434166149344229363,344050,1492121336
-8813780544459243616,997788,1492121336
-7917299455425478320,997283,1492121340
7630062648404583439,56490,1492121357
-8552212603161486499,168868,1492121345
-3082606706244695942,997873,1492121340
-1057188454987632094,997873,1492121350
-7743391129054272092,933667,1492121337
3434166149344229363,344064,1492121315
3214789074414883960,996723,1492121324
-4688835364350238915,996723,1492121363
3402933256760205276,996723,1492121327
3434166149344229363,344038,1492121339
-8124761112375848257,997953,1492121366
6401390071858026437,997953,1492121356
-4870723781517576114,997953,1492121320
-1183849447557149120,997953,1492121327
1171563176997350020,996839,1492121364
-590918459614333157,997854,1492121319
3434166149344229363,344073,1492121304
8588817158395626,997697,1492121315
2471032354759039413,997697,1492121351
1418954782888955084,997697,1492121354
-590918459614333157,997697,1492121323
-4442015983784293649,997697,1492121310
-5462326595937863945,997767,1492121347
-488686369788200739,997842,1492121339
4204925611494228502,997842,1492121330
-9160581719066246288,997023,1492121327
-5147328917643632204,997454,1492121363
8411946805392306813,997983,1492121357
3473924175425213765,997561,1492121310
-3006972356297360647,997566,1492121364
-6948424832140453060,997261,1492121339
-7490058959469303089,997868,1492121311
-3082606706244695942,997868,1492121365
-8813780544459243616,997812,1492121336
-2951092751644090609,184846,1492121318
3434166149344229363,344032,1492121358
-3944851105406493202,997649,1492121343
-1311111819690247111,997649,1492121365
4995311818953843108,997752,1492121345
-1745476139564640278,997752,1492121328
3434166149344229363,344051,1492121334
8587364278273919530,343912,1492121318
4586455672506870187,997652,1492121356
-3006117047952309176,997652,1492121318
