-493408560803328686,997788,1492135965
-7280352650671837641,997741,1492135997
8644979727314958842,996684,1492135992
1555206127134751340,997813,1492135967
8199746334032741696,997813,1492135951
7072548268737480216,997813,1492135988
55887140934202600,997813,1492135959
-7813966692600553670,997813,1492135992
5207777893738229371,997813,1492135950
5419932751632515864,997813,1492135983
-5771966662104364459,997813,1492135995
6609062595855642042,997813,1492135966
3514611142181151391,997680,1492135993
6918736438528093198,344137,1492135996
1285352672263176212,997825,1492135954
701409482974673556,997825,1492135975
643960729328909355,997796,1492135962
1769502417908072554,997715,1492135971
-6873611284048137369,997958,1492135960
-1295747311678166424,997666,1492135999
-7410147438219942897,997666,1492135987
-1732705820467894656,345001,1492135994
-4525819222199221965,997854,1492135967
-4096088530173955588,997854,1492135990
-7030213600698075210,997854,1492136003
-1117832572440224611,997801,1492136002
1465793929471008669,995054,1492136000
-5037724020246320266,997795,1492135980
5247710755397021634,997795,1492135974
-4150994009306830415,997795,1492135994
1128045910381543829,997795,1492135958
5268957608510590555,997795,1492135999
-67258091296972428,997795,1492135994
-7657699004919246682,997795,1492135957
-7666183633852697296,997795,1492135962
2349220986454763312,997795,1492135976
-1843906833372621627,997795,1492135945
-7888459868733387422,997795,1492135968
-2315045612787115520,997795,1492135991
2536908929943638177,997795,1492135997
-8453060448401338836,997795,1492135971
1580084996918929791,997795,1492135988
-6509848251802646054,997795,1492135960
-2368297512809483426,997795,1492135968
9104224027657190290,997795,1492135951
-1551241446600602540,997795,1492135972
9112912148078675721,997795,1492136002
-1486676002908629099,997795,1492135952
-7431816081565042327,997795,1492136001
-58167844071757723,997795,1492135973
5685238840178040272,997795,1492135993
-4268188407162586427,997795,1492135979
-5577354463229803254,997795,1492135987
3791477310910657400,997795,1492135953
3574487834041497313,997795,1492135956
5097947393458401877,997795,1492135972
7332229705930078218,997795,1492135987
54120234180811444,997795,1492135984
3221516020555062374,997795,1492135980
448275096320267147,997795,1492135963
1582053433011289689,997795,1492135974
-7894804806209829213,997795,1492135968
-3630813966484987878,997795,1492135946
9046501239535830338,997795,1492135970
4307947487849515269,997795,1492135982
5077981262683766993,997795,1492135973
654550323693009134,997795,1492135985
2889778009773384933,997795,1492135987
1994677247123722610,997795,1492135965
-6945757134242796888,997795,1492135988
-5406044646240183014,997795,1492135967
8314003714105010675,997795,1492136000
1444467940945825034,997795,1492135968
6512599138102645985,997795,1492135980
7863860528487044682,997795,1492135996
-8548000577398703868,997795,1492135975
3566043753948049102,997795,1492135988
-4079640067221093767,997795,1492135962
-6840464295665413095,997795,1492135951
1443486917498768504,997795,1492135948
-8753236683204238954,997795,1492135976
-7325127388476517063,997795,1492136002
5211911485102671187,997795,1492135981
-835876234573550424,997795,1492135946
2900300483978376767,997795,1492135976
-7673167890970653461,997795,1492135966
7002827030947676433,997795,1492135968
4978244946965179094,997795,1492135945
7161550014406254429,997795,1492135984
-8047443862433868248,997795,1492135994
-1429138562087187879,997795,1492135965
5226645748652366928,997795,1492135962
1186994717215811739,997795,1492135949
3140341745921116677,997795,1492135964
7814683964491701608,997795,1492135952
2414222135199895643,997795,1492135987
-9010159293059931107,997795,1492135981
-7180375876296733715,997993,1492135963
3774181018146649462,997993,1492135996
-3338454973765305138,997993,1492135951
8718156877773388492,997993,1492136003
-3512714619905853908,997993,1492135986
-4579832983968498849,997993,1492135956
-1830917589169887488,997993,1492135989
2174174932141567214,997993,1492135952
5693687997358155402,997993,1492135982
3325637740938951555,997993,1492135985
-7760603651636930167,997993,1492135951
230955209674602520,997993,1492135966
8474965953330453698,997993,1492135988
8948855767974180128,882087,1492135999
-9014357140113015479,997577,1492135964
-4766540102250916633,997539,1492136003
-7431513996244383122,997539,1492135956
6941094729997976870,997539,1492135968
1835174470769448931,997818,1492135944
-2056430169338947132,997885,1492135973
6706919921594315230,997885,1492135988
-4374129446025820915,974441,1492135972
3784490851790713872,997876,1492135969
8593994183025758501,997332,1492135961
4122936820983929761,997891,1492135980
5852403129731465897,997919,1492135953
-2078956283737295803,997919,1492135978
7444152600183270739,997919,1492135986
-8343120313410944511,997919,1492135969
1333196676061019389,997919,1492135974
-1086931709140821462,997919,1492135979
-4395012248026144541,997919,1492135978
-4096088530173955588,997919,1492135971
-4105135626067394737,997919,1492135978
-2394028924754527481,997919,1492135987
1394619769277629273,997919,1492136001
-8339929398254670787,997919,1492135997
6817074791732231814,997919,1492135960
-206565562218074243,997919,1492136001
-2053140835380455548,997919,1492135950
-2878796059447552649,994783,1492135966
1491705908640212405,997786,1492135966
-1117832572440224611,997786,1492135982
-4608159186855191442,997325,1492135944
-902584486076383964,997611,1492135995
1914703828131664760,997611,1492135967
-4429338002261734377,997681,1492135961
1440623200290133410,995488,1492135954
-2874081364793243818,976732,1492135963
563473508446201640,980875,1492136003
8482435292548690665,997171,1492135946
-7618428521552873721,997988,1492135965
-6202762287914945001,997988,1492135997
-6704032223087902345,997988,1492135999
7193309150530429881,997988,1492135979
1657641321257142746,997988,1492136002
-6900480517224927379,997988,1492135957
2866139591417126616,997988,1492135985
8511951218020774203,997988,1492135979
-1982710489602701443,997988,1492135978
7635981956071747853,997988,1492135967
-8398835511393666763,997988,1492135982
-4634958871976586148,997988,1492135972
2456087755411454424,997988,1492135944
7283585464275377346,997988,1492135986
4012403764225272596,997988,1492135981
-3674788183173345927,997988,1492135976
-6945757134242796888,997988,1492135952
-4874328445501388302,997988,1492135963
-4490376862188292160,997988,1492135947
-2715910388772888395,997988,1492135962
-293358310165571700,997988,1492135964
-7953549528584606091,997988,1492136001
-4428990724642235004,997988,1492135953
-1004452028976027613,997988,1492135949
-7228223676105968701,997988,1492135986
-619515694307284709,997988,1492135998
923107372669742115,997988,1492135983
5419932751632515864,997988,1492135953
8692954508342026186,997988,1492135970
9065507138771910716,997988,1492135950
6109230296613504743,997988,1492135957
-1687573443401743359,997988,1492135945
3499433741065774262,997988,1492136003
-7174147517078275996,997988,1492135990
-6275589660147123510,997988,1492135998
2845952075841184384,997988,1492135977
-7957740861376689364,997988,1492135946
-7532950299830944936,997988,1492135981
-3606887518880012638,997988,1492136003
-7066362123945532371,997988,1492135958
-1531414077222985344,997988,1492135975
8633803720509641447,997988,1492135995
7457179389438430049,997988,1492135971
3246837508439478175,997988,1492135963
-2660201893533470906,997988,1492135972
4719356038309212641,997988,1492135946
-1240753542556584311,997988,1492135957
-7896364432889290908,997988,1492135985
2128276142631413699,997988,1492135994
-5124915958782404296,997988,1492136000
4314055437599371255,997988,1492135978
-3660250942795741631,997988,1492135990
-5148167443654763454,997988,1492135978
3726730510802246960,997988,1492135971
3693434031541542033,997988,1492135998
6139979771676224876,997988,1492135979
-5648995091266787265,997988,1492135950
-5933837596373492770,997988,1492135982
3400396105467807342,997988,1492135969
3297347226330883409,997988,1492135999
-2052343203799161739,997988,1492135994
-8172760371160629022,997988,1492135989
-8123917799838709250,997988,1492135992
-2691166524779153842,997988,1492136002
6637760234092291915,997988,1492135946
-601012607082373990,997988,1492135989
285079808226229735,997988,1492135992
-5972176162533624243,997988,1492135999
-8277978812956078121,997988,1492135992
6188001781361723832,993207,1492135951
6116242843125412050,993207,1492135988
6055485083466442228,996985,1492135949
1555206127134751340,997933,1492135977
7072548268737480216,997933,1492135988
-5999693384908804445,998012,1492135964
-3606887518880012638,998012,1492135949
-7889817169450504767,998012,1492135970
-2992423511472056462,998012,1492135991
8412837861347366278,979339,1492136003
5511814070481906501,997863,1492135956
-3837409846294638314,997863,1492135998
2137672219597647617,997863,1492135992
698418037486721006,997863,1492135957
-5614530100918013160,997863,1492135982
6204250239801931681,997863,1492135995
-5051893294705068623,997863,1492135981
-6400322199264764292,997863,1492135981
4040535483297009454,997863,1492135955
-2878796059447552649,994775,1492135966
3953195502248458941,997982,1492135968
8708131122399032972,997555,1492135980
-3278127578335661354,997367,1492135953
5539853210998599061,997977,1492135950
-5763462565261163263,997977,1492135944
-6826297355057580376,997977,1492135963
8772912317231097839,997977,1492135951
4405648642769345646,997977,1492135965
-6280197344297253337,997977,1492135963
-1018865054777995432,997977,1492135989
894733307295068333,997977,1492135979
-5003199253815161081,997977,1492135959
-7805562554403191857,997977,1492135978
5309108832422481206,997977,1492135966
-8475628647984869677,997977,1492135963
7038194635121727307,997977,1492135961
1371885372289725661,997977,1492135988
-1845348023345472374,997977,1492135991
3556912071918456802,997761,1492135996
1597297592922967253,997925,1492135960
3556912071918456802,997804,1492135996
7414127726036472767,997870,1492135978
-879540915553556533,997870,1492135963
1888766211026946147,997870,1492135950
818452355788096429,997683,1492135963
-7657699004919246682,997962,1492135986
81191256931518003,997962,1492135966
3250950859206615530,997962,1492135953
-3494380176483403092,997962,1492135973
-3527351187820504316,997962,1492135984
2497590148355223679,997962,1492136001
-8238757045593577636,997962,1492135992
2085895719544808721,997962,1492135979
-8515580548603840510,997962,1492136001
2409003523422199513,997962,1492135956
-7802627002505868353,997962,1492135949
-2851800921599043281,997962,1492135959
-3495420367954280,997962,1492136000
-5351765116438640188,997962,1492135951
4109919253769833015,997962,1492135961
3477127777293808308,997962,1492135987
3733774580027788073,997962,1492135982
1046574033049077763,997962,1492135972
2652926784171925043,997962,1492135969
5598447339287561121,997962,1492135966
6271793836557276710,997962,1492135981
-1913487362789569398,997962,1492135995
-3423791375635661602,997962,1492135984
-3173417689369047438,997962,1492135992
-2656311499092992264,997962,1492135963
6493756135507748628,997962,1492135947
8034079698953269460,997962,1492135989
-4865092184979770091,997962,1492135980
8017215244771515095,997962,1492135998
1036613209987343298,997962,1492135975
-3171563945420774543,997962,1492135961
-5351884368379881812,997962,1492135973
4957346357341436924,997962,1492135971
6983728913087435749,997962,1492135959
-6371763964958212773,997962,1492135976
-3898783118974500330,997962,1492136001
-8944265614784910661,997962,1492135956
-848352072779239218,997962,1492135971
-612939308219759495,400979,1492135986
2174174932141567214,997980,1492135981
4658235218800529176,997980,1492135996
-6013709334278378991,997980,1492135950
-4579832983968498849,997980,1492135969
8041058471253807835,997980,1492135998
596703525572473479,997980,1492135961
-8534348375464511993,997980,1492135958
-3338454973765305138,997980,1492135992
8644979727314958842,996798,1492135992
-3202725382899516652,997841,1492135953
6602653123440740259,997841,1492135995
7070631036417966441,997841,1492135962
-3495420367954280,997841,1492135950
6297530549645204397,997841,1492135999
-6282548927780101898,997841,1492135970
-5693178048966874387,997841,1492135992
-8453060448401338836,997841,1492135980
5513634079883686305,997841,1492135995
-1809557504075699790,997841,1492135993
7044576558709366931,997841,1492135950
-1571342373854075510,997841,1492135944
4276531542734158726,997841,1492135986
-9005380325286930716,997841,1492135985
-6218902093328991787,997841,1492135969
4225106651072606699,997841,1492135947
8337889196093002599,997841,1492135989
-8339929398254670787,997901,1492135997
1354877336288484322,997901,1492135948
-8744326641513864557,997901,1492135977
-4563555386152404313,997901,1492135977
-4096088530173955588,997901,1492135965
-1349898331519659162,997901,1492136003
-1742542728318463594,997901,1492136003
4519692203656510623,997797,1492135966
4777217674011900532,972878,1492135999
4461082738661663796,997243,1492135944
3556912071918456802,997802,1492135991
-486117076070606278,997832,1492135965
-3638443353113243250,996981,1492135995
1773553865973234014,997561,1492135946
-5256795143236690146,997498,1492135960
-1775432967821019703,997498,1492135968
-939357845877987010,997498,1492135967
-6513861711080238558,997498,1492135999
8176481358525598755,997498,1492135962
8692252109920800758,997498,1492135987
-1047672661760564828,997498,1492135954
5224166970894879425,997498,1492135972
-1775432967821019703,997505,1492135968
-5731888150821767399,997483,1492135980
-8496109018933290444,997996,1492135988
5655975498237559282,997996,1492135948
4658235218800529176,997996,1492135976
5494269334941839045,997996,1492135961
8041058471253807835,997996,1492135977
2299673420555969859,997996,1492135986
-8772565409093928832,997996,1492135971
4863542792301559042,997996,1492135951
-3338454973765305138,997996,1492135970
2174174932141567214,997996,1492135962
-4579832983968498849,997996,1492135959
-7180375876296733715,997996,1492135963
6341708219461545771,997996,1492135983
-3512714619905853908,997996,1492135986
8718156877773388492,997996,1492136003
160219928990146501,997996,1492135954
5693687997358155402,997996,1492135982
-1830917589169887488,997996,1492135989
701409482974673556,997809,1492135970
-493408560803328686,997812,1492135973
2959380290395029844,997972,1492135974
2324274325831018302,997972,1492135972
-5667513461076890158,997678,1492135951
51766296588266353,996646,1492135951
-7280352650671837641,997736,1492136000
6372977091036514045,997566,1492135955
-9066154058208266383,997706,1492135996
6372977091036514045,997562,1492135975
-9094671080529296112,997293,1492135945
-4852248341937212129,997293,1492135966
-5736385486889018199,997987,1492135996
2174174932141567214,997987,1492135996
-6013709334278378991,997987,1492135956
4658235218800529176,997987,1492135996
1785587970665438043,997360,1492135999
8718156877773388492,997997,1492135964
8474965953330453698,997997,1492135988
-7760603651636930167,997997,1492135951
-3512714619905853908,997997,1492135946
-1830917589169887488,997997,1492135970
3325637740938951555,997997,1492135985
-1418587143539597269,997997,1492135990
2638787583303727306,997954,1492135982
-3594124707256121959,997954,1492135975
749098081949419898,997954,1492135994
3190335176915013800,997954,1492135965
2583750026247671098,401712,1492135974
259138570334025040,401712,1492135964
3181083742742606112,997942,1492135996
3524727373782984919,997942,1492135986
1237455449265160929,997942,1492135988
6143609607818813630,997942,1492135958
2336052413903814429,997942,1492135998
7552506983205998794,997942,1492135998
-1261394050519300163,997942,1492135971
-7499179517164441013,997942,1492135977
-3193285707918555310,997942,1492135947
1915101187570905954,997942,1492135971
-6663514851067943222,997942,1492135995
5728009788586820258,997942,1492135946
2781566334368296256,997942,1492135960
-6158168828094743182,997942,1492135965
-8086534775925274627,997942,1492135948
4908871844564523232,997942,1492136003
3051983769457725877,997942,1492135999
-4921876790808545455,997942,1492135986
-1060669518026333049,997942,1492135997
-8446340452519809927,997942,1492135953
2651969044646981096,997942,1492135978
4151498737903161299,997942,1492135968
3259450211423574346,997942,1492135944
3287506751334975225,997942,1492135979
2126242606276244458,997942,1492135987
-3964823142455418321,997942,1492135997
-3643982656666238961,997942,1492135978
7430726584250202985,997942,1492135972
2433363247338449866,997942,1492135998
-3343559538191305433,997942,1492135946
-6639574544023395922,997942,1492135973
-238199532381058983,997942,1492135972
-7491434984480502771,997942,1492135951
3376927529219007742,997942,1492135975
-7483670425265048250,997942,1492135976
-4207914323553103903,997942,1492135961
-5990949651765098016,997942,1492135971
-7063756261574974996,997942,1492135959
-65928525737598513,997942,1492135993
-4014279322513763078,997942,1492135988
-78987575412618047,997942,1492135990
-5963041424110833713,997942,1492135960
-4677173875604527000,997942,1492135962
-3093058408642308299,997942,1492135976
-6373062050998050014,998013,1492135999
1214478397647715429,998013,1492135996
-6575553316594442974,998013,1492135960
1574653789062273971,998013,1492135973
4956200963362887664,998013,1492135963
4252592554486268183,998013,1492135990
-5068037693548937348,998013,1492135999
3635116638308437528,998013,1492135955
-8158213213669072807,998013,1492135985
-1503666559642774121,998013,1492135998
-8601453541767316387,998013,1492135957
7859214558805380597,998013,1492135951
-3012060044517241182,998013,1492135969
-1242096264059839645,998013,1492135986
3662156958496315159,998013,1492135974
-5684493136294870303,998013,1492135950
1211106726248547328,998013,1492136003
-5853788293613834190,998013,1492135961
-2963311814758200056,998013,1492135979
5725382913293037927,998013,1492135976
8789687998382853878,998013,1492136002
-1402689665009176743,998013,1492135981
6601594862820454373,998013,1492135956
-5553147805068534835,998013,1492135949
1908197750580299473,998013,1492135999
8191714580591683887,998013,1492135974
2903611675411013238,998013,1492135997
1982700139659036542,998013,1492135972
5255936757359341438,998013,1492135984
4972818027447387815,998013,1492135959
7856729024430970500,998013,1492135959
-3490709139046945478,998013,1492135957
-3895493920022932159,998013,1492135946
1231464563989479369,998013,1492136001
-4504114588210937356,998013,1492135963
-8618537334414361546,998013,1492135975
6469873982385918315,998013,1492135947
566387152713937202,998013,1492135981
-7410147438219942897,997690,1492135987
2638787583303727306,997953,1492135994
-2874081364793243818,976069,1492135983
1425102938952191363,995443,1492135999
7192993090912716302,997934,1492135977
8048364814342411652,997934,1492135988
2638787583303727306,997934,1492135994
5494269334941839045,997992,1492135973
5655975498237559282,997992,1492135948
-5487190231812731873,905316,1492135955
-486117076070606278,997838,1492135965
-1398952490005753030,996731,1492135961
-6283928701727035414,996731,1492135979
2765513028453105319,996731,1492135960
818452355788096429,997085,1492135981
-1237723307209821262,997724,1492135977
1785587970665438043,997403,1492135955
7611723289897065376,118176,1492135994
2940342285936736858,997853,1492135973
-1398952490005753030,997853,1492136002
-3836290083101177397,997853,1492135979
4065325633152710342,997853,1492135985
-8121736487942116159,997853,1492135954
-1149051861839444555,997853,1492135991
3671246318147181675,997853,1492135967
-1159045696911986564,997853,1492135997
888298092633735695,997853,1492136002
-8519737856953743584,997853,1492135955
-6637185045267643368,997853,1492135952
3684039202037309582,997853,1492135980
-4941369747585163084,997853,1492135997
7100043277724090158,997853,1492135992
-5251468133269858940,997853,1492135986
-5763462565261163263,997853,1492135946
-2205118962060097930,997853,1492135954
1491705908640212405,997742,1492135998
5439442559497708450,997896,1492135961
-3373022092404924471,997896,1492135992
-2324472277569679187,997896,1492135974
-3118038935872302915,997896,1492135984
2651969044646981096,997896,1492135992
-3496297261534027220,997896,1492136001
6797770713063495453,997896,1492135997
-2895357719958125408,997896,1492135944
-3594124707256121959,997957,1492135975
2638787583303727306,997957,1492135945
3190335176915013800,997957,1492135965
749098081949419898,997957,1492135994
1807319640640523409,997957,1492135990
1602902225428200000,997957,1492135996
2686202710783077343,997957,1492136001
7433506491145818613,997869,1492135985
-5561328628999443039,997869,1492135984
3221516020555062374,997869,1492135993
-4737161635664822220,997869,1492135984
-7410147438219942897,997703,1492135950
1425102938952191363,997370,1492135998
527757011143801198,997754,1492136002
2213608158986276792,989370,1492135988
-5327300557290899921,997740,1492135951
1835174470769448931,997834,1492135944
-7458631247601909076,997985,1492135956
7038194635121727307,997985,1492135956
-5003199253815161081,997985,1492135953
6236564751692896731,997985,1492135957
8778113781442053769,998014,1492135972
-3078984038185289887,998014,1492135952
-1242096264059839645,998014,1492135971
-3895493920022932159,998014,1492135946
4631434229949109620,998014,1492135997
-5853788293613834190,998014,1492135960
8191714580591683887,998014,1492135974
7434448634740004883,998014,1492135981
1211106726248547328,998014,1492136000
5374260185407088952,998014,1492135986
2903611675411013238,998014,1492135996
665724882022297858,998014,1492135984
3113624500180397784,998014,1492135955
3662156958496315159,998014,1492135963
-614996480011913116,998014,1492135972
2972131329663817429,998014,1492135987
7932742102960480097,998014,1492135988
-4174018463358161810,998014,1492135989
-1225788749158705741,998014,1492135998
4935134767971678364,998014,1492136003
-7830529735145503,998014,1492135997
-7199715059684225915,998014,1492135983
1391009587403786592,998014,1492135996
4361659558595656399,998014,1492135980
-58469041791450860,998014,1492135990
-2674827519547757495,998014,1492135949
-3266897965149726491,998014,1492135988
6542669972455173415,998014,1492135945
-2348966523075987802,998014,1492135986
8527689803434523389,998014,1492135947
-4370948191969676446,998014,1492135996
-291166827433875293,998014,1492135971
7548223932883635890,988437,1492135989
7454854791750572156,988437,1492135981
310352440471803586,988437,1492135983
5981969784670251652,988437,1492135969
-1834498073831527671,996608,1492135961
-6816680593227888125,346753,1492136003
6617451647545564138,997721,1492135969
-5438691040875499054,968783,1492135985
-4379415321998318123,998000,1492135949
8975366450793149202,998000,1492135975
-4831197171926816066,998000,1492135979
6399676360952727154,998000,1492135998
6687837487589667386,998000,1492135982
6588144928880108387,998000,1492135979
7445148778387528319,998000,1492135992
-2852483900561867082,998000,1492135998
5789213453222600420,998000,1492135985
-8752892325638910328,998000,1492135971
7030495610867272021,998000,1492135996
7665441964197785693,998000,1492135995
1260494558880254,998000,1492135957
-6261583777867007907,998000,1492135996
2456087755411454424,998000,1492136000
6372977091036514045,997565,1492135965
-645728469776356935,997008,1492135973
7076805235736540487,997852,1492135981
6116242843125412050,993466,1492135988
6188001781361723832,993466,1492135951
3662677577892714293,993466,1492135982
-7813966692600553670,997941,1492135992
1555206127134751340,997941,1492135948
7072548268737480216,997941,1492135980
1073432137690364545,997941,1492135958
5043560369369091009,997941,1492135984
-4665634550437696333,997858,1492135971
-1931224128542863304,997858,1492135956
7414127726036472767,997762,1492135956
3221516020555062374,997762,1492135995
7791842888834129363,997973,1492136002
-4800755684454294490,997973,1492135989
-3633889509516774388,997973,1492135964
-1457477964838678079,997973,1492135980
7520904633956576753,997973,1492135958
7762956957539613126,997973,1492136001
3250950859206615530,997973,1492135953
-8238757045593577636,997973,1492135992
6264170795485800581,997973,1492135981
2497590148355223679,997973,1492136001
7414127726036472767,997883,1492135978
-4096088530173955588,997883,1492135990
-5780809701715395460,997967,1492135972
-85219929838826490,997967,1492135974
6218202839908636875,997967,1492135978
207197969109590293,997967,1492135996
9173275305527033906,997967,1492135990
5598447339287561121,997967,1492135982
37848585774830139,997967,1492135945
-87872355252409783,997967,1492135953
5795282749328387811,997967,1492135953
-4563555386152404313,997889,1492135946
193559883764522983,997889,1492135952
-1742542728318463594,997889,1492135981
8018519291304879792,997889,1492135982
-2294870946721442179,997889,1492135982
698418037486721006,997889,1492135997
643960729328909355,997791,1492135965
-1117832572440224611,997791,1492135994
-6476630701785871757,997791,1492135981
-7805562554403191857,997981,1492135978
1760773012022655508,997981,1492135984
-8475628647984869677,997981,1492135962
894733307295068333,997981,1492135967
-5003199253815161081,997981,1492135959
7038194635121727307,997981,1492135961
-7455835050874632352,997981,1492135976
131793235222360130,997981,1492135945
5598447339287561121,997981,1492135957
7435453948945751413,997981,1492135959
-2141922967389584474,997981,1492135955
-7685070797888420404,997981,1492135959
-7458631247601909076,997981,1492135956
-4056374532189224411,997981,1492135961
-7768770547086459069,997363,1492135953
1491705908640212405,997363,1492135998
-8696173115811107205,997582,1492135989
6264170795485800581,997971,1492135981
7520904633956576753,997971,1492135953
-4963712958345936608,997971,1492135944
-1457477964838678079,997971,1492135951
7530088436134693115,997971,1492135996
5992725588796066817,997971,1492135981
4546122256718701465,997971,1492135958
9091387713254470239,997971,1492135960
-8733884969034424451,997406,1492135964
2940342285936736858,997851,1492135976
4065325633152710342,997851,1492135986
-8440671362110150677,996336,1492135951
-5504649715719325632,997961,1492135961
1602902225428200000,997961,1492135968
-85219929838826490,997961,1492135985
3953195502248458941,997961,1492136000
-9016389999801558983,997961,1492135980
8018519291304879792,997926,1492135982
4244941277049037972,997926,1492135965
-9213582751814470727,997926,1492135960
-1742542728318463594,997926,1492135973
698418037486721006,997926,1492135997
2137672219597647617,997926,1492136002
-3813508619073128025,997926,1492135997
-5295928954974515503,997926,1492135989
2622873184154723516,997926,1492135981
6086892366734110504,997926,1492135999
4981360058084378049,997926,1492135952
4483181561467890821,997926,1492135987
-1916812855032615429,997926,1492135983
8756830830554211753,997926,1492135968
207197969109590293,997966,1492135978
6942584297709515253,997966,1492135993
-7802627002505868353,997966,1492136003
-3633889509516774388,997966,1492135984
2959380290395029844,997966,1492135987
-1457477964838678079,997966,1492135987
7520904633956576753,997966,1492135963
7791842888834129363,997966,1492136002
-4800755684454294490,997966,1492135989
5073933300058479489,997966,1492135957
6159220617707953979,997966,1492135970
8385435856080984130,997872,1492135986
-4164286824151954918,997872,1492135989
-643231022010047077,997872,1492135954
-8859134914792470729,997872,1492136000
7323015946803025875,997872,1492135950
2194574534424722431,997872,1492135980
-4252475713979397820,997872,1492135984
3668496148568457173,997872,1492135951
6317452283723802028,995311,1492135987
-4852248341937212129,997390,1492135953
-645728469776356935,997390,1492135973
8069502610309877466,997691,1492135960
-7768770547086459069,997691,1492135975
-4238682670126797080,997691,1492135995
5087622493856295406,998011,1492135969
-1469386152707650300,998011,1492136000
-2811945826011391914,998011,1492135978
-2725833886990850098,998011,1492135998
1605073907212669176,998011,1492135969
652852366648546585,998011,1492136001
-8601453541767316387,998011,1492136003
2050866443453341753,998011,1492135973
-243958589660535539,998011,1492135967
3635116638308437528,998011,1492135991
6859040442148546208,998011,1492135974
-9221195212917511498,998011,1492135948
285079808226229735,998011,1492135953
3662156958496315159,998011,1492135999
-6708546913587229705,998011,1492135989
-1242096264059839645,998011,1492136000
1214478397647715429,998011,1492136003
-2052343203799161739,998011,1492135944
-9000567153155230686,998011,1492135954
1574653789062273971,998011,1492135970
8351211315034352697,998011,1492136002
4414654053363011115,998011,1492135960
-6575553316594442974,998011,1492135960
-3606887518880012638,998011,1492135949
-8158213213669072807,998011,1492135948
-3991249062799937451,138974,1492135989
-5656009434535176506,997675,1492136002
2528393776312957451,997675,1492135946
6971245723373799195,997675,1492135979
-8807550532333108340,997675,1492135972
-8339929398254670787,997918,1492135944
-4096088530173955588,997918,1492135962
-4563555386152404313,997918,1492135972
-1742542728318463594,997918,1492136003
2941620240506247905,997918,1492135994
7013550596229742826,997814,1492135990
7130725597006384238,997986,1492135957
6236564751692896731,997986,1492135957
-5003199253815161081,997986,1492135947
7038194635121727307,997986,1492135945
-5736385486889018199,997986,1492135996
2174174932141567214,997986,1492135996
7105582292959549488,997986,1492136001
-6013709334278378991,997986,1492135956
285971609487447788,997986,1492135967
-9005380325286930716,997986,1492136003
-5504649715719325632,997951,1492135961
-5056766754751603884,997803,1492135952
7192993090912716302,997803,1492135993
2941620240506247905,997920,1492135994
-1742542728318463594,997920,1492135992
-4563555386152404313,997920,1492135954
6372977091036514045,997564,1492135975
-3518982701771297905,417374,1492135964
-1398952490005753030,996789,1492136000
3001090832156213890,996789,1492135945
628403712426611323,996207,1492135971
-8668294371633601154,996682,1492135999
-5405727805003981835,997779,1492135946
6633982891788790249,997779,1492135983
2753532856233641189,997779,1492135982
-6184579709827656935,997975,1492135954
-4935455599932656739,997975,1492135957
-6826297355057580376,997975,1492135963
894733307295068333,997975,1492135979
4405648642769345646,997975,1492135965
3514611142181151391,997718,1492135954
643960729328909355,997718,1492135965
-7390903652283488322,978259,1492135978
-4073482383005839368,978259,1492135949
9207759500414457529,978259,1492135953
-1843906833372621627,978259,1492135991
3791477310910657400,978259,1492135988
-6509848251802646054,978259,1492135995
2886640382870053740,978259,1492135970
-6932137628473661196,978259,1492135951
9104224027657190290,978259,1492135977
9046501239535830338,978259,1492135992
7408195167167798912,978259,1492135956
-1486676002908629099,978259,1492135966
-2368297512809483426,978259,1492135982
5077981262683766993,978259,1492135987
-58167844071757723,978259,1492135983
1432418773236190246,978259,1492135967
3221516020555062374,978259,1492135987
3983506250438525170,978259,1492135950
2349220986454763312,978259,1492135981
2536908929943638177,978259,1492136001
-67258091296972428,978259,1492135998
-3630813966484987878,978259,1492135946
8515347555409885334,978259,1492135946
1128045910381543829,978259,1492135958
-7431816081565042327,978259,1492136001
5268957608510590555,978259,1492135999
-1551241446600602540,978259,1492135972
-4268188407162586427,978259,1492135979
6980650713570892863,339860,1492135984
143505920157846501,339860,1492135965
-4520095908008692611,339860,1492135978
7300195467905916100,339860,1492135968
-6777920102206127669,339860,1492135977
-692546327228253979,997107,1492135975
3359548264036326664,997107,1492135950
-8086006534946351477,997107,1492135953
-4277993272166151781,997107,1492135944
-3818544339669314151,997107,1492135959
3651831362713121420,997107,1492135998
3726730510802246960,998009,1492135971
-619515694307284709,998009,1492135965
285079808226229735,998009,1492135992
-2052343203799161739,998009,1492135994
-5933837596373492770,998009,1492135982
6906342905679736552,998009,1492135985
996406726613952996,998009,1492135966
-9221195212917511498,998009,1492135976
6859040442148546208,998009,1492135985
-9066154058208266383,997768,1492135996
-7967035992078828994,997768,1492135952
-8132262799964732529,997833,1492135967
6297530549645204397,997833,1492135997
-8997647183013907809,997833,1492135969
7308761223756257010,997833,1492135999
-7994973690364263766,997833,1492135979
-3976855799294465956,997999,1492135966
3325637740938951555,997999,1492135968
-5018949455458525056,997999,1492135967
-3266153026453714774,997999,1492135951
-5717414016136668214,997999,1492135982
5789213453222600420,997999,1492135998
-1044115959379847225,997999,1492136001
1260494558880254,997999,1492135991
5408357174642135983,997999,1492135988
-2852483900561867082,997999,1492135998
-4831197171926816066,997999,1492135979
6588144928880108387,997999,1492135979
-8752892325638910328,997999,1492135971
6687837487589667386,997999,1492135982
5852403129731465897,997902,1492135959
-2078956283737295803,997902,1492135978
-85219929838826490,997964,1492135944
-87872355252409783,997964,1492135953
5795282749328387811,997964,1492135953
7520904633956576753,997964,1492135996
207197969109590293,997964,1492135996
6942584297709515253,997964,1492135993
-3633889509516774388,997964,1492135984
3359548264036326664,997820,1492135956
2569905465812327213,997820,1492135969
3556912071918456802,997820,1492135967
-2915196500469041311,997820,1492136003
9081346345057858538,997820,1492135959
-2970192905473007652,997820,1492135982
-738315425924513480,997820,1492135966
-6266757508547436059,997820,1492135999
4248423682078050157,997574,1492135984
-2878796059447552649,994781,1492135951
638343982264464723,997819,1492135990
-8722541134906363296,997819,1492135959
1266884057709162801,997912,1492135963
7031951335302417442,997912,1492135953
7197366336925296725,997912,1492135976
4241778606910140745,997912,1492135953
-8086534775925274627,997912,1492136001
8703756051272616919,997912,1492135994
1374632066024026223,997912,1492135991
3805080142327820605,997912,1492135967
-1872359649324401051,997912,1492135960
-1729923124110710067,997912,1492135949
4835842301578242357,997912,1492135952
-3844814113088839322,997912,1492135953
3476902246921926643,997912,1492135946
2336052413903814429,997912,1492135998
-2626717012950433594,997912,1492136000
-2461562601848826721,997912,1492135950
-3193285707918555310,997912,1492135947
1915101187570905954,997912,1492135971
-866268437689536066,997716,1492136001
-8926382720948238883,997952,1492135946
664574374891284518,997952,1492135950
-5056766754751603884,997952,1492135970
-7666183633852697296,997859,1492135969
5815213309267036904,997859,1492135971
7408195167167798912,997859,1492135993
-2368297512809483426,997859,1492135985
3221516020555062374,997859,1492135990
2886640382870053740,997859,1492135970
-4073482383005839368,997859,1492135950
9207759500414457529,997859,1492135954
-1843906833372621627,997859,1492135991
3791477310910657400,997859,1492135988
-6509848251802646054,997859,1492135995
-956408966304067291,994840,1492135994
1597297592922967253,997921,1492135960
-5864316545811455700,997867,1492135956
-7162829652211181777,996906,1492135955
4461082738661663796,996906,1492135944
833925208315264803,997903,1492135984
3905624017118679190,997903,1492135983
4483181561467890821,997929,1492135987
3499433741065774262,997929,1492135949
698418037486721006,997929,1492135968
2137672219597647617,997929,1492136002
5511814070481906501,997929,1492135956
-3837409846294638314,997929,1492135998
-5614530100918013160,997929,1492135982
749098081949419898,997959,1492135981
3190335176915013800,997959,1492135952
296670269113009488,997959,1492135951
1602902225428200000,997959,1492135996
1807319640640523409,997959,1492135990
7076805235736540487,997843,1492135994
1354877336288484322,997843,1492135957
-7767835327514889171,997263,1492135974
-7643927249136104156,997283,1492135973
3663793545329345707,997283,1492135950
3514611142181151391,997702,1492135993
7036406345589244558,997894,1492135997
2145249287550576280,998002,1492135944
6498253323110872235,998002,1492135948
-3025876600014162404,998002,1492135998
-6261583777867007907,998002,1492135946
-7896364432889290908,998002,1492135973
6668183129050688306,998002,1492135992
2071543182587158811,998002,1492135951
1792406530944208645,998002,1492135991
3414946826842654572,998002,1492135992
5789213453222600420,998002,1492135959
-7753893859440113041,998002,1492135970
-6242432700801688140,998002,1492135989
-7399067700254689956,998002,1492135977
7185559433716349735,998002,1492135959
-4428990724642235004,998002,1492136003
2456087755411454424,998002,1492135971
-8884701833151210301,998002,1492135996
7739886326912240100,998002,1492135992
1756352258794579465,998002,1492135945
-839699374314251606,998002,1492135960
471370777247014273,998002,1492135977
4520076929703503255,998002,1492135990
9065507138771910716,998002,1492135967
-5726030068492420940,998002,1492135990
-4516284061089257172,998002,1492135945
7193309150530429881,998002,1492136001
5528626002177135962,998002,1492135975
6109230296613504743,998002,1492135977
8427962015999043620,998002,1492135986
-1676622261869873125,998002,1492135999
-8158213213669072807,998002,1492135952
5981969784670251652,997713,1492135969
310352440471803586,997713,1492135983
-762457539758311240,997713,1492135994
4881561208605830664,997713,1492135961
-1207630267575989870,997713,1492135989
-7541874266473696248,997713,1492135966
-5438040965440650150,997713,1492135968
888298092633735695,997713,1492135994
7804334505781691654,997713,1492135982
1640971611069550444,997713,1492135979
4307947487849515269,997713,1492135986
-3894537580491515286,997713,1492135987
-498117599787370040,997713,1492135971
-3157081516850226725,997713,1492135977
2004491712313360153,997713,1492135971
-6932137628473661196,997713,1492135961
4559755569308349358,997713,1492135979
-8023525794215017948,997713,1492135966
8653996376307065370,997713,1492135978
6467184413747137500,997713,1492135968
7454854791750572156,997713,1492135985
-8747270950321119585,997713,1492135949
8819092986991149895,997713,1492135988
-6080423029993248075,997713,1492135992
3953195502248458941,997976,1492136000
-1431233349883828933,997976,1492135951
-6184579709827656935,997976,1492135954
6320142446837417876,997976,1492135951
-1830917589169887488,997998,1492135961
-1418587143539597269,997998,1492135990
8474965953330453698,997998,1492135952
3325637740938951555,997998,1492135977
2598155600651424643,997998,1492135990
-5717414016136668214,997998,1492135982
4221680106137374568,997998,1492135967
-5018949455458525056,997998,1492135967
-3266153026453714774,997998,1492135951
4631434229949109620,997598,1492136002
2213608158986276792,990203,1492135988
-1237723307209821262,997708,1492135977
7260978195903566865,997642,1492135993
6918736438528093198,345909,1492135996
1620076160353808030,997651,1492135970
8764760442204231505,960631,1492135946
7936891670853824158,997058,1492135952
7445148778387528319,998001,1492135974
1260494558880254,998001,1492135957
-6261583777867007907,998001,1492135996
7665441964197785693,998001,1492135995
2456087755411454424,998001,1492136000
5789213453222600420,998001,1492135973
6588144928880108387,998001,1492135955
-2852483900561867082,998001,1492135982
-8752892325638910328,998001,1492135969
3091193944429681306,998001,1492135958
6687837487589667386,998001,1492135945
2071543182587158811,998001,1492135991
445662360317987745,998001,1492135947
-2368676960903695469,993619,1492135954
1212912874459602960,997688,1492135958
818452355788096429,997688,1492135956
5043560369369091009,997945,1492135983
1073432137690364545,997945,1492135948
7072548268737480216,997945,1492135963
-5056766754751603884,997945,1492135976
-3895946753478588498,997824,1492135984
-6476630701785871757,997824,1492135981
-1117832572440224611,997824,1492135991
-7674299383968032163,997824,1492135979
-8339170254681134368,997905,1492136002
7078675003843419957,994974,1492135990
8412837861347366278,988359,1492135982
-8340853229721141756,988359,1492135966
-3338454973765305138,997995,1492135992
8041058471253807835,997995,1492135998
-8534348375464511993,997995,1492135958
4658235218800529176,997995,1492135983
2174174932141567214,997995,1492135968
-4579832983968498849,997995,1492135964
-2296999289082389030,997672,1492135991
-4852248341937212129,997344,1492135975
-9208286628664380060,998005,1492135969
9007907823533794322,998005,1492135948
-2715910388772888395,998005,1492135990
-839699374314251606,998005,1492135950
-293358310165571700,998005,1492135980
7193309150530429881,998005,1492135992
7283585464275377346,998005,1492135997
-4428990724642235004,998005,1492135959
-4490376862188292160,998005,1492135950
2456087755411454424,998005,1492135949
-6900480517224927379,998005,1492135962
-1004452028976027613,998005,1492135953
9065507138771910716,998005,1492135951
-1687573443401743359,998005,1492135946
-8398835511393666763,998005,1492135982
3499433741065774262,998005,1492136003
-6704032223087902345,998005,1492135999
1657641321257142746,998005,1492136002
-7618428521552873721,998005,1492135965
-7228223676105968701,998005,1492135987
7635981956071747853,998005,1492135967
2845952075841184384,998005,1492135978
-7953549528584606091,998005,1492136002
2866139591417126616,998005,1492135985
-4568794018958468548,998004,1492135955
-4428990724642235004,998004,1492135982
1756352258794579465,998004,1492135945
9065507138771910716,998004,1492135967
-7399067700254689956,998004,1492135944
7193309150530429881,998004,1492136001
-839699374314251606,998004,1492135960
6134670446743594067,998004,1492135948
2456087755411454424,998004,1492135955
-1004452028976027613,998004,1492135955
-2715910388772888395,998004,1492135991
-293358310165571700,998004,1492135981
7283585464275377346,998004,1492135997
4701337438391609404,343772,1492135986
-7030213600698075210,997916,1492135966
-4096088530173955588,997916,1492135976
7444152600183270739,997916,1492135986
-2874081364793243818,976138,1492135983
-9014357140113015479,997576,1492135961
1927699893593455534,997576,1492135985
1354877336288484322,997829,1492135979
701409482974673556,997829,1492135975
-1117832572440224611,997816,1492135964
-7859286930596429536,997816,1492135990
3774181018146649462,997816,1492135976
-4961121563063141385,961206,1492135975
7735369140040868584,996915,1492135967
3784490851790713872,996915,1492135969
-3195729707363879968,982063,1492135974
-8722541134906363296,982063,1492135959
-4817925345091226087,982063,1492135955
-1117832572440224611,997746,1492135997
5395043686119020349,997746,1492135973
6204250239801931681,997914,1492135995
-5614530100918013160,997914,1492135956
2137672219597647617,997914,1492135952
-6400322199264764292,997914,1492135981
-3837409846294638314,997914,1492135953
4241778606910140745,997914,1492135973
1259685977411008691,997914,1492135985
8413237500256305096,997914,1492135960
2029343559770590553,972937,1492135979
-5872884366996807138,196618,1492135970
-2778252325017965819,997827,1492135982
4040535483297009454,997948,1492135945
5662530831453419918,997948,1492135974
1555206127134751340,997948,1492135977
4406168917651344471,997948,1492135949
4122936820983929761,997879,1492135980
-285259322147564225,997879,1492135967
5043560369369091009,997943,1492135964
7072548268737480216,997943,1492135953
7762956957539613126,997943,1492135981
-5056766754751603884,997943,1492135976
664574374891284518,997943,1492135950
-8926382720948238883,997943,1492135946
818452355788096429,997685,1492135974
1778414968051268172,997537,1492135999
-5933837596373492770,998006,1492135971
-2052343203799161739,998006,1492135979
-9221195212917511498,998006,1492135976
5867891218936101010,998006,1492135949
6859040442148546208,998006,1492135985
285079808226229735,998006,1492135961
3662156958496315159,998006,1492135999
652852366648546585,998006,1492136001
-6708546913587229705,998006,1492135991
3635116638308437528,998006,1492135991
-8601453541767316387,998006,1492136003
-1469386152707650300,998006,1492136000
1605073907212669176,998006,1492135969
2050866443453341753,998006,1492135973
1214478397647715429,998006,1492136003
-243958589660535539,998006,1492135967
4248423682078050157,997484,1492135984
5815213309267036904,997749,1492135987
6633982891788790249,997749,1492135983
-8440671362110150677,996323,1492135950
-738315425924513480,997810,1492135966
4014417118307037271,997595,1492135954
-1931224128542863304,997844,1492135952
-9094671080529296112,997522,1492135960
4014417118307037271,997592,1492135954
5439442559497708450,997444,1492135986
-3373022092404924471,997444,1492135992
8412837861347366278,982913,1492136003
-8340853229721141756,982913,1492135966
8593842671726275216,988623,1492135977
-5419693420278581376,997687,1492135985
-3541088752924825413,996807,1492135978
-4424261361992635636,422787,1492135949
-1047672661760564828,997531,1492135954
8176481358525598755,997531,1492135954
97135666608648237,997531,1492135987
5175094762449380978,997468,1492135975
1440623200290133410,995508,1492135954
7036406345589244558,998003,1492136000
7665441964197785693,998003,1492135985
-2924748213256736490,998003,1492136000
-2852483900561867082,998003,1492135978
703436734481723788,998003,1492135964
2071543182587158811,998003,1492135991
-6261583777867007907,998003,1492135982
-8752892325638910328,998003,1492135965
3091193944429681306,998003,1492135955
6588144928880108387,998003,1492135949
2456087755411454424,998003,1492135993
445662360317987745,998003,1492135947
7445148778387528319,998003,1492135957
-7753893859440113041,998003,1492135979
5789213453222600420,998003,1492135966
7185559433716349735,998003,1492135962
6777393571525357120,998003,1492136004
2145249287550576280,998003,1492135944
-7399067700254689956,998003,1492135977
-3025876600014162404,998003,1492135998
3414946826842654572,998003,1492135992
-1464656600446842071,159085,1492135997
6122484005631955246,159085,1492135996
3183457739000084192,997811,1492135998
3556912071918456802,997811,1492135986
9081346345057858538,997811,1492135959
927268279925645478,997315,1492135944
3125417134560399331,997700,1492135984
-3278127578335661354,997322,1492135953
5561997011822622821,997710,1492135945
6940204773564630042,997710,1492135962
818452355788096429,997710,1492135954
8176481358525598755,997262,1492135988
1807319640640523409,997949,1492135983
1602902225428200000,997949,1492135985
-85219929838826490,997949,1492135985
6696057802638072409,997701,1492135972
-8723153435812989645,997701,1492135972
-1834498073831527671,996604,1492135988
-6099768063463381505,939411,1492135978
1221556915939968218,997601,1492135948
-7030213600698075210,997837,1492136003
-4096088530173955588,997837,1492135985
7076805235736540487,997842,1492135994
398532179171355699,997660,1492136003
-4105135626067394737,997937,1492135978
1259685977411008691,997937,1492135985
8413237500256305096,997937,1492135960
-3844814113088839322,997937,1492135992
-1872359649324401051,997937,1492135998
4241778606910140745,997937,1492135973
-1729923124110710067,997937,1492135963
1374632066024026223,997937,1492135996
309832515308149430,997937,1492135951
-8086534775925274627,997937,1492136001
7197366336925296725,997937,1492135976
8703756051272616919,997937,1492135994
2430168952247806664,997755,1492135965
-2895357719958125408,984248,1492135944
6797770713063495453,984248,1492135996
-869598941964476877,984248,1492135952
5974369732872731981,984248,1492135985
-5391878943929970781,984248,1492135967
-5176749949397431970,984248,1492135960
4159740366365104990,997877,1492135978
-1845348023345472374,997978,1492135975
1586366553312752822,997978,1492135984
-6839214857564311190,997978,1492135948
8588514561896952393,997978,1492135995
7092184081180769069,997978,1492135996
7896670348217313943,997978,1492135998
-869598941964476877,997978,1492135971
-8566949719934892676,997978,1492135985
-8690613173637882708,997978,1492135968
-5391878943929970781,997978,1492135991
5970764801220602745,997978,1492135982
-2071388191229479710,997978,1492136001
-2627679665754364512,997978,1492135949
-3898783118974500330,997978,1492135984
-6319827839549812890,997978,1492135982
