3924680539239839803,986750,1492119246
-8503263426169495686,997258,1492119208
-3096750925097006726,110112,1492119224
-799517064497556116,984563,1492119208
-1677773707426080339,997138,1492119227
-264678446851181007,343772,1492119242
-7788683825148458514,996742,1492119245
3434166149344229363,344127,1492119258
1567232457315768532,996306,1492119229
4826203838220199430,897561,1492119258
6638971894114628654,997858,1492119251
7516498215800887509,996304,1492119238
-5230373204165394356,19298,1492119244
7200167067759507295,996086,1492119237
-8761625068244356626,906043,1492119229
4264346153372894370,918046,1492119232
-3010441590262507373,997323,1492119223
7885251171967894528,997627,1492119258
6373371526530713915,997570,1492119260
-2627206096099046587,997749,1492119214
-526357516205617165,997749,1492119221
2943426680419261352,997749,1492119237
4075900669874656782,997749,1492119260
-5945583391228641419,997749,1492119205
-910906090274525183,997749,1492119203
-30101119526909062,997749,1492119217
-5214940430905886207,997749,1492119231
-3010441590262507373,997329,1492119216
-8422580246356227972,997329,1492119250
7740067963576821384,997329,1492119257
1296643322763954443,997329,1492119225
-1737902318934087556,997329,1492119220
-7046248175010897644,997867,1492119224
72900930809832738,997867,1492119255
7655546199434156668,997959,1492119239
-3017261853714587331,997959,1492119224
-538177045886162733,997959,1492119223
6412163031998959296,997959,1492119210
-7906393956864037402,997959,1492119248
-6059193709439444690,997959,1492119229
8997842136004395266,997959,1492119255
-2151762577912110064,997959,1492119238
4116362241751810451,997959,1492119254
3582353741176329967,997959,1492119237
-8148262866071504442,997822,1492119242
-6663799437714662169,997822,1492119237
-6869701843401126823,997822,1492119252
6828521191089829650,997619,1492119226
4391929331178316416,997619,1492119231
-211493249565426417,997619,1492119211
1506202800411873579,997619,1492119216
5498480040268528391,997711,1492119203
-4246963110771143928,997891,1492119225
-5619719319725521613,997891,1492119245
8530598011997470125,997811,1492119218
7371381251882488163,997683,1492119236
4936785511944841522,997683,1492119261
3651588602734562109,997683,1492119223
1573924041076075298,997683,1492119230
3325079321962352734,997683,1492119228
7923243802944351436,997683,1492119239
-105740879356684990,997683,1492119206
4672340258812734652,997683,1492119218
5857088084925107884,997683,1492119243
-2412096434767442477,997683,1492119234
-5560664192843669097,982913,1492119233
-3499958392395985399,982913,1492119227
1853963806616323534,982913,1492119243
8343856175906531408,982913,1492119223
733377303918520635,982913,1492119205
6487785358926127522,982913,1492119236
-511381075086309554,982913,1492119249
280761377548712152,982913,1492119254
3069862751819068959,982913,1492119262
6690677698523618555,982913,1492119243
-4223186019679086097,997869,1492119251
5209791081430162508,997869,1492119255
1120955835803401264,997869,1492119263
-2902742172200448199,997869,1492119211
3012163182306425433,997869,1492119233
4783492946076548870,997869,1492119228
4451581579056624388,997869,1492119244
-9025311688114239324,997869,1492119247
-869409037477783117,997869,1492119233
3515921320317968064,997869,1492119216
3013731954695313290,997869,1492119255
-7665618234656938178,997869,1492119247
-2828053507108145030,997869,1492119260
-9089057730508780894,997869,1492119242
-7965448043339866719,997869,1492119216
9125537213245919976,997869,1492119247
6612056938719150423,997869,1492119245
-5237738526875321195,997869,1492119256
-3597050665061596179,997869,1492119257
-6873005819879396312,997869,1492119242
3378465945349471854,997869,1492119209
-2221757245833706717,997799,1492119230
5853557387525125977,997937,1492119254
-7450894991605828868,997937,1492119256
5167801493929491414,997937,1492119207
699318001124804359,997937,1492119206
2802601414214975717,997937,1492119257
1882308572281381905,997937,1492119216
-6390444004689025993,997937,1492119229
-924525145241958563,997937,1492119222
1038869775690515629,997937,1492119247
-729064407364498425,997937,1492119213
-8586801809239596629,997937,1492119262
-1603983969757261949,997937,1492119243
-9209732521328682723,997937,1492119255
-4240704703943613566,997937,1492119252
-8066852693813366604,997937,1492119256
-7644332285531387262,997937,1492119234
4053883929084690577,340685,1492119258
-3690375777313575533,340685,1492119259
-2215694813745590372,997455,1492119248
7537462351743824320,997455,1492119222
-8503263426169495686,997455,1492119218
1560992892014092701,996915,1492119259
6289250671224219841,996915,1492119260
-4136784050030229403,997670,1492119218
7885251171967894528,997677,1492119213
7624696609258039002,994454,1492119241
7969332247492155525,997381,1492119241
-6869701843401126823,997879,1492119247
-5619719319725521613,997879,1492119245
-7949895853176628022,996731,1492119235
8540979451972442758,996731,1492119250
-5447373745581597876,996731,1492119253
-6152274566427032660,996731,1492119254
825195275982007626,996731,1492119241
1085978988971449646,996731,1492119243
2266071967311079042,996731,1492119224
6936986519461167906,996731,1492119233
533241785575320647,996731,1492119236
-5370028266736895953,996731,1492119250
6344617562590768963,996731,1492119204
4150858164613217972,997655,1492119223
-8404222014907053022,997262,1492119224
8332147307890127611,997262,1492119242
-5969194230431636224,997262,1492119261
-3854608891716383758,997262,1492119229
-6368156228010695090,955669,1492119245
-2150755417669175678,986165,1492119257
-4456935281822716523,997895,1492119254
-8422580246356227972,997209,1492119212
6492557810581062220,997709,1492119228
3282659661593395066,997666,1492119244
-473349627360672081,997666,1492119209
-1444785975696550050,997666,1492119210
2943426680419261352,997666,1492119239
-7671269571107235006,997666,1492119262
-8384287489276877744,997967,1492119243
-6343451686216589195,997967,1492119236
-1920852881758487113,997967,1492119224
-3982924926431469190,997967,1492119235
-8078311688788663656,997967,1492119220
-268945382947052939,997967,1492119221
-1745785870128526874,997967,1492119253
-5452390282484517430,997967,1492119206
3892773718650411653,997967,1492119235
-2537540014244619637,997967,1492119212
972030593567626696,997967,1492119256
538400519926832775,997967,1492119205
-8359810449634447607,997967,1492119240
-2283999468434914935,997967,1492119259
-2030374321882116222,997967,1492119250
220603784457347982,997967,1492119209
391112673829653971,997967,1492119208
4669175012900763539,997967,1492119228
1761530603626000383,997967,1492119262
-7331725425235249995,997967,1492119229
8556970568610759896,997967,1492119233
8467503615867389901,997967,1492119227
496000122212392732,997967,1492119239
-5158298276089429227,997967,1492119259
2997359386490613701,997967,1492119246
-5214647462524318792,997967,1492119234
-5151649078771343124,997967,1492119259
-4383630550189276288,997967,1492119246
2245181334964255266,997967,1492119213
2230808245922255827,997967,1492119206
6219353469325414343,997967,1492119213
-8556590220060222645,997967,1492119225
5080579445507886677,997967,1492119241
-8038497811083806190,997967,1492119250
-755243682264398332,997967,1492119259
-1681384732782162954,997967,1492119223
383811764410081062,997967,1492119255
8391803777991976841,997967,1492119259
4053883929084690577,340374,1492119245
-6357940279554765050,343654,1492119224
644875671857784961,952840,1492119204
6116924941896793553,997857,1492119245
-2107219303167825258,997857,1492119233
-2180702731854287304,997857,1492119209
7969332247492155525,997399,1492119241
654895497293381767,996989,1492119242
-329302776006695288,925509,1492119223
-2063670642654872677,997898,1492119263
7470124914579768267,997898,1492119225
7885251171967894528,997668,1492119218
-1113282973230415126,988111,1492119225
1180209939208886627,997008,1492119214
9131847414089487841,997008,1492119223
-1753997608214322873,997008,1492119253
5338741617513686957,993674,1492119220
3434166149344229363,344103,1492119262
4107074185264604173,137667,1492119225
6274361240748584064,997376,1492119238
7885251171967894528,997641,1492119252
2002999136848060759,997641,1492119244
-255472497072730036,997200,1492119236
-3985559421846981744,997200,1492119255
8761368952019005345,997630,1492119227
1560992892014092701,997630,1492119230
-4456935281822716523,997630,1492119261
-5230373204165394356,19295,1492119244
166013525684667743,997190,1492119235
2472403519064276069,997190,1492119263
3324695922806799136,997190,1492119216
-2857213506256657646,997190,1492119237
-226800527058542224,997190,1492119246
7949300635510449935,997190,1492119256
-1938105001616705916,996321,1492119215
7624696609258039002,885566,1492119263
8891890604195546954,997070,1492119219
2798961650665880244,997921,1492119210
2450994523776068549,997921,1492119239
-7437262084764626515,997921,1492119260
2449817889717918133,997916,1492119239
-4825673342426607185,997916,1492119204
8801885381632579593,997916,1492119205
-4184232719353049342,997916,1492119235
3886490909450818285,997916,1492119261
-3690375777313575533,343151,1492119259
4053883929084690577,343151,1492119232
3385624384969928889,997889,1492119247
722804712990894031,997889,1492119222
2163352163298943033,997889,1492119238
8601022632884158712,997889,1492119236
620600854129349135,997889,1492119216
4633016028617743762,997889,1492119222
-2987445344448321628,997889,1492119225
2742740005361999303,997889,1492119224
2193125143260505134,997889,1492119249
-7490058959469303089,997889,1492119204
-979527573222120450,997889,1492119239
-3896289531394946555,994840,1492119263
654895497293381767,994840,1492119244
2099985750001695190,196591,1492119229
1606881901042488789,996921,1492119230
-382710620542424165,996985,1492119231
-3767329704038644997,996985,1492119248
-2215694813745590372,997231,1492119248
-8213526952800426527,997715,1492119207
-5412542452880103023,997715,1492119217
-7714368767685325612,997715,1492119259
-427089605494289761,997741,1492119255
1318968013383433751,997741,1492119212
-2359302327095061752,997741,1492119248
-5628641911864655653,997741,1492119225
-8259283285569639878,997125,1492119220
-962377932204900318,997370,1492119254
-7232521332031471353,937459,1492119254
3069862751819068959,988437,1492119262
-511381075086309554,988437,1492119249
-6960209152097053547,988437,1492119207
6487785358926127522,988437,1492119236
-2257191138651817076,988437,1492119220
6690677698523618555,988437,1492119243
280761377548712152,988437,1492119254
-8932608128483901960,988437,1492119257
5324872504223588503,988437,1492119216
-6625578828474257568,988437,1492119250
-2162276230307914382,988437,1492119257
4638874409901055129,988437,1492119227
-2769271904386157004,988437,1492119263
5373403894436816951,988437,1492119218
8732502064819529495,988437,1492119208
-5272759535193744333,997902,1492119256
-5264233334755565707,997902,1492119228
4492875432448306701,997902,1492119219
4922454451681962957,997902,1492119206
-5303762689365851287,997902,1492119232
-1072148174525181665,997902,1492119225
2012333476968104240,997902,1492119218
-7385232501843408742,997902,1492119226
3108665013032964617,997902,1492119221
-3077744942223441729,997902,1492119257
5498480040268528391,997721,1492119203
-1938105001616705916,996280,1492119217
-4895304067222212534,989653,1492119258
-1581010976781866233,997647,1492119250
4633016028617743762,997920,1492119261
620600854129349135,997920,1492119246
8601022632884158712,997920,1492119251
-2987445344448321628,997920,1492119236
2742740005361999303,997920,1492119227
-5447373745581597876,996722,1492119253
7716458077188314464,997803,1492119230
3986658636139596584,997803,1492119227
7300737553139834519,997803,1492119226
-8500357412404827964,997803,1492119246
2412735962336956241,997803,1492119214
5081588564614327895,997803,1492119260
4640304331286320189,997803,1492119225
-5547608764523171039,997803,1492119247
-6261161526371585714,979339,1492119231
1853963806616323534,979339,1492119259
733377303918520635,979339,1492119210
-3499958392395985399,979339,1492119227
-5560664192843669097,979339,1492119233
8343856175906531408,979339,1492119223
-7936100990124406464,997971,1492119259
-6035789424134417247,997971,1492119262
8243973760298331271,997971,1492119242
6019795204752709406,997971,1492119237
4394460168184413777,997971,1492119259
-7384882899947168340,997971,1492119261
3933977253803030757,997971,1492119219
8022865990555784,997971,1492119231
-6950953378593365544,997971,1492119254
-289551583712799570,997971,1492119259
1949170880558425224,997971,1492119248
-5225131270498045622,997971,1492119256
3978205041921703094,997971,1492119211
4605809683746796989,997971,1492119251
-6436780844701807711,997971,1492119233
-1075583262465993704,997971,1492119209
5245475731095984541,997971,1492119229
3616506890804078008,997971,1492119233
9198719243668212539,997971,1492119223
2102475060937330529,997971,1492119250
1761530603626000383,997971,1492119239
-1248158833222497550,997971,1492119208
-5977325108740727450,997971,1492119241
-8636843557782752930,997971,1492119216
-3954761778509909825,997971,1492119236
-2002183648233830369,997971,1492119241
2001001859514557982,997971,1492119242
426196453297627799,997971,1492119222
3386173174962270506,997971,1492119238
-3057151097908505188,997971,1492119247
-6396724668400821651,997971,1492119235
-6938602989661815230,997971,1492119208
6284384246621042011,997971,1492119239
-7752323520036364557,997971,1492119209
-7502091561073183128,997971,1492119258
5646194154035343677,997971,1492119242
-903943625036226901,997971,1492119232
6309977781438232360,997971,1492119235
-7669235144842438130,997971,1492119264
-8402908426654700886,997971,1492119256
542573291660159745,997971,1492119252
7685145011267262750,997971,1492119232
-7491220836505998630,997971,1492119234
793948358877302890,997701,1492119247
-1481503311200685715,997701,1492119237
1004495874555495065,997701,1492119217
-3168328456852623958,997701,1492119245
-3786269638484110424,997807,1492119234
-6505110334346240690,997807,1492119235
42369532721437779,997689,1492119206
-4268711910229207999,997689,1492119257
-6140368415757417789,997689,1492119224
4442408692935406334,997689,1492119232
-6577253398160212698,996261,1492119231
8704517865391087657,996261,1492119224
3434166149344229363,344129,1492119259
8743536920905897547,997474,1492119232
-2674279222163354375,997474,1492119257
-3755104540884826576,997635,1492119226
-8043154890281852712,996347,1492119244
3274644480819867654,997555,1492119250
-7876754985374836741,997555,1492119225
4484629105952470534,989810,1492119260
-4877218212178076851,995765,1492119252
4002205682341960149,996570,1492119207
-2063670642654872677,997909,1492119206
7470124914579768267,997909,1492119214
-8554388772942617420,997595,1492119264
6726485226967384208,997595,1492119244
1180209939208886627,995795,1492119215
-2151003799632232950,970970,1492119219
-3593899494719774010,340074,1492119215
-6590348920404414947,997817,1492119216
7225914341342894614,997611,1492119226
6870786403639082889,997611,1492119235
-4044579870623960818,997611,1492119244
7862554662368189757,997611,1492119235
-1681384732782162954,997611,1492119263
1885917731237671449,997611,1492119233
8000048450519861388,997611,1492119225
-1267953837708905143,997611,1492119229
-3010441590262507373,997309,1492119251
-9156213095452646087,997498,1492119251
-359104433297053615,997498,1492119231
-5300204595065565453,997498,1492119244
7949300635510449935,997498,1492119256
-8458325194921394389,997498,1492119237
-2857213506256657646,997498,1492119231
-226800527058542224,997498,1492119242
-8911325762366103980,997498,1492119235
-4903135740072709728,997498,1492119242
7872332740409572884,997498,1492119251
8203707232158592456,997498,1492119207
1316873672618153737,997498,1492119212
-1889776928530070404,997498,1492119233
-5089899039470209916,997498,1492119217
-1466055744468185192,997498,1492119237
-7154306809037525388,997498,1492119218
-2335167719641567804,997498,1492119228
-406603703293964349,997498,1492119253
484741904510014221,997498,1492119223
3435340576270699431,997498,1492119231
-3609330087962874076,997498,1492119241
5988272579397902874,997498,1492119236
8810558210267245433,997498,1492119227
-4935260850216755237,997498,1492119225
6261043840717475374,997498,1492119209
3367586280756964623,997498,1492119241
5159012588574089473,997498,1492119219
-2359302327095061752,997736,1492119251
-427089605494289761,997736,1492119255
1318968013383433751,997736,1492119212
-1238230225864478321,997736,1492119254
-3933168508859909929,997736,1492119261
-6493054770364641297,997768,1492119224
-7807677993280888550,997768,1492119206
-557657484364039809,997768,1492119232
-6261161526371585714,420175,1492119231
5600899094869057288,962214,1492119263
7358984566979716732,997293,1492119215
-3096750925097006726,110063,1492119224
-5275826561220253466,997359,1492119243
-4877218212178076851,997359,1492119217
4677410572777136418,997359,1492119260
3561294455098719035,997359,1492119224
-5200325648218428776,997359,1492119226
6289250671224219841,997890,1492119260
3241749427998745000,997274,1492119215
-7568317195172837852,997866,1492119256
8990638075767188584,997866,1492119230
4565422918314777009,997755,1492119248
-296085862375662297,997955,1492119228
9157627778474476022,997778,1492119244
7959743674915133789,997778,1492119219
-5372946827709143576,997834,1492119248
-5945583391228641419,997745,1492119224
3098843486128845213,997745,1492119242
-1366083005322358201,997745,1492119246
-8674279481597765961,997745,1492119260
-1581010976781866233,997781,1492119210
3209539648785002868,195896,1492119216
-3351458335799794188,986789,1492119228
4932402845912014690,997120,1492119227
8305821624098288706,904406,1492119207
-3053520559737335147,997255,1492119246
3924680539239839803,986786,1492119226
8801885381632579593,997837,1492119255
-4184232719353049342,997837,1492119252
3319963324947689444,997837,1492119262
2449817889717918133,997837,1492119239
8608092487973175691,996520,1492119207
5625166946458935633,997853,1492119219
2266071967311079042,997853,1492119252
294744915250237333,997853,1492119244
7806663561618915248,997853,1492119265
2628572691211008355,997853,1492119232
7680136583471479513,997853,1492119242
-7949895853176628022,997853,1492119236
-5852707658546784736,997853,1492119262
-5592969537483628405,997853,1492119256
-2623490985158180234,997853,1492119252
-6803262475910645031,997853,1492119210
-4452688775780588654,997853,1492119252
6035171005371302437,997853,1492119244
1343584809231878473,997853,1492119264
-4696029024330581242,997853,1492119246
-5632027371356182183,997853,1492119258
-4070663843354095187,997853,1492119238
-4741912370198293874,997853,1492119243
3658508839347424724,997853,1492119209
533241785575320647,997853,1492119231
2628731993641508978,997853,1492119219
-3943010571784431191,997853,1492119230
-6984544800790003312,997853,1492119212
5477864183336711745,997853,1492119255
-7351415165967324856,997853,1492119218
-2117075470333628101,997853,1492119243
5193913729784342799,997853,1492119232
-5722534007874680181,997853,1492119245
5289716829801279652,997853,1492119235
5891342930682739643,997853,1492119252
1860881970693459611,997853,1492119222
-1153192622337819218,997853,1492119235
1165312419763086406,997853,1492119212
75344389775578189,997853,1492119229
-5447373745581597876,997853,1492119217
-6729788973222847823,997853,1492119247
-1074532340640448256,997853,1492119243
1904153454203685439,997853,1492119261
-7917486515562755763,997853,1492119237
-5370028266736895953,997853,1492119215
5482960244823443997,997853,1492119242
2326722650189339403,993224,1492119243
-2284426953708289729,993224,1492119236
654895497293381767,993224,1492119237
3397427909470221304,997903,1492119237
-2151754827697412726,997903,1492119236
-741923449154402940,997903,1492119209
-9166463410390541475,997903,1492119244
5375514919367585531,339860,1492119207
8289507344254682666,339860,1492119260
-6718811849360997025,339860,1492119211
6456508277044460217,339860,1492119206
-5167579065973406644,339860,1492119244
118893297878946261,339860,1492119237
-4283686332438193394,339860,1492119212
2234755622074616114,339860,1492119255
-4916646975022740071,339860,1492119207
-7753889202718779124,339860,1492119243
-1798852519546895618,339860,1492119227
4533769817906241674,339860,1492119233
3495088995721381389,339860,1492119235
-978933891394423414,339860,1492119228
3761014322107196903,339860,1492119243
-4903135740072709728,339860,1492119244
1674105752777683577,339860,1492119207
8006353839582012636,934965,1492119262
7959743674915133789,997771,1492119219
5679140961629109182,996439,1492119242
-3886323356147454068,997691,1492119231
986600505409514461,997691,1492119233
630324910115152355,997691,1492119264
-8476577038091673305,997691,1492119209
-7947265516165686988,997691,1492119228
-5120947174788834823,997691,1492119230
1057091037447613368,997691,1492119212
-4044579870623960818,997691,1492119249
8667644159809236298,997784,1492119251
7358984566979716732,997344,1492119215
5106942388026617258,907474,1492119245
-3053520559737335147,997331,1492119225
-5945583391228641419,997710,1492119224
-6308735214167815473,997981,1492119218
-5252354059207318443,997981,1492119242
-2237265583513071043,997981,1492119254
1761530603626000383,997981,1492119218
8022865990555784,997981,1492119241
-5636304727371818152,997981,1492119216
4810919396294611029,997981,1492119238
-5632767704699801225,997981,1492119260
-7243570290835711938,997981,1492119248
5724987852149631264,997981,1492119245
-40378380885022719,997981,1492119248
6538355278296601815,997981,1492119209
6544475448403563550,997981,1492119251
-3361519314345088849,997981,1492119235
-6998963414178524991,997981,1492119210
-1578035927182285838,997981,1492119221
-5090537142880391198,997981,1492119264
-7983643759200661521,997981,1492119220
-4818312852391356855,997981,1492119232
7290576380767243378,997981,1492119219
-2491434501575082271,997981,1492119215
7180363780281460768,997981,1492119244
5784773227654460904,997981,1492119251
1183285779239127423,997981,1492119209
-2527752213711999412,997981,1492119209
-8368429075627679189,997981,1492119242
-1264015304846375484,997981,1492119256
6386383580831565564,997981,1492119254
-1492552312665995699,997981,1492119229
-2893377531990204397,997981,1492119251
-3936578743628994080,997981,1492119257
-8958455470628357576,997981,1492119257
6456858201038265899,997981,1492119229
3634219030130276144,997981,1492119233
4333385465941088634,997981,1492119255
-5762034217203711997,997981,1492119214
6571322949116614120,997981,1492119225
-386862671100053943,997981,1492119237
-7376436752088137679,997981,1492119241
-1353239123657497418,997981,1492119229
4112474427343230963,997981,1492119245
-5359166191824751071,997981,1492119252
6499794043899496472,997981,1492119240
-8832793329324440669,997981,1492119234
-2519072877449212434,997981,1492119219
-999585653560431780,997981,1492119229
-8140565635803664773,997981,1492119236
3650857834440502899,997981,1492119240
-2799516163144540317,997981,1492119219
-768822249917965152,997981,1492119231
-3130139739036038850,997981,1492119222
7823741190282153963,997981,1492119216
7541852238480270893,997981,1492119241
-2107438067251186479,997981,1492119256
5209990582498241716,997981,1492119213
-1182592637596950934,997981,1492119236
836485460680984204,997981,1492119218
1401444151245861374,997981,1492119222
8027336652756455295,997981,1492119224
213231850898669540,997981,1492119264
1858300076399981607,997981,1492119249
7465242278926001977,997981,1492119254
-6396242035348371797,997981,1492119209
-6358019003424288948,997981,1492119258
6850684416750886880,997981,1492119239
2708717858798722048,997981,1492119251
-7509683926038898924,997981,1492119211
-8530507141434164708,997981,1492119248
-6864090282315475410,997981,1492119223
-4386944200363523801,997981,1492119259
-799517064497556116,984535,1492119211
7225914341342894614,997813,1492119228
-6864692430978076560,997813,1492119248
-940306197859690382,997813,1492119211
806871173593300995,997813,1492119260
-5332551242600379564,997813,1492119215
5212907950814939737,997813,1492119251
-8407331905915796670,997365,1492119247
-4534165621227683090,346753,1492119247
-5859699487975155650,997225,1492119255
-4136784050030229403,997436,1492119210
-8198922516541998055,997976,1492119262
7140985495618217663,997976,1492119239
-1244057371292213434,997976,1492119244
-7502091561073183128,997976,1492119258
-2569066210427876240,997976,1492119251
-3333513925141116031,997976,1492119259
2001001859514557982,997976,1492119242
6754257964707164311,997976,1492119240
-660600168373360686,997976,1492119230
-6396724668400821651,997976,1492119235
9198719243668212539,997976,1492119216
-5977325108740727450,997976,1492119239
6754756990477244195,997976,1492119260
-5938103876429094847,997976,1492119208
-1386877843127089106,997976,1492119266
5245475731095984541,997976,1492119207
5750559247005720182,997976,1492119254
2102475060937330529,997976,1492119240
8601829428416895459,997976,1492119221
426196453297627799,997976,1492119222
-5551065383896442144,997976,1492119219
3616506890804078008,997976,1492119211
3838448798714942927,997976,1492119218
1761530603626000383,997976,1492119233
5112395751964569285,997976,1492119222
6308802047258122346,997976,1492119209
5539239161287243232,997976,1492119257
6298996628235571197,997976,1492119232
3065288749370870446,997976,1492119237
-3181484433599026186,997976,1492119252
-2352598288925340940,997976,1492119233
3137477136118580526,997976,1492119231
-2161047204444265203,997976,1492119210
836485460680984204,997976,1492119242
-1351986808511623482,997976,1492119250
-4517506196137594794,997976,1492119218
4649422080722934156,997976,1492119232
5980913493760734531,997675,1492119252
-6781007956425001718,997675,1492119231
-869409037477783117,997883,1492119253
-2582249597259209409,997883,1492119243
9212345527509163088,914925,1492119250
-8948755973098259818,997945,1492119210
-4668071954718608556,997945,1492119217
3319963324947689444,997945,1492119262
5103840633145900269,997945,1492119263
-653955318506542128,997945,1492119261
-5777768547409447374,990398,1492119223
-829838767385128525,997901,1492119234
-4184232719353049342,997901,1492119225
8092679780258824685,996428,1492119244
5797497720105796972,35269,1492119215
-2775485944763727545,997713,1492119219
-5772579569866020435,997713,1492119257
5373403894436816951,997713,1492119218
6478866870120678693,997713,1492119258
8732502064819529495,997713,1492119208
4053883929084690577,997713,1492119258
-6625578828474257568,997713,1492119250
-2162276230307914382,997713,1492119220
280761377548712152,997713,1492119216
-839459116948376019,997713,1492119249
5324872504223588503,997713,1492119216
2519357221377305045,997713,1492119207
-2769271904386157004,997713,1492119263
4638874409901055129,997713,1492119227
7347932530966691655,997713,1492119236
-4367460701223189095,997713,1492119175
-6851061656037561861,997713,1492119209
-8932608128483901960,997713,1492119257
7370178923412751545,997713,1492119244
7817022934795969823,997713,1492119208
5226144063819796866,997713,1492119220
-746962700939738933,997713,1492119210
-9154380672440282008,997713,1492119219
2234755622074616114,997713,1492119232
-7463913450588304802,997713,1492119214
9117510047039935810,997713,1492119208
-1202424029320681235,997713,1492119227
-6865678019592677653,997713,1492119231
4155395017754031410,997713,1492119261
-7539853424537471390,997713,1492119256
9220905449829299217,997713,1492119236
-895594162938193071,997713,1492119216
6501479719668930706,997713,1492119250
3523419317244537527,997713,1492119258
-4282839971225744234,997713,1492119240
-3702879571555850294,997713,1492119266
585096842491550533,997713,1492119207
6296786007844975121,997713,1492119219
-799517064497556116,997713,1492119215
-57544508040395062,997713,1492119254
-8615431958520533565,997713,1492119257
8451983543817730095,997713,1492119258
808054997017690668,997713,1492119259
-4029758357407783227,997713,1492119254
7797669976699121312,997713,1492119252
-4215989012110600059,997713,1492119226
-4168913197886696154,997713,1492119221
-3965574748984495951,997713,1492119230
-6203892804648875815,997713,1492119217
-5580121027863273840,997713,1492119240
8775238914780978353,997713,1492119207
8908315119331388784,997713,1492119252
-6031997076366044272,997713,1492119223
-8526391561223856894,997713,1492119207
8160984852908881734,997713,1492119255
-7865392187373964811,997713,1492119236
-5657180410298706689,997713,1492119209
-1952551346968938271,997713,1492119251
1034439911759248425,997713,1492119252
-8869214267714403157,997713,1492119225
-5596087540540720401,997713,1492119219
5214425785196673719,997713,1492119234
1488853120970383904,997713,1492119263
-1307859617265970565,997713,1492119247
-6533915665246239876,997713,1492119209
9110420769158834455,997713,1492119223
-7428723480530960886,997713,1492119209
1558181033629869573,997713,1492119259
3424779259944141556,997713,1492119235
8759749192402812066,997713,1492119221
-403716067128962926,997713,1492119244
-3438742767160654910,997713,1492119264
-276196162168166698,997713,1492119234
-4111118378627697001,997713,1492119213
-6422766546511452440,997713,1492119263
-7225837162506216201,997713,1492119240
-1289653119745229756,997713,1492119207
1648186095108382294,997743,1492119252
-7222086342134879321,401712,1492119258
6083474542688735808,401712,1492119235
3086832353697579256,401712,1492119263
-7653275818023836751,997870,1492119230
-869409037477783117,997870,1492119253
-9158797409785940554,997441,1492119246
-6098956196172030136,997441,1492119236
-5225123086295691183,997441,1492119259
-1404143230108285607,997441,1492119252
4535347324938506943,997300,1492119239
7837815607371304232,405380,1492119232
-2480327657715988655,997690,1492119213
7624696609258039002,891293,1492119245
8891890604195546954,997080,1492119218
-2013163000931571678,908576,1492119221
-7945226067650945403,997952,1492119253
5103840633145900269,997952,1492119255
-4649477290185978336,997952,1492119246
-653955318506542128,997952,1492119248
7716458077188314464,997952,1492119260
-4150777396423110528,997952,1492119224
-8500357412404827964,997952,1492119259
4079866852250703514,997952,1492119264
3986658636139596584,997952,1492119227
-3053520559737335147,997222,1492119247
-6794657884847432579,997750,1492119214
715187902624944591,939411,1492119221
4053883929084690577,344137,1492119258
-3690375777313575533,344137,1492119238
6174859062074015029,344137,1492119220
-3711587684565088030,997373,1492119238
3698506821257613309,997732,1492119216
3319944211052230578,982391,1492119228
-1581010976781866233,997621,1492119260
-6809182212309209068,912071,1492119247
-7152343391044585560,895539,1492119264
-69118914187100642,997681,1492119260
-5221054080880086669,997681,1492119225
978301109715906746,997681,1492119250
-7040979108681775397,997863,1492119257
-5452390282484517430,997863,1492119257
7596381456364264072,997863,1492119227
2742740005361999303,997863,1492119207
-3592359952126084702,997863,1492119247
-3031102280327360834,997863,1492119256
-5225123086295691183,997863,1492119208
-4096782031697152611,997863,1492119239
2082649016595346824,997863,1492119208
7840879761683819837,995730,1492119224
3924680539239839803,986768,1492119240
-3632661403916502756,966480,1492119224
-5184594508709789583,990407,1492119220
-1722866711080256197,155507,1492119262
-6552502251750424965,997846,1492119256
-4509715105796356583,988817,1492119248
-6001669546838198028,936695,1492119230
-5848335220002930684,989035,1492119243
-6486851990782647518,993513,1492119230
3690360877712049002,997913,1492119224
-3576083615801224376,997913,1492119245
-2582249597259209409,997913,1492119243
-8148262866071504442,997832,1492119265
-7956815937462900179,997926,1492119238
8810410126761569936,997926,1492119209
2742740005361999303,997926,1492119235
-2137090341932001800,997926,1492119231
2193125143260505134,997926,1492119248
-6551489028712065723,997926,1492119245
4940611053633855321,997926,1492119242
5547995798287003092,997926,1492119231
7680436240613168740,997926,1492119215
-1569196023178183223,997926,1492119235
-1267859101042011179,997926,1492119210
5679140961629109182,996217,1492119223
-6616963491853106814,996217,1492119261
-5372946827709143576,997816,1492119249
-2545149421689714224,997816,1492119262
-4103332598427618068,997816,1492119251
5148830797794910819,941236,1492119258
-5945583391228641419,997687,1492119219
4793044508106068036,997687,1492119238
-4096782031697152611,997687,1492119249
149215137701734349,983754,1492119223
5679140961629109182,996244,1492119242
-4865306807811973846,997780,1492119228
-6797604989023767374,972937,1492119257
8132936423616987627,972937,1492119220
-5799092145741670785,995705,1492119257
-1581010976781866233,997761,1492119232
-7788683825148458514,996713,1492119245
-7893908701568899233,988454,1492119262
5374544401403448533,988454,1492119217
-7105873662881721821,988454,1492119261
-824970705043535475,343506,1492119239
4311951033419867332,997987,1492119230
-8674279481597765961,997762,1492119260
4451581579056624388,997762,1492119244
3515921320317968064,997762,1492119216
-9025311688114239324,997762,1492119248
-7152343391044585560,895608,1492119235
-3053520559737335147,997226,1492119239
-6082690471724070767,990840,1492119229
2629636936697707245,990840,1492119227
-5200325648218428776,997444,1492119226
-1090971734132591210,997444,1492119209
3561294455098719035,997444,1492119224
-1904703539149705774,997444,1492119259
4677410572777136418,997444,1492119253
4153096271688078553,997444,1492119260
-2857213506256657646,997444,1492119245
8828474791954931566,997444,1492119234
7949300635510449935,997444,1492119265
2830591979540625024,997444,1492119260
-4483516135407144215,997444,1492119264
4740005957992428897,997444,1492119237
86068882449315481,997444,1492119219
7868939103583926142,997444,1492119255
4827458164210835369,997824,1492119256
3466073947891939487,997824,1492119244
-6146482925088948262,997824,1492119215
-7479822256953605569,997824,1492119267
-2766137290850977922,997824,1492119253
-2047042029945654773,997633,1492119224
8627965345474170398,997633,1492119213
-2084445589079181437,997633,1492119214
7969332247492155525,997403,1492119214
9019666445159360104,997403,1492119262
4984311000883018568,997403,1492119237
3647508507715622386,997623,1492119245
4429676726824328385,997623,1492119258
-7505461542948573301,996997,1492119234
-3936578743628994080,997985,1492119257
7180363780281460768,997985,1492119231
-2564185845024485343,997985,1492119243
-6839188390639119360,997978,1492119224
-2647422705142766238,997978,1492119261
-3751138672165750857,997978,1492119233
-7225837162506216201,997978,1492119239
-6174433405775580336,997978,1492119210
808054997017690668,997978,1492119259
-7539853424537471390,997978,1492119239
4075275357034767658,997978,1492119215
-4556850637020651531,997978,1492119219
4094642377394774024,997978,1492119207
7559431551775934304,997978,1492119210
-7420863409435487983,997978,1492119220
-7556523741792300934,997978,1492119246
-2930282259433801526,997978,1492119208
8362078396677148297,997978,1492119248
6039228232801442708,997978,1492119265
6296786007844975121,997978,1492119219
2883654998822718868,997978,1492119227
-8958455470628357576,997978,1492119216
8775238914780978353,997978,1492119207
5991584839539422992,997978,1492119250
-3438742767160654910,997978,1492119264
4931557880283173687,997978,1492119250
-7484344214426136433,997978,1492119256
-1301833962626736742,997978,1492119223
-2493824662735836663,997978,1492119248
-6001573210969344080,997978,1492119267
8974394290064810194,997978,1492119238
-2458472065924000807,997978,1492119230
-4490232681913001409,997978,1492119259
6366052108696114220,997978,1492119218
5524983703837990927,997978,1492119230
579882689411047997,997978,1492119246
-8140366618214864892,997978,1492119227
-9167921646909020773,997978,1492119215
-3364209896081349112,997978,1492119243
2377795303600590289,997978,1492119238
-5404651496990326194,997978,1492119248
4685875719097371048,997978,1492119249
1146683817209889165,997978,1492119227
-6082690471724070767,997978,1492119241
7094521071821094154,997978,1492119247
3844502300177732356,997978,1492119252
3316864539533792818,997978,1492119237
-4202112376475327918,997978,1492119223
4563942771994903032,997978,1492119246
-4184954165099421169,997978,1492119263
2107132716453243662,997978,1492119250
6754299952838967015,997978,1492119256
6275873278309296818,997978,1492119236
-5316671887090527157,997978,1492119232
3613861493133275937,997978,1492119245
-5756701523822653829,997978,1492119249
-397017163274305336,997978,1492119240
-7620347015951542163,997978,1492119212
-8270746678505470369,997978,1492119218
2212212143818946057,997978,1492119213
-5805364692868937622,997978,1492119211
154669741771296376,997978,1492119245
-2433166633965323888,997978,1492119224
-7611138467424678340,997978,1492119210
-1430429680824908384,997978,1492119258
4546139067792024530,997978,1492119232
5975052374491089769,997978,1492119218
-303795618213643850,997978,1492119254
-8261271001193532785,997978,1492119218
1783984153676692196,997978,1492119212
8071716740556430607,997978,1492119221
8598887144202605480,997978,1492119218
-5177916643940010337,997978,1492119208
8450307085168732676,997978,1492119221
-3662415254618527777,997978,1492119225
-3987855158913663385,997978,1492119264
-7452253599776674239,997978,1492119266
3244371104369369402,997978,1492119264
5986029387352700949,997978,1492119228
-746962700939738933,997978,1492119250
2316605434960167147,997978,1492119235
7533613705831739378,997978,1492119228
4396087519578140053,997978,1492119264
8853002819285222463,997978,1492119229
4147890054007768855,997978,1492119228
8346868684295697399,997978,1492119212
-8832793329324440669,997978,1492119222
6664745488743828186,997978,1492119259
1439760994012365631,997978,1492119222
-7534305952872068769,997978,1492119245
-3148710544314510995,997978,1492119252
-7457002495896546045,997978,1492119263
-966808607025398723,997978,1492119257
8525236176416868711,997978,1492119244
-8291637562718254367,997978,1492119258
2320915364225471821,997978,1492119234
5308978532669049623,997978,1492119237
675848122799541570,997978,1492119227
-2013767835941015705,997978,1492119250
-561698107755453306,997978,1492119252
5764259194719378044,997978,1492119250
-2595597999079314271,997978,1492119230
6047939674443386176,997978,1492119216
2633795432978676868,997978,1492119231
377211189808569023,997978,1492119248
2208146438024655569,997978,1492119260
1576147398115111527,997978,1492119258
-1490775848954736183,997978,1492119256
8287313644666124991,997978,1492119250
2876191668649889021,997978,1492119233
-6664809481993554811,997978,1492119214
-1149656508222882644,997978,1492119220
3831866972473478727,997978,1492119248
3262544014186261188,997978,1492119214
677049571541121471,997978,1492119258
-7598501298753986311,997978,1492119244
4334814237123170502,997978,1492119239
-7054081453741241892,997978,1492119238
-4962581742201419367,997978,1492119214
-5967810919716226648,997978,1492119251
7590473080141606379,997978,1492119265
-8103499018167382433,997978,1492119256
-6510045225279723505,997978,1492119253
-4239033483383907732,997978,1492119260
1214069279659725868,997978,1492119219
-3690375777313575533,420064,1492119214
4053883929084690577,997645,1492119258
-2162276230307914382,997645,1492119257
6690677698523618555,997645,1492119215
2234755622074616114,997645,1492119255
280761377548712152,997645,1492119232
-6851061656037561861,997645,1492119209
-3152935712990111183,997929,1492119229
7596381456364264072,997929,1492119252
2742740005361999303,997929,1492119209
-7040979108681775397,997929,1492119257
6227741938367643554,997929,1492119251
3399778567231399221,997929,1492119246
-3053520559737335147,997311,1492119232
-3010441590262507373,997311,1492119258
-8381262635922826580,997311,1492119260
4053883929084690577,340254,1492119258
-1113282973230415126,988110,1492119225
-538177045886162733,997949,1492119212
4116362241751810451,997949,1492119249
-6059193709439444690,997949,1492119221
3582353741176329967,997949,1492119237
8997842136004395266,997949,1492119243
-2151762577912110064,997949,1492119233
4079866852250703514,997949,1492119234
7655546199434156668,997949,1492119219
-7906393956864037402,997949,1492119236
-3017261853714587331,997949,1492119208
538400519926832775,997949,1492119261
-8078311688788663656,997949,1492119230
-5848335220002930684,988853,1492119243
-1938105001616705916,995985,1492119213
-6390444004689025993,995868,1492119235
-434435363345359312,995868,1492119264
-9209732521328682723,997947,1492119255
-1603983969757261949,997947,1492119243
-8586801809239596629,997947,1492119262
-4240704703943613566,997947,1492119252
163886219495735390,997947,1492119210
1452898882884483068,997947,1492119245
6754257964707164311,997947,1492119251
6054279875007827174,997947,1492119212
-8886759288001203876,997947,1492119220
-4883728749036423343,997973,1492119255
-4808267760532749574,997973,1492119240
-7474369825791775170,997973,1492119236
-2313549835474965677,997973,1492119218
-10569936968888431,997973,1492119238
-2916598116923578395,997973,1492119256
3835777301865724644,997973,1492119252
2067032664191238423,997973,1492119255
5923788751852847784,997973,1492119260
2102475060937330529,997973,1492119260
6718875629897092004,997973,1492119232
5245475731095984541,997973,1492119238
3616506890804078008,997973,1492119241
3880390255984057109,997973,1492119264
5080663055297963959,997973,1492119245
1761530603626000383,997973,1492119244
4336362252047132508,997973,1492119262
-2361728508933602438,997973,1492119228
4417748584407699708,997973,1492119262
8370963831928901203,997973,1492119255
-7412861572914971955,997973,1492119233
3933977253803030757,997973,1492119219
-8273025403294535549,997973,1492119233
1949170880558425224,997973,1492119248
3978205041921703094,997973,1492119231
-3436346449442843626,997973,1492119262
4394460168184413777,997973,1492119259
-6622655095699575401,997973,1492119227
-830125054865437624,997973,1492119261
-5977325108740727450,997973,1492119241
-6035789424134417247,997973,1492119262
-6868215229699864470,997838,1492119213
-8148262866071504442,997838,1492119265
1354220976722847397,928687,1492119225
464863874388640067,938370,1492119227
-6577253398160212698,996491,1492119231
209528990269104638,997107,1492119259
5806197924996444487,997107,1492119257
-6927380078441070258,997107,1492119260
76338515184245629,997107,1492119215
-5470023225554343034,997107,1492119262
4057347755762715888,997107,1492119214
-9211764192811726283,997107,1492119259
4264346153372894370,997107,1492119261
2754046110599530470,997107,1492119243
-157529866905118576,997107,1492119217
-4154136270114979520,997107,1492119245
4912582328739973683,997107,1492119246
986600505409514461,997107,1492119240
-9027510406899408809,997107,1492119234
6481610787635666744,997107,1492119228
-4063299645319312004,997107,1492119266
566108278292915805,997107,1492119219
-6521670615326551240,997107,1492119244
-5492156086025101284,997107,1492119223
-7297599490131210343,997107,1492119218
-2934093011193282005,997107,1492119209
-5791990635966009562,997107,1492119258
-226800527058542224,997107,1492119261
388380958937650414,997107,1492119258
-2434708538002071431,997107,1492119228
6580248754910841069,997107,1492119216
-1308661910470887609,997107,1492119242
-6673553342245326790,997107,1492119261
4048650353763908121,997107,1492119257
-5920947266506684819,997107,1492119239
1669759575858507598,997107,1492119245
7513088763635340529,997107,1492119219
-65240072388947631,997770,1492119228
-3944851105406493202,997770,1492119230
4881867955443384877,997791,1492119255
-3944851105406493202,997789,1492119249
-65240072388947631,997789,1492119228
-6577253398160212698,996724,1492119209
2613914994518085489,996724,1492119234
-8707432681170779799,899665,1492119233
-4472812065951816233,995105,1492119218
2002999136848060759,997650,1492119244
7885251171967894528,997650,1492119239
7740067963576821384,997656,1492119239
7885251171967894528,997656,1492119225
-8586801809239596629,997951,1492119233
6754257964707164311,997951,1492119251
5622952869279268792,997951,1492119224
-2591439583986944481,993135,1492119250
1160525543486513325,995622,1492119204
718393092915980405,984248,1492119243
-1587350563043926708,984248,1492119248
161929239967544074,984248,1492119212
4808237404732812199,984248,1492119260
3777862131830064089,984248,1492119267
-4483516135407144215,984248,1492119260
5251325892739697435,984248,1492119254
76338515184245629,984248,1492119251
-355921571735982506,984248,1492119261
-4389205047559201100,984248,1492119261
4464110962631225213,984248,1492119247
4419541591901110614,984248,1492119218
8132630502366545618,984248,1492119246
2629636936697707245,984248,1492119213
6826235029116177683,984248,1492119219
4427902709827637364,984248,1492119228
4155395017754031410,984248,1492119238
-5163414286443898311,984248,1492119228
7559431551775934304,984248,1492119217
2905686065483204438,984248,1492119229
2802601414214975717,984248,1492119259
2093400438463714293,984248,1492119220
-5244774241889975568,984248,1492119250
-5242462806648871288,984248,1492119256
-2084445589079181437,997537,1492119214
-4373485592956638179,997537,1492119266
-3053520559737335147,997301,1492119210
4158933390791591968,997954,1492119222
-8030672285478111208,997954,1492119228
-255334134482228124,997954,1492119229
-296085862375662297,997954,1492119259
-6059193709439444690,997954,1492119264
5230024511809423846,997954,1492119228
-8500357412404827964,997954,1492119221
-3408565809464967440,997954,1492119263
-7906393956864037402,997954,1492119260
8997842136004395266,997954,1492119264
-1192338259495134251,997954,1492119251
1147603979882493918,997954,1492119227
-538177045886162733,997954,1492119263
4802727731833720095,997425,1492119220
-5184594508709789583,990376,1492119220
149215137701734349,982540,1492119215
8097639899925118257,885417,1492119238
6174859062074015029,345909,1492119220
7076930929307075143,345909,1492119218
-3690375777313575533,345909,1492119224
-3010441590262507373,997257,1492119258
-6803262475910645031,997852,1492119224
-5332551242600379564,997941,1492119214
-4668071954718608556,997941,1492119217
-5777768547409447374,997406,1492119221
7381885133432642815,997406,1492119240
5202097174095652615,996234,1492119209
-211493249565426417,997593,1492119225
4391929331178316416,997593,1492119237
7868939103583926142,997820,1492119255
8530598011997470125,997820,1492119218
-6695125233653982798,997820,1492119259
-9129542819765975688,997820,1492119248
-4579256160622079832,997820,1492119259
-3316014379583651842,997820,1492119212
6111872715763130559,997820,1492119257
-9083820988489208395,997820,1492119212
-2930282259433801526,997820,1492119229
-7095819756176605443,997820,1492119253
7895147329524768094,997820,1492119222
7427417489736832805,997820,1492119241
76338515184245629,997820,1492119267
3495088995721381389,997820,1492119233
4941156830613721065,997820,1492119222
7559431551775934304,997820,1492119222
-494554387504205183,997820,1492119238
5955463058884515808,997820,1492119236
-4530643559442509168,997847,1492119226
6638971894114628654,997847,1492119254
-4556798890424309496,997847,1492119222
2580586458282326033,989160,1492119255
-7504225014461903679,997746,1492119229
6198125122517418612,997746,1492119255
8781853610400404725,996406,1492119228
-3886402013592450580,155847,1492119227
6291930550565418498,997639,1492119220
-7269042768920562433,997639,1492119229
1580404771831531103,995171,1492119249
-6273990438186430354,997049,1492119218
-5757692132193505642,923459,1492119214
415410184842282752,421854,1492119229
5224285516185225539,997797,1492119208
-8748095103678470026,997797,1492119262
7840879761683819837,995741,1492119224
-7152343391044585560,895855,1492119225
7097655198983281880,997986,1492119231
4485585540781051018,997986,1492119216
-8317896630782453988,997986,1492119257
-5036403305070656982,997986,1492119257
-5384835489624599951,997986,1492119210
-7606293116693778842,997986,1492119241
-5337531947579069856,997986,1492119238
-4360722492566798659,997986,1492119255
-3576009436097177047,997986,1492119208
-9105928381685756062,997986,1492119245
-627509997693223951,997986,1492119246
-7782376072062567295,997986,1492119248
-4323544273871924027,997986,1492119242
-8350144723761383872,997986,1492119207
1346618514616929177,997848,1492119223
-3371713338457006204,997930,1492119239
4429676726824328385,997930,1492119241
1540355483475573292,997930,1492119221
-8067705042817881185,997930,1492119264
-2047330179320081792,997930,1492119267
-7197204909598601649,997930,1492119250
-7437262084764626515,997930,1492119214
-7450894991605828868,997930,1492119256
-3082482623195633109,995464,1492119225
5263336070173767425,989137,1492119255
-967814988690203547,892974,1492119255
222423230461921473,421187,1492119223
-570244989565494219,997844,1492119259
-3902757095898943814,997844,1492119208
-4096782031697152611,997948,1492119222
5852829988161757254,997948,1492119263
5375514919367585531,997948,1492119218
-8474475839330421820,997948,1492119265
-5956121429745264385,997948,1492119229
-8555435559288464285,997948,1492119248
-3352638695975384135,997948,1492119238
-839840091530454820,997948,1492119231
-7652227944462180240,997948,1492119260
-5372946827709143576,997818,1492119214
6638971894114628654,997818,1492119258
-3755104540884826576,997818,1492119242
-4880212100091728217,997818,1492119241
134505325295586816,997818,1492119254
-1444785975696550050,997818,1492119254
4391929331178316416,997568,1492119244
-211493249565426417,997568,1492119231
7076930929307075143,345902,1492119218
6882101247760154406,406042,1492119245
6806310493902899379,343637,1492119214
-7671269571107235006,997703,1492119262
-2559655521508582257,997703,1492119224
793948358877302890,997703,1492119247
-1481503311200685715,997703,1492119237
2238921174229929633,997703,1492119248
-2837707619587370559,997699,1492119217
-3593899494719774010,340121,1492119215
4053883929084690577,340121,1492119258
-2480677136316771458,974441,1492119258
4803796457374984280,974441,1492119226
-8404222014907053022,997241,1492119238
2102870658419777659,997302,1492119210
-8467943777997248036,997302,1492119221
3434166149344229363,344130,1492119262
-8899822544678045884,343382,1492119212
-908255916774994278,985873,1492119235
2690051853369961660,997919,1492119239
-7225621364507010646,997919,1492119251
-4817170370395577452,997919,1492119259
3215631115426386051,997919,1492119231
-166072519837087358,997919,1492119251
8294204878646095320,997919,1492119244
5055604106181000727,997919,1492119238
-3077744942223441729,997919,1492119257
2012333476968104240,997919,1492119213
-5303762689365851287,997919,1492119223
-1072148174525181665,997919,1492119218
6549374074102180611,997919,1492119218
-7385232501843408742,997919,1492119221
-4872090100469221267,997919,1492119234
3108665013032964617,997919,1492119217
-2972695725395905502,997919,1492119262
5465203622325993492,997919,1492119252
3735478601948167983,997919,1492119230
-867759303493451237,997919,1492119229
622718312359868185,997919,1492119224
3741854919427656280,997919,1492119217
-8952244418427745501,997919,1492119252
-1453840287414767885,997919,1492119266
4478211969865688606,997919,1492119209
2798961650665880244,997919,1492119217
2196980864549152737,997919,1492119220
-4184232719353049342,997919,1492119230
-6085474490354664780,997919,1492119262
-6282888042168733008,997919,1492119257
-3173228196682702215,997919,1492119223
-2671890603432853710,997919,1492119219
4577059013717136954,997919,1492119244
3707055955215463597,997919,1492119224
6582185526650870494,997919,1492119229
-4114062287312017905,997919,1492119266
-5388191954134777479,997919,1492119265
2450994523776068549,997919,1492119239
-2459702659287764348,997919,1492119257
2813465030786208649,997919,1492119267
-8308093830891981138,997919,1492119209
-473349627360672081,997919,1492119266
-6545407676310317887,997919,1492119226
-5679995252295155423,997919,1492119246
-4869321660449048224,997919,1492119243
-6316531909893777761,997919,1492119251
5563082203685815007,997919,1492119264
-7272177174082004247,997919,1492119248
5092629154760784179,997919,1492119250
-5743875014663186567,997919,1492119242
8964232014182162737,997919,1492119208
525248193452361643,997919,1492119225
-6603942229508105283,997919,1492119224
8001871616490993341,997919,1492119256
-4977702249447312351,997317,1492119259
7806942985102942742,997966,1492119219
-4810462245780834879,997966,1492119211
-2953865334670456067,997966,1492119219
4133285132429075215,997966,1492119231
-8813677159316035278,997966,1492119260
485909543476995215,997966,1492119234
-2226346307025472356,997966,1492119258
5245475731095984541,997966,1492119255
6718875629897092004,997966,1492119247
1761530603626000383,997966,1492119255
-10569936968888431,997966,1492119244
3835777301865724644,997966,1492119252
4417748584407699708,997966,1492119267
-7474369825791775170,997966,1492119237
-4883728749036423343,997966,1492119255
2067032664191238423,997966,1492119255
-353527036715918325,997966,1492119261
-2916598116923578395,997966,1492119256
-4808267760532749574,997966,1492119240
2002999136848060759,997642,1492119230
7885251171967894528,997642,1492119233
-5043734931256089216,997642,1492119240
4150858164613217972,997642,1492119223
1998453511636384982,997642,1492119250
-9129542819765975688,997801,1492119225
-4035099203461203583,997801,1492119209
6806477844483963534,997801,1492119208
4804495749312923070,997801,1492119246
5159012588574089473,997531,1492119219
-226800527058542224,997531,1492119236
-2857213506256657646,997531,1492119215
6164919671244284096,997531,1492119257
8289507344254682666,997531,1492119260
3495088995721381389,997531,1492119265
-5091603892053437383,991417,1492119219
1580404771831531103,995212,1492119221
348722000364716460,994352,1492119239
-8121130912930307384,929769,1492119236
7028902922408660521,983496,1492119241
4429676726824328385,997925,1492119226
2450994523776068549,997925,1492119232
-7437262084764626515,997925,1492119260
-2047330179320081792,997925,1492119267
-3371713338457006204,997925,1492119239
-8748095103678470026,997925,1492119239
-8067705042817881185,997925,1492119264
-7568317195172837852,997856,1492119256
-375060773066614612,993466,1492119213
-9040565881387888831,993466,1492119255
7856978778221933117,993466,1492119256
2825745348792449083,997287,1492119249
-4136784050030229403,997669,1492119223
-3352421453146589576,997942,1492119228
-3674672964330547303,997942,1492119261
-3934904310421419714,997942,1492119237
7215067627737790773,997942,1492119266
-3733181375740496049,997942,1492119259
5646194154035343677,997923,1492119221
6638971894114628654,997754,1492119258
127683857842122313,997754,1492119264
239033822509997464,997754,1492119256
3887198842856887305,997885,1492119243
6289250671224219841,997885,1492119241
2532463094209082661,997885,1492119265
8052936380884344906,997885,1492119216
2773676457168334058,997885,1492119226
3957321494124866909,997962,1492119258
6381211300046274114,997962,1492119249
8243973760298331271,997962,1492119260
8370963831928901203,997962,1492119255
4417748584407699708,997962,1492119261
3835777301865724644,997962,1492119224
-7412861572914971955,997962,1492119233
4336362252047132508,997962,1492119262
6674038221827295451,997962,1492119236
-830125054865437624,997962,1492119261
-6622655095699575401,997962,1492119227
4639944774583750877,997962,1492119267
-3436346449442843626,997962,1492119262
-2916598116923578395,997962,1492119220
-3448564088634957932,997962,1492119217
1399382519552602680,997962,1492119264
3880390255984057109,997962,1492119258
-2276796064964551958,997962,1492119266
5923788751852847784,997962,1492119249
-4646282157587804195,997962,1492119244
-7472444585969198626,997962,1492119239
-1074532340640448256,997962,1492119240
-4286638223443041371,997962,1492119255
2067032664191238423,997962,1492119233
5080663055297963959,997962,1492119239
6076116922478742238,997962,1492119226
7837939754515699808,997962,1492119267
6718875629897092004,997962,1492119223
-8273025403294535549,997962,1492119233
8811023856322117341,997962,1492119231
-4031991119232708439,997962,1492119267
1106265065895928833,997962,1492119234
-4707158533475033119,997962,1492119266
4333385465941088634,997962,1492119245
1930472356002928283,997962,1492119219
-6717857825017171612,997962,1492119267
-9129819912912794712,997962,1492119252
-1075583262465993704,997962,1492119267
3297378575118595359,997962,1492119217
7539468299826438697,997962,1492119251
-6383172294105677287,997962,1492119221
8099183102964702639,997962,1492119219
-2458472065924000807,997962,1492119265
-5063365221862930168,997962,1492119232
5524983703837990927,997962,1492119259
1887074451995476984,997962,1492119228
3063345178580485709,997962,1492119237
225735317283252477,997962,1492119262
3310464527138881493,997962,1492119239
-2893934964429551212,997962,1492119224
-5469403013917847102,997962,1492119261
4246859046038812102,997962,1492119240
3786167458752588520,997962,1492119220
9010768371416180267,997962,1492119221
-6653001043560006034,997962,1492119220
-636937779079659436,997962,1492119226
-346822553726044204,997962,1492119257
2598700019621464416,997962,1492119246
-24267465743970020,997962,1492119257
2215949472019374869,997962,1492119246
4305582564661299734,997962,1492119236
-4078107460532866608,997962,1492119258
-9006399358920495796,997962,1492119254
8974394290064810194,997962,1492119244
-3167709540959003698,997962,1492119244
-3904605901124257525,997962,1492119247
4053883929084690577,997962,1492119267
-6027433561592369442,997962,1492119234
8436688629280484007,997962,1492119247
1589833248985200360,997962,1492119257
788856774247959017,997962,1492119219
-7384882899947168340,997962,1492119263
-1229606414208995933,997962,1492119219
-3341450201174627012,997962,1492119215
5036352887909737821,997962,1492119256
-6176359053594243020,997962,1492119237
-6193102797195573330,997962,1492119227
-4425461060652422624,997962,1492119218
54949188521416321,997962,1492119214
-8693900813652940479,997962,1492119261
1391533478695006889,997962,1492119231
-3241472925644689146,997962,1492119214
-719576337113461909,997962,1492119230
-8832793329324440669,997962,1492119226
1873073273065123269,997962,1492119241
-8790800412444716222,997962,1492119263
-5981194021670862846,997962,1492119214
4356931528534302159,997962,1492119248
-3122230405947611796,997962,1492119255
6217739349126944483,997962,1492119252
2022897326152599036,997962,1492119251
333982506895380251,997962,1492119243
6388386361810315570,997962,1492119217
-6174433405775580336,997962,1492119243
8294763861660544032,997962,1492119232
-2246701192563646982,997962,1492119211
-4324805006516703630,997962,1492119264
7259731670692224943,997962,1492119235
6990098715852860722,997962,1492119242
-185286640425536602,997962,1492119240
-770582716454730747,997962,1492119252
8462705403188832160,997962,1492119263
4443193720247566250,997962,1492119261
2582869088219760085,996789,1492119238
5625166946458935633,996789,1492119218
7932216764868558082,996789,1492119252
5193913729784342799,996789,1492119263
-940306197859690382,997933,1492119209
5892522926193549863,997933,1492119258
-8123952235691320845,997672,1492119230
-1276516749601817354,996444,1492119227
-8028401683406563048,997914,1492119247
-3031102280327360834,997914,1492119256
7596381456364264072,997914,1492119219
8962576407604706517,997912,1492119244
-2694533989889508536,997912,1492119265
-7644332285531387262,997912,1492119234
2802601414214975717,997912,1492119210
-729064407364498425,997912,1492119213
9132225204444555925,997912,1492119256
-8369905319014258558,997912,1492119256
103161796177692805,997912,1492119245
7572366730719754064,997912,1492119267
-9055476441706021861,997912,1492119260
-924525145241958563,997912,1492119226
316550862865270827,997912,1492119268
-6135589528898906862,997912,1492119227
6662414939099780134,997912,1492119212
-10730820838378716,997912,1492119261
-3643805718668867295,997912,1492119243
6219943646176670790,997804,1492119229
-3615218006052986847,997804,1492119231
8275657098581772760,997221,1492119225
6303051677904689127,117035,1492119212
-7209004080612220994,343208,1492119220
-2834841108850838766,405208,1492119215
3332772305308348121,996030,1492119250
-1753997608214322873,997688,1492119253
3914832087284012184,997688,1492119249
9131847414089487841,997688,1492119223
8828474791954931566,997896,1492119234
-8534296678156450664,997896,1492119244
-4845942172355718998,997896,1492119237
2830591979540625024,997896,1492119260
4677410572777136418,997896,1492119219
4740005957992428897,997896,1492119235
-1904703539149705774,997896,1492119214
4153096271688078553,997896,1492119253
3666723543968616197,997896,1492119219
-4483516135407144215,997896,1492119264
161929239967544074,997896,1492119213
7732688051285303382,997896,1492119230
2212361977703833812,997896,1492119250
1418612820424657931,997896,1492119239
-6161205252107701268,997896,1492119211
1883226274177102959,997896,1492119237
7837143820050340814,997896,1492119246
4270306296785001967,997896,1492119262
-8067146018229385855,997896,1492119227
-1587350563043926708,997896,1492119249
718393092915980405,997896,1492119243
73781613890937735,997896,1492119267
6321461391827501852,997896,1492119244
-4456935281822716523,997896,1492119261
-3105427296771801064,997896,1492119222
4819515128533977155,997896,1492119235
194096944280469022,997896,1492119242
-1137675466547688166,997896,1492119237
7917095969445766770,997896,1492119267
3575949846572703243,997896,1492119231
3582353741176329967,997961,1492119221
-2151762577912110064,997961,1492119225
538400519926832775,997961,1492119261
6054279875007827174,997961,1492119211
-8586801809239596629,997961,1492119227
-2828053507108145030,997961,1492119236
8601829428416895459,997961,1492119264
5622952869279268792,997961,1492119224
4079866852250703514,997961,1492119227
3376976028750546338,997961,1492119243
2517360970726933888,997961,1492119260
8997842136004395266,997961,1492119232
7655546199434156668,997961,1492119212
-7906393956864037402,997961,1492119231
-6279150977205472290,997961,1492119227
4116362241751810451,997961,1492119215
-8078311688788663656,997961,1492119230
6754257964707164311,997961,1492119250
-2537540014244619637,997961,1492119221
-3982924926431469190,997961,1492119244
-4982785139335709439,997961,1492119233
1761530603626000383,997961,1492119265
6856615691869113556,997961,1492119267
-6343451686216589195,997961,1492119236
-2569066210427876240,997961,1492119251
972030593567626696,997961,1492119256
-1386877843127089106,997961,1492119266
2245181334964255266,997961,1492119266
-8902184279372407115,997961,1492119249
-5994220363897768282,997961,1492119234
-660600168373360686,997961,1492119230
-2030374321882116222,997961,1492119250
3434166149344229363,344133,1492119256
-8658353118846678350,997756,1492119267
516249599477693591,997756,1492119252
3667816895323343994,997756,1492119251
9089300077899063494,997756,1492119211
-7883746099726771038,996805,1492119267
8030803920081935627,997396,1492119226
5016328724111875721,903003,1492119262
383811764410081062,997964,1492119255
2245181334964255266,997964,1492119213
1761530603626000383,997964,1492119259
-2953865334670456067,997964,1492119219
4133285132429075215,997964,1492119231
-8813677159316035278,997964,1492119260
485909543476995215,997964,1492119234
-9105928381685756062,997975,1492119217
3570670620847192762,997975,1492119246
-5977325108740727450,997975,1492119211
-5041176865081182236,997975,1492119222
5750559247005720182,997975,1492119240
2001001859514557982,997975,1492119211
2520602628831518348,997975,1492119220
213231850898669540,997975,1492119259
-965970184874263943,997975,1492119213
-1410485432415814053,997975,1492119262
-6396724668400821651,997975,1492119209
-1502934542735248293,997975,1492119235
2102475060937330529,997975,1492119227
3838448798714942927,997975,1492119214
-5570089102056762254,997975,1492119234
426196453297627799,997975,1492119214
1761530603626000383,997975,1492119231
-7243570290835711938,997975,1492119251
-3995830694032751008,997975,1492119223
-487126300366499714,997975,1492119209
2323181086393262169,997975,1492119213
2534986438890035180,997975,1492119234
2588358894722899382,997975,1492119268
-865566079568396778,997975,1492119223
-7828590020190879967,997975,1492119256
-8052843560585834914,997975,1492119256
-2967418383712927446,997975,1492119238
-6594112951430660083,997975,1492119224
-5875222748644729254,997975,1492119263
3373135810251682184,997975,1492119209
-7461194905562309552,997975,1492119242
6492557810581062220,997680,1492119228
-2144590149021171890,997680,1492119220
-5135880743908405291,997680,1492119252
-979527573222120450,997972,1492119231
-3785472734334300334,997972,1492119268
4084425361263700354,997972,1492119261
1964684759266206216,997972,1492119230
-6331166918963115662,997972,1492119229
3428534208427375092,997972,1492119269
4193631112413492964,997972,1492119222
6400784950439391694,997972,1492119245
-2647512089170118685,997972,1492119234
-7941689049016355053,997972,1492119218
366738117326980896,997972,1492119226
2298504325690610224,997972,1492119227
-7860116282868626486,997972,1492119216
-1962493739252137265,997972,1492119234
-8087271437556424444,997972,1492119224
7017440055584598814,997972,1492119218
7311817916147343035,997972,1492119268
-1675074043683278129,997559,1492119243
-2320144542996734086,972031,1492119265
-2960016205519848838,972031,1492119218
7630977071949311463,997617,1492119213
-11878718690311980,915462,1492119222
5472475119806754859,997779,1492119248
-2350901405647875590,997779,1492119257
7132833579279174847,997779,1492119242
-4039246174155392291,997779,1492119209
-6388486333563880707,997779,1492119241
9051954964641886681,997644,1492119237
3395882257867419376,997644,1492119240
1224472555352430692,997644,1492119242
6168300322548141579,997644,1492119247
-171582997221176882,997644,1492119211
-7583209129055391546,997644,1492119231
-375060773066614612,993207,1492119240
-5355711605733203881,981978,1492119262
8643054523963045168,946924,1492119228
348722000364716460,994338,1492119239
1014347513604444834,995978,1492119212
6145095968440148967,994953,1492119244
-5619719319725521613,997904,1492119218
-5264233334755565707,997904,1492119243
-3077744942223441729,997904,1492119266
1795158763004410017,997977,1492119251
4511513652492794272,997977,1492119216
-6343451686216589195,997977,1492119233
6312958873687520169,997977,1492119265
-4759502966778779550,997977,1492119225
-6335531684086225006,997977,1492119212
-865566079568396778,997977,1492119223
4439337158331263638,997977,1492119226
8556970568610759896,997977,1492119217
-6594112951430660083,997977,1492119224
-7935497479777031518,997977,1492119255
-406029613261389826,997977,1492119241
-7393266973138371142,997977,1492119262
9039749858309061784,997977,1492119263
-5875222748644729254,997977,1492119263
8440260758911684735,997977,1492119256
2588358894722899382,997977,1492119268
7311817916147343035,997977,1492119259
5916107431838793967,997977,1492119259
-487126300366499714,997977,1492119209
6850684416750886880,997977,1492119213
5740207362838597547,997977,1492119234
-8542482015026162408,997977,1492119237
5080579445507886677,997977,1492119229
2102475060937330529,997977,1492119215
6712293606392263882,997977,1492119241
-7983643759200661521,997977,1492119234
1761530603626000383,997977,1492119229
-7243570290835711938,997977,1492119251
-9173481246175606316,997977,1492119262
-8594678457008064297,997977,1492119213
5951401548256243642,997977,1492119233
6642960008477173218,997977,1492119241
-1578035927182285838,997977,1492119216
-1181796163644010742,997977,1492119254
5784773227654460904,997977,1492119251
-7860116282868626486,997977,1492119251
-5568893549507756805,997977,1492119221
5724987852149631264,997977,1492119245
7290576380767243378,997977,1492119219
-6506932354704694062,997977,1492119238
4973087878196314312,997977,1492119224
6543791774084352476,997977,1492119244
-8832793329324440669,997977,1492119244
7180363780281460768,997977,1492119244
3057320110538282070,997977,1492119219
2373979661948495279,997977,1492119236
-5056715961637584360,997977,1492119232
-281469191143043073,997977,1492119246
4579856705987454121,997977,1492119251
-7064328587679408659,997977,1492119245
-1211508500265161755,997977,1492119220
-1823120817757085307,997977,1492119234
-9155526165840398470,997977,1492119217
2387891056877221500,997977,1492119251
-8368429075627679189,997977,1492119244
7017440055584598814,997977,1492119234
-3174922690858658716,997977,1492119255
-2691434775163269864,997977,1492119247
-4526892715162142793,997977,1492119233
-3560342489154236259,997977,1492119262
-5090537142880391198,997977,1492119265
9046283578518173216,997977,1492119228
-5221054080880086669,997760,1492119225
-621115694764127690,997550,1492119257
8601022632884158712,997918,1492119268
-4184232719353049342,997918,1492119214
620600854129349135,997918,1492119246
4633016028617743762,997918,1492119261
-2987445344448321628,997918,1492119236
-6174714048938525631,997390,1492119220
744319218993329919,997390,1492119245
-6869701843401126823,997865,1492119252
4640304331286320189,997934,1492119225
4079866852250703514,997934,1492119264
-8293393916866494257,997934,1492119246
5081588564614327895,997934,1492119255
-8500357412404827964,997934,1492119230
-255334134482228124,997934,1492119240
-296085862375662297,997934,1492119269
5230024511809423846,997934,1492119233
-8030672285478111208,997934,1492119259
811720071333421462,940685,1492119209
6861539881289419217,997058,1492119228
-877247388417210735,997907,1492119240
5038695575637426322,997907,1492119234
-4140693474025137412,997907,1492119236
2840740683882298845,418618,1492119226
-9162880199896372320,997794,1492119221
-329302776006695288,928270,1492119216
-8773689407855153237,997747,1492119235
2773711208803813212,997747,1492119237
-5372946827709143576,997786,1492119254
-1898733958402092652,997786,1492119241
8140912646414231633,997786,1492119241
-6917842846914618701,997786,1492119233
-3153395895499739524,996535,1492119263
1180209939208886627,996535,1492119210
-6098956196172030136,996535,1492119241
5518617904143214246,994955,1492119233
6262363547426890860,955614,1492119240
-9086563125844035137,994049,1492119242
-11878718690311980,914767,1492119226
6806310493902899379,343634,1492119214
3924680539239839803,986803,1492119213
-128992756621323443,997943,1492119235
6458359691489621581,997943,1492119219
-653955318506542128,997943,1492119261
-4150777396423110528,997943,1492119236
5103840633145900269,997943,1492119263
7716458077188314464,997943,1492119264
-8500357412404827964,997943,1492119259
-8602541336200876575,997943,1492119218
-7945226067650945403,997943,1492119253
9157627778474476022,997798,1492119244
-6560598222211760464,997798,1492119228
5224285516185225539,997798,1492119209
-1477850969655891734,997122,1492119216
5553187231745481414,997122,1492119249
-7044986162041295655,994486,1492119249
-8259283285569639878,997148,1492119220
1560992892014092701,997887,1492119259
2580586458282326033,989164,1492119255
-1581010976781866233,997684,1492119245
-6348603630858929652,38241,1492119232
4053883929084690577,343694,1492119222
-3690375777313575533,343694,1492119244
7470124914579768267,997905,1492119225
-5724763186456951209,997905,1492119260
8204781588385554948,997905,1492119210
-2063670642654872677,997905,1492119263
7885251171967894528,997631,1492119258
-6803262475910645031,997851,1492119219
-4452688775780588654,997851,1492119261
-5632027371356182183,997851,1492119260
7680136583471479513,997851,1492119242
2628572691211008355,997851,1492119232
-8452493883906734543,970320,1492119240
1299264341994797657,997788,1492119236
-3711292533104251812,997957,1492119209
-1226510089004706733,997957,1492119244
-3408565809464967440,997957,1492119263
-1192338259495134251,997957,1492119251
-8500357412404827964,997957,1492119216
-538177045886162733,997957,1492119263
5230024511809423846,997957,1492119222
-6059193709439444690,997957,1492119243
-7906393956864037402,997957,1492119260
8997842136004395266,997957,1492119264
6412163031998959296,997957,1492119211
4116362241751810451,997957,1492119254
7655546199434156668,997957,1492119239
-2151762577912110064,997957,1492119238
-8556590220060222645,997957,1492119244
2953859846601356827,997742,1492119269
-5898205798487489808,997742,1492119268
4469867475427492515,997742,1492119258
4391929331178316416,997523,1492119247
-211493249565426417,997523,1492119231
-44341693248434619,913877,1492119263
7021453474426770587,130245,1492119220
8229907211035540657,997118,1492119240
4270285463862356822,997796,1492119245
-2545149421689714224,997796,1492119252
4588295290521026771,997783,1492118790
-3944851105406493202,997783,1492119249
-1581010976781866233,995443,1492119260
-9211764192811726283,873230,1492119229
-2480327657715988655,997660,1492119213
-7352555958358167834,167006,1492119251
-2856624708329316272,997283,1492119212
-8264850549348881606,994411,1492119266
5141535178934349954,994411,1492119230
1221349092603912143,988047,1492119244
-4877218212178076851,996723,1492119252
4677410572777136418,996723,1492119266
-2661197279756825566,996723,1492119262
-5275826561220253466,996723,1492119243
-8385304845546256788,997854,1492119218
-2582249597259209409,997854,1492119230
8801885381632579593,997854,1492119255
-4184232719353049342,997854,1492119252
1580404771831531103,995178,1492119249
-7384545843901342898,901865,1492119226
-8030672285478111208,997953,1492119259
-255334134482228124,997953,1492119240
-296085862375662297,997953,1492119269
-8500357412404827964,997953,1492119229
5230024511809423846,997953,1492119233
-1865669043090797168,997953,1492119248
4158933390791591968,997953,1492119222
-6059193709439444690,997953,1492119264
2938493177603086280,411038,1492119213
7923243802944351436,997697,1492119239
-183460032387008901,997697,1492119216
8488275553010394051,997697,1492119220
6638971894114628654,997697,1492119269
-5372946827709143576,997842,1492119209
-3053520559737335147,997388,1492119204
-2857213506256657646,997371,1492119251
-7807677993280888550,997371,1492119261
-2080396179703623287,997371,1492119239
995647301269541332,996016,1492119212
-2470229198985549379,997983,1492119267
-3772728596668163671,944418,1492119254
-2475206978713606209,997561,1492119222
654895497293381767,997561,1492119240
6007981052722325546,997561,1492119254
-6369094373703116930,997561,1492119268
9089300077899063494,997540,1492119237
-1435380439630180699,997540,1492119206
1580404771831531103,995261,1492119216
5272250776574233737,985109,1492119224
-9211764192811726283,873218,1492119210
4150858164613217972,997652,1492119214
1648186095108382294,997652,1492119217
5107246924582667505,997652,1492119213
-6058122950090795244,997652,1492119261
4391929331178316416,997553,1492119255
2405570345446531198,996976,1492119227
-4136784050030229403,997634,1492119223
3319963324947689444,997634,1492119268
